1509425478904|0.08800638|0.09549481|0.8970791|0.42235607
1509425479029|0.10911068|0.13672811|0.9078185|0.38113764
1509425479145|0.083766885|0.14222446|0.9244569|0.34370744
1509425479265|0.09203956|0.15989326|0.92309177|0.33743802
1509425479385|0.11932166|0.16136596|0.91915387|0.3389388
1509425479505|0.082092|0.11861093|0.9345996|0.3251399
1509425479625|0.08039098|0.085433915|0.9181415|0.37848976
1509425479745|0.067866795|0.051339973|0.8905875|0.44677985
1509425479865|0.07147203|0.086405925|0.8620472|0.49426752
1509425479985|0.053313226|0.08738081|0.8758824|0.4715425
1509425480105|0.027825352|0.044298507|0.91307825|0.40441504
1509425480226|0.030273195|0.077304915|0.9187247|0.38607296
1509425480350|0.020953834|0.070543356|0.93261266|0.3532962
1509425480466|-7.5791037E-4|0.05175644|0.9280395|0.36886775
1509425480586|0.041765366|0.11518483|0.8828262|0.453438
1509425480706|0.08504812|0.11772218|0.8542729|0.49912533
1509425480825|0.11989424|0.114749864|0.8153823|0.5546256
1509425480947|0.13232002|0.10775497|0.78491646|0.59563947
1509425481066|0.11550607|0.14677456|0.7769872|0.60117096
1509425481186|0.09680957|0.17509358|0.78185034|0.5904915
1509425481306|0.10685041|0.18891829|0.7795357|0.58755165
1509425481427|0.10915308|0.21444492|0.7927852|0.55999154
1509425481550|0.10010612|0.2086854|0.7977896|0.55674136
1509425481670|0.09436482|0.2098044|0.7667159|0.59935313
1509425481795|0.11682574|0.16867943|0.73764706|0.6432541
1509425481907|0.09816577|0.15502033|0.7268481|0.6618338
1509425482028|0.11221655|0.1607874|0.70913917|0.6772566
1509425482155|0.11644601|0.14213602|0.68054295|0.70929474
1509425482272|0.10208808|0.15990399|0.66840047|0.7192006
1509425482392|0.0827469|0.16336153|0.68220514|0.7078574
1509425482510|0.07046542|0.132411|0.7458259|0.64903444
1509425482635|0.0795746|0.13883966|0.75384015|0.63727266
1509425482751|0.08006439|0.16936886|0.7559746|0.62722105
1509425482867|0.09012092|0.15126352|0.7635206|0.62131625
1509425482988|0.090111144|0.14350317|0.74907696|0.6404456
1509425483108|0.100771956|0.1300407|0.72134244|0.6727552
1509425483232|0.12803315|0.12416466|0.70591754|0.6854714
1509425483355|0.12076675|0.12558466|0.6883125|0.70418024
1509425483469|0.122973055|0.1335518|0.6569855|0.73171824
1509425483590|0.11785988|0.14179769|0.6511109|0.7362453
1509425483709|0.08803736|0.12509856|0.6773196|0.7196096
1509425483830|0.07139586|0.101934336|0.70720416|0.69597006
1509425483948|0.068567306|0.14716986|0.71766824|0.6771941
1509425484078|0.06936256|0.16809171|0.7163287|0.6736522
1509425484191|0.06693833|0.17900492|0.70791185|0.67995393
1509425484309|0.06534284|0.19537468|0.67497987|0.7084922
1509425484427|0.066065915|0.15158463|0.65366644|0.73849684
1509425484555|0.09645949|0.17941931|0.6406718|0.7402999
1509425484675|0.09927063|0.18093282|0.6365112|0.74314344
1509425484794|0.11017574|0.17755589|0.6363883|0.7425262
1509425484909|0.10688577|0.15975463|0.6628398|0.72366935
1509425485026|0.13992979|0.09896055|0.7113187|0.68165404
1509425485155|0.16285628|0.14018027|0.74638563|0.6298697
1509425485276|0.12755866|0.14760758|0.79749936|0.57090765
1509425485393|0.1341074|0.1263841|0.7989955|0.5724059
1509425485511|0.17922865|0.086522095|0.7439965|0.63785595
1509425485629|0.14207093|0.090391815|0.66386855|0.7286451
1509425485748|0.20276798|0.037819102|0.6157252|0.76048493
1509425485875|0.21937907|0.0068005035|0.64778656|0.72951984
1509425485987|0.22173747|0.049315695|0.64089686|0.73324734
1509425486108|0.20863642|0.036348876|0.658453|0.72221136
1509425486237|0.17903423|0.04237846|0.69071275|0.6993331
1509425486356|0.22954728|0.071474165|0.6597762|0.7119655
1509425486470|0.23021616|0.014529346|0.6837474|0.6922997
1509425486590|0.18653779|0.029192716|0.70640016|0.68216586
1509425486712|0.1396601|0.052132893|0.6937967|0.70457315
1509425486837|0.17063896|0.107847966|0.6664906|0.7176638
1509425486955|0.2577743|-0.02294406|0.64821106|0.7161343
1509425487072|0.2510779|0.0028498922|0.590221|0.76719683
1509425487194|0.18529783|0.11588668|0.6046139|0.7659485
1509425487315|0.21991034|0.0155229345|0.6635812|0.71488357
1509425487428|0.23161325|0.057480283|0.7035539|0.66937524
1509425487555|0.19951159|0.104114905|0.76160353|0.60771316
1509425487680|0.15251297|0.06862157|0.80748206|0.5656886
1509425487794|0.08177974|0.06902513|0.7900781|0.60359275
1509425487913|0.110185325|0.15519814|0.7612319|0.61991835
1509425488029|0.1796705|0.11606923|0.7247174|0.65500474
1509425488149|0.18544932|0.070726484|0.6812423|0.7046384
1509425488272|0.13079844|0.1071798|0.6937304|0.70010173
1509425488396|0.054446846|0.10783804|0.75526154|0.6441945
1509425488514|0.1116939|0.14016166|0.76223755|0.6219912
1509425488633|0.11774991|0.13105342|0.79878956|0.5752349
1509425488757|0.106425196|0.1057588|0.81529933|0.5592635
1509425488871|0.026664194|0.0719546|0.85331035|0.51572573
1509425488989|0.024570206|0.087800875|0.8438208|0.52882296
1509425489113|0.09038244|0.0730215|0.8068848|0.57916814
1509425489230|0.10839797|0.052528337|0.7738669|0.6217883
1509425489349|0.09281714|0.1027133|0.75316954|0.64309454
1509425489482|0.03996543|0.065575466|0.7765914|0.6253066
1509425489601|-0.00832076|-0.029413521|0.8124788|0.58218884
1509425489716|0.039299414|0.020758033|0.8088345|0.5863543
1509425489829|0.07284464|0.027752323|0.8051542|0.5879202
1509425489950|0.0701167|0.04759867|0.7761798|0.6247903
1509425490068|0.07497021|0.057356454|0.7470558|0.6580253
1509425490195|0.103612624|0.07197172|0.73159325|0.669967
1509425490312|0.10525445|0.062041055|0.73927724|0.6622247
1509425490433|0.10810644|0.09081677|0.7479132|0.6486071
1509425490552|0.06146828|0.08392358|0.769385|0.6302581
1509425490668|0.03611554|0.025779251|0.7899025|0.61162496
1509425490797|0.10645436|0.056340884|0.7740271|0.62159085
1509425490914|0.118077196|0.07228968|0.7788923|0.61168516
1509425491030|0.058744732|0.0851989|0.7810554|0.61582685
1509425491149|0.07397008|0.09086588|0.7312246|0.6719988
1509425491277|0.12410816|0.110638164|0.7244702|0.6689539
1509425491390|0.15706885|0.078328826|0.7292358|0.6613691
1509425491516|0.13687895|0.12659085|0.72016656|0.66828066
1509425491628|0.11599082|0.13801904|0.727306|0.6622106
1509425491754|0.054547574|0.12212332|0.74626106|0.6520774
1509425491872|0.12016602|0.15117559|0.7300402|0.6555512
1509425491990|0.14506821|0.1251047|0.7752663|0.6018855
1509425492112|0.13877465|0.10178262|0.7730871|0.61050653
1509425492235|0.07477787|0.12451973|0.7399021|0.65684706
1509425492349|0.09525446|0.12336264|0.7323805|0.6628175
1509425492474|0.09926244|0.09510206|0.75877386|0.6366826
1509425492593|0.054807656|0.10999816|0.7857438|0.6062205
1509425492712|0.022184882|0.16084082|0.81054235|0.56272477
1509425492836|0.028985808|0.1380603|0.81542444|0.56141084
1509425492950|0.07534485|0.10785059|0.818791|0.55881375
1509425493077|0.089821614|0.13432033|0.8306973|0.53275895
1509425493194|0.071197115|0.1122572|0.8671113|0.48004925
1509425493309|-0.018687809|0.09747065|0.8753352|0.4732214
1509425493433|-0.076759286|0.113276824|0.8560409|0.498468
1509425493551|0.013393675|0.14364374|0.83013374|0.5385769
1509425493670|0.059456002|0.08149676|0.8071504|0.5816627
1509425493790|0.056614544|0.06903257|0.7549965|0.6496227
1509425493913|0.040673744|0.09918414|0.71557075|0.69026566
1509425494031|0.0012020122|0.07629836|0.7419117|0.6661412
1509425494150|0.08398636|0.09063405|0.74921876|0.65069425
1509425494275|0.091051064|0.06744083|0.7891294|0.60368556
1509425494395|0.07076568|0.079568826|0.8088553|0.5782855
1509425494512|0.0281038|0.037564788|0.79465383|0.6052473
1509425494631|0.076968245|0.06455101|0.77061844|0.62933004
1509425494757|0.09649377|0.05911916|0.7548333|0.646081
1509425494870|0.12098632|0.078609325|0.70781726|0.6915039
1509425494997|0.10566537|0.08215357|0.7099427|0.6914239
1509425495116|0.046846434|-0.030932913|0.7766676|0.62740415
1509425495230|0.116426654|-0.0046585365|0.77770525|0.6177359
1509425495349|0.100812934|-0.0074975793|0.8322019|0.54517937
1509425495471|0.047909837|0.021061707|0.85332257|0.5187501
1509425495596|0.028210599|0.023312546|0.8332112|0.55174255
1509425495715|0.07053482|0.014363068|0.8284268|0.55545264
1509425495830|0.06990074|7.6921366E-4|0.81176364|0.5797871
1509425495957|0.09560988|0.0371358|0.7503758|0.65300524
1509425496072|0.10550475|0.07330351|0.71119606|0.6911552
1509425496195|0.068111576|0.015955666|0.76845574|0.63606757
1509425496312|0.11980354|-0.05424492|0.78958535|0.5993827
1509425496433|0.11422318|-0.019607635|0.8065263|0.5797275
1509425496556|0.09243611|0.005569251|0.8289108|0.5516624
1509425496675|0.07819434|-0.0051032384|0.818142|0.5696519
1509425496791|0.084340096|0.026673071|0.8005862|0.5926525
1509425496910|0.106667906|0.044352867|0.7812525|0.6134324
1509425497033|0.11255174|0.065511234|0.74589384|0.6532096
1509425497155|0.11165512|0.1049362|0.7390374|0.65600705
1509425497277|0.08187203|0.086100645|0.7661775|0.63155025
1509425497395|0.059144717|0.0628073|0.80822945|0.58251375
1509425497516|0.10099916|0.08018512|0.8129105|0.5679314
1509425497631|0.13062045|0.090885|0.84308654|0.5136957
1509425497751|0.0983573|0.07378424|0.84216124|0.5250202
1509425497870|0.05325478|0.08465789|0.80963326|0.578352
1509425497991|0.11547546|0.10368785|0.7843552|0.600584
1509425498112|0.15092516|0.08662713|0.775703|0.6066319
1509425498238|0.15284202|0.08797588|0.74558175|0.64265656
1509425498350|0.14730991|0.10678529|0.7464173|0.6401234
1509425498481|0.1041143|0.05412464|0.792948|0.5978831
1509425498597|0.1320758|0.083560795|0.80061316|0.57843935
1509425498713|0.1454726|0.10214523|0.82356715|0.53864753
1509425498832|0.09859662|0.10425568|0.82643306|0.54444265
1509425498957|0.0906731|0.08100099|0.77978206|0.6141313
1509425499083|0.121955685|0.09423572|0.7458058|0.64808965
1509425499191|0.12824818|0.055967163|0.7447164|0.65254694
1509425499313|0.1257088|0.07468334|0.70696646|0.69196683
1509425499440|0.09645075|0.11006709|0.70420396|0.6947512
1509425499550|0.06950866|0.07405646|0.7455379|0.6586786
1509425499676|0.09764183|0.03256198|0.7710566|0.62839276
1509425499797|0.11582431|0.046089943|0.78652924|0.60484064
1509425499912|0.104786314|0.059154887|0.80861723|0.5758982
1509425500031|0.086010344|0.05136434|0.81074995|0.57675683
1509425500152|0.07549359|0.06842782|0.81062776|0.576629
1509425500278|0.114218555|0.07435424|0.8111895|0.5686803
1509425500395|0.1248354|0.03307584|0.78681594|0.6035253
1509425500511|0.13529615|0.061556455|0.74805665|0.6467743
1509425500635|0.13018422|0.053322617|0.7442552|0.6529111
1509425500757|0.07943732|-0.014584733|0.7826248|0.6172321
1509425500875|0.12810451|0.018496301|0.7797545|0.61256015
1509425501000|0.14195175|0.02404561|0.82798207|0.5419568
1509425501111|0.1153066|0.02961471|0.8527244|0.50861424
1509425501240|0.07396511|0.07133176|0.84006757|0.53266066
1509425501352|0.101066366|0.1076873|0.8351622|0.52980477
1509425501473|0.14299455|0.053246617|0.82388157|0.5458356
1509425501596|0.13314615|0.06874678|0.79658073|0.58566636
1509425501715|0.12060839|0.08062547|0.7927129|0.59208053
1509425501835|0.09103908|0.030887231|0.82264495|0.5603688
1509425501959|0.1441081|0.019422932|0.80150646|0.58003706
1509425502075|0.1643123|0.048940443|0.8234254|0.5409038
1509425502197|0.15975367|0.056270815|0.84196377|0.5122591
1509425502313|0.12904999|0.06330136|0.8282981|0.54153603
1509425502432|0.12979546|0.087837085|0.8096894|0.5655448
1509425502552|0.14080164|0.05637562|0.81076|0.56538916
1509425502676|0.14402731|0.029499838|0.79274386|0.5915599
1509425502798|0.108303085|0.07150261|0.7973638|0.58937997
1509425502912|0.07003992|0.05537968|0.84148616|0.5328495
1509425503033|0.10401415|0.03571986|0.85258466|0.5108861
1509425503152|0.12311969|0.07791724|0.85800254|0.49254653
1509425503276|0.09948001|0.09736442|0.8911346|0.4318599
1509425503401|0.050894827|0.12628768|0.9038056|0.40570495
1509425503512|0.0045725503|0.13256371|0.90204495|0.4107564
1509425503639|0.051433858|0.11334694|0.8897373|0.4391749
1509425503759|0.067560315|0.11568111|0.86846787|0.4773019
1509425503876|0.053910602|0.13733916|0.863998|0.4813928
1509425503993|0.05725479|0.12578952|0.8674221|0.47799352
1509425504113|0.07307413|0.069530904|0.87825114|0.46744043
1509425504232|0.10869917|0.07143045|0.860416|0.49271336
1509425504354|0.12307224|0.071349904|0.8473661|0.5115985
1509425504475|0.13797829|0.03699666|0.8191889|0.5554483
1509425504594|0.12769435|0.039830018|0.7863638|0.60310835
1509425504713|0.1495781|0.061853085|0.7651292|0.62319976
1509425504832|0.12782821|0.06621004|0.77507275|0.61525476
1509425504960|0.13626449|0.09791183|0.7658366|0.6207572
1509425505071|0.14926866|0.118076675|0.78008616|0.5960221
1509425505196|0.1249573|0.07300179|0.82735175|0.5427205
1509425505313|0.16431649|0.056320652|0.81352925|0.5549759
1509425505432|0.17932096|0.058796015|0.8098242|0.55549234
1509425505556|0.1638826|0.030419413|0.8040119|0.5707732
1509425505673|0.14277798|0.028307812|0.7586187|0.6350675
1509425505795|0.19553044|0.02273779|0.7048216|0.68152577
1509425505917|0.17161907|-0.010172562|0.7151144|0.67753583
1509425506033|0.16847567|-0.014981829|0.72303325|0.6697869
1509425506154|0.13633539|0.009653033|0.74072176|0.65776193
1509425506285|0.101517625|-0.013317041|0.7784095|0.6193509
1509425506399|0.1473546|-0.0015756515|0.7826763|0.60473293
1509425506515|0.18295546|0.02182208|0.7890202|0.5860872
1509425506638|0.18259667|0.030280681|0.7927909|0.58071005
1509425506753|0.11753724|-0.013879433|0.8090759|0.5756636
1509425506878|0.14091271|-0.010210867|0.7783498|0.6117278
1509425506994|0.19417022|0.020047775|0.74561614|0.6371441
1509425507117|0.20839216|0.002930022|0.7253251|0.65610033
1509425507232|0.22067322|0.013135185|0.7101502|0.6684441
1509425507355|0.19470125|0.0010161239|0.7402307|0.6435441
1509425507483|0.15113948|-0.05185477|0.7758952|0.6102906
1509425507597|0.18837681|-0.0074745202|0.77320564|0.6054844
1509425507715|0.19672133|-0.010709909|0.7966904|0.57137585
1509425507833|0.1746602|-0.041361798|0.8084337|0.56055146
1509425507953|0.16349493|-0.05750107|0.78751785|0.59142095
1509425508072|0.18864325|-0.03783175|0.75890267|0.6221328
1509425508199|0.18303783|-0.05564461|0.7479217|0.6356209
1509425508312|0.1850293|-0.06608674|0.7208859|0.6646204
1509425508434|0.15173127|-0.036698077|0.7202278|0.6759459
1509425508556|0.1163153|-0.062888324|0.7514364|0.6464203
1509425508674|0.13474517|-0.052189656|0.76579046|0.6266458
1509425508793|0.14586957|-0.03879397|0.7971278|0.5846404
1509425508918|0.14829582|-0.04659161|0.82133573|0.54885805
1509425509037|0.0919512|-0.083654195|0.823998|0.5527878
1509425509157|0.10500419|-0.096071646|0.7995854|0.58344454
1509425509283|0.14364834|-0.068326786|0.7746864|0.6120111
1509425509394|0.14826524|-0.070789486|0.7478159|0.6432555
1509425509513|0.12677594|-0.016480027|0.718986|0.6831658
1509425509634|0.1084314|-0.0150516685|0.730248|0.6743545
1509425509754|0.08781709|-0.058904223|0.7676158|0.6321269
1509425509877|0.12365592|-0.022645067|0.76863766|0.62721014
1509425509994|0.13482298|-0.016233275|0.79155016|0.59582514
1509425510113|0.08767147|0.009500636|0.8133062|0.5751143
1509425510234|0.08600993|0.006808629|0.8017713|0.5913702
1509425510358|0.13754523|0.023623556|0.7961641|0.58876646
1509425510473|0.18929376|0.0016990624|0.77466893|0.6033681
1509425510599|0.18374138|0.0127124945|0.7424804|0.64404994
1509425510713|0.16715983|0.032451857|0.7348634|0.6564908
1509425510838|0.13901639|-0.022133784|0.768833|0.6237631
1509425510956|0.1670371|-0.0316514|0.78528357|0.59533733
1509425511080|0.18889387|-0.003287156|0.8161501|0.54608357
1509425511197|0.17884114|8.372192E-4|0.84404546|0.50557137
1509425511318|0.14497696|-0.028071566|0.84707254|0.5105505
1509425511437|0.13528003|-0.025040401|0.8354844|0.5320133
1509425511556|0.18305995|-0.020042531|0.8229399|0.5374545
1509425511676|0.18004934|-0.036696523|0.80453587|0.56476337
1509425511800|0.155166|-0.012555568|0.7927502|0.58933264
1509425511919|0.12751687|-0.011462841|0.80596364|0.5779539
1509425512037|0.097522095|-0.06647342|0.83590114|0.5360411
1509425512158|0.16092286|-0.02213225|0.8118302|0.5608437
1509425512275|0.1732292|-0.0125151845|0.83289605|0.5254705
1509425512399|0.15559968|-0.017400408|0.84161454|0.51688576
1509425512514|0.1358991|-0.021902615|0.8177781|0.5588298
1509425512635|0.1436812|-0.023435725|0.7900459|0.5955115
1509425512759|0.15953752|0.009634155|0.7810958|0.6036094
1509425512874|0.16204888|0.016619133|0.7676749|0.61978966
1509425512995|0.13116497|0.020134322|0.77458817|0.6183878
1509425513117|0.10554574|0.018632766|0.7965278|0.5950264
1509425513239|0.11288488|0.01430581|0.7982522|0.59147763
1509425513356|0.16153227|0.012743712|0.80168587|0.5753648
1509425513479|0.16578971|0.0110295545|0.8200359|0.5476616
1509425513596|0.12818334|-0.003840085|0.8244641|0.5511926
1509425513713|0.13524416|-0.0040758597|0.8021274|0.5816219
1509425513835|0.18911284|-0.0048683975|0.7796885|0.5969075
1509425513955|0.17552255|-0.014502347|0.76163423|0.6236144
1509425514073|0.17743142|0.0038776174|0.7284175|0.66174847
1509425514201|0.15784165|0.030336821|0.72650474|0.66809916
1509425514316|0.13295054|-0.0049314457|0.77007645|0.62392473
1509425514437|0.1695522|-0.025764348|0.7632318|0.62294894
1509425514559|0.1831265|-0.006132449|0.7612915|0.6219826
1509425514676|0.20009047|-0.01625257|0.7644595|0.61261845
1509425514800|0.17599933|-0.027383676|0.76737934|0.61595726
1509425514914|0.1811879|-0.036383625|0.74801624|0.63743144
1509425515035|0.22149886|-0.01310972|0.7268249|0.6499938
1509425515155|0.23031949|-0.041699123|0.72276264|0.6502525
1509425515278|0.21060139|-0.033538084|0.7198427|0.660567
1509425515394|0.19045068|-0.022536645|0.73408353|0.6514154
1509425515516|0.13881314|-0.0659645|0.77933663|0.60746527
1509425515635|0.19305657|-0.04019864|0.7568634|0.62311393
1509425515755|0.22127564|-0.018184125|0.77098584|0.596898
1509425515875|0.2204358|-0.013563973|0.7920477|0.56910855
1509425516001|0.19362645|-0.0032376177|0.7759223|0.600369
1509425516120|0.20609203|-0.0010309266|0.76290196|0.61278516
1509425516239|0.23516677|-0.0068435706|0.7477622|0.62088764
1509425516357|0.23356484|-0.015014576|0.7355778|0.6357258
1509425516482|0.19932987|0.0067100544|0.7437581|0.6380019
1509425516597|0.16419092|1.134961E-4|0.7651191|0.6226027
1509425516719|0.14824168|-0.022054076|0.7965804|0.58566004
1509425516835|0.19410478|0.011136567|0.79139936|0.57955706
1509425516957|0.2176237|0.0044154045|0.8043635|0.5528289
1509425517081|0.19296072|-0.013981468|0.8183193|0.5412247
1509425517197|0.18901289|-0.012014873|0.79190224|0.58053476
1509425517316|0.20866321|0.00456788|0.77202463|0.6003472
1509425517438|0.21788238|0.0016543823|0.7636096|0.60780334
1509425517570|0.1852672|0.024262628|0.7589524|0.6237618
1509425517676|0.11302532|0.064284205|0.7916172|0.5970218
1509425517798|0.08437506|0.061402865|0.82148266|0.5606039
1509425517915|0.115351275|0.061384343|0.82713133|0.54660755
1509425518037|0.092297345|0.13630983|0.85700417|0.48830798
1509425518156|0.10399693|0.12121484|0.8699258|0.46660554
1509425518277|0.08442278|0.12274922|0.8676858|0.47426447
1509425518400|0.100675955|0.09720396|0.8577017|0.49473584
1509425518515|0.12216189|0.09406373|0.8397125|0.52068365
1509425518634|0.122003846|0.07431122|0.8277896|0.542547
1509425518759|0.12680046|0.060867913|0.8176916|0.5582089
1509425518880|0.13284366|0.04838634|0.82021856|0.5543039
1509425519000|0.12075313|0.026599402|0.8184939|0.5610516
1509425519118|0.12387521|0.049660444|0.81711954|0.560807
1509425519238|0.095234945|0.07546664|0.8462929|0.5186747
1509425519355|0.09605662|0.07735502|0.85402846|0.5053956
1509425519476|0.10027969|0.08937168|0.84696966|0.514392
1509425519597|0.106869325|0.06652093|0.85012966|0.51130563
1509425519714|0.12076486|0.074629486|0.8355446|0.53076506
1509425519839|0.10215373|0.069859736|0.8228189|0.554665
1509425519959|0.12006755|0.051638577|0.81361204|0.56652683
1509425520078|0.14145334|0.02495486|0.8171167|0.5582907
1509425520212|0.110252336|-0.0066518243|0.8315376|0.54437613
1509425520316|0.14200938|0.015716815|0.8222587|0.55088747
1509425520438|0.1457802|0.034264006|0.842025|0.5182355
1509425520561|0.1374051|0.025445286|0.86248374|0.48640943
1509425520678|0.135602|-0.026562009|0.8596589|0.49182633
1509425520795|0.13581914|0.062741496|0.8495643|0.50582325
1509425520916|0.18783394|0.12922849|0.8002326|0.55465865
1509425521037|0.20246993|0.12748434|0.7659225|0.59675485
