1509423995274|-0.64267486|5.9094424|7.7997336
1509423995397|-0.448085|6.3813167|7.4329267
1509423995514|-0.4404369|5.48089|8.120113
1509423995635|-0.37226582|6.0047054|7.7443733
1509423995754|-0.4383828|5.8534656|7.8558993
1509423995890|-0.83898735|5.343587|8.18001
1509423995996|-0.5234796|5.474379|8.119576
1509423996116|-0.6095217|5.2341013|8.270613
1509423996231|-0.920875|3.8692555|8.963885
1509423996352|-2.2062898|3.950979|8.70014
1509423996482|-1.2749017|4.900124|8.398439
1509423996594|-0.88879395|5.748975|7.894918
1509423996718|-1.016052|4.393013|8.708587
1509423996837|-1.4875313|3.348241|9.096533
1509423996954|0.8136202|3.949475|8.939243
1509423997082|0.22748774|5.4529023|8.147668
1509423997202|1.2362883|4.2070403|8.771704
1509423997318|0.9889129|5.6708922|7.939359
1509423997436|0.0115459105|5.5704556|8.070952
1509423997557|1.8892031|4.8300233|8.32299
1509423997676|0.51631296|5.5849466|8.044389
1509423997801|0.74583|5.79793|7.8738904
1509423997914|1.7499756|5.3947954|8.00026
1509423998048|-0.30152118|5.609218|8.038417
1509423998164|0.5675945|5.8489456|7.850991
1509423998277|2.0572224|5.5712013|7.8038416
1509423998402|-0.02632866|5.160177|8.339201
1509423998515|0.29215053|6.082563|7.6868367
1509423998638|0.71780616|6.2883706|7.490763
1509423998759|-1.8339105|5.756183|7.7248635
1509423998875|-0.1046809|6.294037|7.519609
1509423998998|-2.9305038|5.576733|7.5154896
1509423999116|-0.6137636|6.645582|7.1853957
1509423999232|-3.175564|4.023693|8.360387
1509423999355|-2.3043907|4.9645505|8.137162
1509423999481|-1.8077692|4.943508|8.274303
1509423999598|-2.399285|4.63064|8.304878
1509423999733|-1.170073|5.9520116|7.705509
1509423999841|0.7761895|6.774768|7.047726
1509423999955|0.6241045|7.123668|6.710755
1509424000082|0.7162107|7.1545625|6.6685586
1509424000198|0.44653612|7.1547213|6.691857
1509424000316|0.34734282|6.965322|6.8944936
1509424000434|0.07984408|6.8058004|7.0601053
1509424000567|-0.17001648|6.5173364|7.325695
1509424000680|-0.46826205|6.6026645|7.23574
1509424000805|-0.91866225|6.3472104|7.418852
1509424000914|-1.3685501|6.4398594|7.268127
1509424001037|-1.8097016|6.4210114|7.187905
1509424001154|-2.9747496|6.0397015|7.130446
1509424001276|-2.5106544|6.2504873|7.1273007
1509424001398|-2.0032675|4.9809113|8.206572
1509424001512|-2.757226|3.4861426|8.741563
1509424001632|-2.4354103|3.336939|8.894044
1509424001759|-0.104823254|4.016451|8.945809
1509424001874|-0.27487794|4.2467103|8.835173
1509424001994|-0.40630978|4.098061|8.900066
1509424002115|-0.20208192|4.1148663|8.899293
1509424002242|-0.28585672|3.8684244|9.006885
1509424002355|-0.3508938|3.8414874|9.01611
1509424002481|-0.39182788|3.9218867|8.979736
1509424002598|-0.48056686|4.015391|8.933985
1509424002718|-0.4780842|4.01923|8.932391
1509424002833|-0.4414221|3.9717536|8.955485
1509424002959|-0.39218238|4.074584|8.911472
1509424003074|1.7712461|4.3598747|8.603753
1509424003199|1.1868045|7.1443586|6.612112
1509424003314|-1.2254008|7.7540197|5.8774123
1509424003437|-2.4423413|6.970488|6.4511757
1509424003555|-2.8249736|7.0895677|6.158567
1509424003676|-3.0363133|6.967879|6.196762
1509424003796|-2.964767|6.798132|6.416069
1509424003915|-3.0940063|6.8795147|6.266561
1509424004035|-2.800802|7.0350065|6.2317395
1509424004156|-2.20132|6.8513083|6.6621437
1509424004279|-2.205482|7.4367876|6.0000353
1509424004396|0.075620376|6.8866253|6.9813366
1509424004512|0.40829197|4.543321|8.681124
1509424004638|-1.8969215|2.403693|9.316347
1509424004763|-1.3944575|2.9101279|9.260509
1509424004879|-1.110033|3.7322109|9.000489
1509424004997|-1.178424|4.004063|8.874073
1509424005116|-1.0226377|4.568334|8.61713
1509424005238|-1.0729202|4.7506447|8.511792
1509424005356|-1.1544279|4.8433|8.448676
1509424005496|-1.0556555|4.9690275|8.38837
1509424005609|-0.8359494|5.002631|8.393167
1509424005717|-0.79728544|5.0935316|8.342102
1509424005839|-0.6355268|4.959044|8.43649
1509424005953|-0.54824847|4.903047|8.475255
1509424006081|-0.44922024|5.005068|8.421276
1509424006201|-0.47652233|5.0074162|8.418378
1509424006314|-0.4196521|5.108188|8.360663
1509424006434|-0.3892719|5.019516|8.415659
1509424006558|-0.4551061|5.056511|8.390171
1509424006682|-0.53923905|5.1001925|8.358687
1509424006802|-0.56670207|5.0428615|8.39159
1509424006915|-0.60039043|5.028699|8.397744
1509424007034|-0.6112279|5.0132833|8.406175
1509424007165|-0.61629355|4.9909563|8.419082
1509424007278|-0.6106665|4.9555078|8.440404
1509424007399|-0.6126422|4.782456|8.539506
1509424007515|-0.6136559|4.6578183|8.608051
1509424007635|-0.57222414|4.561209|8.662466
1509424007756|-0.5602094|4.4754148|8.707883
1509424007879|-0.57706356|4.324063|8.782931
1509424007996|-0.5091766|4.154813|8.868408
1509424008117|-0.50845367|4.1173234|8.885916
1509424008238|-0.50608826|3.9624455|8.956187
1509424008360|-0.45193273|3.9230928|8.976385
1509424008480|-0.43114147|3.9225886|8.977629
1509424008598|-0.4230779|3.871624|9.000107
1509424008717|-0.3967704|3.8970008|8.990348
1509424008839|-0.41000497|3.8222857|9.021774
1509424008953|-0.36319292|3.972965|8.958461
1509424009075|-0.3510435|3.9236841|8.980638
1509424009198|-0.3576016|3.931256|8.977068
1509424009317|-0.3623599|3.9015183|8.98984
1509424009434|-0.38424888|3.9290516|8.976931
1509424009555|-0.3663642|3.9471464|8.969738
1509424009677|-0.35004708|4.0513277|8.923821
1509424009804|-0.37092382|4.0607862|8.918677
1509424009921|-0.36221617|4.046539|8.925509
1509424010038|-0.35926118|4.0823984|8.909284
1509424010155|-0.3480771|4.091316|8.905636
1509424010275|-0.35647547|4.093212|8.904432
1509424010397|-0.34882897|4.137538|8.884227
1509424010517|-0.32345605|4.1691623|8.870392
1509424010638|-0.35388574|4.1495566|8.87842
1509424010760|-0.40687767|4.1841035|8.859916
1509424010882|-0.41816258|4.1708255|8.865649
1509424011001|-0.43924785|4.1788664|8.860843
1509424011123|-0.4502286|4.240727|8.830851
1509424011234|-0.44856438|4.3607097|8.772308
