1509425724793|2.7696228|1.6847229|9.669968
1509425724896|0.47117615|1.811615|8.184769
1509425725016|-0.32847595|2.9696198|8.294113
1509425725135|-0.6062012|2.9752045|9.567825
1509425725252|-0.3939209|2.7988281|9.963669
1509425725374|-1.6189423|0.13726807|9.602142
1509425725495|-1.7865448|1.7437897|8.979645
1509425725616|-0.19041443|3.1467896|9.065033
1509425725734|2.9244385|3.0198975|10.740173
1509425725864|0.43048096|-0.0622406|12.0984955
1509425725973|0.48794556|1.4652557|7.627716
1509425726093|0.03703308|1.490799|9.1983185
1509425726222|0.41531372|2.5841522|9.701904
1509425726333|0.6898651|1.3032532|9.91098
1509425726453|-1.2462616|0.10215759|9.210297
1509425726573|0.97476196|1.5370789|8.61174
1509425726698|3.751236|3.6775055|10.638031
1509425726815|2.5996246|2.0789642|10.652405
1509425726942|0.756897|1.1013489|7.5582886
1509425727052|-1.2390747|1.5394745|8.772156
1509425727173|-1.0722809|1.5626221|9.140854
1509425727295|1.1663055|3.268097|10.27092
1509425727412|-1.3739471|-0.53230286|10.758545
1509425727538|-1.1983643|0.3176422|8.831207
1509425727662|1.6794586|2.1523895|7.991638
1509425727774|3.3929138|2.6152802|12.383408
1509425727892|-0.51841736|-0.28729248|12.423309
1509425728012|1.3450775|0.549881|8.768967
1509425728145|0.1703186|0.4892273|8.717087
1509425728252|-0.565506|1.945694|7.7059326
1509425728377|-2.0977936|2.1898956|8.817642
1509425728492|1.5302277|-0.91537476|10.167175
1509425728619|0.95321655|0.9728546|9.000397
1509425728735|3.0385742|3.999115|8.39386
1509425728858|4.4830627|2.6671448|11.020309
1509425728973|1.3243256|-1.9177399|12.649963
1509425729093|0.6339874|-0.1643982|7.605377
1509425729212|-1.2789764|0.94252014|9.530304
1509425729332|0.24214172|2.1324463|9.658798
1509425729458|0.31077576|0.8754883|9.237427
1509425729581|0.037826538|-0.3559265|11.863068
1509425729693|0.66511536|3.1882782|4.700409
1509425729812|3.308319|2.1005096|11.32756
1509425729932|-0.14093018|-0.35832214|13.640366
1509425730053|0.6515503|1.3535309|7.2063446
1509425730177|1.2109985|0.70869446|8.380295
1509425730292|-0.7003784|2.2058716|10.235001
1509425730416|-0.3899231|3.4915466|7.5567017
1509425730532|0.92529297|-0.11412048|12.27327
1509425730652|-1.1856079|2.2968445|8.646057
1509425730772|1.2349396|3.1627502|7.220703
1509425730894|2.4073029|2.785263|11.762512
1509425731013|0.36026|1.652008|11.928497
1509425731133|0.6411743|2.685501|7.3451996
1509425731252|0.23416138|0.8882599|8.319641
1509425731372|0.44644165|1.6472168|7.936569
1509425731492|1.890152|3.4939423|9.563843
1509425731612|1.5102692|-0.77731323|13.277237
1509425731732|-1.5040283|2.096527|7.9653015
1509425731907|1.7345276|2.3135986|7.4298096
1509425732032|5.169403|2.829956|11.052231
1509425732152|1.7680511|-0.27851868|12.302002
1509425732272|1.3330994|1.2394104|7.7386475
1509425732392|-0.79774475|1.3471375|8.84877
1509425732515|-0.5487366|1.6575928|8.104172
1509425732632|-0.013244629|0.36791992|8.868713
1509425732752|0.20542908|-0.75975037|10.497574
1509425732872|0.48794556|0.103759766|9.871094
1509425732992|3.5996094|3.6655273|9.262161
1509425733113|3.8310547|0.3671112|11.116867
1509425733232|0.14956665|-1.6543884|12.91571
1509425733352|0.95162964|-0.47962952|8.496017
1509425733472|-0.76582336|0.41978455|8.370712
1509425733592|-1.4481659|1.0087585|9.053864
1509425733713|-0.18083191|1.574585|9.733032
1509425733833|0.4584198|-1.6472015|11.595703
1509425733953|-0.7075653|0.8435669|7.8487854
1509425734072|2.4631653|3.02388|8.302887
1509425734193|5.422394|2.7190247|11.374649
1509425734312|-0.36120605|0.10215759|12.9348755
1509425734433|-1.2183228|0.499588|8.367523
1509425734554|0.37701416|1.0063629|7.265396
1509425734673|0.18707275|0.8627167|9.223862
1509425734793|-1.0116272|0.32162476|10.990784
1509425734913|1.7496948|0.07102966|9.067444
1509425735036|0.40255737|1.559433|9.468872
1509425735153|2.0234222|2.5442505|8.254211
1509425735273|1.1136322|-0.3327942|11.826355
1509425735396|0.93167114|-2.8546906|11.001953
1509425735512|-1.3244629|0.29449463|9.022736
1509425735633|-1.5160065|0.43095398|8.92218
1509425735752|-0.5048523|0.6807556|9.294891
1509425735872|1.55896|-1.3247833|9.871094
1509425735992|2.1279755|0.08061218|9.813629
1509425736113|1.2876129|-0.3790741|9.318024
1509425736232|0.5972748|-0.50357056|9.991592
1509425736353|-0.17524719|-0.8595123|10.45607
1509425736473|-0.19281006|0.34397888|9.127289
1509425736593|2.0792847|0.67596436|8.389084
1509425736713|1.3083496|-0.44132996|10.450485
1509425736833|0.2150116|-0.6161041|9.890244
1509425736952|0.44804382|-0.5418854|10.082581
1509425737073|-1.3779297|-0.20269775|9.427353
1509425737193|-1.7139282|-0.6927185|8.486435
1509425737313|-2.3779144|0.4477234|10.624466
1509425737433|-5.7713013|0.48443604|6.8767395
1509425737554|-4.162384|-1.0318909|9.824799
1509425737673|-2.6420746|-1.9225464|12.348282
1509425737793|-3.523941|0.28012085|8.685959
1509425737913|0.4416504|0.15881348|8.666016
1509425738033|1.6914215|-0.6073303|3.4155273
1509425738153|3.7320862|-6.531372|12.9691925
1509425738273|-0.45217896|-6.945572|12.013901
1509425738393|1.6379547|-6.8553925|10.255753
1509425738513|1.4137115|-5.4683533|9.3563385
1509425738633|4.2245026|-3.3614502|7.114563
1509425738753|2.720932|-4.5162506|9.227051
1509425738873|1.5629425|-2.211441|4.749893
1509425738994|3.4719086|-0.14604187|9.048279
1509425739113|2.5469513|-0.007171631|9.302063
1509425739233|1.6036377|0.118118286|9.162415
1509425739353|0.076934814|-0.10614014|9.780106
1509425739473|0.115249634|-0.043884277|9.726639
1509425739593|0.10966492|-0.041488647|9.735413
1509425739713|0.11206055|-0.035110474|9.722641
1509425739833|0.112854004|-0.03829956|9.727432
1509425739953|0.11685181|-0.03590393|9.72345
1509425740073|0.110458374|-0.0335083|9.729828
1509425740193|0.11683655|-0.034301758|9.733826
1509425740313|0.11126709|-0.032714844|9.69632
1509425740433|0.10966492|-0.037506104|9.727432
1509425740554|0.115249634|-0.04309082|9.73143
1509425740673|0.10966492|-0.031921387|9.724243
1509425740793|0.11445618|-0.03829956|9.721054
1509425740913|0.11364746|-0.04548645|9.726639
1509425741038|0.1040802|-0.036712646|9.724243
1509425741153|0.11764526|-0.0335083|9.72345
1509425741273|0.11364746|-0.03590393|9.722656
1509425741406|0.10487366|-0.03111267|9.72345
1509425741534|0.11206055|-0.03111267|9.718658
1509425741668|0.11445618|-0.028717041|9.718658
1509425741802|0.11445618|-0.0335083|9.7043
1509425741939|0.10726929|-0.03829956|9.701904
1509425742070|0.11206055|-0.03111267|9.716263
1509425742205|0.11683655|-0.03829956|9.733017
1509425742338|0.11445618|-0.04069519|9.721054
1509425742472|0.10247803|-0.0335083|9.718658
1509425742607|0.1288147|-0.04069519|9.756958
1509425742740|0.12162781|-0.04069519|9.709076
1509425742875|0.10487366|-0.03829956|9.776123
1509425743009|0.11206055|-0.04309082|9.749786
1509425743143|0.11683655|-0.04069519|9.721054
1509425743276|0.1000824|-0.02394104|9.713867
1509425743412|0.09768677|-0.04309082|9.685135
1509425743545|0.1000824|-0.03111267|9.711472
1509425743679|0.10247803|-0.0335083|9.713867
1509425743815|0.1000824|-0.03111267|9.70668
1509425743952|0.11206055|-0.0335083|9.721054
1509425744085|0.12162781|-0.0335083|9.699509
1509425744219|0.13360596|-0.04069519|9.728241
1509425744350|0.11206055|-0.028717041|9.728241
1509425744484|0.11206055|-0.04788208|9.744995
1509425744620|0.10966492|-0.04548645|9.718658
1509425744756|0.11445618|-0.04548645|9.730621
1509425744888|0.10726929|-0.05267334|9.735413
1509425745024|0.11445618|-0.04788208|9.752182
1509425745153|0.11206055|-0.03829956|9.735413
1509425745287|0.10726929|-0.03590393|9.725845
1509425745424|0.11445618|-0.03829956|9.733017
1509425745568|0.12162781|-0.0335083|9.721054
1509425745691|0.12162781|-0.03829956|9.709076
1509425745825|0.11206055|-0.0335083|9.692322
1509425745959|0.11206055|-0.04069519|9.718658
1509425746093|0.11923218|-0.03111267|9.721054
1509425746228|0.10726929|-0.04069519|9.713867
1509425746368|0.12162781|-0.03590393|9.70668
1509425746495|0.12162781|-0.0335083|9.716263
1509425746629|0.11923218|-0.04069519|9.735413
1509425746763|0.11206055|-0.02154541|9.737808
1509425746897|0.11445618|-0.04309082|9.735413
1509425747036|0.11683655|-0.03590393|9.744995
1509425747168|0.1000824|-0.04309082|9.740204
1509425747299|0.12162781|-0.05027771|9.728241
1509425747436|0.1000824|-0.03590393|9.716263
1509425747566|0.10726929|-0.04788208|9.718658
1509425747701|0.10487366|-0.03590393|9.713867
1509425747836|0.10487366|-0.028717041|9.716263
1509425747973|0.10966492|-0.02633667|9.70668
1509425748104|0.11683655|-0.028717041|9.70668
1509425748238|0.10726929|-0.04069519|9.718658
1509425748379|0.10966492|-0.0335083|9.716263
1509425748505|0.11445618|-0.03829956|9.713867
1509425748640|0.11683655|-0.03590393|9.718658
1509425748772|0.11683655|-0.04309082|9.737808
1509425748910|0.11923218|-0.04788208|9.737808
1509425749041|0.12641907|-0.03111267|9.744995
1509425749175|0.11445618|-0.04788208|9.747391
1509425749309|0.12402344|-0.05027771|9.7425995
1509425749448|0.11923218|-0.03829956|9.730621
1509425749578|0.12162781|-0.03590393|9.737808
1509425749711|0.06417847|-0.01914978|9.740204
1509425749844|0.1000824|-0.0335083|9.737808
1509425749984|0.10487366|-0.03829956|9.725845
1509425750120|0.10726929|-0.0335083|9.725845
1509425750251|0.12162781|-0.04069519|9.72345
1509425750385|0.12402344|-0.03111267|9.713867
1509425750514|0.11445618|-0.0335083|9.716263
1509425750653|0.12402344|-0.03111267|9.713867
1509425750789|0.12162781|-0.0335083|9.733017
1509425750918|0.10966492|-0.04069519|9.728241
1509425751052|0.11445618|-0.04548645|9.730621
1509425751186|0.10487366|-0.04309082|9.733017
1509425751323|0.10726929|-0.03111267|9.735413
1509425751459|0.10247803|-0.04309082|9.747391
1509425751587|0.11206055|-0.03590393|9.740204
1509425751721|0.11206055|-0.04069519|9.747391
1509425751856|0.10966492|-0.02154541|9.733017
1509425751996|0.12162781|-0.0335083|9.735413
1509425752124|0.13360596|-0.03590393|9.728241
1509425752256|0.11445618|-0.0335083|9.730621
1509425752397|0.10966492|-0.03590393|9.713867
1509425752528|0.1000824|-0.03829956|9.711472
1509425752661|0.11206055|-0.0335083|9.725845
1509425752795|0.10966492|-0.03590393|9.721054
1509425752930|0.10487366|-0.03590393|9.740204
1509425753062|0.11206055|-0.04309082|9.730621
1509425753195|0.10487366|-0.01914978|9.744995
1509425753277|0.11683655|-0.03111267|9.725845
1509425753406|0.11683655|-0.028717041|9.72345
1509425753537|0.11445618|-0.03829956|9.718658
1509425753666|0.11445618|-0.03111267|9.72345
1509425753803|0.12162781|-0.0335083|9.728241
1509425753933|0.10726929|-0.04309082|9.737808
1509425754071|0.10966492|-0.03590393|9.735413
1509425754201|0.10966492|-0.04309082|9.737808
1509425754337|0.11206055|-0.03111267|9.7425995
1509425754468|0.10487366|-0.03829956|9.737808
1509425754613|0.1000824|-0.04069519|9.747391
1509425754737|0.11683655|-0.05505371|9.7425995
1509425754871|0.11683655|-0.04309082|9.737808
1509425755013|0.11206055|-0.04309082|9.737808
1509425755141|0.11683655|-0.0335083|9.721054
1509425755274|0.11923218|-0.04309082|9.718658
1509425755415|0.10966492|-0.04788208|9.733017
1509425755547|0.1000824|-0.03829956|9.728241
1509425755676|0.10247803|-0.04309082|9.744995
1509425755812|0.10487366|-0.04548645|9.740204
1509425755944|0.10726929|-0.04309082|9.730621
1509425756087|0.11445618|-0.03590393|9.721054
1509425756212|0.11923218|-0.04069519|9.725845
1509425756352|0.10726929|-0.04548645|9.7425995
1509425756485|0.11206055|-0.03590393|9.730621
1509425756619|0.11206055|-0.03111267|9.740204
1509425756751|0.11445618|-0.03590393|9.735413
1509425756885|0.11683655|-0.04069519|9.737808
1509425757014|0.12162781|-0.03829956|9.740204
1509425757155|0.12162781|-0.04069519|9.740204
1509425757284|0.10726929|-0.028717041|9.733017
1509425757424|0.09768677|-0.0335083|9.737808
1509425757557|0.11683655|-0.03829956|9.735413
1509425757686|0.10726929|-0.03829956|9.730621
1509425757824|0.12162781|-0.04788208|9.737808
1509425757953|0.11923218|-0.04548645|9.735413
1509425758093|0.11683655|-0.0335083|9.735413
1509425758222|0.10966492|-0.03829956|9.733017
1509425758356|0.12162781|-0.03111267|9.733017
1509425758497|0.10966492|-0.04069519|9.749786
1509425758625|0.11683655|-0.03590393|9.752182
1509425758757|0.11206055|-0.03829956|9.740204
1509425758891|0.11206055|-0.0335083|9.737808
1509425759026|0.11923218|-0.04309082|9.747391
1509425759161|0.11683655|-0.028717041|9.737808
1509425759300|0.11445618|-0.04309082|9.737808
1509425759428|0.11206055|-0.04309082|9.728241
1509425759571|0.10966492|-0.03590393|9.728241
1509425759702|0.10487366|-0.04309082|9.740204
1509425759830|0.11445618|-0.04069519|9.72345
1509425759965|0.11683655|-0.04788208|9.725845
1509425760097|0.11683655|-0.03829956|9.737808
1509425760233|0.11923218|-0.04309082|9.747391
1509425760371|0.11445618|-0.04069519|9.735413
1509425760509|0.10966492|-0.04309082|9.749786
1509425760635|0.11206055|-0.02154541|9.735413
1509425760774|0.11206055|-0.028717041|9.749786
1509425760920|0.10487366|-0.0335083|9.747391
1509425761037|0.11923218|-0.03590393|9.744995
1509425761178|0.11206055|-0.03590393|9.7425995
1509425761307|0.10487366|-0.03829956|9.735413
1509425761438|0.11445618|-0.03111267|9.735413
1509425761576|0.11206055|-0.0335083|9.740204
1509425761712|0.10966492|-0.03111267|9.740204
1509425761840|0.11445618|-0.0335083|9.725845
1509425761977|0.11206055|-0.04788208|9.737808
1509425762110|0.11206055|-0.04069519|9.7425995
1509425762251|0.10966492|-0.03111267|9.737808
1509425762376|0.11445618|-0.05267334|9.735413
1509425762512|0.10726929|-0.04069519|9.735413
1509425762648|0.11683655|-0.04069519|9.737808
1509425762778|0.11683655|-0.03590393|9.752182
1509425762913|0.12162781|-0.04069519|9.7425995
1509425763046|0.10966492|-0.03111267|9.756958
1509425763181|0.10726929|-0.04069519|9.773727
1509425763316|0.11206055|-0.04309082|9.737808
1509425763451|0.11445618|-0.02394104|9.733017
1509425763590|0.11445618|-0.04548645|9.733017
1509425763720|0.11923218|-0.04069519|9.728241
1509425763851|0.11445618|-0.04069519|9.721054
1509425763990|0.11206055|-0.03111267|9.744995
1509425764119|0.12402344|-0.05505371|9.752182
1509425764253|0.10726929|-0.04309082|9.735413
1509425764387|0.10726929|-0.04069519|9.730621
1509425764521|0.10726929|-0.04548645|9.744995
1509425764654|0.1000824|-0.0335083|9.747391
1509425764788|0.10487366|-0.04788208|9.754578
1509425764925|0.11206055|-0.028717041|9.756958
1509425765060|0.11923218|-0.05027771|9.766541
1509425765195|0.10247803|-0.03829956|9.747391
1509425765326|0.10726929|-0.03829956|9.7425995
1509425765459|0.11206055|-0.04069519|9.7425995
1509425765598|0.12641907|-0.03829956|9.749786
1509425765726|0.10487366|-0.028717041|9.730621
1509425765869|0.10487366|-0.03111267|9.728241
1509425765999|0.10487366|-0.04069519|9.725845
1509425766128|0.10487366|-0.02394104|9.72345
1509425766269|0.11445618|-0.05027771|9.728241
1509425766398|0.10487366|-0.0335083|9.735413
1509425766532|0.11206055|-0.03111267|9.733017
1509425766665|0.10966492|-0.0335083|9.752182
1509425766804|0.12641907|-0.04069519|9.768936
1509425766938|0.12402344|-0.05027771|9.764145
1509425767069|0.11683655|-0.0335083|9.752182
1509425767206|0.10487366|-0.04069519|9.752182
1509425767337|0.11445618|-0.03590393|9.764145
1509425767471|0.10726929|-0.03590393|9.7425995
1509425767606|0.11683655|-0.03590393|9.733017
1509425767737|0.10487366|-0.03829956|9.744995
1509425767879|0.10487366|-0.05027771|9.740204
1509425768005|0.10726929|-0.04548645|9.716263
1509425768141|0.10966492|-0.02633667|9.728241
1509425768277|0.11206055|-0.04788208|9.725845
1509425768409|0.12402344|-0.04309082|9.735413
1509425768546|0.11445618|-0.04309082|9.737808
1509425768682|0.12162781|-0.04548645|9.752182
1509425768814|0.10966492|-0.0335083|9.759354
1509425768947|0.11923218|-0.05027771|9.749786
1509425769084|0.11445618|-0.04788208|9.735413
1509425769213|0.11923218|-0.04788208|9.740204
1509425769347|0.11683655|-0.03829956|9.752182
1509425769428|0.10726929|-0.04788208|9.728241
1509425769547|0.10966492|-0.04069519|9.737808
1509425769681|0.11445618|-0.03829956|9.752182
1509425769820|0.10966492|-0.05267334|9.756958
1509425769949|0.10966492|-0.03590393|9.7425995
1509425770086|0.11445618|-0.03829956|9.764145
1509425770216|0.11206055|-0.04069519|9.761749
1509425770351|0.10726929|-0.0335083|9.752182
1509425770496|0.11683655|-0.04069519|9.749786
1509425770619|0.1000824|-0.03590393|9.752182
1509425770759|0.11445618|-0.03829956|9.7425995
1509425770887|0.11923218|-0.04069519|9.747391
1509425771026|0.11683655|-0.03111267|9.7425995
1509425771161|0.1000824|-0.03829956|9.730621
1509425771290|0.11206055|-0.03829956|9.7425995
1509425771424|0.11445618|-0.04309082|9.72345
1509425771558|0.10487366|-0.04069519|9.740204
1509425771693|0.11445618|-0.05267334|9.752182
1509425771825|0.12402344|-0.04069519|9.754578
1509425771960|0.10966492|-0.04069519|9.749786
1509425772092|0.10966492|-0.04309082|9.752182
1509425772230|0.10966492|-0.04548645|9.759354
1509425772363|0.10966492|-0.03111267|9.754578
1509425772501|0.11445618|-0.05267334|9.752182
1509425772629|0.11683655|-0.03829956|9.764145
1509425772763|0.11445618|-0.03111267|9.754578
1509425772897|0.11445618|-0.03111267|9.749786
1509425773032|0.11923218|-0.03590393|9.749786
1509425773168|0.11445618|-0.04069519|9.740204
1509425773301|0.10966492|-0.03111267|9.7425995
1509425773434|0.09768677|-0.04309082|9.740204
1509425773567|0.11445618|-0.03111267|9.728241
1509425773702|0.11683655|-0.03111267|9.7425995
1509425773835|0.11206055|-0.03829956|9.7425995
1509425773971|0.10966492|-0.03590393|9.744995
1509425774111|0.10726929|-0.05027771|9.747391
1509425774238|0.12162781|-0.04548645|9.752182
1509425774375|0.12641907|-0.04309082|9.761749
1509425774511|0.10966492|-0.04069519|9.759354
1509425774644|0.11923218|-0.03829956|9.744995
1509425774774|0.11206055|-0.03111267|9.761749
1509425774912|0.10487366|-0.03590393|9.754578
1509425775042|0.11683655|-0.04548645|9.759354
1509425775176|0.12162781|-0.0335083|9.7425995
1509425775310|0.11206055|-0.0335083|9.740204
1509425775448|0.11445618|-0.03590393|9.7425995
1509425775578|0.11445618|-0.04548645|9.749786
1509425775712|0.10726929|-0.04788208|9.756958
1509425775846|0.10487366|-0.04069519|9.756958
1509425775980|0.11923218|-0.04309082|9.754578
1509425776115|0.10966492|-0.04069519|9.749786
1509425776247|0.11923218|-0.04069519|9.756958
1509425776387|0.10726929|-0.04309082|9.756958
1509425776518|0.10247803|-0.04069519|9.754578
1509425776649|0.11445618|-0.03111267|9.744995
1509425776795|0.11683655|-0.05027771|9.749786
1509425776920|0.12402344|-0.03829956|9.749786
1509425777054|0.11445618|-0.0335083|9.749786
1509425777196|0.10487366|-0.04069519|9.747391
1509425777326|0.10487366|-0.04069519|9.752182
1509425777456|0.11206055|-0.03590393|9.733017
1509425777590|0.11923218|-0.05027771|9.7425995
1509425777724|0.11206055|-0.05027771|9.749786
1509425777857|0.11445618|-0.04309082|9.747391
1509425777991|0.11445618|-0.03590393|9.749786
1509425778133|0.11683655|-0.05027771|9.744995
1509425778259|0.10247803|-0.04069519|9.7425995
1509425778393|0.10487366|-0.0335083|9.754578
1509425778528|0.11206055|-0.03829956|9.747391
1509425778662|0.10966492|-0.04548645|9.759354
1509425778796|0.10726929|-0.04548645|9.7425995
1509425778930|0.10966492|-0.03111267|9.740204
1509425779063|0.10726929|-0.04548645|9.747391
1509425779153|0.10966492|-0.03590393|9.756958
1509425779269|0.12162781|-0.03829956|9.749786
1509425779405|0.12162781|-0.0335083|9.747391
1509425779531|0.11683655|-0.0335083|9.744995
1509425779666|0.10726929|-0.028717041|9.7425995
1509425779799|0.11445618|-0.03111267|9.752182
1509425779934|0.11923218|-0.04069519|9.735413
1509425780077|0.10966492|-0.03590393|9.747391
1509425780204|0.11923218|-0.04309082|9.744995
1509425780338|0.10966492|-0.02633667|9.740204
1509425780471|0.11445618|-0.04309082|9.756958
1509425780608|0.11206055|-0.04069519|9.747391
1509425780738|0.10487366|-0.03829956|9.759354
1509425780883|0.11683655|-0.04309082|9.747391
1509425781010|0.10247803|-0.05027771|9.756958
1509425781140|0.12162781|-0.05027771|9.749786
1509425781274|0.11923218|-0.04309082|9.752182
1509425781415|0.11445618|-0.03829956|9.752182
1509425781549|0.11445618|-0.04309082|9.752182
1509425781677|0.11445618|-0.03829956|9.740204
1509425781828|0.10966492|-0.0335083|9.735413
1509425781945|0.11206055|-0.0335083|9.754578
1509425782081|0.11683655|-0.04069519|9.7425995
1509425782212|0.11445618|-0.03590393|9.7425995
1509425782350|0.11445618|-0.03829956|9.7425995
1509425782481|0.10966492|-0.03590393|9.749786
1509425782616|0.10487366|-0.0335083|9.759354
1509425782748|0.11683655|-0.05267334|9.764145
1509425782888|0.11923218|-0.05027771|9.773727
1509425783024|0.11445618|-0.0335083|9.768936
1509425783157|0.11923218|-0.04548645|9.749786
1509425783284|0.11206055|-0.05267334|9.761749
1509425783418|0.10726929|-0.04309082|9.756958
1509425783558|0.12641907|-0.03111267|9.747391
1509425783687|0.1000824|-0.028717041|9.752182
1509425783821|0.10247803|-0.02633667|9.740204
1509425783966|0.11206055|-0.03829956|9.72345
1509425784089|0.10487366|-0.03111267|9.744995
1509425784224|0.11683655|-0.028717041|9.735413
1509425784361|0.10966492|-0.04548645|9.737808
1509425784491|0.12402344|-0.04548645|9.735413
1509425784629|0.11445618|-0.03829956|9.744995
1509425784760|0.10966492|-0.04309082|9.759354
1509425784912|0.10487366|-0.04788208|9.752182
1509425785028|0.11445618|-0.05027771|9.759354
1509425785163|0.11445618|-0.04548645|9.759354
1509425785295|0.12162781|-0.03829956|9.768936
1509425785430|0.10247803|-0.04548645|9.766541
1509425785566|0.10966492|-0.05027771|9.761749
1509425785697|0.12162781|-0.03829956|9.761749
1509425785832|0.11923218|-0.03829956|9.756958
1509425785964|0.10726929|-0.03829956|9.740204
1509425786107|0.11683655|-0.028717041|9.733017
1509425786233|0.11445618|-0.03111267|9.730621
1509425786367|0.10247803|-0.02154541|9.735413
1509425786507|0.10487366|-0.03111267|9.740204
1509425786640|0.11683655|-0.028717041|9.7425995
1509425786775|0.10487366|-0.04548645|9.7425995
1509425786904|0.11206055|-0.04788208|9.740204
1509425787040|0.11206055|-0.0335083|9.759354
1509425787178|0.10726929|-0.04548645|9.761749
1509425787308|0.10966492|-0.04788208|9.766541
1509425787442|0.13121033|-0.05744934|9.778519
1509425787573|0.11206055|-0.04548645|9.771332
1509425787710|0.11206055|-0.04309082|9.740204
1509425787842|0.11445618|-0.02633667|9.744995
1509425787981|0.11923218|-0.0335083|9.744995
1509425788109|0.10966492|-0.04069519|9.747391
1509425788245|0.10247803|-0.04069519|9.737808
1509425788382|0.11206055|-0.03829956|9.725845
1509425788517|0.10966492|-0.03590393|9.737808
1509425788646|0.10726929|-0.03829956|9.735413
1509425788783|0.10726929|-0.03590393|9.730621
1509425788912|0.10966492|-0.04069519|9.747391
1509425789056|0.10726929|-0.03829956|9.752182
1509425789182|0.11445618|-0.0335083|9.752182
1509425789322|0.10966492|-0.04309082|9.773727
1509425789451|0.11923218|-0.05267334|9.783295
1509425789584|0.11445618|-0.04309082|9.766541
1509425789717|0.11923218|-0.03829956|9.754578
1509425789853|0.10247803|-0.03590393|9.759354
1509425789988|0.11683655|-0.0335083|9.756958
1509425790124|0.11206055|-0.0335083|9.744995
1509425790253|0.11923218|-0.04069519|9.744995
1509425790387|0.10966492|-0.04309082|9.747391
1509425790527|0.09768677|-0.03111267|9.740204
1509425790661|0.11923218|-0.0335083|9.730621
1509425790788|0.10487366|-0.03590393|9.735413
1509425790929|0.11683655|-0.04069519|9.730621
1509425791061|0.11445618|-0.04309082|9.754578
1509425791192|0.11445618|-0.04069519|9.756958
1509425791329|0.11206055|-0.04309082|9.766541
1509425791470|0.11445618|-0.04548645|9.771332
1509425791595|0.10726929|-0.0335083|9.766541
1509425791733|0.11683655|-0.03829956|9.768936
1509425791866|0.11206055|-0.04309082|9.773727
1509425791997|0.12641907|-0.04069519|9.766541
1509425792133|0.10966492|-0.04309082|9.754578
1509425792265|0.10966492|-0.0335083|9.756958
1509425792398|0.11206055|-0.03829956|9.740204
1509425792531|0.10726929|-0.028717041|9.737808
1509425792671|0.10726929|-0.0335083|9.737808
1509425792800|0.1288147|-0.028717041|9.730621
1509425792935|0.10726929|-0.0335083|9.737808
1509425793073|0.10247803|-0.04309082|9.747391
1509425793203|0.10726929|-0.01914978|9.701904
1509425793334|0.11206055|-0.06703186|9.7425995
1509425793472|0.10726929|-0.0335083|9.761749
1509425793608|0.10726929|-0.05505371|9.768936
1509425793738|0.12641907|-0.028717041|9.766541
1509425793873|0.11206055|-0.04309082|9.756958
1509425794013|0.12162781|-0.04309082|9.759354
1509425794142|0.11445618|-0.03829956|9.768936
1509425794275|0.10726929|-0.028717041|9.752182
1509425794409|0.11206055|-0.04548645|9.7425995
1509425794542|0.10487366|-0.02154541|9.747391
1509425794678|0.10247803|-0.04309082|9.735413
1509425794822|0.11206055|-0.03590393|9.737808
1509425794946|0.11683655|-0.03590393|9.740204
1509425795079|0.10726929|-0.04548645|9.744995
1509425795221|0.11206055|-0.03111267|9.737808
1509425795352|0.10487366|-0.0335083|9.752182
1509425795480|0.11206055|-0.03590393|9.754578
1509425795615|0.12162781|-0.04309082|9.756958
1509425795748|0.10247803|-0.04548645|9.773727
1509425795835|0.10966492|-0.0335083|9.7425995
1509425795952|0.11206055|-0.028717041|9.733017
1509425796098|0.11683655|-0.03590393|9.740204
1509425796221|0.10247803|-0.0335083|9.737808
1509425796351|0.11923218|-0.04309082|9.7425995
1509425796487|0.10247803|-0.04788208|9.747391
1509425796621|0.11206055|-0.04069519|9.764145
1509425796765|0.11206055|-0.04788208|9.759354
1509425796892|0.11683655|-0.05267334|9.754578
1509425797021|0.10966492|-0.04548645|9.768936
1509425797163|0.11683655|-0.03829956|9.761749
1509425797291|0.11683655|-0.04548645|9.761749
1509425797426|0.11206055|-0.05267334|9.759354
1509425797558|0.11206055|-0.04548645|9.747391
1509425797696|0.10966492|-0.0335083|9.747391
1509425797828|0.11206055|-0.04069519|9.754578
1509425797959|0.11206055|-0.03111267|9.737808
1509425798094|0.11445618|-0.03590393|9.7425995
1509425798235|0.11683655|-0.03829956|9.7425995
1509425798361|0.10487366|-0.04069519|9.747391
1509425798501|0.10966492|-0.05027771|9.740204
1509425798629|0.11683655|-0.04069519|9.747391
1509425798764|0.10966492|-0.04548645|9.759354
1509425798897|0.11683655|-0.04548645|9.768936
1509425799033|0.11923218|-0.0335083|9.761749
1509425799168|0.10247803|-0.0335083|9.754578
1509425799300|0.10966492|-0.04309082|9.752182
1509425799436|0.11206055|-0.05027771|9.749786
1509425799573|0.11445618|-0.04548645|9.752182
1509425799701|0.11445618|-0.0335083|9.7425995
1509425799837|0.11683655|-0.03590393|9.7425995
1509425799976|0.10726929|-0.04309082|9.747391
1509425800104|0.11683655|-0.04069519|9.749786
1509425800237|0.10966492|-0.04069519|9.754578
1509425800379|0.10487366|-0.028717041|9.754578
1509425800509|0.11923218|-0.04548645|9.754578
1509425800647|0.10966492|-0.04788208|9.756958
1509425800780|0.11206055|-0.04069519|9.759354
1509425800909|0.09768677|-0.04548645|9.752182
1509425801043|0.11206055|-0.05984497|9.756958
1509425801176|0.11683655|-0.0335083|9.754578
1509425801311|0.11206055|-0.04548645|9.766541
1509425801444|0.12162781|-0.028717041|9.759354
1509425801589|0.11445618|-0.04548645|9.754578
1509425801718|0.11683655|-0.03111267|9.7425995
1509425801848|0.10726929|-0.05027771|9.740204
1509425801980|0.10966492|-0.03111267|9.747391
1509425802120|0.10966492|-0.04309082|9.747391
1509425802249|0.10966492|-0.05267334|9.744995
1509425802390|0.11445618|-0.0335083|9.737808
1509425802520|0.10726929|-0.0335083|9.735413
1509425802650|0.10487366|-0.04309082|9.730621
1509425802785|0.11683655|-0.03829956|9.752182
1509425802920|0.12402344|-0.03590393|9.754578
1509425803054|0.12641907|-0.04309082|9.771332
1509425803187|0.12402344|-0.05027771|9.764145
1509425803327|0.10726929|-0.04548645|9.766541
1509425803459|0.09529114|-0.04548645|9.759354
1509425803590|0.10247803|-0.05027771|9.737808
1509425803723|0.10726929|-0.04069519|9.754578
1509425803856|0.10726929|-0.04788208|9.752182
1509425803991|0.10966492|-0.03111267|9.735413
1509425804136|0.10966492|-0.05267334|9.740204
1509425804262|0.11206055|-0.0335083|9.747391
1509425804395|0.11206055|-0.03111267|9.7425995
1509425804526|0.10966492|-0.04069519|9.747391
1509425804665|0.10966492|-0.03829956|9.744995
1509425804794|0.11206055|-0.03111267|9.747391
1509425804929|0.11683655|-0.04309082|9.754578
1509425805064|0.11206055|-0.04069519|9.768936
1509425805200|0.10726929|-0.04309082|9.766541
1509425805341|0.11683655|-0.04788208|9.761749
1509425805467|0.11923218|-0.0335083|9.764145
1509425805601|0.10966492|-0.03590393|9.756958
1509425805732|0.10487366|-0.04069519|9.754578
1509425805875|0.10966492|-0.0335083|9.756958
1509425806004|0.10966492|-0.04788208|9.744995
1509425806137|0.11206055|-0.028717041|9.749786
1509425806273|0.12402344|-0.028717041|9.730621
1509425806402|0.11923218|-0.03111267|9.72345
1509425806537|0.10966492|-0.04069519|9.721054
1509425806677|0.11445618|-0.04309082|9.737808
1509425806810|0.10966492|-0.04788208|9.744995
1509425806949|0.10247803|-0.03590393|9.749786
1509425807073|0.12641907|-0.05267334|9.747391
1509425807222|0.11206055|-0.0335083|9.761749
1509425807340|0.11923218|-0.04309082|9.764145
1509425807476|0.10966492|-0.04548645|9.768936
1509425807614|0.11683655|-0.04548645|9.766541
1509425807856|0.12402344|-0.04548645|9.735413
1509425807944|0.11445618|-0.04069519|9.752182
1509425809213|0.10247803|-0.02154541|9.749786
1509425809357|0.11923218|-0.04069519|9.768936
1509425809492|0.11683655|-0.04309082|9.761749
1509425809621|0.11445618|-0.028717041|9.764145
1509425809762|0.11445618|-0.04548645|9.778519
1509425809890|0.12162781|-0.04309082|9.756958
1509425810026|0.12162781|-0.04788208|9.752182
1509425810162|0.11923218|-0.04069519|9.747391
1509425810291|0.10966492|-0.03829956|9.749786
1509425810428|0.10966492|-0.0335083|9.740204
1509425810569|0.10487366|-0.03829956|9.747391
1509425810699|0.11445618|-0.0335083|9.737808
1509425810828|0.11445618|-0.02633667|9.744995
1509425810961|0.10487366|-0.01914978|9.735413
1509425855414|0.10726929|-0.04548645|9.764145
1509425855723|0.12162781|-0.04309082|9.764145
1509425855865|0.11923218|-0.03590393|9.749786
1509425855992|0.10726929|-0.04069519|9.7425995
1509425856127|0.11206055|-0.04309082|9.747391
1509425856427|0.11445618|-0.05027771|9.754578
1509425856528|0.10966492|-0.04309082|9.759354
1509425856667|0.12641907|-0.04548645|9.776123
1509425874989|0.11445618|-0.03590393|9.7425995
1509425875141|1.493515|-2.348709|9.78569
1509425875225|-10.695374|-2.6958618|7.128128
1509425875357|-6.5917053|7.323868|5.6868286
1509425875505|-3.9868164|6.981491|3.2064362
1509425875623|-0.9773102|5.868988|2.5352478
1509425875744|0.7034302|-2.6416016|-0.52453613
1509425875857|2.02742|-6.547333|2.0356598
1509425875977|4.463913|-17.63887|17.022568
1509425876097|5.3952637|-13.261475|6.0108337
1509425876217|1.2285461|-11.35968|-0.083999634
1509425876337|6.850937|-1.4365082|1.9973602
1509425876457|4.7536163|-4.6638947|7.761795
1509425876579|1.6850433|-5.25766|6.688385
1509425876702|1.0122681|0.9951935|9.34436
1509425876823|-1.0515289|-0.9776306|9.788895
1509425876949|0.024261475|0.07901001|9.761749
1509425877059|0.029052734|0.07661438|9.764145
1509425877181|0.033050537|0.08061218|9.762543
1509425877309|0.024261475|0.08380127|9.767334
1509425877423|0.02746582|0.08061218|9.763351
1509425877543|0.019470215|0.08380127|9.764938
1509425877665|0.02507019|0.08779907|9.756958
1509425877781|0.033843994|0.08540344|9.764938
1509425877899|0.03225708|0.08380127|9.765747
1509425878021|0.02746582|0.08540344|9.765747
1509425878146|0.02746582|0.08300781|9.763351
1509425892164|0.028259277|0.08061218|9.762543
1509425892294|-0.2989502|9.627884|-2.8333435
1509425892421|0.2652893|8.9726715|-0.6266937
1509425892547|1.0681458|10.089172|-0.90441895
1509425892668|0.63957214|9.612732|-2.4494781
1509425892782|0.96917725|9.624695|-1.7918701
1509425892900|0.8518677|9.365326|-1.9331207
1509425893210|0.8893738|9.521744|-2.9841766
1509425893341|0.77046204|9.367722|-3.1525726
1509425893459|0.8430939|9.402039|-2.265915
1509425893580|0.8590393|9.334198|-2.5803528
1509425893699|0.71939087|9.362137|-2.7942352
1509425893820|0.83909607|9.421188|-2.899582
1509425893945|0.9468384|9.583206|-2.3265686
1509425894059|0.9971161|9.620712|-1.8748627
1509425894179|0.3019867|9.331009|-1.7384033
1509425894303|0.6826782|9.690933|-1.1669769
1509425894424|0.6531372|9.639069|-0.8174286
1509425894540|0.87101746|9.739624|-1.1677856
1509425894660|0.7082062|9.689346|-1.2396088
1509425894783|0.7377472|9.69014|-1.1582031
1509425894899|0.5749359|9.556854|-1.204483
1509425895020|0.6252136|9.731644|-1.1374512
1509425895139|0.58291626|9.697311|-1.0504608
1509425895261|0.5446167|9.673386|-1.2180481
1509425895381|0.5190735|9.652634|-1.2715302
1509425895506|0.5150757|9.701309|-1.3641052
1509425895623|0.54859924|9.620712|-1.2411957
1509425895741|0.60446167|9.566437|-1.6386414
