1509508544171|56
1509508544373|48
1509508544577|36
1509508544779|11
1509508544983|14
1509508545388|8
1509508545589|17
1509508545792|11
1509508545996|8
1509508546409|11
1509508546612|8
1509508546815|11
1509508547020|14
1509508547225|8
1509508547832|19
1509508548035|28
1509508548248|14
1509508548449|11
1509508548662|8
1509508549064|11
1509508549266|5
1509508549469|19
1509508549671|17
1509508550075|25
1509508550708|19
1509508550890|25
1509508551098|28
1509508551503|25
1509508552312|28
1509508552514|22
1509508552718|14
1509508552921|19
1509508553326|22
1509508553528|14
1509508553731|11
1509508553933|8
1509508554135|5
1509508554338|14
1509508554541|8
1509508555147|5
1509508555349|19
1509508555552|5
1509508555754|14
1509508555960|5
1509508556566|2
1509508556768|0
1509508557182|2
1509508557384|0
1509508557587|2
1509508557790|5
1509508557993|14
1509508558197|17
1509508558400|39
1509508558608|48
1509508558810|36
1509508559007|39
