1509498988622|-3.265691|3.064578|8.341399
1509498988750|-3.323152|2.8060043|8.255207
1509498988883|-4.453215|2.327164|8.24563
1509498989015|-5.046977|2.5091233|7.9391727
1509498989147|-5.45878|1.9536686|7.0102224
1509498989278|-5.9663506|1.091756|9.576807
1509498989410|-6.445191|2.633622|13.445837
1509498989543|-3.6966474|3.2465374|6.9048777
1509498989677|-4.357447|3.6774938|-1.5801731
1509498989806|-2.777274|-2.2601264|-6.933608
1509498989938|-12.11466|-17.946936|0.32561144
1509498990070|-15.619772|-16.443377|3.1603463
1509498990212|-10.936713|-13.120225|-0.80445176
1509498990338|-15.964537|-7.469909|-2.0973208
1509498990473|-15.753847|-8.130709|-6.14831
1509498990599|-13.512875|-16.778566|0.49799395
1509498990733|-11.089942|-16.673222|0.1436521
1509498990862|-6.7229185|-11.789049|0.009576807
1509498990995|2.6048915|-8.954314|-1.0534488
1509498991126|-3.2465374|-14.12579|-2.6240451
1509498991259|-11.271901|-18.751389|-0.6512229
1509498991390|-15.9262295|-12.650962|-0.7661445
1509498991523|-14.863204|-7.2687964|-3.083732
1509498991656|-15.016433|-14.738706|-1.5035586
1509498991788|-13.273455|-19.115307|1.2066777
1509498991921|-7.1826053|-15.380352|-0.49799395
1509498992052|1.0055647|-9.11712|-0.38307226
1509498992183|0.22984336|-11.827356|-3.4476504
1509498992315|-11.022904|-18.579004|-0.20111294
1509498992446|-18.636467|-14.279019|0.6607997
1509498992579|-14.700398|-8.207323|-2.087744
1509498992710|-15.1696615|-14.106636|-2.4995465
1509498992843|-11.568783|-18.646044|1.0821792
1509498992975|-7.0964136|-14.805743|-0.5267244
1509498993106|-1.3311762|-8.90643|-0.08619126
1509498993239|1.388637|-10.362105|0.22984336
1509498993371|-9.279925|-17.123331|-1.8195933
1509498993505|-17.085024|-15.98369|-0.41180268
1509498993656|-15.849615|-8.6574335|-2.873042
1509498993770|-15.801731|-13.484144|-2.3942018
1509498993899|-12.717999|-18.990808|1.2258313
1509498994031|-7.929596|-15.217546|-0.41180268
1509498994162|0.076614454|-8.772355|-0.6799533
1509498994294|0.05746084|-9.672575|-1.2162545
1509498994426|-10.141838|-17.056293|-0.46926352
1509498994558|-18.26297|-15.552734|-0.02873042
1509498994695|-17.30529|-7.536947|-4.4340615
1509498994822|-15.198392|-15.02601|-1.3503298
1509498994958|-11.808203|-18.013973|1.0630256
1509498995089|-7.5848308|-14.326903|0.4405331
1509498995225|-3.122039|-8.341399|3.7253778
1509498995354|-4.2042184|-0.80445176|7.1730285
1509498995483|-1.3982137|1.4077905|12.497733
1509498995615|3.5529952|1.9249382|4.2999864
1509498995746|8.7532015|2.135628|6.2345014
1509498995879|5.9280434|-0.33518824|5.1235914
1509498996010|2.0207062|-4.960786|-0.4309563
1509498996142|9.184157|-11.281479|-4.271256
1509498996274|18.397045|-9.088389|-11.118672
1509498996406|10.275913|-2.3175871|-8.121132
1509498996539|11.166556|-3.4763808|-5.45878
1509498996670|10.965444|-12.50731|-6.3781533
1509498996807|5.765238|-12.0093155|-4.3287168
1509498996938|-0.7565677|-10.0269165|-1.1109096
1509498997066|6.7803793|-12.363658|-3.6583402
1509498997198|12.26789|-11.013328|-3.466804
1509498997331|16.414646|-6.090849|-1.5993267
1509498997462|14.12579|-8.39886|0.89064306
1509498997595|11.089942|-13.062764|-1.283292
1509498997727|6.8282633|-11.022904|-2.0398598
1509498997859|1.3790601|-8.90643|-2.1260512
1509498997991|0.6991069|-9.80665|-3.514688
1509498998125|10.70687|-16.318878|-2.4037786
1509498998257|16.749836|-11.568783|-1.1204864
1509498998388|14.882358|-6.6175733|-2.2505496
1509498998526|13.503298|-11.856087|-1.5035586
1509498998656|10.611102|-14.700398|-2.6144683
1509498998782|5.48751|-11.166556|-1.1492168
1509498998914|0.7278373|-8.983045|-2.384625
1509498999047|0.5650316|-10.1226845|-3.371036
1509498999179|11.453861|-17.832014|-2.078167
1509498999310|16.500837|-10.831368|-2.327164
1509498999442|16.64449|-7.1059904|-5.363012
1509498999574|11.980585|-13.072341|-3.1986535
1509498999708|9.097966|-14.049175|-3.016694
1509498999838|6.7803793|-11.549629|-1.1875241
1509498999971|-2.7964275|-10.812215|-0.61291564
1509499000109|2.9592333|-13.101071|-2.873042
1509499000238|16.050728|-18.732235|-2.96881
1509499000366|15.9262295|-8.848969|-3.4955344
1509499000499|17.362751|-10.390836|-4.8841715
1509499000630|12.756307|-18.32043|-3.8115692
1509499000763|9.222465|-17.381905|-4.1659107
1509499000894|3.1986535|-9.892841|-0.92895025
1509499001026|-3.7924154|-9.969456|-0.7086837
1509499001158|7.489063|-15.859192|-4.865018
1509499001290|18.330008|-17.075447|-3.1028855
1509499001423|12.804191|-7.9008656|-2.4133554
1509499001554|17.199945|-7.7572136|-6.033388
1509499001688|13.445837|-16.845604|-5.746084
1509499001824|10.5440645|-17.822437|-5.3438582
1509499001958|1.1300632|-8.848969|-1.7908629
1509499002083|-1.7717092|-9.155427|-3.5529952
1509499002214|6.646304|-15.275007|-4.003105
1509499002346|17.927782|-16.615759|-4.912902
1509499002478|13.139379|-6.9240313|-2.9017725
1509499002610|13.445837|-7.690176|-5.861006
1509499002743|15.696386|-16.615759|-7.9583263
1509499002875|11.654974|-19.182344|-7.335834
1509499003007|-0.34476504|-8.935161|-1.9728222
1509499003138|-4.6351743|-6.8761473|-2.566584
1509499003271|7.517793|-16.941372|-6.196194
1509499003402|18.358738|-19.268536|2.6623523
1509499003538|10.151415|-13.005303|2.5091233
1509499003666|10.448297|-11.061212|2.96881
1509499003799|13.560759|-9.040505|-3.6774938
1509499003930|17.937359|-3.6966474|-10.0748005
1509499004063|13.589489|-10.333375|-4.232949
1509499004195|9.634268|-12.976573|-3.8402996
1509499004327|8.169016|-11.243171|-3.4859576
1509499004458|2.6240451|-5.985504|-0.842759
1509499004590|0.17238252|-6.3685765|-6.0142345
1509499004722|6.4068837|-15.638926|-5.0374002
1509499004858|14.681245|-14.269443|-0.39264908
1509499004988|11.405977|-6.9240313|-1.3024458
1509499005122|12.239159|-4.663905|-4.7309427
1509499005250|12.938266|-9.80665|-4.1659107
1509499005382|12.650962|-15.102624|-3.9935284
1509499005514|7.1251445|-11.779472|-2.4899697
1509499005647|4.003105|-7.5944076|-1.3694834
1509499005778|-1.388637|-7.4028716|-3.6966474
1509499005910|7.73806|-16.136919|-4.8458643
1509499006042|17.650055|-16.175226|-3.763685
1509499006175|10.524911|-5.899313|-5.2959743
1509499006309|14.326903|-5.6790466|-6.205771
1509499006438|13.819332|-13.493721|-5.085284
1509499006574|8.935161|-15.150508|-3.8307228
1509499006703|5.707777|-9.519346|-1.3694834
1509499006840|-2.2697031|-8.331821|-1.6567876
1509499006967|5.2480903|-13.541605|-4.7884035
1509499007098|14.346057|-17.985243|-5.3342814
1509499007230|12.852075|-7.153875|-4.4915223
1509499007363|16.347609|-5.6215854|-6.0046577
1509499007494|13.819332|-13.215993|-3.9073372
1509499007626|10.28549|-16.002844|-4.185065
1509499007758|7.536947|-11.224017|-1.2737153
1509499007894|-0.78529817|-8.6574335|-1.091756
1509499008022|3.8977604|-11.769896|-5.00867
1509499008160|13.589489|-18.521544|-5.7365074
1509499008294|15.734694|-7.441179|-4.9895163
1509499008426|18.138472|-6.38773|-4.10845
1509499008558|15.571888|-16.242264|-3.4763808
1509499008683|11.032481|-17.630901|-3.6870706
1509499008814|4.903325|-10.409989|-1.340753
1509499008947|-2.8443117|-8.293514|-1.0726024
1509499009078|7.9583263|-14.566323|-5.8705826
1509499009210|17.717093|-15.370775|-8.6574335
1509499009342|13.666103|-4.55856|-7.795521
1509499009476|15.437813|-5.3438582|-9.11712
1509499009608|13.838486|-13.01488|-7.3166804
1509499009739|11.559206|-14.671668|-6.5026517
1509499009872|4.903325|-10.333375|-3.217807
1509499010008|-4.357447|-7.8625584|-2.9400797
1509499010135|8.293514|-16.089035|-4.8267107
1509499010266|17.81286|-19.144037|-6.3685765
1509499010399|19.52711|-3.265691|-4.9895163
1509499010531|18.138472|-6.3111157|-6.7612257
1509499010662|13.608643|-13.503298|-8.485051
1509499010794|9.77792|-12.162544|-6.3302693
1509499010927|4.7500963|-7.019799|-4.5872903
1509499011059|0.08619126|-5.5641246|-5.659893
1509499011191|3.016694|-10.505757|-4.146757
1509499011326|14.537593|-18.282124|-5.889736
1509499011458|18.100164|-12.919112|-3.6008794
1509499011588|18.26297|-2.5187001|-4.9703627
1509499011725|18.981232|-9.643845|-3.074155
1509499011850|15.342045|-19.04827|-6.9240313
1509499011983|9.77792|-15.26543|-3.6774938
1509499012115|3.8594532|-9.682152|-2.6431987
1509499012247|-1.292869|-8.571242|-3.667917
1509499012379|7.441179|-14.30775|-5.133168
1509499012510|18.588581|-13.388376|-7.0485296
1509499012643|15.71554|-4.185065|-5.4779334
1509499012774|15.945383|-4.8267107|-5.0757074
1509499012908|14.5088625|-13.800179|-4.7788267
1509499013039|10.697293|-15.150508|-4.501099
1509499013178|3.8402996|-9.155427|-2.6431987
1509499013308|-1.091756|-6.445191|-3.6391866
1509499013439|7.747637|-11.089942|-4.5777135
1509499013566|14.623784|-11.616667|-7.5944076
1509499013698|13.330915|-5.449203|-7.201759
1509499013831|13.330915|-4.453215|-8.082825
1509499013962|13.512875|-10.342952|-6.1770406
1509499014095|10.668563|-14.738706|-4.10845
1509499014226|3.41892|-8.676587|-2.183512
1509499014359|1.3215994|-6.445191|-3.323152
1509499014490|2.6144683|-10.97502|-4.146757
1509499014626|13.828909|-17.832014|-3.8402996
1509499014756|16.117765|-7.881712|-5.0757074
1509499014888|13.445837|-4.0701427|-7.4507556
1509499015024|13.397953|-9.931149|-4.9320555
1509499015151|11.530476|-14.987702|-4.6926355
1509499015283|7.029376|-10.764331|-3.3614593
1509499015415|-0.35434186|-7.651869|-3.3327289
1509499015546|3.1316159|-10.247183|-3.8977604
1509499015679|10.879252|-13.857639|-5.439626
1509499015811|15.399506|-8.590396|-5.650316
1509499015942|14.585477|-4.4819455|-4.8841715
1509499016075|13.139379|-8.916007|-4.6255975
1509499016211|10.879252|-12.909535|-3.8977604
1509499016339|6.196194|-10.697293|-2.0398598
1509499016473|2.5474305|-8.255207|-4.548983
1509499016608|0.31603462|-13.024457|-1.7046716
1509499016736|11.377247|-15.648502|-3.4284968
1509499016867|15.50485|-7.5465236|-5.717354
1509499016998|12.53604|-5.0661306|-5.746084
1509499017130|13.723564|-10.697293|-4.55856
1509499017262|12.670115|-16.060305|-4.4915223
1509499017394|5.90889|-12.248735|-2.7389667
1509499017527|-1.9440918|-7.5465236|-1.4173675
1509499017659|4.223372|-12.028469|-3.964798
1509499017790|13.560759|-17.429789|-5.6120086
1509499017923|16.280571|-8.896853|-3.572149
1509499018058|13.263878|-4.098873|-6.1866174
1509499018194|14.326903|-11.57836|-6.1004257
1509499018327|12.277467|-16.85518|-5.315128
1509499018453|5.9663506|-12.143391|-2.825158
1509499018583|-1.1300632|-6.6750345|-2.5953147
1509499018715|3.1124623|-10.323798|-4.2521024
1509499018846|13.148955|-18.033127|-5.3247046
1509499018979|15.773001|-8.101978|-4.673482
1509499019110|12.995727|-4.1276035|-4.960786
1509499019242|13.828909|-11.147403|-3.4476504
1509499019375|12.899959|-15.418659|-3.6104562
1509499019506|9.097966|-13.67568|-1.3215994
1509499019642|2.8634653|-7.920019|-1.9249382
1509499019774|1.1875241|-7.1347213|-5.3725886
1509499019906|6.3781533|-11.798626|-2.6623523
1509499020034|14.968549|-13.22557|-5.2480903
1509499020167|14.78659|-5.793968|-6.6750345
1509499020299|12.909535|-6.3111157|-7.1347213
1509499020431|13.484144|-13.22557|-5.4683566
1509499020562|8.312668|-13.177686|-3.7828386
1509499020695|1.685518|-6.6750345|-3.2944214
1509499020826|1.1204864|-6.646304|-2.2026656
1509499020958|7.536947|-11.36767|-3.5625722
1509499021093|13.464991|-10.390836|-5.813122
1509499021226|12.641385|-5.1906295|-5.267244
1509499021354|10.275913|-5.4779334|-6.751649
1509499021493|10.764331|-8.743625|-5.209783
1509499021620|14.891934|-12.852075|-6.2728086
1509499021753|8.619126|-10.055647|-4.4915223
1509499021882|4.4244847|-2.633622|-0.82360536
1509499022015|2.1930888|0.45010993|5.6120086
1509499022146|0.5363012|1.982399|10.055647
1509499022279|0.4213795|2.2409728|9.184157
1509499022410|-0.34476504|3.1986535|8.868123
1509499022542|-0.4309563|2.8634653|10.0269165
1509499022675|-1.292869|4.6255975|6.895301
1509499022806|-0.78529817|3.667917|9.002198
1509499022941|0.095768064|2.8443117|9.32781
1509499023075|-0.9864111|3.217807|8.542512
1509499023210|-0.7374141|3.4380736|9.251195
1509499023338|-0.78529817|3.6583402|9.078813
1509499023466|-0.20111294|4.060566|9.040505
