1509546052739|-0.50395286|0.32688835|-0.55843425
1509546052869|-0.44947144|0.21792556|-0.49033248
1509546053002|-0.7627395|0.19068487|-0.91256326
1509546053134|-2.083913|-0.7763598|-2.969236
1509546053266|-1.8523673|-3.7728362|-5.325556
1509546053399|-3.7047346|-10.18802|-4.0452433
1509546053530|-3.0918188|-6.8782754|-0.7627395
1509546053664|-3.9499006|-5.0122876|0.28602728
1509546053794|-0.35412902|-3.2688832|-4.0452433
1509546053926|-1.8523673|-5.9929533|-1.1713499
1509546054059|1.8115062|-3.8954194|-0.12258312
1509546054190|0.6946377|-0.70825803|-2.3971813
1509546054322|-1.7025435|-0.57205456|-1.0760074
1509546054455|-2.3290794|-2.5061438|2.4516625
1509546054587|0.21792556|-1.293933|-0.99428535
1509546054718|1.5935806|0.3949901|-6.401563
1509546054850|-1.0896277|-0.28602728|0.44947144
1509546054982|-1.3075534|2.1520147|0.24516624
1509546055114|2.002191|1.56634|0.5448139
1509546055246|0.53119355|-1.5799603|2.465283
1509546055379|-0.47671217|0.13620347|-6.6739707
1509546055510|-4.767122|-3.010097|-0.42223078
1509546055642|-6.428804|-0.62653595|4.6036773
1509546055775|2.6423473|0.8172208|-0.05448139
1509546055906|6.020194|5.3527966|-3.7455957
1509546056038|7.4230895|7.8317|-2.6014864
1509546056176|6.115536|6.565007|2.8466525
1509546056302|8.934948|6.2926006|4.426613
1509546056433|6.4424243|5.8431287|0.8853226
1509546056565|7.668256|4.113345|0.8853226
1509546056698|3.8954194|3.4323275|-0.013620348
1509546056830|5.025908|2.8466525|0.42223078
1509546056962|5.1212506|2.901134|-2.7921712
1509546057094|3.445948|1.1441091|1.9068487
1509546057229|4.508335|0.13620347|2.5742457
1509546057358|5.1621118|-1.9477097|-4.8897047
1509546057490|4.440233|-2.5061438|1.8251265
1509546057622|3.13268|-0.12258312|0.4086104
1509546057754|2.3426998|-1.5799603|-1.0215261
1509546057886|-1.4165161|-2.192876|1.5935806
1509546058018|-0.6810174|-0.83084124|-0.8580819
1509546058149|1.1713499|0.3405087|0.23154591
1509546058282|2.3426998|0.7354987|-1.1032481
1509546058414|-0.19068487|-1.7161638|1.7025435
1509546058546|-1.8659877|-2.0566726|0.61291564
1509546058678|0.57205456|2.4108014|-0.8853226
1509546058809|0.8853226|-0.50395286|1.5935806
1509546058942|-2.0566726|0.939804|-1.0623871
1509546059074|-3.7455957|-0.068101734|1.4301364
1509546059206|-1.0623871|0.62653595|-0.61291564
1509546059338|-0.13620347|1.0760074|-0.6537767
1509546059470|1.2666924|-0.47671217|-0.95342433
1509546059603|-0.62653595|-1.1168685|0.43585113
1509546059734|-1.0079057|-0.84446156|0.10896278
1509546059866|-0.31326798|-1.1713499|0.24516624
1509546059998|-3.4731886|-1.920469|-1.4301364
1509546060129|-10.256122|-0.08172209|-2.192876
1509546060262|-12.803126|-0.16344418|1.7706451
1509546060394|-1.607201|-3.050958|0.6810174
1509546060526|3.5004294|-2.083913|-6.26536
1509546060657|5.0667696|-2.9964767|-4.031623
1509546060790|-2.628727|-2.233737|-5.2165933
1509546060922|-12.53072|-1.1304889|-4.31765
1509546061054|-7.05534|-0.83084124|-9.452521
1509546061193|-8.444615|-1.6889231|-5.856749
1509546061318|-4.9578066|-1.375655|-2.0158114
1509546061450|1.1032481|0.95342433|-5.4208984
1509546061582|-2.2064962|0.83084124|-5.938472
1509546061714|-5.9929533|-2.819412|-2.2745981
1509546061847|-1.293933|1.3211737|-0.8580819
1509546061977|-0.08172209|1.0487667|-4.535576
1509546062110|-2.9964767|-1.6753027|-4.8760843
1509546062242|-0.96704465|0.42223078|1.7297841
1509546062375|4.3040295|1.2122109|2.819412
1509546062508|2.4244218|-0.23154591|4.3993726
1509546062638|-1.1032481|-1.9340893|4.154206
1509546062772|2.083913|2.5061438|-7.137062
1509546062902|0.58567494|-0.47671217|-2.819412
1509546063035|1.7570248|0.38136974|8.894087
1509546063166|4.2223077|1.8523673|6.565007
1509546063298|6.033814|0.91256326|-1.7025435
1509546063430|6.4560447|1.920469|1.0760074
1509546063562|2.819412|-0.21792556|8.008764
1509546063695|3.8136973|1.0487667|-0.95342433
1509546063827|-2.3018386|0.013620348|-4.5219555
1509546063958|-1.2258313|-2.6559677|4.971427
1509546064089|3.323365|-1.56634|2.547005
1509546064222|1.1168685|-0.92618364|-0.38136974
1509546064355|-0.05448139|0.70825803|0.25878662
1509546064486|2.4380422|0.57205456|-0.8853226
1509546064618|0.8036005|-1.9340893|5.5434813
1509546064750|0.36774936|-0.29964766|-1.7025435
1509546064882|-0.3949901|1.0079057|-3.296124
1509546065013|0.6537767|0.49033248|0.7354987
1509546065145|0.068101734|-1.1304889|3.5140495
1509546065278|1.1985906|-0.99428535|0.87170225
1509546065410|-0.35412902|0.5448139|-2.2745981
1509546065542|-0.21792556|1.5799603|-1.2803127
1509546065673|2.3018386|1.3211737|-0.095342435
1509546065806|4.385752|2.0158114|-0.19068487
1509546065938|0.58567494|-0.31326798|2.8330321
1509546066070|-0.35412902|-0.25878662|-0.23154591
1509546066211|2.4516625|0.0|-2.465283
1509546066333|5.0531487|1.484618|0.12258312
1509546066465|1.0896277|0.55843425|1.2122109
1509546066597|-1.879608|-0.21792556|-0.25878662
1509546066730|-2.3018386|-1.2394516|-1.8251265
1509546066862|-0.8036005|-1.1304889|-0.91256326
1509546066994|1.3211737|0.70825803|-0.23154591
1509546067127|-3.609392|-1.9068487|1.7297841
1509546067258|-1.9885707|-0.8853226|-3.1735408
1509546067395|-1.4165161|-2.2473574|-0.5992953
1509546067522|0.43585113|-0.49033248|-0.27240694
1509546067654|1.6208212|0.068101734|-0.42223078
1509546067788|-0.21792556|-1.6753027|2.3018386
1509546067918|-2.7921712|-0.44947144|-1.8659877
1509546068049|-2.73769|-0.10896278|-1.7842655
1509546068182|0.27240694|-0.4086104|-0.46309182
1509546068314|-2.0566726|1.1985906|-0.35412902
1509546068446|-6.115536|-0.095342435|-1.838747
1509546068579|-0.8172208|0.61291564|-5.570722
1509546068710|1.375655|0.4086104|0.12258312
1509546068848|0.08172209|1.7161638|-2.2064962
1509546068974|2.165635|1.5118586|2.0158114
1509546069107|-0.55843425|-0.57205456|1.0351465
1509546069237|-0.10896278|-0.7218784|-0.96704465
1509546069372|0.57205456|-0.8172208|-0.13620347
1509546069502|-1.6208212|-0.3949901|-0.16344418
1509546069634|1.1441091|0.095342435|-0.55843425
1509546069766|-1.8251265|-2.315459|2.002191
1509546069898|3.2416425|-1.4301364|-3.1599207
1509546070029|1.1441091|-1.5390993|0.35412902
1509546070161|3.9771414|0.70825803|-1.4437568
1509546070293|-1.5390993|-0.4086104|1.4709975
1509546070426|-0.3949901|-1.1441091|2.1383946
1509546070558|-1.3484143|-0.7627395|1.7706451
1509546070691|1.6753027|2.5742457|0.013620348
1509546070821|3.0918188|0.24516624|-1.3892754
1509546070955|2.083913|2.8330321|-0.7218784
1509546071086|3.2825036|2.2609777|0.47671217
1509546071218|1.2666924|1.7570248|-2.901134
1509546071350|1.0079057|2.233737|-0.92618364
1509546071482|-2.1383946|-0.74911916|1.3484143
1509546071615|-0.70825803|-0.5992953|-1.5527196
1509546071746|-1.1985906|-0.8036005|-1.2258313
1509546071878|1.4165161|0.14982383|-2.3290794
1509546072010|-1.293933|-0.7899802|0.027240695
1509546072141|0.16344418|-2.1383946|2.8738933
1509546072274|-1.838747|-2.233737|-2.3971813
1509546072406|-1.2530719|-0.7627395|-3.8136973
1509546072539|-2.083913|-0.91256326|0.10896278
1509546072670|1.8932283|-2.3971813|3.4187074
1509546072802|-1.6616825|-0.19068487|-0.2043052
1509546072934|1.7297841|-0.14982383|-0.31326798
1509546073066|0.7627395|0.6537767|-2.1247742
1509546073197|3.3914666|-0.068101734|3.5549107
1509546073330|-1.8251265|-2.192876|2.383561
1509546073462|0.8580819|-0.7899802|-1.1441091
1509546073595|-1.6616825|0.50395286|-2.083913
1509546073727|-0.43585113|0.46309182|-0.55843425
1509546073858|-5.4890003|0.7218784|1.334794
1509546073990|1.0215261|-0.50395286|-3.3642259
1509546074125|3.010097|1.2666924|-1.484618
1509546074255|0.29964766|3.323365|1.5935806
1509546074387|2.3971813|4.385752|1.8523673
1509546074518|2.8330321|0.5448139|0.16344418
1509546074650|2.1247742|0.83084124|-0.50395286
1509546074782|0.068101734|2.6423473|-1.9340893
1509546074915|1.6753027|3.214402|1.1168685
1509546075047|0.58567494|0.44947144|0.98066497
1509546075178|1.7706451|0.7627395|0.14982383
1509546075311|2.192876|0.667397|-0.38136974
1509546075442|1.0896277|0.0|0.7627395
1509546075575|1.1849703|-0.49033248|1.1985906
1509546075708|-1.879608|-1.3484143|-0.58567494
1509546075839|-1.8932283|-0.29964766|-2.628727
1509546075971|-3.4323275|-1.1032481|0.38136974
1509546076102|-1.8523673|-3.7864566|1.5118586
1509546076234|0.6401563|-1.6344416|-1.8523673
1509546076366|0.36774936|-1.0896277|-0.7354987
1509546076498|0.25878662|0.13620347|1.8932283
1509546076634|0.667397|-1.9068487|3.3369853
1509546076762|0.47671217|-1.1849703|-2.1792555
1509546076895|-2.083913|-0.21792556|-2.7240696
1509546077026|-0.31326798|0.44947144|-2.315459
1509546077157|-2.2882183|-3.2552629|2.2882183
1509546077290|2.5333848|-2.0566726|-0.013620348
1509546077422|-0.61291564|-0.013620348|-2.465283
1509546077555|-2.0430522|-0.8172208|0.7899802
1509546077686|-0.29964766|-1.7570248|1.5799603
1509546077818|-0.040861044|-1.5935806|-2.6559677
1509546077954|1.648062|0.14982383|-1.7025435
1509546078082|-2.1792555|0.16344418|-0.7899802
1509546078214|0.013620348|-1.2258313|3.5140495
1509546078346|0.14982383|-0.58567494|-1.5799603
1509546078478|2.002191|1.5118586|-1.5935806
1509546078611|1.6344416|1.9340893|1.7842655
1509546078742|1.7706451|0.92618364|2.5742457
1509546078874|1.0079057|2.0158114|-1.8251265
1509546079006|0.58567494|1.8115062|-0.27240694
1509546079138|1.8523673|2.5197642|-0.57205456
1509546079270|-1.920469|0.27240694|2.8466525
1509546079402|2.4380422|-0.013620348|-0.70825803
1509546079534|2.3290794|0.5448139|-1.6208212
1509546079666|-1.7978858|2.2473574|-2.901134
1509546079799|-2.7785509|-0.50395286|-0.12258312
1509546079931|-6.8782754|-1.4437568|1.3484143
1509546080062|-2.9556153|-0.91256326|-2.1520147
1509546080195|-0.83084124|1.334794|-3.8545582
1509546080333|0.7354987|0.23154591|1.6208212
1509546080458|1.9477097|-0.6810174|0.28602728
