1509581652963|-0.23154591|-0.29964766|0.51757324
1509581653077|0.32688835|-0.3405087|-0.46309182
1509581653210|-0.6946377|0.7899802|-0.4086104
1509581653342|-0.040861044|0.7899802|-0.2043052
1509581653473|-0.16344418|0.8172208|-1.0487667
1509581653604|0.31326798|0.8989429|-0.2043052
1509581653736|0.7218784|-0.027240695|0.4086104
1509581653869|-0.6946377|0.6401563|-0.49033248
1509581654002|-0.8036005|0.8580819|-0.25878662
1509581654133|1.1849703|0.095342435|0.095342435
1509581654264|-0.19068487|0.25878662|-0.38136974
1509581654402|-0.43585113|0.25878662|-1.1849703
1509581654530|-0.43585113|0.25878662|0.57205456
1509581654660|0.96704465|-0.3405087|-0.83084124
1509581654795|-0.095342435|0.05448139|-0.2043052
1509581654924|0.25878662|0.08172209|-0.46309182
1509581655056|-0.4086104|1.0623871|-0.8172208
1509581655188|0.58567494|0.6401563|-0.47671217
1509581655320|-1.0351465|1.6889231|-1.879608
1509581655453|-0.027240695|0.8853226|-0.99428535
1509581655584|0.013620348|1.0079057|-0.23154591
1509581655716|0.5992953|0.61291564|-1.1168685
1509581655848|-0.3405087|1.7434045|-0.5992953
1509581655981|1.8251265|0.51757324|-2.8057916
1509581656113|0.46309182|0.2043052|0.83084124
1509581656245|0.0|0.5992953|-2.4380422
1509581656377|-1.4301364|-0.08172209|1.5799603
1509581656508|0.027240695|-1.0760074|-0.31326798
1509581656640|2.587866|-0.8172208|-1.5118586
1509581656772|-1.2122109|0.013620348|1.484618
1509581656906|-0.28602728|-0.13620347|-0.38136974
1509581657036|0.46309182|-0.6810174|0.87170225
1509581657169|0.24516624|-0.46309182|-0.667397
1509581657300|0.29964766|-0.8989429|0.040861044
1509581657432|-0.8580819|-0.027240695|-0.62653595
1509581657564|0.27240694|-0.6537767|0.62653595
1509581657696|0.08172209|-0.12258312|0.10896278
1509581657829|0.28602728|-0.3949901|-0.05448139
1509581657961|-0.040861044|-0.040861044|-0.3949901
1509581658092|-0.32688835|-0.51757324|1.1168685
1509581658225|-0.25878662|0.14982383|-0.95342433
1509581658357|-0.8172208|0.50395286|-0.939804
1509581658488|0.57205456|-0.667397|-0.6537767
1509581658621|-0.53119355|-0.7627395|0.6401563
1509581658752|-0.7627395|-0.43585113|0.10896278
1509581658884|0.25878662|-0.8172208|-0.8036005
1509581659022|0.51757324|-1.375655|1.4028958
1509581659149|0.31326798|-1.2258313|0.6810174
1509581659281|1.4301364|-1.1849703|0.6946377
1509581659413|0.10896278|-0.068101734|-1.2258313
1509581659545|-0.17706451|0.2043052|0.13620347
1509581659677|-0.13620347|0.83084124|-1.2258313
1509581659808|0.91256326|0.14982383|0.2043052
1509581659941|-0.24516624|1.4709975|-1.9340893
1509581660072|1.2394516|0.10896278|0.05448139
1509581660204|-0.99428535|1.2122109|-2.2745981
1509581660336|0.5992953|0.5448139|-0.31326798
1509581660468|0.4086104|1.4982383|-2.6151068
1509581660599|0.53119355|0.29964766|0.10896278
1509581660734|-0.6401563|0.8989429|-2.3426998
1509581660865|0.46309182|-0.47671217|0.7354987
1509581660997|-0.040861044|-0.35412902|-1.8932283
1509581661128|1.1304889|-1.525479|1.8115062
1509581661259|0.49033248|0.3405087|-1.1985906
1509581661393|-0.2043052|0.55843425|-0.46309182
1509581661524|0.36774936|-0.44947144|0.95342433
1509581661656|1.1168685|-0.12258312|-0.939804
1509581661788|-1.2122109|0.5448139|0.013620348
1509581661920|-0.36774936|-0.013620348|0.0
1509581662052|-0.96704465|-0.095342435|1.1168685
1509581662185|0.2043052|-1.3892754|1.3211737
1509581662316|-0.16344418|-0.6401563|-0.47671217
1509581662448|-1.4709975|0.013620348|-0.3949901
1509581662580|-2.8738933|0.36774936|-0.08172209
1509581662714|-0.87170225|-0.08172209|-1.3620348
1509581662845|0.21792556|-1.2530719|-0.28602728
1509581662976|1.3620348|-2.0294318|2.070293
1509581663109|1.3211737|-1.2258313|0.939804
1509581663240|0.42223078|-0.25878662|-0.29964766
1509581663372|1.4709975|0.4086104|-1.484618
1509581663504|0.3949901|1.0215261|-3.3642259
1509581663636|-1.4573771|1.1168685|-1.3620348
1509581663769|-5.2302136|0.12258312|-2.002191
1509581663900|-4.807983|-0.14982383|-1.6753027
1509581664033|-2.7785509|-0.61291564|-0.51757324
1509581664164|-4.590057|-0.8989429|0.05448139
1509581664296|-1.7025435|-2.587866|3.13268
1509581664429|-0.7627395|1.8932283|-2.2745981
1509581664561|0.040861044|0.8580819|-0.24516624
1509581664692|0.87170225|1.0623871|-2.8057916
1509581664824|5.08039|0.47671217|-3.0918188
1509581664956|-3.5957716|-3.8681786|4.739881
1509581665088|-0.99428535|-1.1577295|1.4982383
1509581665220|0.7899802|-1.6753027|0.70825803
1509581665353|0.87170225|-1.7570248|1.0896277
1509581665485|2.4108014|-1.2803127|1.2530719
1509581665617|1.9613299|0.38136974|2.901134
1509581665749|-3.0781987|-2.1247742|-2.233737
1509581665881|1.375655|-0.95342433|-4.1269655
1509581666012|0.27240694|0.13620347|4.6853995
1509581666144|1.6208212|-1.525479|1.607201
1509581666277|1.0215261|-1.4437568|0.667397
1509581666408|0.23154591|-1.1304889|0.35412902
1509581666540|0.7218784|-0.28602728|-0.12258312
1509581666673|-2.0158114|-0.62653595|1.5118586
1509581666805|-6.5377665|-2.8875136|-0.939804
1509581666937|0.5448139|-2.0566726|-2.3699405
1509581667069|-2.383561|-2.941995|0.53119355
1509581667200|-2.7921712|-2.8057916|0.16344418
1509581667333|-0.27240694|-2.73769|-0.50395286
1509581667465|0.57205456|-3.3097444|0.74911916
1509581667598|0.8172208|-4.535576|0.49033248
1509581667729|1.9749503|-1.6208212|0.3949901
1509581667861|1.9068487|-2.9556153|0.3949901
1509581667992|1.7842655|-2.5606253|0.27240694
1509581668125|2.0294318|-2.2201166|0.21792556
1509581668257|2.0158114|-1.7706451|0.040861044
1509581668388|2.0975335|-1.4982383|-0.095342435
1509581668521|1.7842655|-1.1713499|0.05448139
1509581668653|1.6753027|-0.8172208|0.10896278
1509581668788|1.293933|-0.53119355|-0.095342435
1509581668916|1.1168685|-0.4086104|0.2043052
1509581669049|0.92618364|-0.27240694|0.095342435
1509581669181|0.53119355|-0.095342435|-0.013620348
1509581669313|0.35412902|-0.040861044|-0.24516624
1509581669444|0.35412902|-0.08172209|0.095342435
1509581669577|0.27240694|-0.013620348|-0.12258312
1509581669708|0.08172209|0.05448139|-0.05448139
1509581669840|0.095342435|0.013620348|-0.05448139
1509581669972|-0.08172209|-0.040861044|0.013620348
1509581670104|-0.2043052|0.29964766|-0.19068487
1509581670236|-0.29964766|0.7218784|-0.21792556
1509581670368|-0.17706451|0.44947144|0.068101734
1509581670500|-0.2043052|0.5448139|0.27240694
1509581670633|-0.27240694|0.5448139|0.027240695
1509581670765|-0.28602728|0.19068487|-0.24516624
1509581670897|-0.17706451|0.17706451|-0.10896278
1509581671028|-0.16344418|0.4086104|-0.12258312
1509581671161|-0.17706451|0.36774936|-0.040861044
1509581671292|-0.10896278|0.7763598|-0.12258312
1509581671425|-0.12258312|0.84446156|-0.068101734
1509581671557|-0.027240695|0.7763598|0.21792556
1509581671689|0.0|0.8036005|0.23154591
1509581671821|-0.095342435|0.6401563|-0.027240695
1509581671952|-0.49033248|0.49033248|-0.10896278
1509581672085|-0.3405087|0.53119355|-0.667397
1509581672216|-0.27240694|0.49033248|0.21792556
1509581672348|-0.17706451|0.51757324|0.10896278
1509581672480|-0.42223078|0.49033248|-0.10896278
1509581672612|-0.29964766|0.25878662|0.24516624
1509581672744|-0.23154591|-0.10896278|-0.12258312
1509581672876|-0.095342435|-0.14982383|-0.32688835
1509581673008|-0.12258312|-0.16344418|-0.24516624
1509581673141|0.10896278|0.14982383|-0.23154591
1509581673272|0.57205456|0.53119355|0.25878662
1509581673405|0.6401563|0.44947144|0.35412902
1509581673536|0.36774936|0.44947144|0.040861044
1509581673669|0.7218784|0.3949901|0.31326798
1509581673799|0.8853226|0.44947144|0.027240695
1509581673932|0.95342433|0.47671217|0.05448139
1509581674066|1.293933|0.14982383|0.28602728
1509581674197|0.8036005|0.08172209|-0.47671217
1509581674328|0.8172208|-0.095342435|-0.013620348
1509581674461|0.61291564|-0.068101734|0.17706451
1509581674593|0.62653595|-0.25878662|0.05448139
1509581674725|0.6537767|-0.42223078|0.068101734
1509581674856|0.3405087|-0.4086104|0.027240695
1509581674988|0.13620347|-0.3949901|0.027240695
1509581675121|-0.095342435|-0.36774936|0.013620348
1509581675253|-0.47671217|-0.32688835|-0.21792556
1509581675384|-0.6810174|-0.095342435|-0.17706451
1509581675516|-0.7627395|0.0|-0.013620348
1509581675648|-0.6946377|0.013620348|0.027240695
1509581675781|-0.6946377|0.0|0.2043052
1509581675912|-0.6401563|0.05448139|-0.027240695
1509581676045|-0.55843425|-0.027240695|0.068101734
1509581676177|-0.50395286|-0.10896278|0.013620348
1509581676308|-0.29964766|-0.013620348|0.08172209
1509581676440|-0.3405087|-0.3405087|0.068101734
1509581676573|-0.25878662|-0.29964766|-0.095342435
1509581676705|-0.2043052|-0.62653595|-0.05448139
1509581676836|-0.027240695|-0.83084124|-0.040861044
1509581676968|0.040861044|-0.70825803|-0.2043052
1509581677101|-0.013620348|-0.8989429|-0.3405087
1509581677235|-0.05448139|-0.83084124|-0.13620347
1509581677365|-0.027240695|-0.55843425|0.10896278
1509581677498|-0.10896278|-0.53119355|-0.29964766
1509581677629|-0.013620348|-0.55843425|-0.58567494
1509581677762|-0.10896278|-0.42223078|-0.12258312
1509581677893|-0.10896278|-0.23154591|0.29964766
1509581678025|-0.13620347|-0.23154591|0.21792556
1509581678156|-0.36774936|-0.19068487|-0.32688835
1509581678289|-0.068101734|-0.25878662|-0.05448139
1509581678420|-0.12258312|-0.23154591|-0.17706451
1509581678553|-0.095342435|-0.23154591|0.027240695
1509581678684|0.44947144|-0.21792556|0.6946377
1509581678817|-0.667397|0.027240695|-0.32688835
1509581678951|0.0|-0.16344418|-0.38136974
1509581679081|0.095342435|-0.27240694|-0.16344418
1509581679212|0.040861044|-0.19068487|0.21792556
1509581679345|-0.05448139|-0.21792556|0.2043052
1509581679476|-0.19068487|-0.23154591|-0.14982383
1509581679609|-0.25878662|-0.17706451|-0.12258312
1509581679741|-0.43585113|-0.2043052|-0.13620347
1509581679873|-0.6537767|-0.24516624|-0.32688835
1509581680005|-0.7218784|-0.17706451|-0.13620347
1509581680137|-0.8853226|-0.08172209|-0.29964766
1509581680268|-0.87170225|-0.24516624|-0.32688835
1509581680401|-0.51757324|-0.28602728|-0.19068487
1509581680532|-0.44947144|-0.32688835|0.13620347
1509581680666|-0.6946377|-0.96704465|-0.6401563
1509581680797|-0.027240695|-1.0623871|0.12258312
1509581680928|-0.16344418|-0.5448139|-0.23154591
1509581681061|-0.16344418|-0.8853226|-0.16344418
1509581681192|0.46309182|-0.7899802|-0.2043052
1509581681324|0.040861044|-0.38136974|0.24516624
1509581681457|0.14982383|-0.027240695|0.6537767
1509581681589|0.35412902|0.24516624|0.068101734
1509581681720|0.38136974|0.38136974|-0.31326798
1509581681852|0.46309182|0.3405087|-0.2043052
1509581681985|0.46309182|0.50395286|-0.068101734
1509581682117|0.36774936|0.5992953|-0.027240695
1509581682251|0.5448139|0.61291564|0.7354987
1509581682381|0.98066497|0.6810174|0.4086104
1509581682512|0.7763598|0.55843425|0.0
1509581682644|0.6810174|0.10896278|-0.667397
1509581682777|0.7354987|-0.24516624|-0.43585113
1509581682909|0.7354987|-0.13620347|-0.3949901
1509581683041|0.49033248|-0.08172209|-0.040861044
1509581683172|0.6946377|-0.23154591|0.44947144
1509581683305|0.70825803|-0.10896278|-0.16344418
1509581683437|0.667397|-0.16344418|-0.31326798
1509581683568|0.62653595|-0.3405087|-0.040861044
1509581683702|0.57205456|-0.28602728|-0.10896278
1509581683832|0.13620347|0.068101734|-0.58567494
1509581683966|0.7763598|0.068101734|0.5992953
1509581684097|0.49033248|0.29964766|0.2043052
1509581684228|-0.05448139|0.16344418|-0.14982383
1509581684360|0.50395286|-0.040861044|-0.10896278
1509581684493|0.17706451|0.013620348|-0.44947144
1509581684625|0.43585113|-0.068101734|0.027240695
1509581684760|0.10896278|0.25878662|-0.32688835
1509581684889|-0.040861044|0.21792556|-1.0487667
1509581685021|0.10896278|-0.068101734|-1.0760074
1509581685152|-0.05448139|-0.43585113|-0.42223078
1509581685286|-0.05448139|-0.42223078|-1.9068487
1509581685416|-0.49033248|-0.50395286|-0.91256326
1509581685550|0.51757324|-0.3405087|0.58567494
1509581685681|0.70825803|-0.21792556|0.667397
1509581685813|-0.013620348|-0.068101734|-0.013620348
1509581685945|0.095342435|0.2043052|-0.095342435
1509581686077|0.57205456|0.27240694|-0.2043052
1509581686208|0.4086104|0.35412902|-0.32688835
1509581686341|0.47671217|0.46309182|0.14982383
1509581686472|0.14982383|0.51757324|0.013620348
1509581686605|-0.28602728|0.5992953|-0.095342435
1509581686736|0.12258312|0.4086104|0.05448139
1509581686870|0.2043052|0.43585113|0.05448139
1509581687000|-0.12258312|0.095342435|0.31326798
1509581687136|0.068101734|0.25878662|-0.35412902
1509581687265|0.040861044|0.58567494|-0.14982383
1509581687398|-0.05448139|0.38136974|0.57205456
1509581687528|-0.6401563|0.28602728|-0.5992953
1509581687661|-0.17706451|-0.42223078|-0.040861044
1509581687793|-0.44947144|0.05448139|-0.28602728
1509581687925|-0.62653595|0.05448139|-0.28602728
1509581688056|-0.61291564|0.068101734|-0.31326798
1509581688189|-0.6401563|-0.13620347|-0.29964766
1509581688322|-0.17706451|-0.7627395|0.068101734
1509581688452|-0.47671217|0.17706451|-0.43585113
1509581688585|-0.14982383|0.0|0.35412902
1509581688718|-0.53119355|0.10896278|-0.21792556
1509581688848|-0.44947144|0.068101734|-0.3405087
1509581688982|0.027240695|-0.29964766|0.5992953
1509581689113|-0.21792556|-0.027240695|-0.17706451
1509581689245|-0.10896278|0.095342435|-0.27240694
1509581689377|-0.27240694|0.13620347|0.0
1509581689510|-0.068101734|0.027240695|0.068101734
1509581689641|0.027240695|-0.027240695|0.2043052
1509581689774|-0.35412902|-0.095342435|-0.7218784
1509581689905|-0.17706451|-0.027240695|-0.27240694
1509581690038|0.013620348|-0.013620348|-0.21792556
1509581690169|-0.040861044|0.47671217|0.2043052
1509581690302|-0.19068487|0.8036005|-0.16344418
1509581690433|0.10896278|0.42223078|0.29964766
1509581690565|-0.095342435|0.2043052|-0.49033248
1509581690696|0.19068487|0.13620347|-0.29964766
1509581690829|-0.16344418|-0.013620348|0.17706451
1509581690961|0.05448139|-0.27240694|0.16344418
1509581691094|-0.28602728|-0.10896278|-0.6401563
1509581691224|-0.095342435|-0.10896278|-0.13620347
1509581691357|0.19068487|0.027240695|0.3949901
1509581691488|-0.12258312|0.31326798|0.14982383
1509581691622|0.14982383|0.47671217|0.24516624
1509581691754|-0.58567494|0.27240694|0.0
1509581691884|0.13620347|-0.13620347|-0.10896278
1509581692016|-0.08172209|0.4086104|0.3949901
1509581692148|-0.3949901|0.43585113|1.1032481
1509581692282|-0.21792556|0.16344418|0.43585113
1509581692417|0.13620347|0.040861044|0.51757324
1509581692547|-0.29964766|0.29964766|0.23154591
1509581692678|-0.25878662|0.16344418|0.19068487
1509581692811|-0.19068487|0.53119355|0.4086104
1509581692941|-0.10896278|0.70825803|0.8036005
1509581693073|-0.08172209|0.7218784|-0.10896278
1509581693206|-0.38136974|0.49033248|-0.08172209
1509581693336|-0.05448139|0.46309182|0.16344418
1509581693468|-0.44947144|-0.10896278|0.51757324
1509581693603|-0.12258312|-0.29964766|0.38136974
1509581693733|-0.068101734|-0.19068487|0.23154591
1509581693866|-0.43585113|-0.32688835|0.0
1509581693997|-0.05448139|-0.70825803|0.013620348
1509581694129|-0.6810174|-0.99428535|-0.21792556
1509581694261|-0.6810174|-0.7899802|-0.19068487
1509581694394|0.12258312|-0.36774936|0.28602728
1509581694525|-0.21792556|-0.42223078|0.38136974
1509581694656|0.19068487|-0.51757324|-0.47671217
1509581694788|0.2043052|-0.57205456|-0.10896278
1509581694921|0.36774936|-0.44947144|-0.05448139
1509581695053|-0.10896278|-0.35412902|0.027240695
1509581695184|-0.05448139|-0.28602728|-0.29964766
1509581695322|-0.05448139|-0.068101734|0.31326798
1509581695450|0.44947144|-0.08172209|0.25878662
1509581695582|-0.027240695|-0.068101734|-0.3949901
1509581695712|0.10896278|-0.29964766|-0.5992953
1509581695848|0.47671217|-0.12258312|-0.21792556
1509581695977|0.4086104|0.05448139|0.21792556
1509581696109|-0.12258312|0.068101734|0.36774936
1509581696243|0.095342435|0.040861044|-0.068101734
1509581696374|0.05448139|-0.14982383|-0.27240694
1509581696505|0.17706451|0.040861044|-0.027240695
1509581696636|0.43585113|0.027240695|-0.2043052
1509581696769|-0.23154591|0.068101734|-0.12258312
1509581696902|0.095342435|0.27240694|-0.027240695
1509581697033|0.040861044|0.19068487|-0.21792556
1509581697164|0.095342435|0.16344418|0.0
