1509247166437|1018.97516
1509247166570|1018.96674
1509247166703|1018.9726
1509247166837|1018.9726
1509247166971|1018.981
1509247167103|1018.981
1509247167236|1018.98444
1509247167371|1018.9793
1509247167503|1018.97424
1509247167638|1018.9692
1509247167770|1018.9692
1509247167903|1018.96747
1509247168037|1018.96454
1509247168171|1018.9696
1509247168304|1019.0974
1509247168437|1019.06354
1509247168570|1018.98224
1509247168703|1018.989
1509247168840|1018.9373
1509247168971|1018.95593
1509247169105|1018.91064
1509247169239|1018.91064
1509247169370|1018.9402
1509247169504|1018.9174
1509247169638|1019.07153
1509247169770|1019.05365
1509247169904|1018.9673
1509247170040|1018.9833
1509247170171|1018.9058
1509247170304|1018.9329
1509247170438|1018.92786
1509247170570|1019.00916
1509247170704|1019.0125
1509247170839|1019.0125
1509247170972|1018.9405
1509247171105|1018.9659
1509247171238|1018.89813
1509247171370|1018.9286
1509247171505|1018.9019
1509247171637|1018.98157
1509247171772|1018.99
1509247171904|1019.029
1509247172038|1019.0365
1509247172171|1018.97723
1509247172304|1018.97723
1509247172437|1018.99414
1509247172571|1018.9056
1509247172705|1018.9462
1509247172838|1018.89453
1509247172971|1018.91406
1509247173104|1018.9081
1509247173238|1019.0605
1509247173374|1019.0258
1509247173504|1018.9453
1509247173638|1018.9521
1509247173771|1018.9521
1509247173905|1018.8834
1509247174038|1018.91095
1509247174171|1018.8703
1509247174305|1018.89233
1509247174439|1018.8982
1509247174571|1018.9947
1509247174704|1018.9761
1509247174838|1018.9795
1509247174974|1018.98193
1509247175105|1018.9633
1509247175241|1018.9701
1509247175374|1018.9701
1509247175505|1018.8875
1509247175638|1018.9142
1509247175772|1018.8803
1509247175904|1018.9057
1509247176038|1018.90234
1509247176172|1018.987
1509247176306|1019.0027
1509247176438|1018.9476
1509247176572|1018.9594
1509247176705|1018.89
1509247176840|1018.89
1509247176972|1018.9154
1509247177105|1018.8975
1509247177238|1018.91956
1509247177373|1018.90936
1509247177505|1019.01483
1509247177639|1019.00543
1509247177773|1018.93427
1509247177907|1018.9403
1509247178041|1018.89026
1509247178173|1018.9123
1509247178309|1018.9123
1509247178440|1018.92584
1509247178572|1018.9317
1509247178706|1018.9384
1509247178839|1018.93677
1509247178973|1018.9377
1509247179106|1018.94354
1509247179240|1018.94446
1509247179374|1018.9486
1509247179506|1018.95245
1509247179640|1018.9558
1509247179775|1018.9571
1509247179906|1018.9571
1509247180039|1018.9571
1509247180173|1018.95197
1509247180306|1018.9554
