1509531410385|0.18195933|6.244078|6.9144545
1509531410512|0.23942018|6.445191|7.1347213
1509531410645|0.25857377|6.4068837|7.144298
1509531410776|0.15322891|6.540959|7.192182
1509531410908|0.33518824|6.4643445|7.086837
1509531411041|0.1436521|6.4260373|7.1347213
1509531411172|0.22984336|6.4260373|7.1059904
1509531411304|0.24899697|6.244078|7.431602
1509531411437|0.22984336|6.042965|7.5465236
1509531411568|0.19153613|6.1004257|7.575254
1509531411700|0.17238252|5.8801594|7.3071036
1509531411832|0.2681506|5.9567738|7.5561004
1509531411964|0.16280572|6.090849|7.201759
1509531412096|0.18195933|6.129156|7.603985
1509531412228|0.25857377|6.1770406|7.1826053
1509531412360|0.25857377|6.1195793|7.383718
1509531412492|0.2777274|6.167464|7.345411
1509531412624|0.22984336|6.2728086|7.038953
1509531412756|0.18195933|6.3685765|7.038953
1509531412888|0.21068975|6.3111157|7.1347213
1509531413020|0.21068975|6.3589997|7.1826053
1509531413153|0.24899697|6.445191|7.335834
1509531413284|0.095768064|6.38773|7.019799
1509531413416|0.16280572|6.540959|7.1634517
1509531413548|0.19153613|6.4643445|7.067683
1509531413681|0.1340753|6.4739213|6.943185
1509531413812|0.009576807|6.5218053|6.9623384
1509531413944|0.12449849|6.5026517|7.1347213
1509531414076|0.1436521|6.4643445|7.1059904
1509531414208|0.095768064|6.5122285|7.0006456
1509531414340|0.16280572|6.435614|6.9623384
1509531414472|0.20111294|6.646304|7.2304893
1509531414604|0.095768064|6.540959|7.326257
1509531414736|0.1340753|6.1100025|6.9623384
1509531414868|0.15322891|6.2345014|7.5465236
1509531415000|0.076614454|6.215348|7.4124484
1509531415132|0.1340753|6.0142345|7.3645644
1509531415264|0.15322891|6.129156|7.2113357
1509531415396|0.05746084|6.3589997|7.603985
1509531415528|0.16280572|6.0621185|7.2304893
1509531415660|0.019153614|6.14831|7.297527
1509531415792|0.06703765|6.291962|7.240066
1509531415924|0.20111294|6.3111157|7.201759
1509531416056|0.10534488|6.2823853|7.192182
1509531416190|0.06703765|6.339846|7.067683
1509531416327|0.11492168|6.3302693|7.2592196
1509531416453|0.1340753|6.3111157|7.1059904
1509531416584|0.038307227|6.3302693|7.2687964
1509531416717|0.06703765|6.339846|7.2113357
1509531416848|0.08619126|6.2728086|7.335834
1509531416980|0.095768064|6.38773|7.1826053
1509531417112|0.11492168|6.4068837|7.0485296
1509531417244|0.11492168|6.435614|7.3166804
1509531417376|0.10534488|6.291962|7.0485296
1509531417508|0.12449849|6.483498|7.2209125
1509531417640|0.19153613|6.4164605|7.038953
1509531417772|0.1340753|6.4643445|7.3166804
1509531417904|0.1436521|6.3111157|7.192182
1509531418036|0.25857377|6.2345014|7.335834
1509531418170|0.21068975|6.3206925|7.1251445
1509531418300|0.18195933|6.4643445|7.153875
1509531418432|0.24899697|6.157887|7.0102224
1509531418564|0.25857377|5.90889|7.536947
1509531418696|0.25857377|5.8226986|7.393295
1509531418828|0.17238252|6.042965|7.8625584
1509531418960|0.30645782|5.90889|7.5848308
1509531419092|0.30645782|5.6407394|7.5561004
1509531419225|0.30645782|5.6886234|7.4986396
1509531419356|0.2777274|5.592855|7.785944
1509531419488|0.21068975|5.66947|7.7189064
1509531419620|0.17238252|5.6120086|7.7667904
1509531419753|0.06703765|5.544971|7.431602
1509531419884|0.10534488|5.5162406|8.073248
1509531420016|0.08619126|5.583278|8.0445175
1509531420148|0.1436521|5.506664|7.5561004
1509531420280|0.18195933|5.554548|7.9487495
1509531420412|0.15322891|5.3821654|7.833828
1509531420544|0.1340753|5.3247046|7.8050976
1509531420676|0.15322891|5.4204726|7.8529816
1509531420808|0.095768064|5.5641246|8.00621
1509531420940|0.076614454|5.5162406|7.5082164
1509531421072|0.16280572|5.4683566|7.872135
1509531421204|0.18195933|5.48751|7.881712
1509531421336|0.18195933|5.315128|7.929596
1509531421468|0.19153613|5.363012|7.9870567
1509531421600|0.20111294|5.2959743|8.226477
1509531421732|0.08619126|5.3725886|7.536947
1509531421864|0.22026655|5.171476|8.149862
1509531421996|0.18195933|5.2002063|8.169016
1509531422128|0.18195933|5.142745|7.8529816
1509531422261|0.15322891|5.305551|8.226477
1509531422392|0.15322891|5.410896|8.274361
1509531422524|0.17238252|5.391742|8.015787
1509531422656|0.21068975|5.2002063|7.632715
1509531422788|0.17238252|5.094861|7.699753
1509531422920|0.25857377|4.8841715|8.504205
1509531423052|0.30645782|4.6926355|8.916007
1509531423184|0.17238252|4.7500963|8.63828
1509531423316|0.2777274|4.6830587|8.1881695
1509531423448|0.1340753|4.8745947|8.475474
1509531423580|0.05746084|4.951209|8.283937
1509531423712|0.038307227|4.31914|8.485051
1509531423844|0.22984336|4.3478703|8.791509
1509531423976|0.11492168|4.2904096|8.599973
1509531424108|0.23942018|4.453215|8.848969
1509531424241|0.076614454|4.654328|8.456321
1509531424382|0.15322891|4.8362875|8.101978
1509531424504|0.2777274|4.8937483|8.111555
1509531424636|0.1340753|4.9703627|8.149862
1509531424768|0.20111294|5.1810527|8.24563
1509531424900|0.25857377|5.2863975|7.967903
1509531425032|0.038307227|5.209783|7.872135
1509531425164|0.1340753|4.960786|8.1881695
1509531425296|0.08619126|5.0757074|7.5561004
1509531425428|0.15322891|5.1810527|8.360553
1509531425560|0.18195933|5.094861|8.054094
1509531425692|0.019153614|5.583278|7.785944
1509531425824|0.10534488|5.5258174|7.7667904
1509531425956|0.1340753|5.554548|7.3166804
1509531426088|0.1340753|5.583278|7.881712
1509531426220|0.076614454|5.535394|7.833828
1509531426352|0.1436521|5.544971|7.728483
1509531426485|0.18195933|5.544971|7.9966335
1509531426616|0.15322891|5.5737014|7.7572136
1509531426748|0.11492168|5.5641246|7.489063
1509531426880|0.12449849|5.3725886|8.226477
1509531427012|0.18195933|5.257667|7.920019
1509531427144|0.10534488|5.3342814|7.824251
1509531427276|0.095768064|5.315128|8.283937
1509531427408|0.1436521|5.535394|7.8912888
1509531427540|0.16280572|5.544971|7.967903
1509531427672|0.15322891|5.5737014|7.728483
1509531427808|0.18195933|5.506664|8.379706
1509531427938|0.06703765|5.5737014|7.517793
1509531428068|0.18195933|5.4204726|8.015787
1509531428200|0.20111294|5.3725886|8.073248
1509531428332|0.12449849|5.4300494|7.9487495
1509531428464|0.20111294|5.410896|8.408437
1509531428599|0.21068975|5.4204726|7.747637
1509531428728|0.17238252|5.5641246|7.8912888
1509531428860|0.15322891|5.5641246|7.7667904
1509531428992|0.1436521|5.4683566|7.881712
1509531429124|0.12449849|5.4204726|7.4507556
1509531429256|0.076614454|5.410896|7.9008656
1509531429388|0.15322891|5.21936|8.111555
1509531429520|0.17238252|4.960786|8.896853
1509531429652|0.095768064|4.8458643|8.1881695
1509531429784|0.11492168|4.9416323|8.418014
1509531429916|0.12449849|4.8841715|8.504205
1509531430048|0.11492168|5.650316|7.872135
1509531430180|0.1340753|6.244078|7.2687964
1509531430312|0.1436521|5.746084|7.393295
1509531430444|0.08619126|6.0716953|7.4507556
1509531430576|0.10534488|5.9567738|7.3166804
1509531430708|0.095768064|5.9663506|7.5465236
1509531430840|0.095768064|6.0046577|7.6231384
1509531430972|0.095768064|5.93762|7.5082164
1509531431104|0.1340753|5.9567738|7.4124484
1509531431236|0.15322891|5.9280434|7.6614456
1509531431369|0.1436521|5.9567738|7.469909
1509531431500|0.25857377|5.899313|7.8050976
1509531431633|0.1436521|5.9184666|7.52737
1509531431763|0.22026655|5.8801594|7.575254
1509531431896|0.10534488|5.90889|7.1059904
1509531432028|0.19153613|5.899313|7.603985
1509531432162|0.19153613|5.93762|7.642292
1509531432292|0.12449849|5.9663506|7.52737
1509531432424|0.18195933|5.9759274|7.9104424
1509531432556|0.06703765|5.9759274|6.9144545
1509531432688|0.16280572|5.90889|7.632715
1509531432820|0.16280572|5.9184666|7.699753
1509531432952|0.1436521|5.90889|7.393295
1509531433085|0.16280572|5.889736|7.575254
1509531433216|0.15322891|5.90889|7.469909
1509531433348|0.22026655|5.861006|8.1402855
1509531433481|0.1340753|5.9280434|7.4986396
1509531433612|0.15322891|5.995081|7.603985
1509531433744|0.10534488|6.090849|6.9048777
1509531433877|0.19153613|6.167464|7.6135616
1509531434009|0.15322891|6.1100025|7.192182
1509531434140|0.16280572|6.205771|7.335834
1509531434272|0.18195933|6.157887|7.824251
1509531434405|0.15322891|6.090849|7.335834
1509531434536|0.15322891|6.0142345|7.1634517
1509531434668|0.18195933|5.793968|8.034941
1509531434800|0.15322891|5.6407394|7.651869
1509531434932|0.1436521|5.401319|7.920019
1509531435064|0.10534488|5.45878|7.8146744
1509531435196|0.1436521|6.205771|7.3166804
1509531435331|0.18195933|5.66947|7.680599
1509531435460|0.10534488|6.0525417|7.5465236
1509531435592|0.11492168|5.9567738|7.5082164
1509531435724|0.1436521|5.9663506|7.4124484
1509531435856|0.17238252|5.899313|7.7667904
1509531435988|0.16280572|5.9184666|7.441179
1509531436120|0.20111294|5.947197|7.8146744
1509531436259|0.1436521|5.947197|7.441179
1509531436384|0.1340753|5.90889|7.536947
1509531436516|0.18195933|5.889736|7.4124484
1509531436648|0.16280572|5.9184666|7.785944
1509531436780|0.15322891|5.9567738|7.4603324
1509531436912|0.21068975|5.9663506|7.73806
1509531437044|0.16280572|5.899313|7.4124484
1509531437176|0.15322891|5.9759274|7.3549876
1509531437308|0.17238252|5.9184666|7.5465236
1509531437440|0.18195933|5.947197|7.680599
1509531437572|0.1436521|5.9280434|7.489063
1509531437704|0.19153613|5.90889|7.5848308
1509531437836|0.1340753|5.947197|7.489063
1509531437968|0.15322891|5.93762|7.2209125
1509531438100|0.1340753|5.93762|7.5082164
1509531438232|0.1436521|5.9184666|7.422025
1509531438364|0.16280572|5.947197|7.632715
1509531438496|0.16280572|5.9184666|7.479486
1509531438628|0.17238252|5.947197|7.690176
1509531438760|0.15322891|5.9184666|7.469909
1509531438892|0.16280572|5.90889|7.6231384
1509531439024|0.17238252|5.899313|7.833828
1509531439156|0.15322891|5.9280434|7.441179
1509531439289|0.16280572|5.9280434|7.632715
1509531439424|0.15322891|5.9280434|7.4986396
1509531439552|0.2777274|5.899313|7.920019
1509531439684|0.16280572|5.93762|7.479486
1509531439816|0.1436521|5.9280434|7.297527
1509531439949|0.22026655|5.8705826|7.4124484
1509531440080|0.16280572|5.90889|7.6231384
1509531440212|0.18195933|5.899313|7.680599
1509531440344|0.16280572|5.9567738|7.52737
1509531440476|0.2681506|5.90889|7.9583263
1509531440608|0.15322891|5.899313|7.469909
1509531440740|0.16280572|5.9567738|7.6231384
1509531440872|0.15322891|5.889736|7.5848308
1509531441004|0.1436521|5.93762|7.575254
1509531441142|0.16280572|5.9567738|7.7093296
1509531441268|0.12449849|5.90889|7.431602
1509531441400|0.1340753|5.90889|7.642292
1509531441533|0.17238252|5.9184666|7.8050976
1509531441664|0.10534488|5.9184666|7.4028716
1509531441797|0.11492168|5.947197|7.776367
1509531441928|0.1340753|5.9280434|7.489063
1509531442060|0.076614454|5.93762|7.28795
1509531442192|0.095768064|5.9759274|7.345411
1509531442324|0.1340753|5.9280434|7.5561004
1509531442456|0.1340753|5.995081|7.52737
1509531442588|0.1340753|5.93762|7.517793
1509531442720|0.12449849|5.9184666|7.1251445
1509531442852|0.11492168|6.0142345|7.651869
1509531442985|0.12449849|5.947197|7.469909
1509531443116|0.12449849|5.9280434|7.5082164
1509531443248|0.11492168|5.9280434|7.4986396
1509531443380|0.1340753|5.947197|7.489063
1509531443512|0.1340753|5.947197|7.5082164
1509531443644|0.12449849|5.9184666|7.489063
1509531443776|0.12449849|5.9184666|7.489063
