1509582182710|147
1509582182915|152
1509582183124|100
1509582183333|115
1509582183538|200
1509582183747|231
1509582183948|234
1509582184152|233
1509582184358|214
1509582184560|215
1509582184768|113
1509582184965|36
1509582185170|41
1509582185372|57
1509582185576|109
1509582185779|235
1509582185983|236
1509582186187|250
1509582186398|258
1509582186597|59
1509582186802|77
1509582187008|111
1509582187216|1510
1509582187419|1146
1509582187630|830
1509582187831|522
1509582188033|846
1509582188236|867
1509582188442|555
1509582188646|599
1509582188852|677
1509582189057|648
1509582189262|263
1509582189466|257
1509582189671|124
1509582189884|82
1509582190090|479
1509582190294|559
1509582190499|501
1509582190705|614
1509582190912|538
1509582191118|536
1509582191324|207
1509582191536|203
1509582191742|217
1509582191947|212
1509582192153|256
1509582192358|543
1509582192564|556
1509582192768|538
1509582192977|530
1509582193182|529
1509582193388|527
1509582193594|571
1509582193801|547
1509582194006|635
1509582194212|479
1509582194418|562
1509582194633|226
1509582194830|156
1509582195033|230
1509582195239|214
1509582195445|158
1509582195651|199
1509582195856|201
1509582196061|297
1509582196265|267
1509582196472|350
1509582196684|354
1509582197093|392
1509582197298|448
1509582197503|324
1509582197713|329
1509582197918|470
1509582198126|501
1509582198334|371
1509582198538|354
1509582198745|365
1509582198951|334
1509582199156|424
1509582199360|562
1509582199565|447
1509582199772|278
1509582199981|184
1509582200182|279
1509582200384|211
1509582200590|177
1509582200793|151
1509582201000|251
1509582201209|214
1509582201416|166
1509582201618|182
1509582201825|157
1509582202030|151
1509582202235|143
1509582202441|188
1509582202648|299
1509582202854|297
1509582203060|304
1509582203272|319
1509582203480|312
1509582203681|313
1509582203887|309
1509582204092|330
1509582204297|299
1509582204502|125
1509582204711|129
1509582204920|193
1509582205128|224
1509582205330|260
1509582205540|252
1509582205744|234
1509582205949|236
1509582206171|248
1509582206366|256
1509582206567|263
1509582206770|257
1509582206980|253
1509582207180|246
1509582207390|248
1509582207801|257
1509582208006|253
1509582208220|249
1509582208417|254
1509582208618|249
1509582208826|45
1509582209031|37
1509582209232|38
1509582209438|101
1509582209644|236
1509582209850|235
1509582210060|245
1509582210267|239
1509582210469|249
1509582210668|251
1509582210880|219
1509582211078|222
1509582211284|310
1509582211490|276
1509582211694|316
1509582211900|251
1509582212105|371
1509582212317|643
1509582212515|330
1509582212720|220
1509582212927|206
1509582213133|72
1509582213337|67
1509582213545|65
1509582213748|63
1509582213953|62
1509582214161|59
1509582214367|40
1509582214570|43
1509582214776|48
1509582214982|54
1509582215188|48
1509582215394|39
1509582215599|50
1509582215804|37
1509582216012|43
1509582216213|45
1509582216418|42
1509582216629|80
1509582216835|51
1509582217040|87
1509582217246|162
1509582217451|238
1509582217667|226
1509582217862|43
1509582218067|32
1509582218273|58
1509582218479|239
1509582218686|248
1509582218890|258
1509582219095|265
1509582219300|255
1509582219509|238
1509582219710|297
1509582219911|317
1509582220115|339
1509582220318|95
1509582220522|85
1509582220726|294
1509582220932|374
1509582221141|294
1509582221350|339
1509582221551|527
1509582221753|359
1509582221960|312
1509582222168|205
1509582222366|263
1509582222571|247
1509582222777|276
1509582222983|256
1509582223188|230
1509582223398|302
1509582223599|284
1509582223805|292
1509582224419|297
1509582224624|291
1509582224829|284
1509582225034|286
1509582225239|67
1509582225450|105
1509582225652|257
1509582225851|258
1509582226058|246
1509582226266|244
1509582226468|243
1509582226674|248
1509582227087|239
1509582227295|240
1509582227500|243
1509582227702|249
1509582227909|256
1509582228115|254
1509582228321|248
1509582228731|70
1509582228935|35
1509582229139|32
1509582229352|33
1509582229560|40
1509582229763|139
1509582229969|184
1509582230175|231
1509582230380|221
1509582230584|252
1509582230789|241
1509582230998|252
1509582231198|261
1509582231404|264
1509582231610|74
1509582231815|91
1509582232021|244
1509582232228|255
1509582232433|277
1509582232638|126
1509582232854|108
1509582233060|153
1509582233265|242
1509582233469|275
1509582233674|298
1509582233880|234
1509582234085|290
1509582234296|284
1509582234497|285
1509582234700|280
1509582234906|293
1509582235112|297
1509582235318|271
1509582235524|281
1509582235730|282
1509582235934|271
1509582236143|282
1509582236350|302
1509582236549|271
1509582236755|298
1509582236963|287
1509582237169|277
1509582237377|303
1509582237584|298
1509582237785|300
1509582237992|293
1509582238197|296
1509582238401|302
1509582238606|285
1509582238820|263
1509582239026|246
1509582239231|257
1509582239440|261
1509582239644|251
1509582240057|274
1509582240264|200
1509582240470|164
1509582240676|64
1509582240881|37
1509582241086|49
1509582241300|89
1509582241497|234
1509582241699|215
1509582241905|204
1509582242112|197
1509582242317|104
1509582242535|65
1509582242743|37
1509582242950|33
1509582243149|85
1509582243355|43
1509582243560|76
1509582243766|162
1509582243976|188
1509582244187|189
1509582244383|197
1509582244588|186
1509582244793|175
1509582244998|135
1509582245202|127
1509582245409|99
1509582245613|74
1509582245817|182
1509582246022|171
1509582246230|131
1509582246430|151
1509582246635|204
1509582246843|207
1509582247047|202
1509582247249|204
1509582247456|166
1509582247662|156
1509582247870|206
1509582248073|207
1509582248286|189
1509582248493|204
1509582248698|216
1509582248900|203
1509582249104|202
1509582249310|211
1509582249516|216
1509582249722|204
1509582249930|218
1509582250137|206
1509582250335|222
1509582250745|228
1509582250950|225
1509582251156|219
1509582251367|221
1509582251570|44
1509582251780|31
1509582251981|33
1509582252184|47
1509582252388|101
1509582252595|135
1509582252801|111
1509582253007|201
1509582253215|204
1509582253419|202
1509582253624|112
1509582253830|43
1509582254032|62
1509582254238|181
1509582254444|186
1509582254650|198
1509582254856|207
1509582255064|208
1509582255680|211
1509582255886|246
1509582256095|472
1509582256297|204
1509582256502|200
1509582256708|510
1509582256912|83
1509582257119|137
1509582257320|45
1509582257529|34
1509582257731|33
1509582257943|78
1509582258146|127
1509582258351|143
1509582258556|109
1509582258761|166
1509582258964|167
1509582259168|138
1509582259372|181
1509582259581|162
1509582259782|219
1509582259987|199
1509582260193|142
1509582260397|138
1509582260602|189
1509582260808|146
1509582261022|67
1509582261231|212
1509582261435|219
1509582261635|221
1509582261842|225
1509582262046|219
1509582262251|223
1509582262457|230
1509582262668|223
1509582262868|219
1509582263272|211
