1509251583905|30
1509251584311|99
1509251584721|102
1509251584926|99
1509251585132|96
1509251585336|93
1509251585551|90
1509251585756|85
1509251585961|90
1509251586166|93
1509251586370|96
1509251586793|99
1509251586989|31
1509251587391|104
1509251587594|96
1509251587801|102
1509251588001|96
1509251588213|104
1509251588410|102
1509251588615|87
1509251588821|90
1509251589026|82
1509251589231|90
1509251589440|82
1509251589639|90
1509251589845|85
1509251590050|90
1509251590256|93
1509251590461|96
1509251590664|82
1509251590867|90
1509251591081|87
1509251591481|82
1509251591886|79
