1509581872556|-0.63206923|7.019799|6.493075
1509581872675|-0.19153613|6.9240313|5.995081
1509581872808|0.02873042|6.933608|6.1195793
1509581872939|-0.25857377|7.2113357|6.5601125
1509581873073|-0.23942018|7.1730285|6.6271505
1509581873205|-0.24899697|7.153875|6.1387334
1509581873338|0.29688102|7.201759|6.8761473
1509581873467|-0.45010993|7.747637|6.129156
1509581873599|-0.21068975|7.201759|5.497087
1509581873731|0.21068975|6.483498|7.1826053
1509581873864|-0.25857377|7.1251445|6.2823853
1509581873995|0.06703765|6.531382|6.1387334
1509581874127|0.22026655|7.1251445|7.441179
1509581874259|-1.0726024|7.9487495|6.9144545
1509581874391|-0.02873042|7.2209125|6.0142345
1509581874522|-0.12449849|7.0581064|6.8761473
1509581874657|-0.10534488|7.383718|5.48751
1509581874793|-0.31603462|6.9048777|6.6654577
1509581874922|-1.3790601|6.588843|6.742072
1509581875051|-0.6703765|6.0525417|7.785944
1509581875183|0.5746084|5.9184666|5.6790466
1509581875315|0.45968673|5.9184666|6.301539
1509581875447|-0.22026655|6.703765|7.632715
1509581875579|-0.15322891|7.3166804|7.153875
1509581875711|0.62249243|7.0485296|6.8091097
1509581875843|-0.06703765|7.833828|5.765238
1509581875975|-0.38307226|7.5465236|5.6407394
1509581876107|-0.009576807|6.349423|7.6710224
1509581876240|-0.047884032|7.374141|6.3781533
1509581876371|0.019153614|7.1826053|5.861006
1509581876506|-0.40222588|6.9048777|7.1730285
1509581876640|0.2873042|7.690176|5.544971
1509581876767|0.19153613|6.9623384|6.694188
1509581876900|-0.1436521|7.249643|6.6367273
1509581877032|-0.047884032|7.929596|5.583278
1509581877163|0.02873042|7.383718|6.081272
1509581877295|0.31603462|7.8625584|5.5737014
1509581877427|0.4213795|7.642292|6.215348
1509581877559|-0.16280572|8.322245|6.3206925
1509581877691|-0.5746084|8.264784|4.548983
1509581877823|0.31603462|7.1634517|5.8226986
1509581877960|-0.842759|7.5465236|5.257667
1509581878092|-0.7661445|7.52737|6.3111157
1509581878221|-0.79487497|7.8146744|5.717354
1509581878353|-0.19153613|8.264784|4.7884035
1509581878483|-0.6991069|7.8529816|6.0525417
1509581878615|-0.545878|7.642292|5.6215854
1509581878747|-0.5267244|7.393295|6.6271505
1509581878880|-0.9576807|7.441179|5.841852
1509581879011|-0.35434186|6.8186865|6.215348
1509581879142|-0.63206923|6.8761473|6.445191
1509581879275|-1.6376339|8.169016|6.397307
1509581879407|-0.2873042|7.1059904|7.335834
1509581879540|-0.59376204|7.872135|5.2385135
1509581879671|0.22984336|6.6079965|6.0621185
1509581879806|-0.4405331|8.00621|4.9416323
1509581879939|-0.05746084|7.441179|6.5218053
1509581880067|-0.24899697|7.824251|5.9184666
1509581880199|-0.1340753|7.6135616|5.554548
1509581880332|-0.6895301|7.4507556|5.056554
1509581880463|-0.45010993|7.4603324|5.3821654
1509581880595|-0.6895301|7.4507556|6.655881
1509581880727|-0.41180268|8.169016|5.353435
1509581880858|-0.5746084|7.335834|6.167464
1509581880992|-0.90979666|7.5944076|5.889736
1509581881123|-0.7757214|7.383718|5.8705826
1509581881259|-0.7661445|7.2304893|6.7612257
1509581881388|-0.39264908|7.1251445|6.7229185
1509581881521|-0.7182605|8.2169|5.353435
1509581881651|-1.340753|6.6079965|6.2728086
1509581881783|-0.39264908|7.297527|5.985504
1509581881915|1.1300632|6.8761473|6.694188
1509581882047|-0.6895301|8.24563|4.55856
1509581882179|-0.641646|7.192182|7.345411
1509581882311|0.2777274|6.9527617|6.0142345
1509581882443|-0.02873042|7.1826053|6.646304
1509581882574|0.22984336|7.431602|5.650316
1509581882708|-0.49799395|7.2687964|6.9623384
1509581882838|-0.7661445|7.326257|6.215348
1509581882972|-0.33518824|6.799533|5.45878
1509581883110|-0.39264908|6.9048777|6.943185
1509581883240|-0.5650316|7.326257|6.588843
1509581883367|-0.545878|7.824251|5.9759274
1509581883499|-0.90979666|7.1059904|6.5984197
1509581883631|-1.2449849|7.0485296|5.803545
1509581883763|0.095768064|5.899313|6.7708025
1509581883895|-0.8714894|6.933608|7.383718
1509581884027|-1.3599066|7.1826053|6.157887
1509581884159|-1.5801731|6.6846113|7.2687964
1509581884291|-0.50757074|6.5984197|6.885724
1509581884427|-0.545878|6.789956|5.841852
1509581884555|-0.23942018|6.8186865|7.2113357
1509581884690|-1.0342951|7.1155677|6.655881
1509581884825|-1.0534488|6.1195793|6.6367273
1509581884951|-0.21068975|6.8091097|7.1634517
1509581885083|0.5267244|6.7133417|5.535394
1509581885215|-0.19153613|6.5026517|6.9144545
1509581885347|-1.4556746|7.565677|6.5696893
1509581885479|-0.22026655|6.5026517|7.833828
1509581885611|0.1340753|7.2113357|5.3247046
1509581885744|0.02873042|7.1251445|5.746084
1509581885874|-0.7757214|6.9719152|6.7708025
1509581886007|-0.78529817|8.0924015|5.7365074
1509581886139|0.18195933|6.5026517|6.5218053
1509581886272|-1.1109096|7.6710224|5.9759274
1509581886406|-0.24899697|7.2304893|5.9567738
1509581886541|-1.0726024|7.0581064|6.5984197
1509581886671|-0.33518824|6.847417|6.205771
1509581886800|-0.78529817|7.1251445|6.540959
1509581886931|-1.5514427|7.642292|4.9416323
1509581887063|-0.22026655|6.3589997|7.536947
1509581887195|-0.49799395|7.0964136|5.506664
1509581887329|-1.8962077|7.038953|6.9048777
1509581887460|-0.6799533|7.2687964|7.517793
1509581887591|-0.9576807|7.632715|5.7269306
1509581887727|-0.89064306|6.8282633|6.2632318
1509581887856|-0.61291564|7.374141|4.9224787
1509581887988|-0.5650316|6.9719152|6.4739213
1509581888126|-1.1779473|7.7572136|5.6886234
1509581888251|-0.7661445|7.240066|6.339846
1509581888384|-1.1109096|7.192182|6.751649
1509581888515|-0.34476504|7.4507556|4.76925
1509581888647|-0.5650316|7.029376|6.703765
1509581888779|-0.93852705|7.489063|5.803545
1509581888912|-0.63206923|8.015787|4.8841715
1509581889043|-0.6895301|7.489063|6.5505357
1509581889175|-1.0630256|8.111555|4.8937483
1509581889308|-0.30645782|7.776367|4.960786
1509581889440|-0.8523358|7.5465236|6.2728086
1509581889571|-0.30645782|7.9104424|4.596867
1509581889705|-0.15322891|7.2113357|6.435614
1509581889844|-0.50757074|8.178593|4.8745947
1509581889967|-0.10534488|7.776367|5.6790466
1509581890104|-0.5267244|7.8912888|5.104438
1509581890231|-0.076614454|7.2209125|6.0238113
1509581890362|-0.51714754|7.9487495|5.755661
1509581890496|-0.6895301|8.743625|3.7253778
1509581890627|-0.842759|7.9391727|6.0238113
1509581890760|-0.6991069|8.255207|4.951209
1509581890891|-0.6512229|8.121132|5.449203
1509581891023|-0.60333884|7.747637|5.650316
1509581891155|-0.46926352|8.283937|4.0222588
1509581891290|-0.08619126|7.728483|5.9663506
1509581891420|-0.02873042|8.034941|4.76925
1509581891558|-0.2681506|7.833828|6.2249246
1509581891683|-0.47884035|8.101978|5.0661306
1509581891815|-0.23942018|7.8529816|5.0661306
1509581891947|0.06703765|7.441179|5.985504
1509581892079|-0.038307227|7.7667904|5.0374002
1509581892212|0.019153614|7.383718|6.339846
1509581892343|-0.5267244|7.5561004|6.655881
1509581892475|-0.641646|7.920019|4.999093
1509581892610|-0.45010993|7.335834|6.6175733
1509581892741|-0.45968673|7.3166804|5.3821654
1509581892878|-1.2737153|7.565677|5.391742
1509581893004|-1.340753|7.038953|7.038953
1509581893136|-1.3024458|7.73806|5.631162
1509581893268|-0.80445176|6.9623384|7.3166804
1509581893400|-1.4077905|7.97748|5.257667
1509581893531|-1.13964|7.1347213|5.995081
1509581893663|-1.1683705|7.2687964|5.899313
1509581893796|-1.3599066|7.2783732|6.4739213
1509581893927|-1.0534488|6.9144545|7.019799
1509581894060|-1.283292|7.441179|6.588843
1509581894191|-0.9672575|7.8625584|5.0757074
1509581894323|-0.6895301|7.6135616|6.1100025
1509581894455|-0.7565677|7.5848308|5.9663506
1509581894587|-0.6607997|8.207323|5.133168
1509581894723|-0.4213795|7.632715|6.090849
1509581894860|-0.7661445|7.8050976|5.3247046
1509581894983|-0.06703765|7.422025|5.8226986
1509581895116|-0.076614454|7.4507556|5.5162406
1509581895248|-0.12449849|7.642292|5.746084
1509581895380|-0.545878|7.929596|5.602432
1509581895511|-0.18195933|7.881712|5.1810527
1509581895643|-0.59376204|8.2169|4.9224787
1509581895775|-0.62249243|7.785944|5.257667
1509581895907|-0.35434186|7.824251|5.0182467
1509581896047|-0.22026655|7.8625584|5.391742
1509581896171|-0.78529817|8.226477|6.081272
1509581896304|-0.63206923|8.418014|4.76925
1509581896435|-0.90021986|7.4028716|6.1866174
1509581896567|-0.49799395|7.6231384|5.0278234
1509581896700|-0.5267244|7.603985|5.410896
1509581896831|-1.0630256|8.130709|5.5258174
1509581896963|-0.6895301|7.699753|5.506664
1509581897095|-0.59376204|7.7189064|5.449203
1509581897227|-0.35434186|7.5465236|6.2345014
1509581897359|-0.641646|7.967903|4.960786
1509581897491|-0.29688102|7.2687964|5.7843914
1509581897623|-0.6895301|7.28795|6.2728086
1509581897755|-0.6799533|7.6614456|5.755661
1509581897888|-0.61291564|7.843405|6.8091097
1509581898027|-0.4405331|7.565677|6.129156
1509581898160|-0.35434186|6.8186865|6.646304
1509581898283|-0.21068975|7.201759|5.6215854
1509581898415|-0.20111294|7.0964136|6.5696893
1509581898547|-0.23942018|7.0581064|6.6654577
1509581898679|-0.31603462|7.345411|5.755661
1509581898811|-0.59376204|7.192182|6.3685765
1509581898944|-0.4213795|7.086837|6.215348
1509581899075|-0.8523358|7.690176|5.6407394
1509581899207|-0.19153613|6.83784|6.6271505
1509581899339|-1.0247183|7.469909|5.995081
1509581899472|-0.5746084|7.345411|6.2345014
1509581899606|-0.79487497|7.3166804|6.301539
1509581899738|-0.8810662|7.8146744|5.267244
1509581899867|-0.80445176|7.651869|5.851429
1509581899999|-1.0726024|8.082825|4.8362875
1509581900131|-0.49799395|7.2592196|6.5505357
1509581900262|-1.0055647|7.575254|6.1387334
1509581900394|-0.89064306|7.728483|5.793968
1509581900526|-0.8619126|7.747637|5.3725886
1509581900660|-0.93852705|7.52737|5.755661
1509581900790|-1.2162545|7.489063|6.1387334
1509581900923|-0.62249243|6.8569937|6.5984197
1509581901060|-0.9864111|7.249643|6.4643445
1509581901194|-0.6895301|7.345411|6.2345014
1509581901319|-0.59376204|7.469909|6.0525417
1509581901450|-0.5267244|7.345411|6.1770406
1509581901582|-0.46926352|7.4028716|5.985504
1509581901715|-0.29688102|7.52737|5.650316
1509581901846|-0.47884035|7.393295|6.3302693
1509581901979|-0.2873042|7.4986396|5.9280434
1509581902110|-0.06703765|7.3166804|5.851429
1509581902243|-0.34476504|7.3071036|6.5601125
1509581902374|-0.4309563|7.575254|5.861006
1509581902507|-0.02873042|7.07726|6.694188
1509581902639|0.24899697|7.240066|5.305551
1509581902780|-0.4213795|6.981492|6.9240313
1509581902912|-0.19153613|6.8665705|6.799533
1509581903035|-0.4405331|7.345411|5.8801594
1509581903167|0.019153614|5.9567738|8.255207
1509581903299|-0.6991069|6.694188|6.6271505
1509581903431|-0.34476504|6.588843|6.703765
1509581903563|-0.7278373|6.7229185|7.603985
1509581903695|-0.38307226|6.6750345|6.4547677
1509581903827|-0.51714754|6.291962|7.603985
1509581903959|-0.78529817|6.799533|6.5601125
1509581904091|-0.06703765|6.1004257|7.4986396
1509581904227|-0.6799533|6.6079965|7.3071036
1509581904360|-0.31603462|6.4164605|7.2304893
1509581904492|-0.7757214|6.6846113|7.0581064
1509581904626|-0.46926352|6.6367273|7.201759
1509581904751|-0.51714754|6.847417|6.895301
1509581904883|-0.2777274|6.5601125|7.0102224
1509581905015|-0.7661445|6.799533|6.8665705
1509581905147|-0.33518824|6.397307|7.3549876
1509581905286|-0.62249243|6.655881|7.0581064
1509581905411|-0.5746084|6.3111157|7.881712
1509581905543|-0.40222588|6.2823853|7.479486
1509581905675|-0.49799395|6.445191|6.7803793
1509581905807|-0.4405331|5.841852|8.2169
1509581905940|-0.545878|6.167464|6.9048777
1509581906077|-0.48841715|5.717354|8.571242
1509581906206|-0.82360536|6.1770406|7.4507556
1509581906339|-0.1436521|5.947197|7.144298
1509581906467|-1.1875241|6.4260373|7.9104424
1509581906599|-0.16280572|6.4643445|6.7229185
1509581906731|-0.30645782|6.291962|7.5944076
1509581906863|-0.82360536|6.9144545|6.4643445
1509581906995|-0.31603462|6.847417|6.8761473
1509581907127|-0.21068975|6.9048777|6.789956
1509581907259|-0.4213795|7.192182|6.129156
1509581907391|-0.37349546|6.9048777|7.086837
1509581907522|0.095768064|6.7803793|6.8569937
1509581907660|0.36391866|6.9240313|6.167464
1509581907790|0.08619126|6.981492|6.646304
1509581907927|0.23942018|6.8282633|6.7324953
1509581908051|0.10534488|7.038953|6.38773
