1509582053945|170
1509582054145|166
1509582054351|169
1509582054556|176
1509582054763|171
1509582054964|144
1509582055168|133
1509582055379|136
1509582055579|168
1509582055778|185
1509582055981|165
1509582056184|169
1509582056386|150
1509582056589|117
1509582056793|112
1509582056998|131
1509582057202|125
1509582057411|102
1509582057615|113
1509582057814|61
1509582058019|65
1509582058233|101
1509582058438|94
1509582058644|82
1509582058855|103
1509582059054|149
1509582059266|184
1509582059468|131
1509582059679|87
1509582059877|65
1509582060083|70
1509582060287|76
1509582060491|82
1509582060694|213
1509582060898|242
1509582061103|263
1509582061308|242
1509582061512|277
1509582061717|125
1509582061923|93
1509582062128|45
1509582062338|33
1509582062541|90
1509582062742|82
1509582062945|76
1509582063148|79
1509582063351|70
1509582063554|87
1509582063758|70
1509582063965|76
1509582064170|43
1509582064374|87
1509582064578|42
1509582064782|30
1509582064997|31
1509582065192|37
1509582065397|46
1509582065602|83
1509582065810|290
1509582066014|316
1509582066216|324
1509582066422|335
1509582066628|336
1509582067035|332
1509582067247|329
1509582067447|321
1509582067648|307
1509582067853|304
1509582068058|286
1509582068264|170
1509582068469|75
1509582068674|51
1509582068880|164
1509582069084|73
1509582069299|110
1509582069497|72
1509582069698|87
1509582069905|128
1509582070111|90
1509582070317|151
1509582070522|222
1509582070726|238
1509582070932|241
1509582071148|236
1509582071349|240
1509582071546|252
1509582071753|242
1509582071959|229
1509582072166|231
1509582072370|214
1509582072576|264
1509582072780|414
1509582072989|509
1509582073195|676
1509582073398|1021
1509582073600|1614
1509582073806|1706
1509582074013|1760
1509582074217|1836
