1509149334709|0.095342435|-0.040861044|-0.10896278
1509149334841|0.013620348|-0.027240695|-0.14982383
1509149334973|-0.040861044|-0.068101734|-0.17706451
1509149335105|-0.013620348|-0.08172209|-0.2043052
1509149335238|0.0|-0.040861044|-0.013620348
1509149335368|-0.040861044|-0.013620348|-0.14982383
1509149335500|0.08172209|-0.013620348|-0.23154591
1509149335633|0.05448139|0.0|-0.2043052
1509149335765|0.040861044|-0.013620348|-0.16344418
1509149335897|0.0|0.040861044|-0.08172209
1509149336030|0.027240695|-0.05448139|-0.08172209
1509149336160|-0.068101734|-0.040861044|-0.08172209
1509149336292|-0.068101734|0.0|-0.14982383
1509149336426|0.05448139|0.013620348|-0.28602728
1509149336557|0.13620347|0.0|-0.2043052
1509149336688|0.027240695|-0.027240695|-0.14982383
1509149336821|-0.095342435|0.0|-0.08172209
1509149336952|-0.14982383|-0.05448139|-0.13620347
1509149337084|0.013620348|0.013620348|-0.10896278
1509149337216|-0.027240695|-0.027240695|-0.21792556
1509149337349|0.0|0.013620348|-0.17706451
1509149337481|-0.040861044|-0.027240695|-0.08172209
1509149337612|0.12258312|-0.040861044|0.027240695
1509149337745|0.095342435|-0.013620348|0.12258312
1509149337877|0.027240695|0.0|0.10896278
1509149338009|-0.040861044|-0.027240695|-0.013620348
1509149338143|0.068101734|-0.027240695|-0.095342435
1509149338273|0.040861044|0.0|0.013620348
1509149338405|0.040861044|0.0|0.040861044
1509149338537|-0.040861044|0.0|-0.08172209
1509149338668|0.10896278|-0.013620348|-0.05448139
1509149338800|-0.068101734|0.013620348|0.05448139
1509149338933|0.05448139|0.0|0.013620348
1509149339065|-0.013620348|0.05448139|-0.013620348
1509149339197|0.17706451|-0.013620348|-0.05448139
1509149339328|-0.19068487|0.040861044|0.095342435
1509149339460|-0.05448139|-0.027240695|0.05448139
1509149339592|-0.10896278|0.027240695|0.08172209
1509149339724|0.027240695|0.013620348|-0.013620348
1509149339856|0.068101734|0.013620348|-0.10896278
1509149339989|-0.013620348|0.013620348|0.013620348
1509149340119|-0.040861044|-0.027240695|0.10896278
1509149340316|-0.10896278|0.0|0.095342435
1509149340449|0.12258312|0.013620348|-0.040861044
1509149340583|0.0|0.013620348|-0.05448139
1509149340714|-0.12258312|0.027240695|0.05448139
1509149340847|-0.10896278|0.013620348|-0.013620348
1509149340978|0.040861044|0.013620348|0.013620348
1509149341110|-0.040861044|0.040861044|0.040861044
1509149341197|-0.05448139|0.013620348|0.05448139
1509149341308|-0.013620348|0.013620348|0.040861044
1509149341440|0.08172209|0.0|-0.05448139
1509149341572|0.05448139|0.0|-0.040861044
1509149341704|-0.08172209|0.013620348|-0.040861044
1509149341837|-0.08172209|0.0|0.095342435
1509149341968|-0.05448139|0.0|0.16344418
1509149342101|0.013620348|-0.013620348|0.027240695
1509149342233|0.08172209|-0.013620348|-0.05448139
1509149342365|-0.013620348|-0.013620348|0.0
1509149342497|-0.05448139|0.0|0.027240695
1509149342629|-0.08172209|0.027240695|0.027240695
1509149342761|-0.013620348|0.013620348|0.0
1509149342893|0.040861044|0.013620348|0.013620348
1509149343026|0.0|0.027240695|0.05448139
1509149343157|-0.027240695|0.013620348|0.040861044
1509149343290|-0.040861044|0.0|0.068101734
1509149343421|-0.05448139|-0.027240695|0.0
