1509323206557|-2.2745981|5.693305|7.668256
1509323206686|-2.315459|5.761407|7.600154
1509323206818|-2.3971813|5.8295083|7.532052
1509323206951|-2.4789033|5.856749|7.477571
1509323207083|-2.5606253|5.89761|7.4230895
1509323207214|-2.628727|5.938472|7.3686085
1509323207348|-2.6832085|5.979333|7.314126
1509323207479|-2.7104492|6.033814|7.259645
1509323207611|-2.7240696|6.0882955|7.2051635
1509323207743|-2.73769|6.1291566|7.1643023
1509323207874|-2.7240696|6.1563973|7.1506824
1509323208007|-2.6968286|6.1836376|7.137062
1509323208139|-2.6423473|6.2108784|7.1234417
1509323208270|-2.6014864|6.2517395|7.1098213
1509323208401|-2.5333848|6.306221|7.0825806
1509323208538|-2.4789033|6.3743224|7.0417194
1509323208668|-2.4108014|6.428804|7.0144787
1509323208799|-2.3563201|6.4969053|6.973618
1509323208931|-2.315459|6.565007|6.9191365
1509323209062|-2.2882183|6.6331096|6.864655
1509323209194|-2.2745981|6.6739707|6.8374147
1509323209327|-2.2609777|6.701211|6.810174
1509323209458|-2.2609777|6.7284517|6.7965536
1509323209592|-2.2609777|6.7284517|6.782933
1509323209723|-2.233737|6.742072|6.769313
1509323209855|-2.1792555|6.769313|6.769313
1509323209988|-2.002191|6.810174|6.782933
1509323210118|-1.7570248|6.851035|6.7965536
1509323210254|-1.5390993|6.891896|6.810174
1509323210384|-1.3484143|6.9191365|6.8237944
1509323210515|-1.1577295|6.932757|6.851035
1509323210648|-0.99428535|6.932757|6.8782754
1509323210779|-0.83084124|6.9191365|6.905516
1509323210911|-0.6401563|6.905516|6.9463773
1509323211043|-0.42223078|6.891896|6.973618
1509323211175|-0.24516624|6.8782754|7.000859
1509323211306|-0.12258312|6.864655|7.0144787
1509323211439|-0.05448139|6.864655|7.0144787
1509323211570|0.0|6.8782754|7.0144787
1509323211703|0.027240695|6.8782754|7.000859
1509323211835|0.040861044|6.8782754|7.0144787
1509323211967|0.068101734|6.8782754|7.000859
1509323212101|0.068101734|6.891896|6.9872384
1509323212232|0.068101734|6.9191365|6.9599977
1509323212363|0.05448139|6.9463773|6.932757
1509323212494|0.0|6.973618|6.905516
1509323212627|-0.095342435|6.9872384|6.891896
1509323212759|-0.19068487|6.9872384|6.891896
1509323212890|-0.28602728|6.9872384|6.8782754
1509323213022|-0.38136974|6.973618|6.891896
1509323213159|-0.42223078|6.973618|6.905516
1509323213287|-0.43585113|6.9599977|6.905516
1509323213419|-0.42223078|6.9599977|6.905516
1509323213551|-0.3405087|6.973618|6.905516
1509323213683|-0.24516624|6.973618|6.905516
1509323213816|-0.095342435|6.973618|6.905516
1509323213949|0.040861044|6.9599977|6.9191365
1509323214079|0.16344418|6.932757|6.9463773
1509323214211|0.28602728|6.9191365|6.9463773
1509323214341|0.42223078|6.9191365|6.9463773
1509323214475|0.57205456|6.932757|6.9191365
1509323214620|0.7354987|6.973618|6.864655
1509323214741|0.8853226|7.028099|6.7965536
1509323214871|1.0215261|7.05534|6.742072
1509323215002|1.1441091|7.0825806|6.701211
1509323215135|1.2803127|7.137062|6.6194887
1509323215267|1.3620348|7.2051635|6.524146
1509323215399|1.4165161|7.3277473|6.3743224
1509323215531|1.4437568|7.4230895|6.26536
1509323215663|1.484618|7.4911914|6.1700177
1509323215795|1.5527196|7.532052|6.101916
1509323215927|1.6208212|7.559293|6.0474343
1509323216059|1.6753027|7.572913|6.0065737
1509323216190|1.7025435|7.6137743|5.9657125
1509323216322|1.7161638|7.6546354|5.89761
1509323216455|1.7297841|7.7091165|5.8295083
1509323216587|1.7025435|7.736357|5.802268
1509323216719|1.648062|7.7499776|5.802268
1509323216851|1.6208212|7.722737|5.8295083
1509323216982|1.5799603|7.6546354|5.938472
1509323217115|1.56634|7.5865335|6.020194
1509323217247|1.5527196|7.559293|6.0610547
1509323217379|1.525479|7.5456724|6.0882955
1509323217511|1.484618|7.5456724|6.101916
1509323217642|1.4573771|7.5456724|6.115536
1509323217774|1.4165161|7.5456724|6.115536
1509323217907|1.375655|7.5456724|6.1291566
1509323218038|1.3484143|7.518432|6.1563973
1509323218170|1.3075534|7.504812|6.1836376
1509323218315|1.2666924|7.504812|6.197258
1509323218435|1.2122109|7.518432|6.197258
1509323218567|1.1713499|7.532052|6.1836376
1509323218699|1.1577295|7.572913|6.142777
1509323218829|1.1441091|7.6137743|6.0882955
1509323218963|1.1441091|7.641015|6.0610547
1509323219095|1.1441091|7.6546354|6.033814
1509323219226|1.1304889|7.668256|6.020194
1509323219358|1.1304889|7.668256|6.020194
1509323219491|1.1304889|7.668256|6.020194
1509323219623|1.1304889|7.681876|6.0065737
1509323219754|1.1441091|7.681876|6.0065737
1509323219887|1.1713499|7.668256|6.0065737
1509323220033|1.1985906|7.681876|5.9929533
1509323220150|1.2394516|7.695496|5.952092
1509323220282|1.2666924|7.722737|5.924851
1509323220415|1.2803127|7.722737|5.924851
1509323220557|1.3075534|7.722737|5.9112306
1509323220678|1.3075534|7.722737|5.9112306
1509323220814|1.334794|7.722737|5.89761
1509323220942|1.3484143|7.736357|5.88399
1509323221073|1.375655|7.736357|5.8703694
1509323221206|1.4165161|7.7499776|5.856749
1509323221340|1.4301364|7.763598|5.8431287
1509323221471|1.4573771|7.763598|5.8295083
1509323221603|1.4982383|7.7499776|5.8295083
1509323221735|1.5390993|7.736357|5.8431287
1509323221867|1.56634|7.7091165|5.8703694
1509323222000|1.5935806|7.681876|5.89761
1509323222131|1.6208212|7.6546354|5.924851
1509323222265|1.6616825|7.6137743|5.9657125
1509323222395|1.6753027|7.5865335|5.9929533
1509323222528|1.6889231|7.559293|6.020194
1509323222666|1.7025435|7.5456724|6.033814
1509323222791|1.7161638|7.5456724|6.0474343
1509323222923|1.7025435|7.532052|6.0474343
1509323223055|1.6889231|7.532052|6.0610547
1509323223187|1.6344416|7.532052|6.074675
1509323223319|1.5799603|7.518432|6.115536
1509323223450|1.525479|7.504812|6.142777
1509323223583|1.4982383|7.4911914|6.1563973
1509323223715|1.4301364|7.477571|6.197258
1509323223847|1.3484143|7.4911914|6.197258
1509323223978|1.2803127|7.4911914|6.2108784
1509323224111|1.2666924|7.504812|6.2108784
1509323224242|1.1985906|7.518432|6.197258
1509323224374|1.1849703|7.518432|6.197258
