1509425663938|1.8725891|4.603256|9.56543
1509425664042|0.36505127|3.9161224|11.403381
1509425664161|1.7097931|4.4380493|6.674835
1509425664284|1.0593567|4.0621643|8.037125
1509425664402|0.5110779|3.7636871|9.244614
1509425664522|0.5262451|3.138794|8.997208
1509425664647|1.356247|3.9384613|8.922989
1509425664763|1.9372253|3.9687958|10.549454
1509425664882|1.2476959|3.997528|8.452118
1509425665004|1.7041931|3.770874|8.699524
1509425665126|2.2309265|3.8762207|8.253403
1509425665251|1.6259918|3.137207|9.302856
1509425665362|0.6387787|3.9272919|8.828018
1509425665483|1.4176941|3.4660034|9.361923
1509425665607|1.5581512|3.5849152|8.474472
1509425665724|1.4432373|3.7525177|8.76976
1509425665846|1.1822662|3.7756653|9.045883
1509425665963|1.2389221|3.774063|8.724274
1509425666091|1.0402069|3.772461|8.803268
1509425666203|1.5254364|3.4803772|8.8463745
1509425666325|1.2133942|3.541031|9.144852
1509425666447|0.97795105|3.5984955|9.121704
1509425666565|0.9548187|3.645584|8.768158
1509425666682|1.11203|3.3072052|9.30925
1509425666804|0.780838|3.6152496|9.144852
1509425666930|0.4169159|3.9656067|8.39386
1509425667047|0.42489624|3.812378|8.961288
1509425667164|0.2772522|3.7285767|9.09137
1509425667285|0.6986389|4.2201843|8.195953
1509425667404|1.325119|3.3878021|10.091354
1509425667522|1.3833771|3.2984161|9.136063
1509425667650|1.3538513|3.5857239|9.052277
1509425667769|0.7249756|4.1324005|8.621323
1509425667882|0.65234375|4.153946|8.575027
1509425668003|1.0705261|3.918518|8.816849
1509425668124|1.1455536|3.822754|8.930969
1509425668244|0.8159485|3.9576263|8.926178
1509425668363|0.6826782|3.9328918|8.552673
1509425668491|0.5637512|3.8403015|8.980438
1509425668604|2.0330048|3.286438|9.278915
1509425668722|0.77604675|2.8953857|9.8112335
1509425668843|1.5805054|3.4221191|8.424194
1509425668964|1.0585632|3.4620209|8.912613
1509425669095|1.3857727|3.1667328|9.296478
1509425669203|0.9571991|3.3646545|9.17836
1509425669328|0.81993103|3.2648926|9.5247345
1509425669446|0.98913574|3.4372864|8.835999
1509425669565|1.1295929|3.3423157|9.220657
1509425669683|0.6587219|3.7477264|8.9357605
1509425669806|0.34588623|3.8514862|9.297272
1509425669922|1.1447449|3.5170898|9.038712
1509425670047|2.166275|3.4716034|8.440155
1509425670168|1.4847412|3.7541199|8.809662
1509425670285|1.5334167|3.9536285|8.621307
1509425670402|1.1399689|3.9448547|8.837585
1509425670523|1.2532959|4.227371|8.622116
1509425670649|0.8686218|4.375|8.736237
1509425670767|0.8191376|4.3806|8.52475
1509425670883|0.9580078|4.279251|8.872711
1509425671003|0.7552948|4.425293|8.614136
1509425671123|0.33631897|4.7022247|8.878296
1509425671244|0.70980835|4.8123474|7.981262
1509425671367|0.37382507|4.938446|8.361145
1509425671490|0.17988586|5.063736|8.365128
1509425671606|0.30758667|4.9360504|8.459305
1509425671727|0.6547394|4.754898|8.278946
1509425671844|0.28683472|4.8825836|8.713898
1509425671964|0.26208496|4.9033356|8.433762
1509425672083|0.14796448|5.0358124|8.902237
1509425672203|0.09849548|5.017456|8.792099
1509425672329|0.1375885|4.9983063|8.882278
1509425672443|-0.018035889|5.0940704|9.070633
1509425672566|0.10966492|5.042984|8.826416
1509425672684|0.025863647|4.956009|9.014755
1509425672804|0.08572388|4.7860107|9.30127
1509425672923|0.12960815|4.6966248|8.78093
1509425673044|0.013092041|4.5481873|9.489609
1509425673163|0.009902954|4.574524|9.505569
1509425673284|0.2684784|4.413315|8.791306
1509425673405|0.059387207|4.3638306|9.830383
1509425673528|0.17190552|4.5050964|9.394638
1509425673649|0.26289368|4.244934|9.276535
1509425673771|0.29081726|4.261688|9.688324
1509425673885|0.24691772|4.311966|9.400223
1509425674004|0.37142944|4.2145996|9.384277
1509425674124|0.3347168|4.2545013|9.555054
1509425674252|0.34907532|4.250519|9.368301
1509425674365|0.4081421|4.100479|9.602142
1509425674484|0.37620544|4.210602|9.332382
1509425674606|0.37461853|4.1276093|9.393051
1509425674724|0.44804382|4.1028748|9.1089325
1509425674850|0.48475647|4.009491|9.115311
1509425674972|0.48634338|3.9935303|8.880692
1509425675085|0.4328766|3.973587|9.27652
1509425675204|0.42089844|3.988739|8.587006
1509425675324|0.35865784|4.0462036|8.788116
1509425675447|0.3634491|4.027054|8.865524
1509425675568|0.4416504|3.9217072|8.871902
1509425675686|0.2844391|3.9703827|8.956497
1509425675811|0.36264038|3.8786163|8.695526
1509425675925|0.3315277|3.837906|8.997208
1509425676045|0.40574646|3.7317657|8.939743
1509425676167|0.43208313|3.700653|9.103348
1509425676286|0.44644165|3.6902618|9.016357
1509425676404|0.49832153|3.6272125|9.104141
1509425676526|0.46879578|3.6735077|9.0299225
1509425676652|0.56455994|3.5984955|8.889465
1509425676766|0.578125|3.575348|9.061844
1509425676892|0.55737305|3.6104584|9.091385
1509425677003|0.5589752|3.5601807|9.03392
1509425677125|0.48236084|3.612854|9.086594
1509425677245|0.5605774|3.6304169|8.926971
1509425677364|0.5502014|3.6830902|8.913406
1509425677489|0.3921814|3.8331146|9.06105
1509425677606|0.62442017|3.7684784|8.719482
1509425677734|0.47358704|3.8067932|9.066635
1509425677848|0.56137085|3.8059845|8.887878
1509425677968|0.56855774|3.8506775|8.9852295
1509425678085|0.5900879|3.7756653|8.565445
1509425678204|0.4009552|3.829132|8.644455
1509425678334|0.54541016|3.7030334|8.629303
1509425678445|0.61802673|3.5673676|8.196747
1509425678568|0.20143127|3.818756|8.111343
1509425678686|0.37780762|3.806778|8.048309
1509425678804|0.23735046|3.6942596|8.368332
1509425678924|0.17269897|3.822754|7.9892426
1509425679045|0.29640198|3.5913086|8.709106
1509425679171|0.32115173|3.778061|7.449753
1509425679285|-0.0060577393|3.7732697|8.673981
1509425679404|0.25491333|3.8371124|7.947754
1509425679526|0.16313171|3.6415863|8.148056
1509425679646|0.4137268|3.6567535|8.691544
1509425679768|0.37382507|3.6535492|7.885498
1509425679898|0.32434082|3.6527557|8.343582
1509425680008|0.38578796|3.6479645|8.369919
1509425680125|0.36663818|3.643982|8.149658
1509425680245|0.30039978|3.715805|8.057083
1509425680364|0.4512329|3.7134094|8.555878
1509425680490|0.45202637|3.72937|8.438553
1509425680606|0.48634338|3.7996063|8.664413
1509425680736|0.5222626|3.9320831|8.476868
1509425680845|0.5342407|3.9344788|8.480057
1509425680968|0.5693512|3.9592133|8.656433
1509425681085|0.51109314|3.9017487|8.937347
1509425681205|0.2900238|4.102066|8.799286
1509425681327|0.45362854|3.8921814|8.919785
1509425681453|0.65953064|4.0055084|8.760971
1509425681572|0.5430145|3.973587|8.936554
1509425681685|0.39537048|3.9791718|8.848755
1509425681810|0.40255737|4.0174713|8.804871
1509425681926|0.40174866|3.9312897|8.959702
1509425682048|0.24772644|4.0430145|8.705917
1509425682168|0.40574646|3.9879456|8.866318
1509425682289|0.4368744|3.9680023|8.958893
1509425682409|0.43048096|4.0015106|8.833603
1509425682535|0.41612244|3.9592133|8.751404
1509425682648|0.7273712|3.861847|8.179977
1509425682770|0.8055725|3.7820435|9.039505
1509425682888|0.8885803|3.168335|10.046661
1509425683011|0.34509277|3.058197|9.408203
1509425683127|0.13121033|3.6040802|8.535126
1509425683246|0.11604309|3.599289|9.379471
1509425683365|0.5310364|3.568161|8.833603
1509425683491|0.6156311|3.4109497|9.166397
1509425683607|0.50071716|3.4005737|9.464066
1509425683729|0.4616089|3.547409|8.88707
1509425683846|0.6539459|3.3894043|8.9357605
1509425683968|0.50390625|3.4213257|9.166397
1509425684091|0.23176575|3.5585785|8.8910675
1509425684206|0.20542908|3.4452667|9.284515
1509425684325|0.26289368|3.430893|9.095367
1509425684445|0.2652893|3.441269|9.088181
1509425684569|0.578125|3.5689545|9.009171
1509425684687|0.7201843|3.2984161|9.192734
1509425684811|0.17190552|3.5290527|8.861542
1509425684926|0.10726929|3.645584|9.326004
1509425685047|-0.24388123|3.6352081|9.472855
1509425685166|0.7273712|3.7956085|8.812851
1509425685293|2.0473633|3.611267|8.477661
1509425685410|4.653061|3.5761414|6.6788177
1509425685533|6.071228|2.5937195|7.310898
1509425685652|6.9722443|3.2864532|7.2239075
1509425685770|7.9211426|4.3095703|4.4777527
1509425685893|7.573181|4.3949585|3.401947
1509425686011|8.0416565|3.65596|2.4155426
1509425686127|7.5093384|3.9711914|2.6286316
1509425686249|6.469452|2.4628448|5.3420563
1509425686366|1.8686066|0.044692993|10.308426
1509425686490|0.49273682|0.0087890625|10.576584
1509425686610|2.279602|-2.2537384|9.993195
1509425686728|0.55418396|-1.0326996|10.229416
1509425686848|-0.06352234|-0.35673523|10.749756
1509425686975|2.1295624|-0.87228394|9.982819
1509425687097|2.7440796|-0.75735474|8.659622
1509425687206|2.4950867|0.08859253|8.21431
1509425687329|2.4017181|0.2601776|9.269348
1509425687446|2.7488708|0.21946716|8.452927
1509425687569|3.749649|0.1723938|9.986816
1509425687688|3.718521|0.41101074|11.466415
1509425687808|2.6778412|-0.7046814|10.85112
1509425687927|4.491043|0.9329529|6.4697266
1509425688056|5.076828|0.336792|8.580612
1509425688168|2.9970703|-0.14364624|9.567017
1509425688286|3.4431915|-0.35354614|9.67955
1509425688406|3.691391|-1.8291626|11.354691
1509425688526|3.809494|0.48683167|6.494461
1509425688648|4.1199493|-1.7350006|10.615692
1509425688774|1.0497894|-0.20269775|9.26297
1509425688895|0.9428406|-0.03112793|9.174377
1509425689006|2.164688|-1.1141052|10.8160095
1509425689127|3.0960236|0.31843567|9.471252
1509425689249|2.9731293|0.4189911|12.01709
1509425689371|1.1870575|1.0446777|10.344345
1509425689489|1.8239136|1.157196|9.298874
1509425689613|2.3817596|3.7772522|7.2941284
1509425689737|1.0856934|5.7014008|6.598221
1509425689848|1.2876129|3.654358|7.8368225
1509425689974|0.6890564|4.258484|8.901428
1509425690086|0.8343048|3.6048737|9.534302
1509425690206|0.65075684|3.2840576|9.883057
1509425690332|0.63479614|3.8610535|8.424194
1509425690452|0.59169006|3.6735077|9.07222
1509425690569|0.3506775|3.9935303|8.882278
1509425690687|0.7521057|3.975174|8.889465
1509425690810|0.5837097|3.9695892|8.913406
1509425690934|0.56695557|3.9536285|8.602966
1509425691047|0.7369385|3.6751099|8.955704
1509425691167|1.3626251|3.5833282|9.164795
1509425691286|1.6778564|3.22818|9.349152
1509425691408|1.6259918|3.436493|8.3467865
1509425691526|1.7273407|3.1451874|9.152832
1509425691654|1.7201538|3.010315|9.512756
1509425691769|1.9324493|3.1914825|9.110535
1509425691894|1.4647827|3.485962|8.666809
1509425692007|1.4536133|3.2880402|9.352341
1509425692132|1.2676544|3.437271|9.250992
1509425692250|1.380188|3.7772522|8.492035
1509425692371|1.8207092|3.502716|9.148834
1509425692493|1.4679718|3.5498047|8.864731
1509425692616|1.6938171|3.4716034|8.994812
1509425692735|2.1806488|2.9632263|9.812836
1509425692848|2.0122528|3.240158|9.267746
1509425692971|2.0808868|2.9696198|9.710678
1509425693087|2.1862335|2.9161377|9.922958
1509425693206|2.2636414|2.6862946|9.931747
1509425693330|2.1311646|2.9392853|9.662796
1509425693447|1.7983704|3.1451874|9.621292
1509425693572|1.8781738|2.841919|9.933334
1509425693698|2.1503143|2.847519|9.895035
1509425693809|2.015442|2.9217377|9.75856
1509425693935|1.7680359|2.9951477|9.379486
1509425694046|1.6595001|2.9289093|9.993195
1509425694170|1.4304657|3.0414429|9.725037
1509425694291|1.4224854|3.0151062|10.083374
1509425694407|1.514267|2.9664307|9.791275
1509425694538|1.356247|2.9712067|9.744995
1509425694649|1.167099|3.0095215|9.99559
1509425694771|1.3283081|3.1212463|9.543884
1509425694889|1.4504089|2.6543732|10.2868805
1509425695010|1.1144257|3.2305756|9.602936
1509425695134|1.0322266|2.9169464|9.776123
1509425695253|1.2165833|3.02388|9.465668
1509425695371|1.167099|2.896988|9.909393
1509425695498|1.1934357|2.9368896|8.945328
1509425695613|1.098465|3.0542145|9.753769
1509425695734|1.3314972|2.986374|8.585403
1509425695848|1.3227234|3.111679|9.031525
1509425695970|1.4998932|2.7932434|9.621292
1509425696088|1.3394775|3.0701752|9.122498
1509425696207|1.3961487|2.9472656|8.88707
1509425696329|1.3841705|2.888214|9.420181
1509425696451|1.0920868|3.0158997|9.314041
1509425696571|1.2197723|3.0422363|8.874298
1509425696688|1.3538513|2.9121552|9.431351
1509425696808|1.3514557|3.011917|9.002792
1509425696929|1.1447601|3.0087128|9.201508
1509425697049|1.23732|2.9959564|9.254181
1509425697168|1.5070801|3.0286713|9.023544
1509425697296|1.356247|2.965622|9.189545
1509425697408|1.3873749|3.011917|9.23024
1509425697529|1.6283875|2.8395233|9.207092
1509425697649|1.3019714|3.1052856|9.09697
1509425697769|1.3498535|2.89859|9.507172
1509425697887|1.5757141|2.888214|8.772949
1509425698008|1.3690186|3.1076813|9.419388
1509425698133|1.5310211|2.7309875|9.063446
1509425698256|1.3267059|3.0007324|9.456894
1509425698374|1.4679718|3.010315|8.8910675
1509425698500|1.393753|2.7669067|9.582184
1509425698613|1.4344635|3.2688904|8.533524
1509425698728|1.527832|2.6192627|9.81044
1509425698849|1.5557556|3.185089|8.681976
1509425698973|1.4137115|2.8411255|9.562241
1509425699088|1.6044464|2.8730469|8.932556
1509425699208|1.2780304|3.2696838|9.286102
1509425699329|1.5852814|2.774887|9.127289
1509425699448|1.4528046|2.9696045|8.860733
1509425699570|1.2748413|2.795639|9.842361
1509425699696|1.384964|3.2433472|8.737839
1509425699807|1.572525|2.6144714|9.784897
1509425699932|1.3809814|3.2106323|7.923004
1509425700049|1.2788239|2.692688|10.008362
1509425700169|1.2676544|3.0079193|9.487228
1509425700298|1.3737946|2.9297028|8.394653
1509425700415|1.577301|2.730194|9.756165
1509425700531|1.5350037|2.8738403|9.077805
1509425700651|1.3051605|2.655182|9.009186
1509425700771|1.1679077|2.7461548|9.957275
1509425700887|1.1639099|2.843521|8.672394
1509425701008|1.5525665|2.2497559|9.562241
1509425701130|1.4719543|2.7262115|9.768936
1509425701250|1.5310211|2.5043488|8.7226715
1509425701372|1.356247|2.596115|9.646835
1509425701493|1.5110626|2.517105|9.353943
1509425701618|1.2604675|2.6200714|9.250992
1509425701730|1.6148071|2.5801544|9.090576
1509425701853|1.5565491|2.5266876|9.586975
1509425701974|1.5908661|2.5729828|8.958893
1509425702090|1.3139496|2.6040955|9.737015
1509425702209|1.4097137|2.7150269|9.001984
1509425702333|1.5852814|2.6312408|9.288498
1509425702456|1.7105865|2.6304321|9.246201
1509425702570|1.4129028|2.6815033|9.412201
1509425702694|1.855835|2.671936|8.909424
1509425702808|2.0314026|2.579361|8.639679
1509425702934|1.7975769|2.6639557|8.854355
1509425703049|2.0322113|2.7246094|8.319641
1509425703167|2.2237396|2.6535797|8.469681
1509425703292|2.3961182|2.6495972|8.036331
1509425703408|2.5333862|2.6384125|8.191956
1509425703538|2.5756836|2.6535797|8.433777
1509425703658|2.4862976|2.7110443|8.348373
1509425703769|2.1519165|2.7860565|8.003601
1509425703888|2.4918976|2.8371277|8.567841
1509425704013|2.1535187|3.192276|9.0147705
1509425704130|1.9779358|3.417328|9.014755
1509425704250|2.024231|3.2888336|7.4880524
1509425704369|1.8949432|3.2138214|7.4824677
1509425704495|1.6172028|3.9719849|7.3348236
1509425704608|1.4216766|4.325531|8.335602
1509425704741|1.0920868|4.332718|7.7522125
1509425704860|1.101654|4.4053345|7.49205
1509425704972|0.5246582|4.975952|7.282959
1509425705089|1.7848053|4.6854553|7.287735
1509425705209|1.8949432|4.1100464|7.9964294
1509425705330|1.697815|3.78125|9.778519
1509425705450|1.94841|3.8067932|9.169586
1509425705570|1.9460144|3.9719849|9.040298
1509425705693|1.2070007|4.746109|7.3747406
1509425705809|1.0865021|5.000702|7.824051
1509425705938|1.0234528|5.121994|7.9485474
1509425706048|1.2740479|5.182663|7.915024
1509425706169|1.1623077|5.3071594|8.209503
1509425706289|1.5326233|5.276825|7.7490234
1509425706420|1.4735565|5.8083344|7.6580505
1509425706537|1.641159|6.0868683|7.229477
1509425706652|1.9715576|5.2504883|7.8791046
1509425706771|2.2125702|5.233734|8.106567
1509425706888|2.2955627|5.1595154|8.081818
1509425707008|2.3953247|5.2105865|8.959702
1509425707131|1.6954193|3.6671295|9.224655
1509425707249|0.8351135|3.5282593|7.9381714
1509425707371|1.1415558|4.603256|8.5646515
1509425707490|1.9116974|5.168289|7.8056946
1509425707610|2.4009094|4.7149963|8.1440735
1509425707730|2.1191864|4.414917|8.942139
1509425707851|2.0665283|4.1276093|7.9429626
1509425707976|2.4440002|4.086914|7.8743134
1509425708089|1.1479492|3.975174|9.6979065
1509425708208|0.21420288|4.2313538|9.664383
1509425708332|1.5238342|4.062958|7.0307617
1509425708449|3.388916|3.592102|8.511978
1509425708586|2.0026703|4.3678284|9.123306
1509425708691|1.1295929|4.616028|8.974869
1509425708814|1.5812988|3.967987|7.8432007
1509425708935|1.2453156|3.995926|8.220688
1509425709049|1.8255005|4.886566|8.575821
1509425709169|3.546936|3.071762|10.421753
1509425709289|2.1104126|3.4133453|8.313263
1509425709412|1.766449|4.5569763|7.457733
1509425709537|1.0346222|4.610443|8.660416
1509425709649|2.2428894|4.4157104|8.018768
1509425709770|3.148697|4.768448|8.327621
1509425709889|2.0290222|3.6288147|10.713043
1509425710009|-0.38833618|2.7078552|9.463272
1509425710130|0.038635254|2.072586|7.6540527
1509425710251|0.9667816|2.0670013|9.756165
1509425710371|1.8829651|3.0885315|7.8320312
1509425710490|3.9036713|3.485962|9.0802
1509425710614|4.5118103|3.0725708|12.522263
1509425710729|0.7353363|0.24900818|10.296463
1509425710849|0.7608795|2.1691437|6.9972534
1509425710969|1.8087463|1.4724426|8.379501
1509425711091|1.7496948|1.9449005|8.888657
1509425711209|-0.39312744|3.0949097|11.009933
1509425711330|0.8383026|-0.14204407|11.37944
1509425711460|1.7273407|1.0606384|8.14566
1509425711577|3.1718445|1.9185638|9.041901
1509425711691|3.3713684|2.087738|8.953308
1509425711811|3.069687|2.2944489|10.902985
1509425711936|2.7823944|-1.1994934|11.543045
1509425712051|1.1423645|0.3423767|8.127319
1509425712169|0.8766022|0.88186646|8.54071
1509425712295|1.1000671|0.92655945|10.488785
1509425712410|-0.6277466|1.5011749|9.465668
1509425712533|1.2046051|0.3336029|10.260544
1509425712649|1.8278961|1.495575|8.689941
1509425712772|3.0960236|3.4660187|8.337997
1509425712890|2.0314026|2.6998749|11.462433
1509425713018|-0.5942383|1.766922|11.764099
1509425713132|1.7345276|2.3774414|7.20076
1509425713251|2.1934204|1.8882294|7.820053
1509425713378|0.236557|2.7469482|9.397034
1509425713497|0.60446167|2.3910217|9.719452
1509425713611|-0.7354889|1.0382843|9.846344
1509425713732|-0.21833801|2.4165497|7.6532593
1509425713854|3.2029724|4.3454895|6.7889557
1509425713979|4.741638|3.8834076|12.479172
1509425714095|1.9891052|0.40223694|12.49115
1509425714211|1.3275146|2.094925|7.839203
1509425714338|-0.24467468|2.1875|7.9533386
1509425714450|0.73135376|3.8203583|8.739426
1509425714571|0.29960632|5.151535|10.374664
1509425714690|0.92289734|1.6679688|11.072983
1509425714810|0.7145996|2.797226|6.898285
1509425714934|3.1111908|5.549774|6.9661255
1509425715050|3.7209167|6.027008|8.37471
1509425715170|2.049759|4.0685425|9.895035
1509425715291|2.289978|3.6343994|7.6253204
1509425715409|0.4177246|4.327133|7.0746613
1509425715534|0.8215332|6.8210907|6.4649353
1509425715651|2.720932|7.826645|6.3045197
1509425715772|-0.17604065|3.8299255|10.350723
1509425715890|1.098465|4.720581|7.1943665
1509425716013|2.4096985|6.630356|6.5351715
