1509580565021|11.88|-39.6|-13.32
1509580565153|11.099999|-40.079998|-13.0199995
1509580565285|9.599999|-39.899998|-13.74
1509580565417|8.4|-40.559998|-12.96
1509580565550|7.08|-41.399998|-9.54
1509580565681|6.0|-42.0|-5.52
1509580565813|3.4199998|-42.54|1.68
1509580565945|-3.6599998|-40.86|9.9
1509580566077|-3.36|-40.8|8.58
1509580566209|-8.46|-40.8|9.179999
1509580566341|-10.679999|-41.1|7.44
1509580566473|-8.94|-42.6|4.56
1509580566605|-11.7|-42.42|7.74
1509580566737|-6.8999996|-42.48|7.2
1509580566869|-2.76|-42.899998|6.7799997
1509580567001|0.65999997|-43.62|5.52
1509580567133|2.76|-44.16|3.8999999
1509580567265|5.8799996|-42.239998|-0.9
1509580567397|7.98|-41.94|-4.2599998
1509580567529|11.58|-40.8|-9.96
1509580567661|12.599999|-39.719997|-13.86
1509580567793|10.38|-40.92|-13.559999
1509580567925|9.84|-40.8|-15.78
1509580568058|8.04|-40.5|-16.619999
1509580568189|7.7999997|-40.079998|-17.88
1509580568321|6.42|-40.26|-17.82
1509580568453|4.2599998|-40.5|-16.619999
1509580568585|-2.34|-40.26|-12.179999
1509580568717|-7.02|-41.04|-7.08
1509580568849|-12.54|-41.219997|-3.1799998
1509580568981|-15.12|-40.92|-0.59999996
1509580569114|-15.96|-40.44|1.14
1509580569245|-13.2|-41.219997|-0.42
1509580569377|-15.36|-39.48|1.14
1509580569510|-13.62|-40.379997|-0.35999998
1509580569642|-11.04|-42.18|-3.72
1509580569773|-13.259999|-41.64|-4.92
1509580569905|-8.639999|-43.5|-9.3
1509580570037|-9.42|-42.719997|-10.74
1509580570169|-7.62|-41.7|-13.86
1509580570301|-3.36|-40.079998|-17.46
1509580570433|2.28|-32.1|-23.34
1509580570565|8.4|-23.76|-29.58
1509580570698|12.24|-22.439999|-30.599998
1509580570829|14.16|-16.02|-32.88
1509580570961|16.08|-18.42|-31.679998
1509580571097|12.84|-27.24|-21.9
1509580571225|14.7|-24.0|-23.58
1509580571358|15.599999|-28.439999|-21.42
1509580571489|15.24|-32.219997|-18.539999
1509580571621|18.06|-26.4|-27.539999
1509580571753|18.96|-27.119999|-27.48
1509580571885|18.0|-28.859999|-25.74
1509580572017|17.46|-29.34|-25.439999
1509580572149|17.1|-31.92|-23.039999
1509580572282|16.56|-27.96|-25.5
1509580572413|18.42|-24.6|-28.14
1509580572545|18.96|-17.88|-32.82
1509580572677|18.42|-19.5|-30.96
1509580572809|17.58|-25.98|-27.06
1509580572942|14.759999|-29.34|-25.56
1509580573073|12.9|-35.1|-22.619999
1509580573205|12.179999|-34.02|-24.66
1509580573337|11.219999|-34.079998|-24.359999
1509580573469|11.82|-33.719997|-24.359999
1509580573602|12.599999|-28.08|-26.88
1509580573733|14.82|-21.72|-28.98
1509580573865|14.58|-20.939999|-30.179998
1509580573997|14.46|-18.66|-31.859999
1509580574130|12.84|-24.72|-29.279999
1509580574262|11.04|-32.28|-24.84
1509580574393|10.92|-33.78|-22.8
1509580574525|10.32|-36.54|-20.039999
1509580574657|11.28|-36.42|-19.08
1509580574789|11.28|-36.0|-19.98
1509580574921|12.12|-35.219997|-20.46
1509580575053|13.44|-31.26|-24.18
1509580575185|13.98|-29.099998|-26.699999
1509580575317|14.16|-23.279999|-31.26
1509580575449|14.58|-21.3|-32.64
1509580575581|13.559999|-23.939999|-30.06
1509580575713|13.799999|-26.039999|-27.06
1509580575845|14.099999|-30.0|-24.24
1509580575984|14.5199995|-30.119999|-24.119999
1509580576109|15.78|-29.099998|-25.08
1509580576242|15.78|-28.8|-25.199999
1509580576373|17.4|-27.599998|-25.439999
1509580576505|17.279999|-29.699999|-23.58
1509580576637|18.48|-29.699999|-22.74
1509580576769|18.9|-28.56|-23.58
1509580576901|18.9|-24.66|-25.56
1509580577033|18.539999|-24.6|-25.8
1509580577165|18.06|-24.119999|-26.58
1509580577297|18.0|-25.14|-25.859999
1509580577429|18.48|-28.5|-23.58
1509580577561|19.14|-26.76|-25.439999
1509580577694|18.96|-26.64|-25.74
1509580577825|18.359999|-26.279999|-26.58
1509580577957|16.98|-26.88|-27.18
1509580578089|15.12|-29.46|-24.359999
1509580578222|14.46|-29.279999|-24.779999
1509580578353|13.5|-29.519999|-24.66
1509580578485|13.74|-28.5|-25.199999
1509580578617|14.82|-25.56|-28.08
1509580578749|14.94|-23.88|-28.92
1509580578881|14.88|-25.859999|-27.06
1509580579013|14.4|-25.859999|-27.3
1509580579145|14.16|-26.58|-27.0
1509580579277|14.7|-25.98|-27.359999
1509580579415|15.24|-25.8|-27.0
1509580579541|16.32|-28.56|-25.14
1509580579673|16.74|-29.82|-23.34
1509580579805|17.22|-27.66|-24.119999
1509580579937|17.58|-26.039999|-26.46
1509580580069|16.32|-24.84|-27.96
1509580580201|14.82|-25.5|-28.019999
1509580580333|12.48|-32.1|-24.72
1509580580465|10.98|-33.78|-23.34
1509580580597|8.28|-36.78|-20.46
1509580580729|8.04|-37.26|-20.4
1509580580861|6.42|-37.62|-20.939999
1509580580993|6.0|-34.86|-24.18
1509580581125|6.72|-26.16|-30.0
1509580581258|7.68|-21.9|-33.48
1509580581389|9.12|-21.06|-34.2
1509580581521|9.54|-23.88|-31.08
1509580581653|9.96|-31.14|-27.3
1509580581785|10.0199995|-33.42|-25.68
1509580581917|9.78|-34.2|-24.84
1509580582049|10.8|-32.579998|-26.699999
1509580582181|11.04|-33.96|-25.56
1509580582313|9.54|-35.04|-25.019999
1509580582447|9.719999|-34.92|-24.779999
1509580582578|8.76|-36.18|-23.279999
1509580582716|8.58|-35.64|-22.8
1509580582841|10.139999|-35.82|-22.199999
1509580582973|9.66|-36.059998|-21.539999
1509580583105|9.3|-36.899998|-21.119999
1509580583238|8.639999|-37.62|-21.359999
1509580583369|7.2|-38.28|-20.82
1509580583501|6.7799997|-39.0|-20.52
1509580583633|7.08|-38.399998|-21.359999
1509580583765|8.04|-38.64|-20.88
1509580583898|9.059999|-38.64|-20.88
1509580584029|10.559999|-38.34|-20.939999
1509580584161|11.82|-37.98|-20.1
1509580584293|14.219999|-37.02|-20.16
1509580584430|15.719999|-36.48|-20.34
1509580584558|16.02|-36.3|-20.82
1509580584689|17.22|-36.84|-17.88
1509580584821|14.58|-38.64|-14.7
1509580584953|10.86|-40.14|-13.62
1509580585085|7.44|-41.52|-12.54
1509580585216|1.86|-42.3|-14.759999
1509580585349|-4.8599997|-42.059998|-15.839999
1509580585482|-8.76|-42.0|-14.58
1509580585613|-12.66|-42.48|-12.54
1509580585744|-12.599999|-42.6|-13.2
1509580585877|-10.44|-43.2|-13.559999
1509580586009|-13.0199995|-42.54|-9.599999
1509580586141|-5.2799997|-41.64|-3.12
1509580586272|-5.46|-41.1|6.42
1509580586406|2.7|-37.92|15.9
1509580586537|4.8599997|-37.68|18.6
1509580586669|4.2599998|-38.64|15.96
1509580586801|2.52|-38.46|12.78
1509580586933|3.3|-39.54|7.3799996
1509580587065|6.8399997|-40.14|4.3199997
1509580587197|7.7999997|-37.38|1.74
1509580587330|6.48|-37.079998|-1.0799999
1509580587461|2.7|-37.559998|-0.42
1509580587593|0.35999998|-37.92|-0.84
1509580587725|0.12|-38.7|0.48
1509580587857|0.35999998|-39.18|1.68
1509580587989|2.82|-40.079998|2.7
1509580588121|2.28|-39.6|3.4199998
1509580588254|-2.46|-37.32|5.58
1509580588385|0.42|-36.66|4.74
1509580588517|-2.28|-37.86|0.17999999
1509580588649|3.0|-39.12|-2.76
1509580588781|5.16|-42.54|-6.2999997
1509580588913|7.3199997|-43.86|-6.72
1509580589045|6.72|-43.8|-4.8599997
1509580589178|5.3399997|-44.219997|-4.3199997
1509580589309|9.84|-41.94|-1.26
1509580589441|5.64|-41.219997|-0.65999997
1509580589573|9.96|-37.98|2.76
1509580589705|7.56|-37.02|3.36
1509580589837|3.78|-35.82|4.8599997
1509580589969|11.099999|-33.54|9.12
1509580590102|8.94|-36.059998|7.56
1509580590233|11.88|-36.66|7.2
1509580590365|13.44|-39.0|3.6599998
1509580590497|8.639999|-41.579998|-1.74
1509580590629|4.62|-42.12|-1.38
1509580590764|3.12|-41.219997|-0.59999996
1509580590893|-0.48|-39.96|-1.38
1509580591025|0.17999999|-39.6|-0.84
1509580591157|4.92|-38.219997|-3.0
1509580591289|5.94|-37.2|-3.0
1509580591421|7.3199997|-38.46|-0.71999997
1509580591553|4.5|-37.2|3.72
1509580591685|1.8|-36.84|5.4
1509580591817|1.1999999|-37.86|7.5
1509580591949|4.44|-36.719997|5.8799996
1509580592081|11.34|-37.2|3.0
1509580592213|17.64|-35.64|2.04
1509580592345|26.64|-30.84|0.53999996
1509580592477|31.56|-26.699999|2.1
1509580592609|37.32|-19.32|1.5
1509580592741|40.739998|-13.74|3.24
1509580592873|42.36|-7.3199997|2.6399999
1509580593005|44.04|-0.84|0.96
1509580593137|44.16|4.68|-1.26
1509580593269|42.42|11.88|-6.8399997
1509580593401|40.739998|13.0199995|-13.08
1509580593534|37.68|16.98|-18.66
1509580593665|34.86|14.46|-25.14
1509580593797|29.34|16.619999|-28.859999
1509580593929|22.439999|18.119999|-34.2
1509580594061|17.34|18.66|-37.38
1509580594193|15.059999|17.279999|-39.18
1509580594327|15.54|16.44|-39.96
1509580594457|15.42|15.599999|-39.0
1509580594589|11.34|13.44|-40.26
1509580594721|4.3199997|18.24|-41.34
1509580594853|-3.54|15.299999|-44.16
1509580594984|-9.42|15.299999|-43.62
1509580595117|-12.719999|13.08|-43.8
1509580595249|-15.96|12.719999|-43.559998
1509580595381|-17.16|11.04|-42.0
1509580595513|-19.5|10.98|-41.76
1509580595645|-18.0|10.98|-41.7
1509580595778|-12.84|4.98|-42.42
1509580595909|-5.8199997|6.12|-42.6
1509580596042|1.14|7.02|-43.02
1509580596173|3.4199998|11.219999|-43.02
1509580596305|0.65999997|18.779999|-42.059998
1509580596437|-5.22|19.02|-41.7
1509580596569|-9.66|18.84|-41.64
1509580596702|-11.099999|16.859999|-42.54
1509580596833|-10.74|16.68|-42.48
1509580596965|-7.98|19.74|-41.399998
1509580597097|-3.12|17.52|-42.18
1509580597229|-1.14|18.18|-41.579998
1509580597363|-0.53999996|14.82|-42.84
1509580597493|-2.76|11.16|-44.52
1509580597625|-9.0|14.46|-42.78
1509580597757|-12.48|15.42|-42.18
1509580597889|-13.5|20.58|-40.26
1509580598021|-11.58|22.02|-39.84
1509580598153|-5.94|16.08|-41.879997
1509580598285|-0.84|13.62|-43.32
1509580598417|2.82|2.9399998|-43.98
1509580598549|8.76|-0.53999996|-44.28
1509580598682|8.58|-7.02|-41.219997
1509580598813|12.54|-9.12|-39.96
1509580598946|15.599999|-8.82|-39.42
1509580599080|15.66|-6.7799997|-38.28
1509580599210|18.9|-2.52|-39.54
1509580599341|17.1|-1.14|-40.26
1509580599473|16.56|-0.42|-40.44
1509580599605|15.54|-4.7999997|-39.66
1509580599737|17.4|-2.34|-39.48
1509580599869|15.36|-0.9|-39.0
1509580600001|11.219999|7.7999997|-39.18
1509580600133|5.04|12.78|-40.86
1509580600265|-2.9399998|17.34|-41.76
1509580600397|-4.68|17.64|-41.76
1509580600530|-5.2799997|18.84|-40.62
1509580600661|-7.02|18.66|-40.62
1509580600800|-7.62|21.3|-38.879997
1509580600925|-11.04|20.58|-39.719997
1509580601057|-13.62|18.9|-40.8
1509580601189|-12.42|20.22|-39.66
1509580601321|-12.96|19.56|-40.2
1509580601453|-14.28|22.14|-37.26
1509580601585|-17.699999|21.42|-35.04
1509580601717|-21.0|19.26|-35.04
1509580601849|-22.02|16.74|-36.0
1509580601981|-20.22|13.799999|-38.64
1509580602115|-17.46|12.599999|-41.28
1509580602246|-12.84|12.24|-42.6
1509580602377|-11.04|12.059999|-42.899998
1509580602509|-12.12|11.099999|-42.54
1509580602641|-12.059999|11.5199995|-42.239998
1509580602773|-15.839999|10.38|-42.0
1509580602906|-17.64|11.099999|-40.739998
1509580603037|-17.039999|10.26|-41.1
1509580603169|-15.54|8.639999|-41.219997
1509580603301|-11.88|10.86|-41.46
1509580603433|-10.62|9.719999|-42.3
1509580603565|-10.26|10.8|-42.12
1509580603697|-11.94|8.88|-42.66
1509580603829|-15.42|2.52|-42.059998
1509580603961|-18.9|-2.7|-40.14
1509580604093|-22.26|-7.9199996|-37.38
1509580604225|-26.4|-10.8|-32.82
1509580604357|-29.88|-12.66|-29.64
1509580604489|-30.9|-13.44|-28.56
1509580604621|-32.04|-13.86|-27.539999
1509580604753|-31.859999|-14.16|-27.9
1509580604885|-31.439999|-13.44|-28.019999
1509580605017|-31.08|-13.0199995|-28.439999
1509580605149|-30.0|-13.139999|-29.46
1509580605281|-28.8|-13.32|-30.42
1509580605413|-27.66|-14.5199995|-31.199999
1509580605545|-27.119999|-15.599999|-30.72
