1509425388407|1.0644999|0.826972|0.46837807
1509425388528|-0.09969449|-0.26529193|1.7307539
1509425388650|-1.6338913|-2.2511454|-1.7193527
1509425388772|-0.29087496|0.32585263|-3.1031122
1509425388888|0.8142121|1.1610248|1.0298929
1509425389009|0.24143314|1.3153839|0.2236681
1509425389135|-0.5908588|0.6871824|1.7305307
1509425389251|0.52868795|-0.36859846|0.17850494
1509425389372|0.7006304|-0.7962198|-0.59821415
1509425389488|0.24004304|-0.5363126|-2.4010477
1509425389608|-1.0773234|0.697628|0.7354193
1509425389731|1.5805807|1.3015532|1.8826513
1509425389854|-0.83756065|-0.7715702|-0.0090789795
1509425389970|-0.6376531|-0.8183906|-1.4153728
1509425390087|0.31906867|0.4152398|-2.110777
1509425390207|0.20141983|1.155668|0.16403961
1509425390331|0.22083998|1.2615712|3.0236483
1509425390454|0.23711729|-1.3659973|2.1951628
1509425390572|-1.486336|-1.3249903|-2.9776592
1509425390691|-1.6371694|0.26676226|-1.3442259
1509425390808|-0.6640072|0.7094257|0.60654163
1509425390935|1.3973258|1.5724218|0.79247284
1509425391052|-1.030565|-2.8793926|3.3445282
1509425391169|-0.42562056|-0.59653354|-1.6293898
1509425391296|0.97145104|0.8921181|-2.1509266
1509425391416|1.7777398|1.490593|0.45060062
1509425391528|-0.060071707|1.5035665|2.674014
1509425391651|0.9315858|-1.4827905|0.35380268
1509425391774|-0.2790506|-1.7010486|-0.99499416
1509425391889|-1.44559|-1.1780648|-1.6138
1509425392014|-1.0229671|0.8384299|-1.2906523
1509425392132|1.1231496|0.69058084|2.9633904
1509425392256|-1.1397815|-1.3769336|2.0989695
1509425392373|-1.8554289|-1.9605727|-2.1692047
1509425392496|0.4386475|2.2704387|-5.036069
1509425392612|3.6112237|1.3116417|3.402789
1509425392728|0.59247017|-1.5561411|5.6511908
1509425392851|-0.4389056|-0.082295895|-3.897523
1509425392969|-0.3727274|-0.95611644|-1.8668022
1509425393093|-0.19697678|0.08354235|-0.58071136
1509425393210|-0.020623446|0.654511|1.0526438
1509425393328|-0.37539947|-0.9816716|5.2425404
1509425393450|-2.0731983|-0.84435225|-4.4486885
1509425393576|0.60747087|-0.85170937|-1.8153028
1509425393691|0.60359836|2.153435|-1.9580107
1509425393813|1.6912155|2.2176387|3.2733374
1509425393931|0.55264115|-2.5172005|2.0480413
1509425394052|-0.15284681|-0.80724025|-2.2420015
1509425394171|-0.5195079|-0.22612429|-0.9036169
1509425394292|0.27091026|0.99155474|-1.0525799
1509425394409|0.9606497|-0.10305357|2.3133984
1509425394534|-2.0827487|-2.3653607|2.6126175
1509425394654|-0.08766961|-0.25213122|-1.9066839
1509425394779|1.3669677|0.6867509|-3.0142088
1509425394894|2.515658|1.3041024|3.8315873
1509425395012|-0.85556173|-0.48712778|2.1403441
1509425395128|-0.4273467|-0.34938192|-3.0929832
1509425395250|0.23990464|-1.7056069|-1.0342779
1509425395373|-0.7502687|0.12999964|-0.8846402
1509425395491|0.81744766|1.027811|2.0182848
1509425395610|0.095299244|-1.1204395|2.0484324
1509425395736|-2.2490945|-0.22025585|-1.0156422
1509425395857|-1.0451922|0.25679445|-2.9875908
1509425395980|1.7658033|2.0131135|-0.55246115
1509425396089|2.1698153|1.3104897|2.3351092
1509425396209|1.7175634|-2.4445243|2.6935048
1509425396332|-1.2327323|-1.7135558|-1.8216119
1509425396453|-1.4831762|-1.0204048|-0.9855008
1509425396574|-0.12522507|0.42283344|-1.7497268
1509425396690|2.402615|1.6946583|0.9009323
1509425396813|-1.4425404|-1.7944319|4.064618
1509425396933|-1.404847|-0.9854152|-1.9178467
1509425397049|0.72421|0.9981272|-3.6100607
1509425397170|1.6206198|2.1698117|2.5170527
1509425397294|0.62773556|-0.2994926|6.2389746
1509425397416|-0.57178605|-2.120963|-2.5652409
1509425397536|-1.2644758|-1.2296896|-2.4757366
1509425397657|-0.39691627|0.2334485|-1.2310858
1509425397769|1.2072729|0.5927241|1.1251783
1509425397890|-1.4485207|-1.7026534|4.0673
1509425398014|-1.745347|-1.3562272|-0.42886066
1509425398134|0.07582927|-0.35482192|-3.5514832
1509425398254|-0.018488646|2.3601375|1.2152338
1509425398373|-0.2549008|1.5691037|3.6843452
1509425398494|0.20972347|-1.6235126|0.9506874
1509425398617|-0.3783363|-1.6226146|-2.2082024
1509425398737|-0.97923803|-0.06790364|-2.7289686
1509425398852|-1.0574741|1.0543156|0.6993828
1509425398971|0.6473547|1.394931|1.449789
1509425399090|1.3437631|-2.8692074|4.2074137
1509425399213|-2.0685425|-0.43310595|-3.8255453
1509425399330|-1.4344897|2.1781325|-3.788046
1509425399457|3.6303806|1.1782687|2.4909306
1509425399573|0.73354244|-0.073215365|5.0064096
1509425399696|-0.37509286|-1.1619084|-1.387989
1509425399811|-0.68604946|-2.1301842|-0.09673691
1509425399931|-1.8177931|-0.85328865|-2.3204918
1509425400052|0.2577052|1.1012757|-1.3341074
1509425400172|-0.35706115|-0.08093667|4.2548513
1509425400295|-2.7355757|-2.0391836|0.8221426
1509425400415|-0.3982284|-1.0849214|-3.131918
1509425400539|1.0985959|1.8367982|-3.5638447
1509425400659|2.1158073|2.1039486|2.9165888
1509425400772|1.4206536|-2.764262|5.1087475
1509425400891|-1.1370108|-1.4246683|-3.3874598
1509425401010|-0.790849|-0.99655414|-3.082286
1509425401136|-0.71640456|0.7209935|-0.7082701
1509425401250|0.61593246|1.7137516|2.0571823
1509425401377|0.8769584|-2.9610686|5.854746
1509425401495|-3.1488314|-1.0157468|-4.0103436
1509425401616|-0.11433935|-0.10864544|-2.4858685
1509425401731|0.28508878|2.4567463|-0.6804733
1509425401851|2.1505072|1.3590542|3.2189379
1509425401971|2.2289672|-1.1989298|-0.500906
1509425402054|1.5347307|-1.0925162|-1.8466425
1509425402155|0.23467231|-2.6766891|-1.5611115
1509425402273|-2.674727|-0.15279317|-0.085082054
1509425402390|0.14234233|0.68639255|1.1356983
1509425402514|-0.19573474|0.11047983|4.533683
1509425402647|-3.215562|-0.68047|-2.2062988
1509425402750|-0.2331922|-1.6247587|-2.15899
1509425402871|1.8258991|1.7790649|-1.2000561
1509425402991|3.3447912|2.0535517|3.978629
1509425403114|1.2207532|-1.1173368|1.0967302
1509425403235|-0.67401433|-1.8914485|-1.1228685
1509425403353|-2.590268|-0.702569|-1.6066828
1509425403478|-1.6239291|0.39079046|-0.88988113
1509425403597|0.74125147|0.9108875|2.274972
1509425403714|-0.5722811|-2.1605666|2.6889687
1509425403837|-0.5328405|-1.3393445|-1.2067909
1509425403954|0.03462243|1.513793|-4.0628147
1509425404075|2.4412951|2.2437024|-0.16444206
1509425404196|0.5044956|-0.2763791|4.8758354
1509425404315|0.6351352|-1.3138041|-2.3583508
1509425404433|-0.3692069|-1.658349|-2.6952906
1509425404552|-1.5528935|0.1069479|-0.63806057
1509425404670|0.7793914|1.599386|1.0919285
1509425404790|0.62894034|-1.6662097|4.3684425
1509425404912|-3.7070138|-0.61792374|-1.7518883
1509425405032|-0.37173724|-0.40039444|-2.7586327
1509425405156|1.6418964|2.3285842|-0.9945307
1509425405275|0.7882477|1.702162|4.4088144
1509425405402|0.36003053|-2.909859|1.7242012
1509425405512|-0.005998969|-1.2238746|-1.5249691
1509425405632|-0.33473468|-1.2724633|-2.9796982
1509425405757|0.09938145|0.65303993|-0.7119446
1509425405880|0.25352168|1.9464452|1.8718576
1509425405996|-0.13813019|-2.4982283|1.7310066
1509425406113|-1.0831263|-0.96679044|-2.284501
1509425406233|-0.090155125|1.7317433|-0.966609
1509425406353|1.1698349|1.2608867|1.6527452
1509425406470|0.517452|-0.48580003|1.8338375
1509425406594|0.8009862|-0.96236277|-0.7138281
1509425406716|0.27382386|-1.429436|-1.3629761
1509425406833|-0.7496966|0.23590827|-2.4962502
1509425406956|-0.9266263|1.8758585|0.07963276
1509425407078|1.2325011|0.24002957|3.9085236
1509425407194|-0.9708462|-2.021308|0.72548866
1509425407316|-1.1521037|-1.034322|-2.493661
1509425407432|0.27629614|1.3304706|-2.7281227
1509425407551|1.1543415|1.6490154|2.5815058
1509425407677|2.068359|-0.010014534|3.7366524
1509425407793|0.4720633|-1.4889102|-0.9203558
1509425407911|-1.1074126|-1.406429|-2.567401
1509425408039|-1.5510364|0.26331377|-2.1840963
1509425408151|-0.25963116|1.1953943|2.2740831
1509425408277|-0.25821638|-0.3277632|4.11024
1509425408391|-2.7850883|-1.4431884|-0.31361008
1509425408511|-2.0413363|-0.58103013|-3.3001509
1509425408633|1.2376442|1.0870903|-1.7856731
1509425408753|2.803429|1.8470242|3.0977373
1509425408871|2.5899887|-2.5292506|3.1025486
1509425408992|-0.5595691|-1.8224969|-1.2871475
1509425409116|-2.9204848|-1.5948386|-3.0743885
1509425409232|-0.82100725|-0.27248645|0.44581223
1509425409353|-0.09743571|1.6398461|-0.3545971
1509425409479|1.2503171|-1.5230564|4.6761684
1509425409591|-2.1434786|-0.98357654|-0.9740534
1509425409716|-0.48108792|0.6989534|-3.729148
1509425409831|2.4963346|1.9442384|0.69489384
1509425409957|0.5847199|0.2436316|5.784644
1509425410081|-0.02559805|-0.93245625|-1.4329128
1509425410196|0.082704306|-1.23213|-2.6637354
1509425410311|-0.8443577|-0.38301778|-0.42233944
1509425410434|0.5580225|0.98112965|1.3463154
1509425410557|0.13424134|-0.07439566|2.2425861
1509425410674|-1.2556523|-1.4878435|-0.9223118
1509425410800|0.008549571|0.25242138|-2.219428
1509425410917|0.43290788|1.9114468|-0.31353474
1509425411040|1.1437876|1.0059235|1.2984438
1509425411152|-0.28940904|-1.3193092|2.8396769
1509425411275|-0.5599849|-1.1652205|-1.2049055
1509425411396|-0.7373612|-0.062383175|-3.2002878
1509425411516|0.15821159|1.2620895|-0.42250824
1509425411638|1.1612754|0.64760625|2.2733507
1509425411751|-0.57253444|-1.6310024|1.9975367
1509425411877|-0.8063909|-0.9981315|-1.2343235
1509425411994|0.30311298|0.98693895|-2.7661858
1509425412114|1.0643129|1.0613782|2.210496
1509425412243|0.31558323|0.40850878|1.7206898
1509425412352|0.6069411|-0.9813936|-0.0812397
1509425412478|0.69310117|-0.9364486|-1.4417086
1509425412595|0.3945086|0.6734891|-1.0996075
1509425412713|0.68856823|0.12421131|0.48112774
1509425412838|0.473742|-0.32390976|3.003564
1509425412951|0.076092124|-1.4469244|0.9840956
1509425413073|-0.55399|-0.87924767|-1.6176529
1509425413199|0.20873713|1.10064|-1.7929716
1509425413311|0.63128495|1.2026649|0.20212746
1509425413436|-0.65767086|0.8682153|2.2359695
1509425413552|1.0739293|-0.38818717|-0.68827915
1509425413671|-0.7075629|-1.0872481|-0.9788723
1509425413802|-0.7452667|0.1354444|-1.5702019
1509425413919|-0.03389287|1.2189496|-0.16103649
1509425414033|0.650079|0.18544865|2.6456022
1509425414155|-0.21838582|-2.1912646|3.500412
1509425414285|-0.6591456|-0.5052209|-1.7041168
1509425414398|0.03600645|1.4250424|-2.8922892
1509425414514|1.763884|2.4363608|-0.75022984
1509425414639|0.3758006|0.289881|5.1785574
1509425414752|0.14168453|-1.4593532|0.11839008
1509425414874|-0.5826597|-1.9843814|-2.7060242
1509425414995|-1.2183793|-0.22393823|-2.4368382
1509425415112|0.48003376|1.3937218|0.23870087
1509425415234|0.7320805|-0.881472|4.721837
1509425415354|-3.0058887|-0.4652238|-1.1527109
1509425415473|-0.39076436|-0.39410686|-2.0596504
1509425415600|0.42905152|2.0221136|-2.0569143
1509425415716|1.1211905|0.97625065|2.875472
1509425415835|1.0217628|-1.5850372|2.6950626
1509425415954|-0.3066268|-0.81159806|-1.9367647
1509425416077|0.1456089|-0.11641431|-3.3957958
1509425416195|0.5891092|-0.24430895|0.837883
1509425416316|0.6407047|1.0588045|1.5042515
1509425416434|-0.023687124|-1.6723814|2.7149343
1509425416552|-2.2388263|-0.74865675|-0.85916615
1509425416674|-0.10162103|0.71851325|-3.9671774
1509425416798|2.3553596|1.0389392|0.96370316
1509425416915|-0.16038907|1.256252|2.9841957
1509425417039|-0.19444013|-0.66814256|-0.32446384
1509425417152|-0.10586929|-0.84020066|-1.6049414
1509425417275|-0.10295761|-0.11640167|-1.9872713
1509425417399|1.3295957|0.061939955|0.9287548
1509425417518|0.335043|0.666569|2.232915
1509425417639|-0.74686253|-1.5575588|1.2139502
1509425417761|-0.93740726|-0.46451426|-2.5865002
1509425417879|1.1505947|1.2766261|-3.064639
1509425417996|1.8915485|1.417099|2.9818401
1509425418115|-0.6100142|0.53565073|2.787341
1509425418233|-0.25724494|-1.1324959|-0.22601128
1509425418362|-0.023589611|-1.1907971|-3.0936985
1509425418476|-0.023210466|-0.5591626|-1.2093515
1509425418596|0.12543905|1.2673538|1.1040077
1509425418713|-0.645368|-0.7981293|3.948182
1509425418837|-2.8803654|-0.9279423|-1.3664551
1509425418955|0.15394485|-0.20630956|-2.9083014
1509425419075|1.120028|1.3681059|-0.8126478
1509425419200|0.06353819|1.7604537|3.894411
1509425419314|0.784227|-1.6394916|2.0849152
1509425419437|0.6861658|-1.5953584|-2.24788
1509425419557|0.80685467|-0.19304967|-2.1160097
1509425419681|1.2768093|-0.303957|1.0884304
1509425419803|-0.46544862|0.83773756|1.6280746
1509425419914|-1.2993996|-1.5331717|1.6256971
1509425420039|-1.4163684|-0.21724129|-0.84438515
1509425420158|0.2677185|0.9970863|-2.18548
1509425420275|0.66589516|1.0943017|1.0546513
1509425420397|-0.6455718|0.8733258|1.3111734
1509425420515|0.877336|-1.268538|0.56490135
1509425420645|0.069752455|-0.933084|-1.4465065
1509425420759|-0.68159866|-0.3259244|-0.562994
1509425420881|-0.34723163|1.2428651|-0.9266033
1509425420994|0.6720817|1.209486|0.15867329
1509425421123|0.19390893|-1.7552028|1.4825583
1509425421236|0.11507821|-1.1754308|-1.6794891
1509425421357|-0.31395817|1.438417|-1.9909754
1509425421474|1.0750263|2.1085162|0.50255394
1509425421596|0.7816801|-0.06391597|2.7616577
1509425421719|1.2562466|-0.76512575|-0.9116316
1509425421836|-0.34287572|-1.2131362|-0.3348093
1509425421954|-0.78752947|-0.14090633|-2.91533
1509425422078|0.6473491|0.5720837|0.8075981
1509425422205|-0.2815025|0.4906888|2.2690516
1509425422315|-1.7150741|-2.0008953|0.74610615
1509425422434|-1.2024903|0.078974485|-1.8859863
1509425422557|0.9688883|1.7497749|-2.1752157
1509425422674|1.3874927|1.8579235|1.2269411
1509425422796|0.098347425|-0.49756885|3.589859
1509425422916|-0.22166753|-1.6088662|-0.7730236
1509425423039|-1.240314|-0.5543313|-2.9123306
1509425423154|0.051626325|-0.38735247|-0.46780396
1509425423274|0.7906568|1.6616778|0.69862556
1509425423396|0.44767654|-1.1496444|4.2135153
1509425423514|-2.8618703|-1.320262|-1.3784494
1509425423641|0.40608382|0.28950834|-3.6716137
1509425423755|1.3566887|1.7706511|-0.8643627
1509425423877|0.119703054|1.4788437|3.6764946
1509425423996|1.5312822|-1.9494343|0.901186
1509425424113|-1.1209925|-0.87788916|-1.8842392
1509425424233|-0.3748355|0.67606354|-1.7310038
1509425424358|0.81872004|-0.115424156|-0.23180962
1509425424477|0.024588585|0.68599033|1.8694248
1509425424594|-0.7614213|-2.007904|2.2130413
1509425424717|-0.663893|-0.7946768|-1.8231812
1509425424840|1.6073372|1.4824419|-3.3205233
1509425424958|3.1369889|1.0730338|1.0548611
1509425425082|-0.62981105|-0.35756707|4.785548
1509425425203|0.048326254|-1.2166684|-1.6902704
1509425425314|-1.0175576|-0.7959883|-1.740797
1509425425437|-0.85889244|-0.015800714|-1.1832438
1509425425559|0.9441097|0.5966122|0.99242306
1509425425677|0.8769059|-0.7900213|2.8707113
1509425425797|-2.3660069|-0.84220886|-0.09189129
1509425425917|-0.005096197|-0.28333855|-3.494524
1509425426045|2.5670733|1.405489|0.280241
1509425426156|-2.4825437|1.6599629|3.8203764
1509425426276|-0.17168212|-2.8690543|1.1853933
1509425426408|0.7321043|-0.39382386|-2.735282
1509425426519|-1.4205494|-0.58594704|0.8073988
1509425426639|-2.3445795|-0.44879317|0.016783714
1509425426757|1.2579541|0.8054178|-0.037548065
1509425426877|1.0693555|-1.7326651|4.1683407
1509425426996|-2.9529657|-0.9886739|-2.0071564
1509425427114|1.0156128|1.7507436|-3.8753061
1509425427239|4.0611672|1.8677504|1.7074709
1509425427357|-1.0949812|-0.18720412|5.0740404
1509425427480|-1.5894461|-1.3274188|-1.5084372
1509425427600|-1.3118818|-0.56852007|-1.896698
1509425427719|-1.3656526|0.09205294|-0.6742115
1509425427836|1.1331593|0.0028042793|1.367053
1509425427957|1.1892343|-1.4351914|2.6103048
1509425428079|-1.8620088|0.09525514|-1.7707596
1509425428200|0.7588184|1.0483963|-1.4229374
1509425428314|0.9794956|1.0559559|0.95097256
1509425428437|-0.7506472|0.31342697|1.794611
1509425428557|0.4342842|-1.2103243|0.6982212
1509425428677|-0.35486966|-0.57175946|-1.3750334
1509425428803|0.2705217|0.4439175|-2.0363636
1509425428923|0.84159684|-0.21257448|0.5435085
1509425429036|0.32901323|0.64240336|1.7766466
1509425429155|-1.0130442|-1.3597816|1.7477312
1509425429277|-0.4001614|-0.30121255|-1.5053444
1509425429405|1.4928999|1.5348473|-1.4345398
1509425429520|0.6261909|0.54909515|0.9482565
1509425429640|-0.30992723|-0.51022434|1.9561338
1509425429757|0.49497235|-0.6841731|-0.7454767
1509425429878|0.43835366|-0.4537096|-1.3302889
