1509531410401|-30.359999|-11.7|-14.7
1509531410533|-30.0|-12.12|-14.7
1509531410665|-30.0|-12.24|-15.179999
1509531410797|-30.0|-12.179999|-15.54
1509531410929|-29.76|-11.759999|-15.24
1509531411061|-30.119999|-11.94|-15.24
1509531411193|-30.42|-11.759999|-15.42
1509531411328|-30.119999|-11.82|-15.42
1509531411456|-30.119999|-11.88|-16.02
1509531411593|-30.359999|-11.88|-15.839999
1509531411731|-30.599998|-12.059999|-15.78
1509531411853|-30.96|-12.42|-15.24
1509531411986|-30.96|-12.54|-14.5199995
1509531412117|-30.96|-12.12|-14.82
1509531412249|-30.539999|-11.759999|-14.58
1509531412380|-30.779999|-11.639999|-14.46
1509531412513|-30.359999|-11.639999|-14.46
1509531412645|-30.359999|-12.059999|-14.16
1509531412777|-30.179998|-12.3|-14.28
1509531412910|-29.76|-11.94|-14.94
1509531413041|-30.0|-11.88|-15.299999
1509531413173|-29.4|-11.759999|-15.66
1509531413309|-29.58|-11.94|-15.48
1509531413438|-29.82|-11.94|-15.48
1509531413569|-29.82|-11.7|-15.54
1509531413701|-30.0|-11.28|-15.059999
1509531413833|-30.0|-11.16|-15.24
1509531413965|-29.58|-11.219999|-14.94
1509531414097|-29.4|-11.46|-15.059999
1509531414229|-29.58|-11.4|-15.48
1509531414361|-29.4|-11.16|-15.299999
1509531414494|-29.76|-11.04|-15.48
1509531414625|-29.939999|-11.04|-15.599999
1509531414760|-29.939999|-11.099999|-15.719999
1509531414893|-29.939999|-11.34|-15.839999
1509531415022|-29.58|-11.04|-16.02
1509531415153|-29.4|-10.98|-15.599999
1509531415287|-29.279999|-10.62|-15.599999
1509531415416|-29.699999|-10.62|-15.839999
1509531415549|-29.82|-11.099999|-15.9
1509531415681|-30.0|-11.16|-16.32
1509531415817|-30.0|-11.82|-16.38
1509531415945|-29.58|-11.82|-16.32
1509531416077|-29.58|-11.5199995|-16.08
1509531416208|-29.4|-11.34|-16.08
1509531416341|-29.4|-11.16|-15.839999
1509531416477|-29.82|-10.92|-16.02
1509531416606|-29.699999|-11.28|-16.14
1509531416742|-29.82|-11.16|-16.08
1509531416869|-30.119999|-10.86|-16.32
1509531417002|-29.699999|-10.62|-16.08
1509531417133|-29.699999|-10.32|-16.14
1509531417265|-29.34|-10.38|-16.32
1509531417397|-29.039999|-10.86|-16.32
1509531417529|-29.039999|-11.219999|-16.32
1509531417661|-29.519999|-11.34|-16.32
1509531417793|-30.0|-11.099999|-16.26
1509531417927|-30.0|-10.62|-16.38
1509531418060|-30.179998|-10.559999|-16.56
1509531418192|-29.76|-10.44|-16.56
1509531418326|-29.34|-10.679999|-16.619999
1509531418460|-29.58|-11.099999|-16.56
1509531418585|-29.58|-10.92|-16.56
1509531418717|-29.939999|-10.74|-16.5
1509531418849|-30.3|-10.86|-16.38
1509531418981|-29.82|-10.679999|-16.32
1509531419113|-30.539999|-11.16|-16.32
1509531419247|-30.179998|-11.639999|-16.38
1509531419377|-30.119999|-11.4|-16.32
1509531419511|-30.3|-11.58|-16.32
1509531419644|-29.58|-11.4|-16.38
1509531419778|-29.76|-11.34|-16.5
1509531419910|-29.76|-11.28|-16.619999
1509531420037|-29.76|-11.4|-16.619999
1509531420170|-30.48|-11.099999|-16.619999
1509531420301|-30.48|-10.86|-16.56
1509531420433|-30.72|-11.16|-16.5
1509531420565|-30.3|-10.74|-16.56
1509531420697|-29.88|-10.44|-16.5
1509531420829|-29.88|-10.62|-16.56
1509531420961|-30.3|-10.679999|-16.619999
1509531421093|-30.9|-10.74|-16.5
1509531421227|-30.599998|-11.099999|-16.5
1509531421360|-30.9|-10.92|-16.38
1509531421492|-30.179998|-10.44|-16.38
1509531421621|-30.0|-10.559999|-16.38
1509531421754|-30.0|-10.559999|-16.5
1509531421885|-29.939999|-10.44|-16.5
1509531422017|-29.939999|-10.679999|-16.38
1509531422149|-30.359999|-10.679999|-16.26
1509531422281|-30.0|-10.38|-16.14
1509531422413|-29.519999|-10.62|-16.08
1509531422545|-29.519999|-10.679999|-16.14
1509531422676|-29.099998|-10.559999|-16.38
1509531422811|-29.22|-10.86|-16.32
1509531422945|-29.22|-10.8|-16.32
1509531423073|-29.099998|-10.62|-16.32
1509531423206|-28.92|-10.38|-16.08
1509531423337|-29.34|-10.38|-16.14
1509531423469|-29.519999|-9.84|-16.32
1509531423602|-29.699999|-9.66|-16.26
1509531423733|-29.46|-9.84|-16.56
1509531423865|-29.46|-9.54|-16.5
1509531423997|-29.64|-9.84|-16.38
1509531424129|-29.16|-10.2|-16.38
1509531424261|-29.46|-10.62|-16.38
1509531424395|-29.34|-11.16|-16.38
1509531424528|-29.34|-11.58|-16.38
1509531424657|-29.76|-11.639999|-16.38
1509531424789|-30.119999|-11.58|-16.32
1509531424921|-30.119999|-11.639999|-16.5
1509531425053|-29.939999|-11.88|-16.38
1509531425185|-29.939999|-11.82|-16.56
1509531425317|-29.939999|-11.82|-16.5
1509531425449|-30.0|-11.82|-16.32
1509531425581|-30.179998|-11.639999|-16.08
1509531425713|-30.599998|-11.759999|-15.96
1509531425845|-30.24|-11.639999|-16.02
1509531425978|-30.0|-12.12|-16.14
1509531426112|-30.179998|-12.0|-16.5
1509531426241|-29.76|-12.24|-16.38
1509531426376|-30.06|-12.42|-16.44
1509531426510|-29.939999|-11.7|-16.32
1509531426637|-29.76|-11.82|-16.26
1509531426769|-29.76|-11.5199995|-16.32
1509531426901|-29.58|-11.58|-15.96
1509531427033|-29.76|-11.219999|-15.78
1509531427165|-29.58|-11.099999|-15.839999
1509531427298|-29.279999|-10.74|-15.96
1509531427429|-28.92|-10.44|-16.32
1509531427561|-28.92|-10.8|-16.38
1509531427692|-29.099998|-10.86|-16.32
1509531427831|-29.4|-11.099999|-16.26
1509531427961|-29.76|-10.92|-16.26
1509531428092|-29.4|-10.92|-16.08
1509531428226|-29.22|-10.62|-16.08
1509531428356|-28.92|-10.62|-16.08
1509531428486|-28.5|-10.559999|-16.08
1509531428617|-28.619999|-11.04|-16.26
1509531428749|-28.98|-11.04|-16.38
1509531428881|-29.16|-11.16|-16.38
1509531429013|-29.58|-11.04|-16.32
1509531429145|-29.76|-10.559999|-16.32
1509531429277|-29.4|-10.38|-15.839999
1509531429410|-29.46|-10.0199995|-15.42
1509531429541|-29.46|-9.78|-15.42
1509531429673|-29.46|-9.96|-15.299999
1509531429805|-29.82|-9.599999|-15.42
1509531429937|-30.359999|-9.84|-15.839999
1509531430072|-30.539999|-10.32|-16.02
1509531430201|-30.539999|-10.32|-16.14
1509531430336|-30.539999|-10.8|-16.14
1509531430465|-29.939999|-10.8|-16.08
1509531430597|-29.939999|-11.04|-16.02
1509531430729|-29.76|-10.8|-15.839999
1509531430860|-29.58|-11.099999|-16.02
1509531430993|-29.939999|-11.28|-15.719999
1509531431125|-29.58|-11.46|-15.78
1509531431261|-29.76|-11.82|-15.78
1509531431392|-30.0|-11.34|-15.839999
1509531431528|-30.0|-11.34|-16.199999
1509531431652|-30.0|-11.28|-15.599999
1509531431784|-29.82|-10.8|-15.96
1509531431917|-29.76|-11.219999|-15.54
1509531432049|-29.58|-11.16|-15.54
1509531432181|-29.76|-11.099999|-15.599999
1509531432313|-29.76|-11.16|-15.299999
1509531432445|-29.4|-11.219999|-15.299999
1509531432578|-29.82|-11.219999|-14.82
1509531432712|-29.82|-11.219999|-15.0
1509531432841|-30.42|-11.219999|-15.059999
1509531432977|-30.599998|-10.74|-15.24
1509531433105|-30.359999|-10.559999|-15.48
1509531433237|-30.179998|-10.38|-15.12
1509531433371|-29.76|-10.679999|-14.94
1509531433501|-29.4|-10.5|-14.759999
1509531433633|-29.22|-10.74|-15.12
1509531433765|-29.4|-10.559999|-15.599999
1509531433897|-29.4|-10.74|-15.78
1509531434029|-29.939999|-11.04|-16.14
1509531434161|-29.939999|-10.62|-16.02
1509531434293|-30.179998|-10.86|-16.08
1509531434431|-30.359999|-10.86|-16.08
1509531434561|-30.179998|-10.74|-16.02
1509531434689|-30.0|-10.559999|-15.839999
1509531434821|-29.58|-9.96|-15.599999
1509531434954|-29.699999|-9.48|-15.719999
1509531435086|-29.939999|-9.48|-15.839999
1509531435217|-30.3|-9.48|-15.839999
1509531435349|-30.48|-9.54|-15.839999
1509531435481|-30.42|-9.36|-15.9
1509531435613|-30.3|-9.12|-15.599999
1509531435744|-30.599998|-9.12|-15.78
1509531435878|-30.72|-9.059999|-15.66
1509531436009|-31.619999|-9.059999|-15.48
1509531436142|-32.04|-8.94|-15.36
1509531436273|-32.46|-9.0|-15.059999
1509531436405|-32.7|-9.3|-14.58
1509531436537|-32.28|-9.3|-14.099999
1509531436669|-31.92|-9.42|-13.92
1509531436801|-31.5|-9.48|-13.559999
1509531436933|-31.32|-9.78|-13.679999
1509531437065|-30.539999|-10.139999|-13.5
1509531437197|-30.119999|-10.139999|-13.259999
1509531437329|-28.98|-10.139999|-13.2
1509531437461|-28.32|-10.139999|-13.32
1509531437593|-28.08|-9.96|-14.099999
1509531437728|-28.08|-10.38|-15.0
1509531437861|-28.38|-10.32|-15.36
1509531437989|-28.8|-10.5|-15.54
1509531438127|-29.279999|-10.559999|-15.54
1509531438253|-29.279999|-10.26|-15.24
1509531438385|-29.46|-10.08|-15.599999
1509531438517|-29.099998|-9.78|-15.78
1509531438649|-29.099998|-9.84|-15.54
1509531438782|-29.279999|-10.0199995|-15.9
1509531438913|-29.46|-9.84|-16.02
1509531439045|-29.939999|-9.84|-16.08
1509531439178|-29.76|-9.54|-16.32
1509531439311|-30.24|-9.179999|-16.14
1509531439444|-30.9|-9.179999|-16.08
1509531439576|-31.619999|-8.76|-15.96
1509531439705|-32.46|-8.76|-15.66
1509531439838|-32.7|-9.12|-15.059999
1509531439970|-32.28|-9.78|-14.34
1509531440101|-31.859999|-9.96|-13.44
1509531440233|-31.56|-10.44|-13.0199995
1509531440365|-30.9|-10.559999|-12.96
1509531440497|-30.9|-10.5|-12.78
1509531440629|-30.3|-11.099999|-13.44
1509531440761|-29.699999|-10.559999|-13.799999
1509531440896|-30.119999|-10.8|-14.219999
1509531441025|-30.0|-10.5|-15.0
1509531441157|-30.0|-10.32|-15.42
1509531441288|-29.58|-10.559999|-15.78
1509531441427|-29.16|-10.5|-15.839999
1509531441554|-29.16|-10.679999|-16.02
1509531441687|-29.16|-10.8|-15.839999
1509531441817|-29.58|-10.98|-15.719999
1509531441949|-29.76|-10.74|-15.9
1509531442081|-29.76|-10.62|-15.839999
1509531442213|-30.119999|-10.679999|-16.14
1509531442344|-30.42|-10.86|-16.08
1509531442477|-30.3|-10.86|-16.14
1509531442612|-30.3|-10.8|-16.08
1509531442742|-29.939999|-10.92|-16.08
1509531442873|-29.76|-10.559999|-16.02
1509531443010|-29.76|-10.559999|-15.66
1509531443138|-29.58|-10.86|-15.78
1509531443270|-29.58|-10.8|-15.78
1509531443401|-29.58|-11.04|-16.08
1509531443533|-29.76|-11.4|-16.32
1509531443665|-29.76|-10.86|-16.14
1509531443797|-29.939999|-10.559999|-16.08
