1509247166418|1.0337281|0.121825695|0.9186268
1509247166539|0.85751057|0.13441968|0.91045284
1509247166659|3.5242825|-2.0086396|2.6851306
1509247166780|-2.1950135|-0.14706326|-1.2674265
1509247166900|-4.522724|0.8367245|1.4341359
1509247167018|10.005734|-9.126773|4.5492706
1509247167139|-11.913149|5.3569207|-0.12724781
1509247167258|4.394528|-3.1637502|2.3145256
1509247167379|2.189701|-2.3836646|-0.07639551
1509247167500|-2.1710644|2.3099809|2.1170974
1509247167625|5.1894817|-2.7817562|1.9391141
1509247167739|-7.3538127|5.9078517|-0.71557
1509247167860|8.677083|-6.8667397|3.7043524
1509247167979|-9.756474|6.4927883|-2.5619678
1509247168100|2.2457047|-1.701448|2.5995252
1509247168220|4.2917624|-4.7190156|1.2714345
1509247168339|-4.332801|3.5187628|0.54677033
1509247168459|5.922781|-5.8675795|2.6268399
1509247168579|-6.3679132|5.8587265|-1.6728258
1509247168701|7.7477255|-8.907721|6.633887
1509247168820|-7.8437138|7.9329457|-0.5167706
1509247168939|5.421712|-6.1202064|5.886493
1509247169059|-7.9268827|6.8542676|-6.345696
1509247169179|1.4486799|-2.094725|3.0289023
1509247169301|1.5003614|-3.7561736|-0.8246274
1509247169419|-3.9722433|2.9622889|-2.020903
1509247169540|4.5473356|-3.6671653|-0.27413678
1509247169659|-6.4564657|6.0562325|-2.3708396
1509247169779|6.239094|-4.6988297|2.198142
1509247169899|-5.650093|5.720605|-0.81096697
1509247170020|6.0776625|-7.3246975|5.708294
1509247170139|-4.4221115|6.8884325|0.23035407
1509247170261|6.427967|-8.409488|6.9631343
1509247170379|-4.974763|6.672577|-0.70677924
1509247170500|5.164384|-6.2012153|7.8567047
1509247170625|-7.3281965|6.4830446|-1.7798436
1509247170741|4.1145363|-6.0531473|7.31636
1509247170860|-6.0185213|4.9141397|-5.259568
1509247170980|2.1778421|-4.6533084|5.5106287
1509247171099|-1.7207623|-2.9364262|2.2138965
1509247171220|-1.9443417|1.5585932|-0.42135596
1509247171339|4.5204105|-4.99142|0.6411499
1509247171459|-6.853919|5.2335997|-0.014448643
1509247171581|5.6430225|-6.904436|4.388062
1509247171700|-7.4814177|6.3315673|-2.2101767
1509247171820|6.692013|-7.500941|7.226455
1509247171942|-11.244894|8.082077|-4.374618
1509247172060|7.04753|-7.4722633|7.903125
1509247172179|-10.021844|5.4989796|-3.4486933
1509247172300|3.8044434|-5.302813|5.6533628
1509247172419|-2.687704|0.8174164|0.2738583
1509247172540|-1.3401308|0.7253082|-0.8886082
1509247172660|4.3630733|-5.3810344|5.4640265
1509247172779|-3.8631668|5.034841|-3.7778106
1509247172901|5.988138|-6.142213|5.8878603
1509247173021|-5.0282736|6.3121758|-2.2310133
1509247173140|5.0548916|-5.2861853|6.0153794
1509247173262|-6.0151386|4.4710054|-3.0206883
1509247173380|4.297143|-3.7279649|5.2102475
1509247173500|-4.8204308|2.4227564|-1.0692456
1509247173623|2.543212|-1.9500064|4.5293746
1509247173740|-2.3012362|-0.34108424|-2.104824
1509247173861|-1.366601|1.3096113|-2.5765696
1509247173981|0.15031242|-0.029646873|-6.504025
1509247174103|-4.970167|3.5293725|-7.314957
1509247174221|2.9260597|-3.4990022|6.333128
1509247174340|-4.6092815|3.6226547|-3.0188694
1509247174462|3.2854223|-4.3929453|9.484444
1509247174580|-2.3163843|4.564014|-5.453264
1509247174700|3.6089172|-3.7388203|4.438855
1509247174821|-4.472328|1.906821|-1.7400582
1509247174940|-0.022898674|0.11932856|-0.8013611
1509247175061|2.6070929|-2.2687778|7.118314
1509247175182|-1.992136|4.0057297|-6.097744
1509247175300|4.747819|-5.5602255|6.8882427
1509247175420|-6.0186644|6.602223|-4.69512
1509247175542|5.236102|-5.341153|7.461812
1509247175661|-5.031084|5.6842146|-2.572983
1509247175781|3.5922651|-4.4606957|5.9994698
1509247175902|-4.2291174|3.148114|-1.8152056
1509247176022|2.5928478|-1.8965604|2.7167082
1509247176141|-2.6525831|1.3470905|-0.9663348
1509247176262|1.1130247|-0.9828646|1.3718104
1509247176381|0.77681637|-2.7072825|0.6233938
1509247176501|-2.8989725|2.373338|-3.4982357
1509247176623|4.319789|-4.6430273|5.153186
1509247176742|-3.0964155|3.5965996|-2.5213635
1509247176861|4.8171606|-5.4595532|6.730853
1509247176981|-5.8759146|4.855074|-0.54030323
1509247177102|4.0609035|-4.704593|7.5875177
1509247177221|-4.8801117|7.3154573|-15.979742
1509247177341|1.486577|-1.729255|3.1747673
1509247177462|-1.3647003|1.993375|-12.827961
1509247177581|-1.6838408|1.2931063|-2.5569406
1509247177701|1.6423283|-3.1223793|0.607627
1509247177821|-4.515156|4.3954787|-4.295454
1509247177941|3.907342|-4.6940327|5.5985847
1509247178062|-2.819314|3.4737792|-3.1016622
1509247178182|2.382925|-3.4336538|4.1121535
1509247178301|-0.30766582|-0.55902255|2.6618826
1509247178421|-0.3371601|1.380548|-0.7757714
1509247178543|1.0686255|-0.01784414|-0.05676174
1509247178661|0.25122833|-0.11178684|1.030119
1509247178811|-0.030117989|0.72056603|-0.045111418
1509247178902|0.5028|0.24470973|-0.30024505
1509247179021|0.6143265|-0.46707106|0.64410114
1509247179141|0.13083363|0.02345705|0.9237447
1509247179263|-0.04949665|0.31080174|0.68298435
1509247179382|0.15725803|0.035797358|0.6300919
1509247179502|0.31560898|0.09805608|0.19687223
1509247179626|0.19735432|0.23146725|0.17424107
1509247179742|0.032245636|0.21837449|0.548131
1509247179861|0.19373703|0.19799113|0.36624312
1509247179983|0.12912846|0.110670805|0.7640431
1509247180101|0.14665508|0.13032365|0.3938074
1509247180221|0.15115833|0.12018061|0.3136599
1509247180343|0.26110363|0.030881882|0.43898368
