1509546012280|1.334794|0.49033248|-0.84446156
1509546012412|1.0215261|0.6401563|-0.31326798
1509546012543|1.3892754|0.28602728|-0.2043052
1509546012676|0.46309182|0.6401563|-0.6401563
1509546012807|-0.4086104|-0.25878662|-1.1985906
1509546012943|-0.83084124|-5.4890003|1.648062
1509546013072|-3.5412903|-5.611583|2.0975335
1509546013204|-1.7297841|-3.7728362|-1.7706451
1509546013339|-0.095342435|-2.9556153|-2.083913
1509546013468|-1.7570248|-3.4731886|1.6753027
1509546013600|-1.484618|-3.568531|-0.96704465
1509546013732|-1.1713499|-2.3290794|-4.33127
1509546013864|-2.0158114|-1.6344416|-4.154206
1509546013997|-1.7297841|-1.9068487|-1.4165161
1509546014128|-0.8172208|-1.9477097|-0.5448139
1509546014260|-2.1792555|-0.44947144|-0.16344418
1509546014392|-0.7763598|0.29964766|-4.195067
1509546014524|-2.2473574|-0.12258312|-2.5742457
1509546014656|-2.5606253|0.46309182|-0.2043052
1509546014788|-0.068101734|-0.040861044|1.2803127
1509546014920|-2.2064962|-0.91256326|1.648062
1509546015052|-3.050958|-1.0215261|0.49033248
1509546015184|1.838747|1.334794|-5.2710743
1509546015315|0.8580819|0.3949901|-1.5799603
1509546015448|-0.7763598|0.29964766|2.819412
1509546015580|-0.24516624|2.6968286|-0.8989429
1509546015713|-0.29964766|-0.57205456|2.3563201
1509546015844|1.1032481|-0.095342435|-1.525479
1509546015976|1.1304889|2.0566726|-0.8036005
1509546016107|-0.51757324|1.0079057|0.74911916
1509546016239|-0.74911916|1.7978858|3.568531
1509546016372|0.08172209|4.195067|-2.941995
1509546016510|1.5799603|0.35412902|-0.43585113
1509546016637|2.73769|0.6946377|2.4108014
1509546016768|2.5606253|1.3075534|1.6616825
1509546016900|3.8954194|1.7025435|1.1304889
1509546017032|4.3448906|2.860273|0.13620347
1509546017164|1.7706451|1.1985906|3.8273177
1509546017296|2.165635|0.8172208|3.963521
1509546017429|1.8115062|0.57205456|-1.3075534
1509546017560|-0.5992953|-0.57205456|0.74911916
1509546017692|-0.83084124|0.2043052|0.23154591
1509546017824|0.6537767|0.08172209|-1.2258313
1509546017956|-0.83084124|-0.70825803|0.16344418
1509546018088|-0.7899802|0.74911916|-1.6616825
1509546018220|-2.73769|-3.5957716|0.7899802
1509546018352|0.32688835|-1.525479|-2.192876
1509546018484|-0.3405087|-2.4925234|1.7842655
1509546018616|-1.4165161|-2.628727|-2.083913
1509546018748|-0.19068487|-2.083913|-1.0896277
1509546018880|0.87170225|-1.5799603|1.7570248
1509546019012|1.375655|-1.5799603|0.3405087
1509546019145|0.35412902|-2.1247742|-0.84446156
1509546019281|-0.44947144|-1.5390993|-3.3369853
1509546019408|-0.13620347|-2.3426998|-2.8466525
1509546019544|-2.165635|-1.0351465|-2.083913
1509546019672|-3.759216|-0.8853226|-1.7025435
1509546019804|-4.385752|-1.5118586|1.0760074
1509546019937|-4.3448906|-2.8875136|-0.667397
1509546020068|0.2043052|0.84446156|-5.924851
1509546020200|-1.2394516|-1.56634|0.8853226
1509546020331|-0.47671217|-1.5527196|-0.32688835
1509546020464|1.4165161|0.83084124|-0.13620347
1509546020596|1.838747|2.9964767|3.1871612
1509546020728|-2.2882183|-0.43585113|4.4538536
1509546020860|0.095342435|-0.7763598|-1.9477097
1509546020993|0.040861044|0.8036005|-5.1076303
1509546021126|-1.5390993|1.8251265|-0.96704465
1509546021256|-1.7025435|0.939804|2.7240696
1509546021388|-2.0975335|1.6616825|1.2803127
1509546021521|3.6230123|-0.53119355|-1.2394516
1509546021652|1.7570248|0.92618364|-0.2043052
1509546021784|2.2609777|1.8251265|3.840938
1509546021917|2.4244218|1.8251265|1.0896277
1509546022048|0.35412902|0.95342433|2.6014864
1509546022180|4.154206|1.1168685|-2.383561
1509546022313|3.1054392|0.013620348|2.070293
1509546022449|2.2064962|2.165635|-0.83084124
1509546022576|-0.7899802|-0.27240694|2.669588
1509546022707|-0.17706451|2.6423473|-0.42223078
1509546022840|0.87170225|-1.8251265|2.5333848
1509546022983|0.49033248|1.1168685|-5.434519
1509546023104|-0.36774936|-1.293933|-1.9613299
1509546023235|0.12258312|-0.939804|3.2552629
1509546023369|-1.7161638|-1.8932283|2.7785509
1509546023500|2.2882183|-0.3949901|-2.6151068
1509546023632|1.5935806|-0.7218784|3.0373375
1509546023764|-0.32688835|3.1054392|-1.7570248
1509546023896|-0.28602728|-0.040861044|1.3075534
1509546024028|-1.0215261|1.9885707|0.31326798
1509546024160|-0.21792556|-1.3075534|1.484618
1509546024292|0.17706451|1.3620348|-3.050958
1509546024425|-1.293933|0.43585113|1.375655
1509546024556|-0.7899802|1.3892754|-0.99428535
1509546024687|-0.667397|0.13620347|-0.08172209
1509546024820|-0.3949901|-0.7899802|-3.3778462
1509546024951|0.74911916|0.7218784|-1.7297841
1509546025084|-0.36774936|-0.10896278|2.315459
1509546025217|-0.14982383|1.4573771|0.7627395
1509546025348|-0.61291564|-2.9964767|1.1032481
1509546025480|0.87170225|0.47671217|-5.6796846
1509546025612|-1.4028958|-0.32688835|1.5118586
1509546025744|-0.92618364|0.027240695|-0.5992953
1509546025876|-1.3484143|-0.99428535|0.42223078
1509546026008|1.0487667|-1.3211737|-3.5821512
1509546026140|0.3949901|-1.3075534|0.24516624
1509546026272|-0.38136974|1.5799603|-1.9749503
1509546026405|0.96704465|-1.0215261|-0.25878662
1509546026536|-0.7763598|-0.3405087|0.42223078
1509546026668|-0.05448139|-1.3620348|-4.004382
1509546026800|0.17706451|1.3892754|-2.5197642
1509546026932|-0.53119355|-1.3620348|3.5549107
1509546027064|-1.3211737|0.50395286|-1.5799603
1509546027196|1.375655|-3.2280223|2.5061438
1509546027328|2.0158114|-0.7354987|-3.323365
1509546027460|0.7354987|-0.98066497|2.6151068
1509546027592|-0.87170225|2.6832085|-4.031623
1509546027725|0.51757324|-0.46309182|3.1463003
1509546027855|-1.7842655|-0.27240694|-3.2007816
1509546027988|-1.2803127|-2.5606253|-0.46309182
1509546028119|0.14982383|-0.49033248|-1.607201
1509546028252|3.0373375|-2.165635|2.4925234
1509546028384|-0.7763598|-0.43585113|2.0294318
1509546028516|-2.628727|-3.568531|1.9613299
1509546028648|2.2745981|0.23154591|-7.518432
1509546028781|-0.21792556|-2.315459|-1.6889231
1509546028912|0.6537767|-2.8330321|4.6445384
1509546029045|-0.2043052|-1.9068487|-1.0623871
1509546029176|-2.3290794|-0.24516624|-4.072484
1509546029308|-1.2666924|-1.4982383|-1.9613299
1509546029440|-0.87170225|-1.8523673|0.70825803
1509546029572|0.42223078|-2.1383946|-1.525479
1509546029703|-4.4129925|-0.57205456|-2.7104492
1509546029835|3.1190596|-1.9885707|-1.4028958
1509546029969|-2.3971813|2.1247742|-5.366417
1509546030101|0.6537767|-1.3075534|2.7104492
1509546030235|-2.4516625|2.4244218|-4.3448906
1509546030364|-1.1577295|-0.10896278|1.1713499
1509546030497|0.7627395|0.29964766|1.5527196
1509546030628|1.8251265|0.4086104|-0.35412902
1509546030760|2.7104492|1.3484143|2.3699405
1509546030892|1.7978858|1.2803127|3.677494
1509546031023|3.3369853|2.860273|2.3563201
1509546031156|-0.05448139|1.8115062|5.407278
1509546031288|-0.095342435|2.4789033|1.1168685
1509546031425|0.29964766|3.6366327|-0.46309182
1509546031552|-0.42223078|3.4595683|2.0158114
1509546031686|-0.6810174|4.508335|-0.23154591
1509546031816|0.87170225|4.4538536|0.6401563
1509546031948|0.16344418|4.372132|1.1985906
1509546032079|0.6401563|3.050958|1.7025435
1509546032212|1.2258313|2.941995|-0.32688835
1509546032344|3.4323275|2.969236|-0.47671217
1509546032476|2.3290794|2.4108014|-0.4086104
1509546032608|3.0237172|2.860273|-0.61291564
1509546032740|0.12258312|1.1985906|3.1871612
1509546032871|1.7161638|0.51757324|1.607201
1509546033004|-0.14982383|-1.8932283|-2.6832085
1509546033136|2.2609777|-0.27240694|-2.6832085
1509546033271|-1.1577295|-1.6616825|1.5527196
1509546033400|-0.7354987|-0.7899802|-1.4301364
1509546033532|-1.334794|-1.8251265|1.375655
1509546033664|1.8115062|-1.7978858|-2.6968286
1509546033796|-0.05448139|-1.920469|-0.8989429
1509546033930|0.027240695|-0.3949901|-0.35412902
1509546034063|-2.0430522|0.3949901|-0.95342433
1509546034193|-1.2258313|-0.12258312|1.9749503
1509546034324|1.1713499|-1.2394516|-0.46309182
1509546034456|-0.95342433|-1.7025435|-1.1577295
1509546034587|0.12258312|-0.12258312|0.095342435
1509546034722|0.08172209|0.6810174|-0.49033248
1509546034852|-0.51757324|-0.12258312|-0.17706451
1509546034984|-1.2258313|-0.12258312|1.525479
1509546035116|0.23154591|-0.2043052|-3.840938
1509546035248|-0.14982383|-0.5992953|0.19068487
1509546035380|-0.61291564|0.667397|0.7627395
1509546035512|0.17706451|2.2473574|0.87170225
1509546035644|-1.920469|4.3993726|-0.667397
1509546035776|-1.9613299|3.2825036|1.648062
1509546035910|0.51757324|2.7921712|-3.568531
1509546036040|-0.35412902|2.2882183|-0.5448139
1509546036172|-1.838747|2.8875136|-0.83084124
1509546036305|-2.233737|1.8251265|-0.87170225
1509546036437|-0.43585113|2.1792555|0.61291564
1509546036568|1.0896277|1.4028958|-1.8115062
1509546036700|0.4086104|0.6810174|-0.7763598
1509546036832|1.3620348|1.2666924|-0.83084124
1509546036964|-1.3484143|0.32688835|0.98066497
1509546037096|-1.9885707|0.14982383|-1.1168685
1509546037229|-3.677494|-3.6230123|-1.0351465
1509546037360|0.7354987|-1.56634|0.8989429
1509546037493|1.6616825|-1.7297841|-0.29964766
1509546037625|3.1735408|0.58567494|3.1599207
1509546037756|-2.0430522|-1.3892754|4.630918
1509546037888|0.70825803|-0.3949901|-1.7434045
1509546038020|-2.002191|-0.8580819|-1.648062
1509546038153|0.31326798|1.1985906|-0.5992953
1509546038287|-2.2882183|0.46309182|1.7842655
1509546038415|-0.7763598|-0.23154591|2.2473574
1509546038548|2.083913|1.2122109|-1.838747
1509546038681|1.0079057|0.58567494|-1.7978858
1509546038812|0.667397|1.8251265|-0.7899802
1509546038944|0.83084124|2.002191|-0.040861044
1509546039077|-0.040861044|1.334794|-1.7434045
1509546039207|0.095342435|-0.040861044|-0.70825803
1509546039340|0.013620348|0.61291564|-1.5799603
1509546039471|-0.16344418|-0.8172208|-1.1441091
1509546039605|-2.5742457|-3.650253|-0.27240694
1509546039744|-0.7354987|-4.4538536|1.0896277
1509546039867|1.484618|-1.6344416|-0.05448139
1509546040000|2.070293|-0.13620347|-1.0896277
1509546040132|0.6537767|0.31326798|-1.6753027
1509546040264|0.17706451|-0.8172208|1.334794
1509546040397|1.0351465|-1.4709975|2.2609777
1509546040529|1.2122109|-0.16344418|-0.29964766
1509546040661|0.31326798|-1.1032481|-2.4516625
1509546040792|1.1985906|0.57205456|-0.7354987
1509546040924|-1.4573771|0.46309182|2.3018386
1509546041055|-0.7899802|0.50395286|1.5390993
1509546041187|2.3563201|0.040861044|-0.47671217
1509546041320|0.83084124|-0.5992953|-1.1441091
1509546041452|-0.08172209|-0.8853226|0.24516624
1509546041584|0.83084124|-0.98066497|2.8738933
1509546041716|0.57205456|-0.8853226|-0.013620348
1509546041849|1.0215261|-0.87170225|0.19068487
1509546041980|0.7218784|-0.7354987|-0.31326798
1509546042113|-0.6946377|-1.0351465|-0.8172208
1509546042245|-1.3620348|-0.19068487|-0.38136974
1509546042377|0.38136974|0.7354987|-0.6401563
1509546042508|0.29964766|0.12258312|0.13620347
1509546042640|0.068101734|0.5992953|0.08172209
1509546042775|1.1168685|0.32688835|-0.35412902
1509546042905|0.2043052|-0.05448139|0.51757324
1509546043037|-0.51757324|0.10896278|0.51757324
1509546043167|-0.57205456|1.4301364|-0.47671217
1509546043300|0.5992953|0.74911916|-0.3405087
1509546043433|0.70825803|0.8989429|-1.4028958
1509546043564|-1.6753027|0.040861044|-0.8580819
1509546043696|2.383561|2.465283|-0.7763598
1509546043828|0.7354987|1.9885707|-2.1792555
1509546043960|1.920469|-0.12258312|1.6889231
1509546044092|-0.027240695|-1.9749503|0.70825803
1509546044225|2.4108014|-0.47671217|0.58567494
1509546044355|1.0623871|0.51757324|-1.3211737
1509546044488|-0.87170225|0.068101734|0.3405087
1509546044620|2.1792555|0.32688835|1.5799603
1509546044759|2.2064962|-1.0760074|2.3971813
1509546044884|2.6968286|1.0896277|-0.27240694
1509546045016|2.9147542|1.2122109|-0.70825803
1509546045148|2.941995|-0.51757324|0.10896278
1509546045280|2.233737|-0.29964766|0.027240695
1509546045412|1.1849703|-0.51757324|0.8036005
1509546045544|0.21792556|-0.8989429|-0.4086104
1509546045682|-0.44947144|-1.334794|0.040861044
1509546045811|0.6537767|-1.4573771|0.46309182
1509546045940|-0.6946377|-0.98066497|-0.24516624
1509546046073|-0.5448139|-0.74911916|-0.667397
