1509423995273|1.984375|-1.0276947|-0.6281433
1509423995393|0.73197937|-0.9211731|-0.9399109
1509423995513|-1.662735|0.3287506|0.32383728
1509423995634|0.6300659|0.2982025|0.52375793
1509423995753|-0.13230896|0.6941223|1.0091553
1509423995874|-0.74375916|0.49421692|-0.21447754
1509423995993|0.2600708|-0.74824524|-0.63560486
1509423996115|-0.28961182|-0.75320435|-1.5996704
1509423996237|-1.1677399|-2.2069397|-3.420929
1509423996352|-0.40890503|3.3239136|4.569275
1509423996475|0.8253784|-0.08280945|-0.48469543
1509423996598|1.8121643|-3.2949219|-3.566864
1509423996715|-1.1421661|0.17605591|2.1347961
1509423996835|-1.6023712|1.3258362|2.5527344
1509423996951|0.16134644|-1.4261017|0.3327179
1509423997076|0.9237366|-2.9874268|-6.261978
1509423997195|-0.34713745|2.3371277|5.80249
1509423997314|0.965271|0.2772522|-1.9934692
1509423997434|0.19863892|-1.2940063|-3.2224274
1509423997555|-0.14047241|2.2529602|7.2058105
1509423997673|0.23379517|-2.8947449|-6.3607025
1509423997798|1.2525482|-0.9499359|0.2936554
1509423997913|-0.30770874|2.3669434|5.2528076
1509423998043|-0.26438904|-2.8350983|-6.420349
1509423998161|1.3317261|-0.7414856|1.4491119
1509423998275|-0.1159668|2.916275|5.839432
1509423998398|-1.4798584|-2.1675262|-6.2051544
1509423998514|2.1217957|1.6052856|3.392517
1509423998634|0.43548584|-0.18435669|-0.057876587
1509423998756|-0.13052368|-0.5050049|-4.8799744
1509423998873|-0.121292114|1.3109131|5.383499
1509423998996|-0.25125122|0.24990845|-5.7918396
1509423999115|0.028915405|0.8535614|5.6324005
1509423999236|-2.509262|0.6628876|-4.2301636
1509423999354|0.43051147|0.84858704|3.3854065
1509423999476|-0.19230652|-0.14601135|-0.3490448
1509423999607|0.28315735|-1.1871338|-2.7753754
1509423999718|0.58569336|1.1703033|3.7831116
1509423999840|0.8448944|-0.047302246|2.7771454
1509423999954|0.56474304|2.265747|1.7225342
1509424000074|0.13757324|0.5417938|0.7978821
1509424000195|0.05696106|1.2107849|0.85398865
1509424000322|-0.16532898|1.3485565|1.2144012
1509424000432|-0.10105896|1.2420349|0.91293335
1509424000566|-0.38015747|0.544281|0.17611694
1509424000675|0.14822388|0.4139557|-0.058242798
1509424000803|-0.29884338|0.14978027|-0.29756165
1509424000913|0.12478638|0.530426|0.023788452
1509424001035|-0.048858643|0.27192688|-0.24501038
1509424001155|-0.5644531|1.1926727|-0.36112976
1509424001274|0.35487366|-0.34202576|0.20701599
1509424001397|-1.3424377|-0.80433655|-0.04119873
1509424001517|-1.0832367|0.20730591|-1.208725
1509424001636|0.18656921|0.0027770996|-1.7001648
1509424001762|0.8484497|-2.6025085|-0.380661
1509424001873|0.26753235|0.42141724|0.31495667
1509424002000|-0.12945557|0.22293091|-0.012069702
1509424002114|0.0058288574|-0.14707947|0.040481567
1509424002241|-0.23564148|0.105392456|0.08805847
1509424002354|-0.04460144|0.06100464|-0.17115784
1509424002475|0.03955078|0.12634277|0.28974915
1509424002595|0.1073761|0.27264404|0.35934448
1509424002717|0.011856079|0.19203186|0.27270508
1509424002837|-0.11810303|-0.039489746|-0.003189087
1509424002957|0.16171265|-0.15452576|-0.49960327
1509424003073|-0.09715271|-2.6951904|-1.0102234
1509424003197|2.4236145|-1.9086609|-3.2693024
1509424003317|1.0810394|-1.0699463|-3.4503937
1509424003435|-0.91171265|-0.19642639|-1.5918579
1509424003553|0.41133118|-0.1222229|-0.5326233
1509424003674|0.14324951|-0.26922607|-0.32455444
1509424003794|0.05305481|-0.6807709|-0.41900635
1509424003914|-0.014053345|0.47503662|0.12641907
1509424004033|0.1897583|-0.17726135|0.07670593
1509424004155|-0.628006|-0.28945923|0.5837555
1509424004277|0.58995056|1.2867737|0.81918335
1509424004395|-1.3885956|2.2526093|4.5014496
1509424004515|-2.2688599|1.9745789|3.552658
1509424004640|-2.1460114|2.8101044|0.110076904
1509424004761|0.69895935|-0.83807373|-1.4565735
1509424004875|0.9176941|-0.29336548|0.21554565
1509424004995|0.11164856|0.35217285|0.5507355
1509424005115|0.53419495|0.045028687|0.44172668
1509424005235|0.16348267|0.18351746|0.25531006
1509424005355|0.06796265|0.16682434|0.10723877
1509424005480|0.09210205|-0.007888794|0.07740784
1509424005611|0.033172607|-0.15524292|0.09693909
1509424005715|0.14750671|-0.20779419|-0.37994385
1509424005835|-0.11419678|-0.19500732|0.0049743652
1509424005956|-0.0967865|-0.10836792|-0.09765625
1509424006076|0.124420166|-0.15168762|-0.07385254
1509424006199|-0.011932373|-0.019592285|-0.06782532
1509424006313|0.12371826|-0.05155945|0.01953125
1509424006439|-0.090408325|-0.1101532|-0.117889404
1509424006556|0.021102905|0.079818726|7.171631E-4
1509424006680|0.042404175|0.14408875|0.077056885
1509424006795|-0.07762146|0.10858154|0.11540222
1509424006914|-0.037841797|0.20481873|0.255661
1509424007040|-0.034301758|0.1717987|0.25317383
1509424007162|-0.04423523|0.13699341|0.18109131
1509424007281|-0.033950806|0.0059661865|0.0024871826
1509424007397|-0.16638184|-0.072509766|-0.14416504
1509424007514|-0.120224|-0.06362915|-0.12286377
1509424007634|-0.09182739|-0.06576538|-0.033737183
1509424007755|-0.07513428|-0.025283813|-0.04083252
1509424007876|-0.12307739|-0.052978516|-0.19210815
1509424007998|-0.1663971|-0.19784546|-0.24217224
1509424008116|-0.011932373|-0.08102417|-0.15197754
1509424008236|-0.135849|-0.04019165|-0.046875
1509424008363|-0.046722412|0.008102417|0.14416504
1509424008476|-0.0027008057|0.021240234|0.056106567
1509424008596|-0.05204773|0.0105896|0.037643433
1509424008715|0.02357483|0.05496216|0.10333252
1509424008837|-0.10708618|0.09439087|0.08415222
1509424008954|0.22029114|-0.05368042|0.0099487305
1509424009074|-0.08401489|0.029403687|0.09375
1509424009196|0.01966858|-0.029541016|-0.088775635
1509424009317|-0.038909912|-0.0025482178|-3.5095215E-4
1509424009439|0.03742981|0.02017212|-0.008529663
1509424009554|0.011154175|0.0059661865|0.048294067
1509424009676|0.10418701|0.022659302|0.10119629
1509424009798|-0.021514893|0.040771484|-0.022369385
1509424009917|-0.00730896|-0.046951294|-0.059295654
1509424010039|0.042755127|0.012710571|0.031600952
1509424010160|-0.006958008|-0.0057525635|-0.0138549805
1509424010274|-0.012283325|0.052490234|0.06036377
1509424010396|0.040267944|0.017684937|0.04260254
1509424010515|0.028549194|0.02230835|0.063201904
1509424010636|-0.016189575|0.06100464|0.022720337
1509424010758|0.02357483|0.07165527|0.03125
1509424010878|-0.034301758|0.003479004|-0.02166748
1509424011009|0.01222229|-0.004333496|-0.026992798
1509424011117|0.06335449|-0.015701294|0.029129028
1509424011233|0.096725464|0.05886841|-0.031951904
