1509586410650|0.24516624|1.0079057|9.752169
1509586410783|0.21792556|1.0215261|9.752169
1509586410914|0.19068487|1.0351465|9.752169
1509586411046|0.16344418|1.0623871|9.752169
1509586411178|0.16344418|1.0623871|9.752169
1509586411310|0.16344418|1.0623871|9.752169
1509586411442|0.16344418|1.0487667|9.752169
1509586411577|0.17706451|0.99428535|9.765789
1509586411706|0.17706451|0.8989429|9.765789
1509586411838|0.17706451|0.7627395|9.779409
1509586411970|0.17706451|0.6810174|9.79303
1509586412103|0.17706451|0.6401563|9.79303
1509586412235|0.17706451|0.58567494|9.79303
1509586412367|0.17706451|0.5448139|9.79303
1509586412498|0.14982383|0.50395286|9.79303
1509586412631|0.13620347|0.46309182|9.80665
1509586412763|0.13620347|0.43585113|9.80665
1509586412895|0.095342435|0.43585113|9.80665
1509586413028|0.040861044|0.44947144|9.80665
1509586413163|-0.013620348|0.44947144|9.80665
1509586413290|-0.08172209|0.50395286|9.80665
1509586413423|-0.12258312|0.5992953|9.79303
1509586413555|-0.13620347|0.6946377|9.79303
1509586413686|-0.17706451|0.7627395|9.779409
1509586413820|-0.2043052|0.8172208|9.779409
1509586413950|-0.2043052|0.83084124|9.779409
1509586414082|-0.23154591|0.87170225|9.765789
1509586414214|-0.25878662|0.939804|9.765789
1509586414346|-0.27240694|0.99428535|9.765789
1509586414478|-0.27240694|1.0351465|9.752169
1509586414611|-0.27240694|1.0351465|9.752169
1509586414742|-0.27240694|1.0623871|9.752169
1509586414875|-0.25878662|1.0623871|9.752169
1509586415007|-0.25878662|1.0623871|9.752169
1509586415139|-0.25878662|1.0487667|9.752169
1509586415271|-0.27240694|1.0487667|9.752169
1509586415403|-0.31326798|1.0351465|9.752169
1509586415535|-0.35412902|1.0351465|9.752169
1509586415666|-0.36774936|1.0351465|9.752169
1509586415798|-0.36774936|1.0215261|9.752169
1509586415931|-0.38136974|0.98066497|9.752169
1509586416062|-0.3949901|0.96704465|9.752169
1509586416195|-0.3949901|0.96704465|9.752169
1509586416326|-0.4086104|0.96704465|9.752169
1509586416458|-0.4086104|0.96704465|9.752169
1509586416589|-0.44947144|0.95342433|9.752169
1509586416722|-0.47671217|0.95342433|9.752169
1509586416855|-0.47671217|0.95342433|9.752169
1509586416987|-0.47671217|0.95342433|9.752169
1509586417117|-0.47671217|0.95342433|9.752169
1509586417250|-0.47671217|0.95342433|9.752169
1509586417382|-0.47671217|0.95342433|9.752169
1509586417514|-0.47671217|0.95342433|9.752169
1509586417647|-0.47671217|0.95342433|9.752169
1509586417779|-0.47671217|0.95342433|9.752169
1509586417911|-0.47671217|0.95342433|9.752169
1509586418042|-0.47671217|0.939804|9.752169
1509586418174|-0.46309182|0.92618364|9.765789
1509586418307|-0.46309182|0.92618364|9.765789
1509586418439|-0.44947144|0.92618364|9.765789
1509586418570|-0.3949901|0.91256326|9.765789
1509586418704|-0.36774936|0.91256326|9.765789
1509586418834|-0.3405087|0.8853226|9.765789
1509586418965|-0.32688835|0.8853226|9.765789
1509586419098|-0.3405087|0.8989429|9.765789
1509586419230|-0.3405087|0.8989429|9.765789
1509586419363|-0.3405087|0.91256326|9.765789
1509586419495|-0.32688835|0.939804|9.765789
1509586419626|-0.31326798|0.95342433|9.765789
1509586419759|-0.31326798|0.95342433|9.765789
1509586419890|-0.31326798|0.95342433|9.765789
1509586420023|-0.31326798|0.95342433|9.765789
1509586420155|-0.29964766|0.96704465|9.765789
1509586420286|-0.29964766|0.96704465|9.765789
1509586420419|-0.29964766|0.98066497|9.765789
1509586420552|-0.29964766|0.98066497|9.765789
1509586420682|-0.29964766|0.99428535|9.765789
1509586420814|-0.31326798|1.0079057|9.752169
1509586420946|-0.31326798|1.0079057|9.752169
1509586421078|-0.31326798|1.0079057|9.752169
1509586421211|-0.31326798|1.0079057|9.752169
1509586421343|-0.31326798|1.0079057|9.752169
1509586421474|-0.32688835|1.0079057|9.752169
1509586421611|-0.32688835|1.0079057|9.752169
1509586421738|-0.3405087|0.99428535|9.752169
1509586421871|-0.38136974|0.95342433|9.765789
1509586422004|-0.4086104|0.91256326|9.765789
1509586422134|-0.42223078|0.87170225|9.765789
1509586422266|-0.43585113|0.8172208|9.765789
1509586422399|-0.43585113|0.7899802|9.765789
1509586422538|-0.43585113|0.74911916|9.779409
1509586422661|-0.43585113|0.70825803|9.779409
1509586422794|-0.43585113|0.667397|9.779409
1509586422927|-0.43585113|0.62653595|9.779409
1509586423059|-0.43585113|0.62653595|9.779409
1509586423190|-0.43585113|0.62653595|9.779409
1509586423322|-0.44947144|0.58567494|9.779409
1509586423455|-0.46309182|0.55843425|9.79303
1509586423588|-0.47671217|0.5448139|9.79303
1509586423717|-0.49033248|0.51757324|9.79303
1509586423851|-0.50395286|0.50395286|9.79303
1509586423983|-0.50395286|0.47671217|9.79303
1509586424114|-0.51757324|0.46309182|9.79303
1509586424248|-0.53119355|0.4086104|9.79303
1509586424378|-0.5448139|0.38136974|9.79303
1509586424510|-0.55843425|0.3405087|9.79303
1509586424643|-0.57205456|0.31326798|9.79303
1509586424776|-0.57205456|0.27240694|9.79303
1509586424907|-0.5992953|0.23154591|9.79303
1509586425038|-0.5992953|0.21792556|9.79303
1509586425171|-0.6537767|0.19068487|9.79303
1509586425304|-0.6810174|0.16344418|9.79303
1509586425440|-0.7354987|0.12258312|9.779409
1509586425566|-0.7627395|0.095342435|9.779409
1509586425703|-0.8036005|0.040861044|9.779409
1509586425830|-0.83084124|0.027240695|9.779409
1509586425963|-0.84446156|0.0|9.779409
1509586426095|-0.8853226|-0.027240695|9.779409
1509586426227|-0.91256326|-0.05448139|9.765789
1509586426361|-0.92618364|-0.08172209|9.765789
1509586426489|-0.92618364|-0.10896278|9.765789
1509586426622|-0.92618364|-0.13620347|9.765789
1509586426754|-0.91256326|-0.12258312|9.765789
1509586426887|-0.87170225|-0.12258312|9.779409
1509586427019|-0.83084124|-0.12258312|9.779409
1509586427150|-0.83084124|-0.12258312|9.779409
1509586427283|-0.8172208|-0.12258312|9.779409
1509586427414|-0.83084124|-0.12258312|9.779409
1509586427555|-0.84446156|-0.12258312|9.779409
1509586427678|-0.84446156|-0.12258312|9.779409
1509586427811|-0.84446156|-0.12258312|9.779409
1509586427943|-0.83084124|-0.13620347|9.779409
1509586428075|-0.7899802|-0.13620347|9.779409
1509586428211|-0.74911916|-0.13620347|9.779409
1509586428339|-0.7354987|-0.13620347|9.779409
1509586428471|-0.7354987|-0.13620347|9.779409
1509586428602|-0.74911916|-0.095342435|9.779409
1509586428734|-0.7354987|-0.027240695|9.779409
1509586428866|-0.70825803|0.068101734|9.79303
1509586428998|-0.6537767|0.14982383|9.79303
1509586429129|-0.5992953|0.2043052|9.79303
1509586429262|-0.55843425|0.25878662|9.79303
1509586429395|-0.5448139|0.32688835|9.79303
1509586429527|-0.5448139|0.43585113|9.79303
1509586429658|-0.55843425|0.5448139|9.779409
1509586429791|-0.58567494|0.62653595|9.779409
1509586429922|-0.5992953|0.667397|9.779409
1509586430061|-0.5992953|0.70825803|9.765789
1509586430187|-0.61291564|0.7627395|9.765789
1509586430317|-0.61291564|0.8172208|9.765789
1509586430450|-0.61291564|0.8580819|9.752169
1509586430583|-0.5992953|0.8853226|9.752169
1509586430714|-0.57205456|0.95342433|9.752169
1509586430846|-0.5448139|1.0079057|9.752169
1509586430979|-0.50395286|1.0487667|9.752169
1509586431110|-0.46309182|1.0623871|9.752169
1509586431242|-0.42223078|1.0623871|9.752169
1509586431375|-0.3949901|1.0487667|9.752169
1509586431506|-0.38136974|0.98066497|9.752169
1509586431639|-0.38136974|0.939804|9.765789
1509586431770|-0.38136974|0.8853226|9.765789
1509586431908|-0.38136974|0.84446156|9.765789
1509586432035|-0.3949901|0.8036005|9.779409
1509586432167|-0.42223078|0.74911916|9.779409
1509586432299|-0.44947144|0.6946377|9.779409
1509586432431|-0.49033248|0.6537767|9.779409
1509586432563|-0.51757324|0.61291564|9.779409
1509586432694|-0.53119355|0.5992953|9.779409
1509586432826|-0.5448139|0.5992953|9.779409
1509586432958|-0.55843425|0.61291564|9.779409
1509586433091|-0.58567494|0.6946377|9.765789
1509586433227|-0.61291564|0.7627395|9.765789
1509586433363|-0.62653595|0.8172208|9.765789
1509586433486|-0.6401563|0.87170225|9.752169
1509586433618|-0.6537767|0.91256326|9.752169
1509586433751|-0.6537767|0.96704465|9.738548
1509586433882|-0.6537767|1.0079057|9.738548
1509586434014|-0.6537767|1.0623871|9.738548
1509586434147|-0.6401563|1.1168685|9.724928
1509586434279|-0.5992953|1.1304889|9.724928
1509586434410|-0.5992953|1.1713499|9.724928
1509586434543|-0.5992953|1.2394516|9.711308
1509586434675|-0.5992953|1.3620348|9.697687
1509586434807|-0.5992953|1.5118586|9.684067
1509586434938|-0.5992953|1.6889231|9.643206
1509586435071|-0.5992953|1.8523673|9.615966
1509586435204|-0.5992953|2.0294318|9.588725
1509586435335|-0.5992953|2.192876|9.547864
1509586435467|-0.5992953|2.3699405|9.507003
1509586435597|-0.5992953|2.5333848|9.466142
1509586435730|-0.5992953|2.6832085|9.425281
1509586435861|-0.57205456|2.819412|9.384419
1509586435994|-0.53119355|2.9147542|9.357179
1509586436127|-0.49033248|2.9556153|9.343558
1509586436258|-0.44947144|2.9828563|9.343558
1509586436394|-0.43585113|2.9828563|9.343558
1509586436521|-0.42223078|2.9556153|9.357179
1509586436654|-0.4086104|2.901134|9.370799
1509586436786|-0.4086104|2.819412|9.39804
1509586436918|-0.4086104|2.75131|9.41166
1509586437050|-0.3949901|2.7104492|9.425281
1509586437183|-0.38136974|2.6559677|9.438901
1509586437314|-0.38136974|2.6014864|9.452521
1509586437448|-0.38136974|2.547005|9.466142
1509586437587|-0.3949901|2.5197642|9.479762
1509586437710|-0.43585113|2.5061438|9.479762
1509586437843|-0.46309182|2.4789033|9.493382
1509586437975|-0.46309182|2.4789033|9.493382
1509586438106|-0.46309182|2.4789033|9.493382
1509586438239|-0.46309182|2.4789033|9.479762
1509586438370|-0.47671217|2.465283|9.493382
1509586438502|-0.47671217|2.465283|9.493382
1509586438635|-0.47671217|2.465283|9.493382
1509586438767|-0.47671217|2.465283|9.493382
1509586438899|-0.46309182|2.4108014|9.507003
1509586439031|-0.43585113|2.383561|9.507003
1509586439163|-0.42223078|2.3699405|9.520623
1509586439295|-0.36774936|2.3426998|9.520623
1509586439426|-0.32688835|2.315459|9.534244
1509586439559|-0.29964766|2.2882183|9.547864
1509586439695|-0.27240694|2.2609777|9.547864
1509586439823|-0.27240694|2.2609777|9.547864
