1509425348873|0.6470845|1.0579214|-0.33262062
1509425348983|0.35659885|1.0693979|1.6808147
1509425349099|0.9659264|-1.798204|-0.28250885
1509425349228|-0.72013426|-0.7105286|-0.79195976
1509425349347|-1.2930455|0.28199077|-1.2021084
1509425349460|1.0105534|-0.053134203|-0.4053402
1509425349580|-0.6310103|1.5166755|1.6738176
1509425349710|-1.709692|-1.4283044|2.0076752
1509425349832|-0.9443357|-1.2429149|-2.404502
1509425349945|1.54497|1.566143|-1.4072618
1509425350065|2.1696208|1.4539082|3.2129087
1509425350180|-2.1514235|-1.4969316|2.9853497
1509425350300|-0.24578261|-0.9933002|-2.1741657
1509425350427|0.6278627|-0.86839795|-3.3864584
1509425350544|0.3871035|-0.0685699|-0.18917274
1509425350660|0.19966286|1.6242027|3.2108393
1509425350780|-1.5947647|-2.097872|2.4507427
1509425350908|-0.70424527|-0.6719227|-3.7141771
1509425351021|1.1906139|0.17612624|-2.316537
1509425351141|2.4457276|1.0537134|1.0484295
1509425351275|-2.0198817|0.2914524|5.9669046
1509425351388|0.18330243|-1.0127981|-2.8439999
1509425351507|1.0441232|-0.9489279|-1.7603931
1509425351623|-0.6552391|-0.7346668|-0.1622448
1509425351745|0.44768447|0.77740455|0.10959816
1509425351864|-0.43008202|-0.67824554|2.8834114
1509425351982|-3.3576884|-1.3481772|-1.6467896
1509425352099|-1.0714322|0.20736003|-1.8801861
1509425352224|2.2288065|2.1500201|-1.5479383
1509425352344|3.452297|-0.066865444|2.2524662
1509425352468|-0.22881553|-2.046486|3.1837454
1509425352580|0.27270895|-0.9911845|-1.438385
1509425352705|-1.0057609|-0.5739184|-1.5692883
1509425352825|-0.7173675|0.17080617|-1.4138298
1509425352942|-0.11868149|0.6748382|2.0761318
1509425353063|0.77720785|-2.381331|2.82308
1509425353184|-0.89355814|-0.6724348|-2.4981766
1509425353304|0.53259087|1.0867519|-3.1638765
1509425353430|2.6581235|1.6071744|1.5797482
1509425353544|-0.29195404|-1.133848|4.704691
1509425353662|-0.32183218|-1.1259775|-1.9308558
1509425353781|-0.85299444|-0.66790783|-2.9084358
1509425353902|-1.2802076|0.62974143|-0.52194214
1509425354026|1.251666|1.0596739|1.5730495
1509425354145|-0.30938601|-2.267955|3.973814
1509425354276|-1.9370428|-0.87839603|-1.7324352
1509425354389|0.73865736|-0.12178087|-2.7988548
1509425354501|1.1931369|1.819636|-0.29242992
1509425354621|0.15668309|1.419312|3.4251108
1509425354741|0.7430806|-2.322178|0.60291576
1509425354866|0.6098225|-1.1276083|-1.8326216
1509425354984|-0.90982234|-0.5741267|-2.0890865
1509425355100|0.7987928|0.65347624|0.25907707
1509425355230|0.6063001|0.5001645|1.4581861
1509425355348|-0.4464711|-2.1488056|2.587346
1509425355468|-0.7392101|0.2360866|-1.9313364
1509425355582|0.9670843|1.301614|-2.1232557
1509425355702|1.5527332|1.8469176|1.5054855
1509425355822|-0.7090201|0.9783442|2.5944052
1509425355946|0.4282831|-1.413022|-1.0121202
1509425356077|-0.9258832|-0.7514882|-1.62428
1509425356184|0.11123222|0.24743533|-0.81903744
1509425356306|0.96895814|-0.41378808|1.4364948
1509425356428|-1.5186046|-1.2693787|1.3900003
1509425356548|-1.7256153|-0.5081146|-1.0150919
1509425356666|0.60851914|0.4801736|-2.0412436
1509425356787|0.6477112|1.4641292|0.17790222
1509425356901|-0.17691976|1.5739491|1.8704195
1509425357026|0.777134|-1.897691|0.9184389
1509425357146|-0.14163414|-0.69329643|-1.3998432
1509425357264|-0.19398992|0.14104581|-1.7172632
1509425357384|0.53032255|0.47327805|-0.26707268
1509425357506|0.3218657|0.5730903|2.2893982
1509425357630|-1.5619364|-1.8499131|0.85367966
1509425357745|-0.3166254|-0.2993474|-0.75211143
1509425357866|1.2515131|0.8808408|-1.9619026
1509425357982|0.8431785|1.1564486|0.05463028
1509425358109|-0.49441856|1.2739062|2.6750698
1509425358228|0.6044012|-1.1071913|0.6282692
1509425358356|0.4429308|-1.2601466|-1.3755121
1509425358470|-0.51535237|-0.1842637|-2.1464329
1509425358590|0.24147882|0.9603951|-0.30138206
1509425358701|0.5344986|0.14708829|4.227577
1509425358823|-1.0866812|-2.1566565|1.4036198
1509425358941|-0.29802477|-0.6506603|-2.8796663
1509425359067|1.7537115|0.8161652|-2.6043444
1509425359185|1.1029879|1.7881722|1.520545
1509425359308|-0.70661914|0.20701051|4.135974
1509425359432|-0.03396237|-1.4023607|-1.5082607
1509425359544|-1.0892828|-1.1653795|-1.5234013
1509425359669|-1.0971341|-0.38487077|-0.9064131
1509425359781|1.2875104|1.0655885|-0.09313011
1509425359912|-0.6649233|0.35254383|4.043744
1509425360025|-1.2844532|-1.8792074|-0.8235636
1509425360151|0.5149431|-0.8808818|-2.399146
1509425360267|0.3883409|1.7837644|-1.496707
1509425360390|1.330493|1.5953918|2.0479784
1509425360506|-0.43053788|-0.67105365|3.5957975
1509425360624|-0.9858241|-0.0488472|-2.4523516
1509425360748|0.2042439|-0.72062063|-0.784276
1509425360867|0.60642505|-0.17133665|-1.2636671
1509425360982|1.3140677|0.9138098|1.0279932
1509425361103|-2.600651|-1.6989024|1.8185854
1509425361227|-1.2977552|-0.86735415|-2.0957003
1509425361342|1.0947957|0.5304537|-2.631938
1509425361466|0.6056188|1.2939069|0.046168327
1509425361584|0.35097736|1.264456|2.8258638
1509425361704|0.7394068|-1.4701707|0.89927864
1509425361823|9.481907E-4|-0.56728745|-1.2406168
1509425361949|-0.2133515|-0.12784553|-1.5404968
1509425362066|0.30657893|0.7078085|-0.9579029
1509425362186|0.47654825|0.552354|3.4734325
1509425362313|-0.7750232|-1.709358|0.6306391
1509425362433|0.3748648|-0.7978728|-0.9056406
1509425362543|0.33549863|1.2236772|-2.2601776
1509425362666|0.45396638|1.347348|0.6716757
1509425362787|-1.1999295|-0.21972919|2.996953
1509425362902|-0.32837123|-0.8006673|-0.80243206
1509425363029|0.007694006|-0.6141889|-2.1120157
1509425363150|-0.64842826|0.6212814|-2.189393
1509425363264|1.184771|0.87175596|2.3881903
1509425363388|-0.83797306|-1.050632|3.4149265
1509425363509|-1.3251108|-0.40316188|-0.92506886
1509425363639|1.2629638|0.17206228|-2.4477768
1509425363743|1.7172499|1.9258072|-0.5761337
1509425363871|1.4054294|0.5734308|2.4165993
1509425363987|-1.9587452|-2.819062|3.1930246
1509425364103|-0.011353016|-0.7431581|-3.9268723
1509425364229|0.21243113|-0.3048525|-1.6436901
1509425364345|-0.13679123|1.0692282|-0.23308945
1509425364466|0.35074338|1.7640839|2.1817179
1509425364595|-0.4488422|-3.524158|2.6270952
1509425364707|-0.6248742|-0.644588|-3.7960663
1509425364826|1.759522|1.1715257|-2.6239443
1509425364948|1.7388273|1.296679|1.6680698
1509425365062|-1.3875265|-0.1480062|4.7170258
1509425365187|0.25873363|-0.8199923|-2.298647
1509425365310|-0.49913728|-1.0701046|-2.5564613
1509425365431|-1.5350314|0.5023134|-0.48560905
1509425365544|0.38180003|1.460377|1.035574
1509425365665|-0.30359572|-2.3277252|4.4765415
1509425365793|-2.7077618|-1.1132936|-1.2878923
1509425365904|-0.32513893|-0.3911984|-4.0007505
1509425366029|2.1485124|1.9788513|-0.13551712
1509425366148|0.10402256|1.6856897|5.421171
1509425366265|-0.05837959|-2.2841845|1.0431957
1509425366390|0.13128746|-1.4736729|-2.1234589
1509425366506|-1.3588606|-1.5614843|-2.7315855
1509425366634|0.01901079|1.3866735|0.040046692
1509425366744|1.3190885|1.3581314|2.940239
1509425366865|-3.0391526|-1.7952003|1.7219887
1509425366986|-1.1421615|-0.21182871|-3.1986074
1509425367106|1.401143|1.8080902|-1.7922678
1509425367231|0.7739967|0.50756836|2.1080017
1509425367343|-0.8907684|0.19018984|1.3121576
1509425367469|0.42168844|-0.9283774|-0.27095413
1509425367595|0.43798923|-0.57945395|-1.8427858
1509425367703|-1.1267116|0.97040784|-0.38973045
1509425367825|-0.1858232|1.6368406|1.8654394
1509425367948|-1.5725989|-2.607459|3.5408726
1509425368065|-1.4449041|-0.74067616|-2.3088036
1509425368190|0.5549106|0.024288893|-2.3010788
1509425368304|0.7175759|1.7338744|0.64475155
1509425368426|1.3332915|0.76369786|2.368825
1509425368558|0.49634373|-1.5088625|1.006319
1509425368668|-0.081300914|-0.92696023|-1.6602869
1509425368790|-0.17701462|0.056143045|-1.78403
1509425368904|0.23755263|0.20003533|0.16359138
1509425369024|0.2877115|1.1027288|2.11384
1509425369144|-1.2922108|-1.7179065|-0.07332516
1509425369268|-0.69074583|-0.42590523|-1.9751453
1509425369383|0.06403974|2.0737643|-1.0474081
1509425369505|0.9471782|0.7126596|1.1488924
1509425369625|-0.69552934|-0.95229363|2.149765
1509425369748|0.23312005|-0.58336854|-0.83050346
1509425369865|0.2425777|-0.15652585|-2.4639254
1509425369984|-0.24787328|0.41988492|-0.27445602
1509425370113|0.8697136|1.2439804|0.9637699
1509425370230|-1.8129056|-1.7469366|3.792673
1509425370346|0.20363921|-1.3949804|-2.0047798
1509425370471|0.8138561|0.5660317|-1.5932608
1509425370583|0.55390656|1.266969|-0.86967945
1509425370703|0.6840719|1.4809165|1.9696007
1509425370828|0.49340248|-1.3103418|1.2173901
1509425370950|-0.6499803|-0.6039648|-0.6570997
1509425371073|0.30882275|0.20812225|-1.954339
1509425371186|0.84682715|0.16320515|0.26838207
1509425371305|0.33346432|1.3566067|1.3802538
1509425371425|-1.1418113|-2.329396|2.5165596
1509425371545|0.02478695|-0.627059|-2.4178677
1509425371666|1.2674171|0.5394645|-1.8203802
1509425371785|0.63421005|1.4674826|1.0178165
1509425371914|-1.3222839|0.9463403|2.1354208
1509425372026|0.5437295|-1.1052818|-1.1710644
1509425372146|0.13627519|-0.34520435|-1.9078369
1509425372272|0.06629166|0.4420402|-0.99108124
1509425372388|1.0808566|0.929806|1.6287355
1509425372504|-0.57118285|0.19704866|2.0406847
1509425372627|-1.0446552|-1.7771068|-1.0303802
1509425372746|0.54297507|-0.11602235|-2.4114475
1509425372867|0.7261193|0.9168186|-0.57232
1509425372986|0.70854676|1.1710644|1.8731909
1509425373108|-0.6736022|-1.1845894|2.0454378
1509425373226|-0.11297389|-0.25553536|-0.66231155
1509425373346|0.092261836|-0.15931368|-1.9088736
1509425373470|0.5061959|0.16999793|-0.99243927
1509425373593|0.8140714|0.6574824|2.202179
1509425373709|-1.947956|-1.4775841|2.274662
1509425373827|-1.6473918|-0.42532516|-1.440836
1509425373949|0.63919073|0.57314086|-1.7059994
1509425374066|0.33293816|0.89397454|0.098407745
1509425374190|-0.15473574|1.8305044|1.6438208
1509425374308|1.434583|-1.5603395|0.5258665
1509425374438|-0.027088638|-1.0332735|-1.6822557
1509425374546|0.110818416|0.59390783|-1.3123827
1509425374669|0.49443617|0.56832933|0.19414139
1509425374787|0.46713507|1.0325444|2.3497381
1509425374909|-1.0674634|-1.8104062|0.2456913
1509425375027|-0.42522863|-0.41330576|-1.534605
1509425375148|0.024230853|1.3717158|-1.3134766
1509425375266|-0.07367561|0.96512175|1.7085629
1509425375393|-0.7206744|0.98424196|0.79692745
1509425375509|1.133503|-1.3099208|-0.6080084
1509425375626|0.15209001|-1.4293752|-1.2780256
1509425375750|-0.11373096|0.4671173|-0.9111309
1509425375878|1.0445278|1.090116|0.29876137
1509425375988|-1.4826598|0.2788129|1.3687181
1509425376110|-0.5415436|-1.2369509|-0.7392788
1509425376225|0.9446281|-0.17091656|-1.8169622
1509425376349|0.54703104|0.8481891|-0.7932596
1509425376474|-0.7415652|1.3245704|2.2329254
1509425376593|-0.08390021|-0.507977|0.6280184
1509425376706|-0.28392953|-0.9975848|-1.1912022
1509425376830|-0.28422302|-0.51132846|-1.7351074
1509425376954|-0.20055138|0.5967548|-0.39517498
1509425377075|2.7453241|1.3890777|-0.10669899
1509425377186|-3.0735893|-0.4962139|3.5640745
1509425377311|-1.8958435|0.27482867|-2.7785368
1509425377432|1.3749642|-0.90529084|-0.8694191
1509425377550|0.29002514|0.3769951|-0.5635557
1509425377673|-0.22946918|1.4623277|1.5020208
1509425377792|1.1056249|-1.4750464|1.5993776
1509425377907|0.5294264|-0.46204233|-1.6987944
1509425378030|0.5722507|-0.1278193|-1.8938093
1509425378148|0.62147546|0.53361654|0.40292263
1509425378270|0.7832689|1.287153|1.7510777
1509425378393|-1.5647207|-1.4514525|1.6331444
1509425378517|-0.6571287|-0.83907807|-0.92066765
1509425378629|0.28694806|0.82495904|-1.4319859
1509425378750|0.34305623|0.8768991|0.31332684
1509425378867|0.15888147|0.99601495|1.388629
1509425378986|1.0448895|-1.6380278|0.3718996
1509425379110|0.5117421|-0.829057|-0.622962
1509425379235|-0.1268453|0.056886196|-0.76427174
1509425379352|0.43458658|0.69050336|-0.54516315
1509425379468|0.51319194|-0.43137217|1.5742483
1509425379586|-0.26076984|-1.7744534|1.6849747
1509425379709|-0.51580405|-0.5908044|-0.059286118
1509425379827|-0.18073729|0.2411198|-1.2635565
1509425379959|-0.5408951|0.21330705|4.5967102E-4
1509425380069|-0.15409143|0.0072808266|0.6976538
1509425380189|0.38672552|-1.2966397|0.5501137
1509425380305|0.27847207|-1.1561497|0.19818687
1509425380428|-0.28662762|-0.26153672|-0.39617634
1509425380547|-0.06701784|-0.6979101|0.074923515
1509425380666|0.7633635|0.21871251|-0.4837427
1509425380787|0.54201293|0.09234488|0.70479107
1509425380907|-0.13755566|-0.01289475|-0.18247986
1509425381042|-0.419756|-0.363276|0.046268463
1509425381147|-0.26787287|0.6056919|-0.44288063
1509425381268|0.046536267|0.91073895|-0.60908794
1509425381395|-0.23053315|0.64519966|-0.025401115
1509425381506|-0.32896793|1.5165491|-0.66084766
1509425381626|-0.070809945|1.2947288|0.37361908
1509425381753|-1.3898889|0.48476636|1.2454033
1509425381869|-0.75739515|0.60282445|-0.059373856
1509425381993|0.9566803|-0.13062763|-0.9510946
1509425382109|0.35272002|-0.054272413|-1.05544
1509425382226|0.028578848|0.89713264|-0.20118141
1509425382348|0.2804865|0.5444763|2.3019981
1509425382472|-1.5487776|-0.94471574|0.9840336
1509425382591|-0.52826464|-1.0015001|-2.7464676
1509425382709|0.3251579|0.38707614|-0.47431278
1509425382835|0.47878033|0.7393074|-0.236372
1509425382950|0.50248945|0.9829979|1.6597061
1509425383069|0.71477115|-0.9815953|0.9064474
1509425383192|0.036927216|-0.98970556|-1.2049313
1509425383310|-0.18312904|-0.1450634|-1.6694555
1509425383436|0.03944414|0.71523166|-0.16135311
1509425383549|0.4429857|1.1693442|1.5196104
1509425383668|-1.9627881|-1.8218989|1.2215233
1509425383790|-0.4716505|-0.7227168|-0.75123787
1509425383909|0.47700745|0.8780339|-1.0544405
1509425384030|0.4419024|0.9147053|0.20121288
1509425384149|0.9911629|1.0095191|1.3653135
1509425384269|0.7958337|-1.7923534|1.3917179
1509425384392|0.5753615|-0.9487257|-1.5323181
1509425384510|0.16793615|-0.4679401|-0.8408537
1509425384627|-0.06839949|0.23779726|-0.71850586
1509425384746|0.6278593|0.9735737|1.1574497
1509425384871|-1.6554725|-0.44726992|2.407773
1509425384988|-0.86210227|-1.0597177|-0.9660845
