1509582182678|-0.5363012|5.353435|8.0924015
1509582182815|-0.6512229|5.602432|8.561666
1509582182940|0.02873042|6.167464|8.082825
1509582183073|-0.5267244|6.042965|7.469909
1509582183204|-0.17238252|6.2249246|7.038953
1509582183336|-0.31603462|6.033388|7.1251445
1509582183469|0.095768064|6.6079965|6.885724
1509582183601|0.4309563|7.2592196|6.4547677
1509582183733|0.90979666|6.4643445|6.0716953
1509582183864|0.34476504|7.067683|5.947197
1509582183996|0.9576807|7.2304893|5.650316
1509582184128|-0.58418524|7.833828|5.085284
1509582184260|0.31603462|7.728483|5.535394
1509582184397|0.48841715|8.255207|6.3302693
1509582184530|-0.7278373|8.303091|5.257667
1509582184657|0.23942018|7.431602|5.1523223
1509582184788|0.39264908|7.469909|6.2249246
1509582184920|0.4213795|7.5465236|5.45878
1509582185053|0.5267244|7.345411|5.592855
1509582185184|0.076614454|7.422025|6.1004257
1509582185316|0.40222588|7.4028716|6.253655
1509582185449|0.2681506|7.489063|6.033388
1509582185581|-0.11492168|7.536947|6.4260373
1509582185712|0.4309563|6.531382|6.397307
1509582185851|0.31603462|7.2209125|6.9240313
1509582185980|0.4405331|6.9719152|6.4643445
1509582186110|0.22984336|7.019799|6.3111157
1509582186249|0.32561144|6.789956|6.5984197
1509582186372|0.49799395|6.493075|7.1251445
1509582186505|1.0630256|6.2249246|7.0581064
1509582186636|0.7086837|6.2249246|7.642292
1509582186769|0.80445176|6.6271505|6.8569937
1509582186900|1.292869|6.540959|7.28795
1509582187034|0.6703765|6.933608|6.8569937
1509582187166|0.89064306|6.6846113|6.6367273
1509582187296|1.2066777|6.1195793|6.847417
1509582187430|1.4269443|6.2632318|6.4643445
1509582187560|0.41180268|7.0964136|7.824251
1509582187697|-0.22026655|7.6231384|6.6846113
1509582187830|0.06703765|6.9527617|6.1004257
1509582187957|0.61291564|5.5258174|7.1155677
1509582188089|1.4939818|5.45878|7.019799
1509582188221|0.45968673|6.531382|7.9583263
1509582188353|0.6991069|6.5505357|6.895301
1509582188484|-0.37349546|7.192182|7.489063
1509582188616|0.61291564|6.1004257|7.1251445
1509582188750|0.23942018|6.6175733|6.3781533
1509582188881|0.80445176|6.3111157|7.0964136
1509582189012|0.61291564|6.3685765|7.1251445
1509582189145|0.36391866|6.6654577|6.9623384
1509582189283|0.58418524|6.2728086|7.2592196
1509582189409|0.23942018|6.3302693|7.7667904
1509582189540|1.1300632|6.493075|7.1155677
1509582189672|0.22026655|7.1155677|6.339846
1509582189805|0.63206923|6.0621185|5.7843914
1509582189936|-0.49799395|5.9184666|7.9104424
1509582190069|1.436521|6.5696893|8.24563
1509582190200|0.45968673|7.73806|5.93762
1509582190332|-0.38307226|6.7803793|6.8665705
1509582190466|0.79487497|6.0046577|8.00621
1509582190596|1.7525556|5.9567738|6.9719152
1509582190730|1.2066777|6.4547677|6.2728086
1509582190865|0.35434186|6.6175733|7.1251445
1509582191000|1.3790601|6.646304|7.0006456
1509582191130|1.0342951|6.9048777|6.483498
1509582191256|0.59376204|6.9048777|6.588843
1509582191389|1.0726024|6.3781533|6.7229185
1509582191520|0.7565677|6.6846113|6.8186865
1509582191653|1.4269443|6.6175733|6.7324953
1509582191785|0.7374141|6.751649|6.703765
1509582191918|0.78529817|6.742072|7.029376
1509582192048|1.3599066|6.1387334|7.0006456
1509582192180|1.2737153|6.1866174|6.9623384
1509582192312|0.81402856|6.6271505|7.431602
1509582192450|1.1779473|6.4643445|6.8761473
1509582192580|0.90021986|6.0716953|7.2304893
1509582192715|1.0342951|6.033388|7.8912888
1509582192849|1.5705963|5.7843914|6.531382
1509582192973|1.3503298|6.1387334|7.929596
1509582193105|0.7374141|6.157887|7.7093296
1509582193237|2.825158|5.353435|7.192182
1509582193369|0.16280572|6.5218053|7.642292
1509582193501|1.7238252|5.439626|7.881712
1509582193634|1.13964|6.349423|7.0102224
1509582193767|-0.50757074|7.2113357|7.2209125
1509582193900|2.1930888|5.899313|7.335834
1509582194028|6.215348|4.462792|4.865018
1509582194167|0.45010993|6.4739213|6.5505357
1509582194300|-1.934515|7.2783732|8.8777
1509582194430|0.38307226|6.694188|7.1347213
1509582194556|2.2697031|6.7324953|3.5529952
1509582194689|-0.24899697|6.991069|9.32781
1509582194821|0.89064306|6.8665705|5.48751
1509582194953|0.5363012|7.383718|6.38773
1509582195084|1.9919758|6.301539|6.6654577
1509582195217|3.2273839|5.449203|6.5696893
1509582195350|-0.82360536|6.8091097|7.776367
1509582195481|-0.6607997|6.7708025|7.785944
1509582195616|1.5801731|6.2728086|5.659893
1509582195750|1.0630256|6.3302693|7.8625584
1509582195880|0.79487497|6.1004257|7.3166804
1509582196017|0.9576807|6.1866174|5.9567738
1509582196148|0.41180268|4.7788267|9.212888
1509582196272|0.39264908|4.6160207|9.5385
1509582196405|1.0247183|5.0661306|7.785944
1509582196537|1.7429788|4.9320555|7.8146744
1509582196669|0.59376204|5.6790466|7.967903
1509582196801|0.60333884|6.0046577|7.6231384
1509582196934|1.5131354|5.659893|7.52737
1509582197066|1.0151415|5.707777|7.651869
1509582197200|1.7621324|5.6886234|7.8625584
1509582197330|3.1124623|5.3821654|6.8091097
1509582197467|2.6144683|5.4300494|5.851429
1509582197600|-0.009576807|6.2249246|8.00621
1509582197730|-1.9057846|6.694188|9.662998
1509582197856|0.047884032|6.1004257|7.824251
1509582197989|5.1140146|5.1523223|4.6255975
1509582198121|4.146757|5.4779334|5.8322754
1509582198253|-0.10534488|7.153875|8.331821
1509582198385|1.1300632|7.1059904|6.081272
1509582198516|2.2122424|6.742072|5.93762
1509582198648|2.2888567|6.895301|5.631162
1509582198780|1.9153614|6.8569937|5.449203
1509582198917|1.8195933|6.2823853|7.881712
1509582199049|1.1587936|6.397307|7.038953
1509582199180|0.60333884|6.3685765|7.699753
1509582199316|-1.5227122|7.575254|7.872135
1509582199440|4.012682|5.5162406|5.717354
1509582199573|4.003105|5.497087|4.9320555
1509582199705|-1.6280571|7.2209125|8.2169
1509582199837|-1.4077905|7.201759|8.236053
1509582199969|0.49799395|6.540959|7.0581064
1509582200101|4.223372|5.592855|5.592855
1509582200233|2.633622|6.540959|6.694188
1509582200366|2.4037786|7.1347213|5.66947
1509582200499|3.466804|6.588843|5.363012
1509582200628|1.091756|7.565677|6.4260373
1509582200766|-0.5746084|9.069236|5.6407394
1509582200896|-0.5363012|9.030929|5.793968
1509582201026|2.9017725|7.565677|3.9743748
1509582201166|3.083732|7.201759|6.0142345
1509582201289|0.18195933|8.303091|6.0621185
1509582201421|0.05746084|8.6095495|5.401319
1509582201553|2.2601264|7.479486|4.711789
1509582201685|0.7757214|8.073248|5.899313
1509582201817|0.82360536|8.0924015|5.583278
1509582201950|1.13964|7.565677|5.861006
1509582202080|0.48841715|7.785944|5.9184666
1509582202217|0.7469909|7.1730285|6.9623384
1509582202350|0.2777274|7.067683|6.5026517
1509582202479|1.5035586|6.694188|6.703765
1509582202612|1.0821792|6.8186865|6.7708025
1509582202740|0.7661445|7.422025|6.0238113
1509582202873|0.51714754|7.632715|5.93762
1509582203005|0.90979666|7.3071036|6.205771
1509582203137|0.80445176|7.029376|6.789956
1509582203269|1.7046716|6.8186865|6.0716953
1509582203400|0.6512229|7.1059904|6.4164605
1509582203532|0.4213795|7.1730285|6.6750345
1509582203664|1.4556746|6.9048777|6.7803793
1509582203796|0.7469909|7.153875|6.0142345
1509582203929|0.60333884|7.249643|6.4164605
1509582204065|0.33518824|6.8761473|6.7803793
1509582204195|2.336741|6.3685765|5.7748146
1509582204326|-0.38307226|7.4507556|6.83784
1509582204456|2.336741|6.1100025|7.0102224
1509582204589|-0.047884032|7.2783732|7.335834
1509582204721|1.1492168|6.493075|6.933608
1509582204853|1.3120226|6.8665705|6.397307
1509582204984|0.9576807|6.7803793|6.7229185
1509582205116|0.8714894|6.7324953|6.5026517
1509582205249|0.047884032|6.7803793|7.1155677
1509582205381|0.34476504|6.3781533|6.540959
1509582205516|0.31603462|6.5218053|7.038953
1509582205650|0.60333884|7.0581064|7.240066
1509582205780|-0.34476504|7.7667904|6.9144545
1509582205914|-0.22026655|7.1347213|5.985504
1509582206048|0.05746084|6.531382|6.7612257
1509582206172|0.6703765|6.301539|7.1059904
1509582206304|0.45010993|6.9623384|6.435614
1509582206437|0.095768064|7.153875|6.081272
1509582206569|-0.095768064|7.2783732|6.0621185
1509582206700|0.20111294|7.1634517|6.205771
1509582206834|-0.20111294|7.52737|6.4260373
1509582206967|-0.31603462|6.7803793|6.4260373
1509582207096|-0.47884035|7.651869|6.885724
1509582207229|-0.047884032|7.3166804|5.66947
1509582207367|-1.3024458|7.642292|5.8705826
1509582207500|-0.22026655|7.335834|6.196194
1509582207630|-0.36391866|7.565677|5.813122
1509582207757|0.22026655|7.374141|5.985504
1509582207889|-0.23942018|7.326257|6.215348
1509582208020|-0.009576807|7.2209125|5.985504
1509582208153|-0.1436521|7.240066|6.6271505
1509582208285|-0.19153613|7.335834|6.2728086
1509582208418|0.21068975|6.9527617|6.38773
1509582208550|-0.38307226|7.2687964|6.3781533
1509582208684|0.10534488|6.895301|6.253655
1509582208813|0.047884032|6.9719152|6.7708025
1509582208950|-0.21068975|7.029376|6.0142345
1509582209080|-0.1340753|6.655881|6.38773
1509582209217|-0.02873042|6.885724|6.6175733
1509582209344|-0.33518824|7.2304893|6.2823853
1509582209473|-0.12449849|6.6654577|6.4643445
1509582209605|0.16280572|6.646304|6.9527617
1509582209736|-0.36391866|7.201759|6.703765
1509582209869|-0.19153613|7.0006456|6.4547677
1509582210001|-0.20111294|6.397307|6.3781533
1509582210133|0.047884032|6.6175733|7.4986396
1509582210269|0.076614454|7.2687964|6.301539
1509582210400|-0.63206923|7.067683|5.90889
1509582210530|-0.019153614|6.157887|6.646304
1509582210660|0.8619126|6.7229185|7.6135616
1509582210800|-0.23942018|7.536947|6.0621185
1509582210928|-0.06703765|7.2687964|6.3111157
1509582211057|0.80445176|6.9527617|5.5258174
1509582211188|-0.34476504|7.680599|6.8282633
1509582211320|1.8195933|7.747637|4.817134
1509582211453|-0.78529817|9.050082|3.4093432
1509582211585|-0.4405331|8.66701|4.146757
1509582211716|1.1204864|7.967903|5.0278234
1509582211850|1.2737153|7.872135|5.353435
1509582211984|0.32561144|8.197746|4.711789
1509582212112|-0.47884035|7.747637|5.6982
1509582212250|-1.0055647|8.1402855|5.8705826
1509582212379|1.1013328|7.469909|4.8267107
1509582212511|0.20111294|8.331821|4.8841715
1509582212641|0.19153613|8.935161|4.855441
1509582212773|0.095768064|9.730036|4.9224787
1509582212905|-0.6607997|7.6231384|4.050989
1509582213037|-0.08619126|7.9870567|4.6160207
1509582213168|-0.61291564|8.820239|3.5051112
1509582213300|-0.6991069|9.126697|3.3901896
1509582213432|-0.4309563|8.686164|3.7062242
1509582213564|-0.36391866|8.762778|3.7828386
1509582213699|-0.46926352|8.734048|3.4572272
1509582213831|-0.36391866|9.050082|3.3039982
1509582213968|-0.48841715|9.155427|3.217807
1509582214101|-0.18195933|9.241618|2.815581
1509582214230|0.29688102|9.222465|3.4859576
1509582214357|0.047884032|9.203311|2.7389667
1509582214489|-0.46926352|8.6574335|2.7389667
1509582214621|-0.2777274|8.858546|3.1794999
1509582214753|-0.5363012|10.036493|3.5625722
1509582214885|-1.1587936|9.471462|2.0494366
1509582215016|0.019153614|8.724471|1.0342951
1509582215150|0.641646|9.481039|2.336741
1509582215285|-0.10534488|8.820239|2.6527755
1509582215412|-0.08619126|10.228029|1.7046716
1509582215544|-0.33518824|8.925584|2.4229321
1509582215685|0.19153613|9.701305|1.8483237
1509582215818|-0.32561144|9.289502|2.6144683
1509582215940|0.12449849|8.7532015|2.6048915
1509582216073|-1.3024458|9.375694|2.3750482
1509582216204|0.24899697|9.11712|2.6527755
1509582216336|-0.9576807|8.485051|2.3080103
1509582216470|-0.6512229|8.7053175|2.5761611
1509582216606|0.842759|8.504205|4.596867
1509582216732|0.80445176|10.323798|4.8937483
1509582216868|0.20111294|8.236053|3.9743748
1509582216996|-0.36391866|7.5561004|5.209783
1509582217131|-0.30645782|7.441179|6.6175733
1509582217266|-0.8714894|7.929596|6.2632318
1509582217400|-0.02873042|7.153875|5.6790466
1509582217530|-0.06703765|6.7612257|6.493075
1509582217656|-0.15322891|7.335834|6.4547677
1509582217789|-0.7374141|8.121132|6.445191
1509582217920|-0.37349546|7.3645644|4.9224787
1509582218053|-0.61291564|7.2687964|5.755661
1509582218185|0.38307226|7.249643|6.493075
1509582218316|-0.6703765|7.9487495|5.889736
1509582218450|-0.22026655|7.469909|6.1004257
1509582218581|-0.05746084|7.5082164|6.483498
1509582218712|0.4213795|7.335834|5.650316
1509582218850|-0.22026655|7.4028716|5.142745
1509582218980|-0.1340753|7.0485296|5.6215854
1509582219117|0.9864111|7.1826053|5.6790466
1509582219250|-0.63206923|7.1730285|7.642292
1509582219373|0.7182605|9.059659|6.196194
1509582219510|-2.1930888|8.408437|4.55856
1509582219636|-0.009576807|6.8569937|5.9663506
1509582219768|0.91937345|6.445191|6.579266
1509582219900|0.29688102|7.153875|5.2289367
1509582220033|0.59376204|7.690176|5.3247046
1509582220167|-0.19153613|8.063671|5.755661
1509582220296|-0.35434186|8.322245|6.14831
1509582220431|-0.80445176|8.389283|4.9799395
1509582220566|0.10534488|7.8529816|4.6351743
1509582220699|0.30645782|7.4507556|5.056554
1509582220827|0.11492168|7.335834|5.4683566
1509582220957|0.25857377|6.8186865|6.9527617
1509582221089|0.51714754|7.374141|8.00621
1509582221224|-0.17238252|8.264784|5.8226986
1509582221352|-1.2354081|8.494628|3.3901896
1509582221485|-0.23942018|8.1402855|3.3327289
1509582221616|0.5363012|8.130709|5.401319
1509582221749|-0.58418524|8.389283|5.2863975
1509582221880|-0.22026655|7.479486|6.5026517
1509582222017|0.31603462|6.483498|6.38773
1509582222150|0.35434186|6.6654577|6.9240313
1509582222281|0.20111294|6.83784|6.339846
1509582222415|0.11492168|7.1059904|6.7612257
1509582222541|-0.02873042|7.240066|6.6175733
1509582222673|-0.25857377|7.1155677|6.4164605
1509582222805|0.38307226|6.540959|6.493075
1509582222937|-0.1340753|6.9623384|7.086837
1509582223069|0.33518824|6.5218053|6.6654577
1509582223201|0.16280572|6.5984197|6.253655
1509582223335|0.6607997|6.2823853|7.1730285
1509582223467|0.009576807|6.895301|8.00621
1509582223597|-0.08619126|6.8186865|7.144298
1509582223730|-0.2681506|6.7612257|6.789956
1509582223860|0.24899697|5.9280434|6.9623384
1509582223998|0.06703765|6.205771|7.3071036
1509582224130|0.2681506|6.0046577|7.383718
1509582224259|-0.20111294|6.7708025|7.0964136
1509582224389|0.16280572|6.081272|6.933608
1509582224521|-0.20111294|6.339846|7.345411
1509582224653|0.79487497|5.93762|7.651869
1509582224784|-0.41180268|6.4068837|6.943185
1509582224917|0.02873042|6.531382|7.1347213
1509582225049|0.60333884|5.7365074|7.0102224
1509582225184|-0.08619126|6.4547677|7.833828
1509582225317|0.076614454|6.789956|7.479486
1509582225451|-0.25857377|6.8186865|7.019799
1509582225583|0.009576807|5.7748146|7.2209125
1509582225716|0.06703765|5.659893|8.111555
1509582225840|0.076614454|5.793968|7.2113357
1509582225973|-0.17238252|5.7365074|7.8625584
1509582226105|-0.076614454|5.535394|8.073248
1509582226236|-0.22026655|5.583278|7.9391727
1509582226368|-0.19153613|5.3342814|8.2169
1509582226500|-0.48841715|5.535394|8.24563
1509582226634|-0.10534488|5.257667|7.8146744
1509582226764|-0.15322891|4.9799395|7.9104424
1509582226896|0.06703765|4.8841715|8.494628
1509582227030|-0.47884035|5.2959743|8.456321
1509582227167|-0.31603462|4.9799395|8.829816
1509582227294|-0.17238252|4.8937483|8.552089
1509582227424|-0.35434186|5.5258174|8.283937
1509582227557|-0.095768064|5.650316|7.632715
1509582227688|-0.22984336|5.2289367|8.331821
1509582227820|-0.18195933|5.5258174|7.843405
1509582227953|-0.02873042|5.6982|7.1826053
1509582228085|-0.076614454|5.803545|7.929596
1509582228217|-0.10534488|5.765238|7.8050976
1509582228348|-0.2681506|6.3685765|7.441179
1509582228480|-0.15322891|6.6367273|6.9623384
1509582228617|0.22984336|6.3781533|6.4260373
1509582228750|-0.37349546|6.1100025|7.824251
1509582228880|0.11492168|6.2823853|7.1730285
1509582229017|-0.02873042|6.435614|6.789956
1509582229140|-0.25857377|6.0525417|7.5465236
1509582229273|0.019153614|6.0716953|7.067683
1509582229405|-0.22026655|6.215348|7.038953
1509582229537|-0.019153614|5.947197|6.588843
1509582229669|-0.48841715|5.104438|9.241618
1509582229800|0.46926352|5.2959743|7.2113357
1509582229934|0.1436521|6.253655|8.015787
1509582230064|-1.1875241|4.903325|9.490616
1509582230199|0.047884032|5.592855|7.6231384
1509582230336|-1.043872|6.3111157|7.383718
1509582230462|0.2873042|4.414908|8.781932
1509582230600|0.7278373|4.453215|7.374141
1509582230730|-1.1971009|5.449203|7.881712
1509582230857|-0.06703765|5.305551|8.264784
1509582230989|-0.06703765|5.6120086|7.9583263
1509582231121|-0.36391866|6.14831|7.699753
1509582231252|0.7374141|6.588843|7.067683
1509582231384|-0.34476504|7.086837|6.3111157
1509582231517|-0.2681506|6.042965|6.9240313
1509582231648|-0.10534488|5.2959743|8.839393
1509582231784|0.5363012|5.6120086|7.7572136
1509582231912|0.36391866|6.1387334|6.6654577
1509582232046|-0.4405331|6.215348|8.00621
1509582232180|-0.2681506|6.4643445|7.3166804
1509582232317|0.7086837|6.14831|7.038953
1509582232441|0.15322891|6.033388|7.603985
1509582232573|-0.8714894|6.5122285|7.201759
1509582232705|-0.06703765|6.301539|7.1059904
1509582232837|1.6567876|5.93762|6.6750345
1509582232969|-0.48841715|6.9144545|7.1730285
1509582233100|-0.49799395|6.5026517|6.742072
1509582233233|-0.06703765|5.746084|7.2304893
1509582233368|-1.4173675|6.6654577|8.580819
1509582233498|0.7182605|6.253655|7.1347213
1509582233630|2.030283|5.410896|6.6654577
1509582233767|-0.94810385|6.2249246|7.0964136
1509582233900|-2.5378537|6.742072|8.456321
1509582234024|1.5514427|5.257667|7.747637
1509582234156|0.93852705|6.0046577|6.14831
1509582234289|-0.6512229|7.4603324|6.196194
1509582234420|-0.15322891|7.153875|7.2592196
1509582234553|0.47884035|6.8282633|7.0102224
1509582234685|0.11492168|6.847417|6.5218053
1509582234816|-0.46926352|7.2783732|6.2823853
1509582234949|0.5746084|6.7324953|6.493075
1509582235080|0.35434186|6.9048777|6.6175733
1509582235213|-1.091756|7.6231384|6.090849
1509582235348|0.80445176|6.540959|6.8569937
1509582235480|0.36391866|6.540959|6.8186865
1509582235617|-0.4309563|7.3549876|6.6175733
1509582235740|0.22026655|7.0485296|6.253655
1509582235873|0.095768064|6.4547677|6.9144545
1509582236005|-0.59376204|6.0525417|7.2687964
1509582236137|0.15322891|6.1387334|7.699753
1509582236268|0.545878|6.6654577|6.6367273
1509582236400|-0.90979666|7.0581064|7.0006456
1509582236533|-0.63206923|6.196194|7.441179
1509582236665|0.59376204|5.66947|7.1634517
1509582236800|-0.4309563|6.1387334|7.249643
1509582236928|-0.29688102|6.493075|6.9144545
1509582237066|-0.641646|6.6079965|7.0581064
1509582237197|-0.8714894|6.9048777|7.2687964
1509582237330|0.05746084|6.6271505|6.588843
1509582237460|-0.545878|6.7324953|7.0485296
1509582237589|-0.4405331|6.4260373|7.1347213
1509582237721|0.21068975|6.6079965|6.167464
1509582237852|-0.62249243|6.5026517|7.843405
1509582237984|0.22984336|6.483498|6.588843
1509582238118|-0.038307227|6.5218053|7.086837
1509582238248|0.08619126|6.5505357|6.885724
1509582238384|0.58418524|6.4547677|6.8569937
1509582238512|0.076614454|6.339846|7.3549876
1509582238650|0.08619126|6.291962|7.086837
1509582238784|-0.2681506|6.5122285|7.07726
1509582238917|-0.095768064|6.215348|7.1155677
1509582239041|-0.7565677|6.301539|7.6135616
1509582239172|0.038307227|6.3781533|7.201759
1509582239305|1.4173675|5.8226986|6.991069
1509582239437|-0.35434186|6.1004257|7.422025
1509582239569|-0.22984336|5.6120086|8.034941
1509582239701|0.36391866|5.7748146|7.441179
1509582239832|0.16280572|6.2345014|7.1826053
1509582239964|-0.25857377|5.803545|7.6135616
1509582240096|0.8523358|5.4300494|7.651869
1509582240230|0.6512229|5.5258174|7.795521
1509582240367|-0.4405331|5.707777|7.6135616
1509582240501|-0.8714894|6.157887|7.5848308
1509582240624|0.46926352|5.4204726|7.469909
1509582240757|-0.16280572|5.650316|7.872135
1509582240888|-0.78529817|5.985504|8.082825
1509582241020|0.38307226|5.6982|7.0581064
1509582241152|-0.33518824|5.899313|7.383718
1509582241284|-0.8714894|5.6215854|8.149862
1509582241416|-0.17238252|5.554548|7.699753
1509582241548|1.484405|5.2289367|7.201759
1509582241684|-0.78529817|5.947197|8.2169
1509582241812|-0.1340753|5.544971|7.3166804
1509582241944|-0.46926352|5.6120086|8.197746
1509582242080|-0.2777274|5.6120086|7.4124484
1509582242208|-0.1436521|5.746084|7.690176
1509582242341|-0.1340753|5.5162406|7.9008656
1509582242473|-0.4213795|5.7269306|8.063671
1509582242605|-0.51714754|5.7269306|7.1730285
1509582242737|-1.6567876|6.5601125|7.240066
1509582242869|-0.038307227|5.401319|6.9719152
1509582243001|0.06703765|5.363012|8.226477
1509582243132|-0.1340753|6.205771|7.489063
1509582243266|-1.0055647|6.6367273|7.240066
1509582243400|-0.29688102|6.301539|6.943185
1509582243529|-0.6512229|5.9280434|7.785944
1509582243667|0.25857377|5.315128|7.192182
1509582243796|-0.82360536|6.2632318|7.7667904
1509582243924|0.21068975|6.042965|6.9240313
1509582244057|-1.4748282|6.3781533|7.4028716
1509582244188|-0.02873042|5.6790466|7.5848308
1509582244321|-0.08619126|5.93762|7.2783732
1509582244453|-1.3790601|6.435614|7.019799
1509582244584|-0.40222588|5.6790466|7.699753
1509582244718|-0.5267244|6.167464|7.73806
1509582244850|-0.5267244|6.244078|7.2592196
1509582244980|-0.24899697|6.1195793|7.3645644
1509582245113|-0.29688102|6.0142345|7.431602
1509582245250|-0.79487497|6.5505357|6.9623384
1509582245380|-0.51714754|6.0621185|7.422025
1509582245510|-0.5746084|6.244078|7.536947
1509582245640|-0.7469909|6.291962|7.038953
1509582245773|-0.24899697|5.7843914|7.8912888
1509582245904|-0.9672575|6.6079965|7.029376
1509582246037|-0.81402856|6.2632318|6.847417
1509582246169|-0.4309563|5.899313|7.201759
1509582246300|-0.5363012|5.717354|7.201759
1509582246434|-0.37349546|5.755661|7.4603324
1509582246564|-0.5267244|6.483498|7.7189064
1509582246696|-0.45010993|6.129156|7.565677
1509582246830|-0.24899697|6.38773|7.201759
1509582246967|-0.38307226|6.1195793|7.8146744
1509582247099|0.02873042|5.4204726|7.824251
1509582247224|0.11492168|5.841852|7.0964136
1509582247356|-1.685518|5.8705826|8.2169
1509582247489|-0.22984336|5.4683566|7.4028716
1509582247621|-0.7182605|5.631162|8.101978
1509582247753|-0.81402856|5.6886234|8.169016
1509582247885|-0.6607997|6.081272|7.5848308
1509582248016|-0.40222588|5.9280434|6.7229185
1509582248148|-0.6512229|4.9895163|7.680599
1509582248285|0.22984336|5.6886234|7.9870567
1509582248418|-0.7565677|6.349423|7.1251445
1509582248550|-1.5227122|6.0238113|7.335834
1509582248684|0.6512229|5.0278234|7.9008656
1509582248817|-0.91937345|5.947197|8.303091
1509582248941|-1.0342951|6.1866174|7.52737
1509582249073|-0.31603462|6.0142345|8.073248
1509582249205|-0.5746084|5.5737014|7.97748
1509582249336|-0.9959879|5.8705826|6.6367273
1509582249469|0.31603462|5.2480903|8.121132
1509582249600|-0.63206923|5.7365074|7.8912888
1509582249735|-0.5554548|5.8705826|7.642292
1509582249868|0.06703765|5.2385135|8.408437
1509582250000|-0.45968673|6.081272|7.881712
1509582250135|-0.78529817|5.93762|6.9144545
1509582250268|-0.25857377|5.315128|7.4028716
1509582250400|-0.12449849|4.912902|8.255207
1509582250525|-0.2873042|5.6120086|8.197746
1509582250656|-0.31603462|5.48751|7.728483
1509582250788|-0.59376204|5.401319|8.264784
1509582250921|-0.15322891|5.2002063|8.475474
1509582251053|-0.40222588|5.6982|7.489063
1509582251184|-0.30645782|5.315128|7.651869
1509582251316|-0.15322891|4.960786|8.37013
1509582251450|0.019153614|5.506664|7.872135
1509582251584|-0.22026655|5.48751|8.121132
1509582251718|-0.22984336|5.6215854|7.843405
1509582251850|-0.17238252|5.1140146|7.929596
1509582251980|-0.2681506|5.353435|8.073248
1509582252117|-0.10534488|5.209783|7.785944
1509582252241|-0.45010993|4.960786|8.350976
1509582252372|-0.047884032|5.094861|8.255207
1509582252505|-0.5363012|5.3247046|8.293514
1509582252637|-0.076614454|5.257667|7.575254
1509582252769|-0.6512229|5.1810527|8.42759
1509582252902|0.29688102|4.5872903|7.536947
1509582253032|-1.0534488|4.8267107|8.446744
1509582253169|0.1436521|5.1523223|8.724471
1509582253300|-1.0055647|5.4300494|7.9008656
1509582253430|-0.29688102|4.8841715|8.207323
1509582253568|-0.29688102|4.9799395|8.781932
1509582253700|0.076614454|5.0374002|7.699753
1509582253824|-0.62249243|5.851429|7.4124484
1509582253956|0.08619126|4.817134|8.599973
1509582254089|-0.39264908|5.659893|7.6614456
1509582254220|-0.63206923|5.7748146|7.6231384
1509582254353|-0.51714754|5.8226986|7.4507556
1509582254485|-0.4405331|5.9567738|7.843405
1509582254616|-0.58418524|6.253655|7.240066
1509582254750|-0.35434186|6.2728086|7.07726
1509582254886|-0.32561144|6.215348|7.297527
1509582255018|-0.45010993|6.4739213|7.0485296
1509582255144|-0.31603462|6.0046577|7.0581064
1509582255280|-1.0821792|6.3781533|7.1826053
1509582255417|-0.29688102|6.3302693|7.07726
1509582255540|-0.842759|6.5505357|6.5122285
1509582255673|-2.231396|7.3645644|6.5601125
1509582255804|-0.91937345|7.0102224|6.3111157
1509582255937|-0.6991069|7.07726|6.2632318
1509582256069|-0.06703765|7.326257|5.9184666
1509582256200|-0.50757074|7.0102224|6.991069
1509582256333|-0.89064306|7.240066|6.0621185
1509582256467|-1.091756|7.153875|6.1195793
1509582256600|-0.6799533|6.8665705|6.895301
1509582256735|0.08619126|7.431602|6.1770406
1509582256868|-0.50757074|7.747637|5.765238
1509582257000|0.06703765|7.6614456|5.104438
1509582257127|0.5267244|7.6710224|5.315128
1509582257257|0.1340753|7.479486|6.1866174
1509582257389|-0.10534488|7.833828|5.506664
1509582257521|-0.21068975|8.130709|5.3821654
1509582257652|-0.2873042|7.6710224|5.7269306
1509582257785|-0.22026655|7.8146744|5.3247046
1509582257916|-0.33518824|7.479486|5.7748146
1509582258050|-0.30645782|7.479486|6.4260373
1509582258180|-0.17238252|7.8050976|5.5258174
1509582258318|-0.33518824|7.4028716|6.0716953
1509582258444|-0.37349546|7.374141|6.081272
1509582258580|-0.11492168|7.5561004|5.985504
1509582258719|-0.25857377|7.3549876|6.1195793
1509582258841|-0.009576807|7.5082164|5.9280434
1509582258973|-0.16280572|7.3166804|6.205771
1509582259105|-0.05746084|7.240066|6.3111157
1509582259236|-0.05746084|7.3645644|6.1195793
1509582259368|-0.05746084|7.0964136|6.2632318
1509582259501|-0.22026655|7.2592196|6.196194
1509582259632|-0.1436521|7.4124484|6.0716953
1509582259764|-0.40222588|7.1251445|6.2249246
1509582259900|-0.17238252|7.0964136|6.14831
1509582260028|-0.4309563|7.0006456|6.483498
1509582260161|-0.58418524|6.7133417|7.1826053
1509582260301|-0.41180268|6.5984197|7.0581064
1509582260425|-0.61291564|6.742072|6.5696893
1509582260557|-0.20111294|6.847417|6.6079965
1509582260689|-0.6607997|6.483498|7.1634517
1509582260820|-0.46926352|6.531382|6.6750345
1509582260953|-0.4309563|6.4068837|7.0006456
1509582261085|-0.4213795|6.38773|6.8665705
1509582261218|-0.35434186|6.588843|6.991069
1509582261348|-0.5363012|6.339846|7.192182
1509582261480|-0.4405331|6.655881|6.991069
1509582261612|-0.2873042|6.5984197|6.9623384
1509582261750|-0.45010993|6.0142345|7.2304893
1509582261880|-0.33518824|6.215348|7.1251445
1509582262018|-0.49799395|6.215348|7.3166804
1509582262140|-0.30645782|6.1387334|7.2687964
1509582262273|-0.45968673|6.090849|7.632715
1509582262405|-0.34476504|6.0621185|7.28795
1509582262537|-0.34476504|5.755661|8.00621
1509582262669|-0.545878|5.8226986|7.575254
1509582262800|-0.40222588|5.7269306|7.7572136
1509582262935|-0.4213795|5.7269306|7.9391727
1509582263068|-0.46926352|6.081272|7.1059904
1509582263201|-0.29688102|5.90889|7.8912888
1509582263330|-0.7757214|5.7365074|7.8529816
