1509425389120|63825
1509425390119|63827
1509425391122|63829
1509425392119|63830
1509425393120|63832
1509425394119|63834
1509425395121|63835
1509425396119|63837
1509425397127|63839
1509425398119|63841
1509425399120|63842
1509425400120|63844
1509425401121|63846
1509425402120|63848
1509425403122|63849
1509425404123|63851
1509425405119|63853
1509425406123|63855
1509425407120|63856
1509425408122|63858
1509425409121|63860
1509425410122|63861
1509425411119|63863
1509425412120|63865
1509425413120|63867
1509425414120|63868
1509425415123|63870
1509425416119|63872
1509425417120|63874
1509425418120|63875
1509425419121|63877
1509425420119|63879
1509425421128|63880
1509425422122|63882
1509425423121|63884
1509425424119|63886
1509425425120|63887
1509425426123|63889
1509425427120|63891
1509425428119|63893
1509425429119|63894
