1509425630678|-0.0077119265|-0.16765074|-0.9581986|0.23170935
1509425630805|-0.026539661|-0.15005459|-0.9643256|0.21646108
1509425630924|-0.05193836|-0.16382168|-0.9708899|0.16684602
1509425631045|-0.05790423|-0.1657467|-0.9790489|0.103142284
1509425631160|-0.08522451|-0.17338662|-0.9797787|0.05203444
1509425631290|-0.08567667|-0.18653591|-0.97595686|0.07329472
1509425631400|-0.07938189|-0.09766475|-0.9813444|0.14533857
1509425631519|-0.11286684|-0.088869154|-0.97493374|0.16990459
1509425631639|-0.10017775|-0.16764268|-0.95694387|0.21475296
1509425631759|-0.12479186|-0.14902024|-0.95855874|0.20829085
1509425631884|-0.09630415|-0.054961365|-0.96634465|0.23212673
1509425632002|-0.09057569|-0.06890561|-0.9631142|0.24384229
1509425632117|-0.088622205|-0.11845175|-0.9594542|0.23992284
1509425632248|-0.1091373|-0.1234917|-0.9638826|0.20921078
1509425632362|-0.099074535|-0.12853532|-0.9611583|0.22324347
1509425632490|-0.1044496|-0.16470057|-0.94453764|0.26422086
1509425632600|-0.08266386|-0.09995773|-0.9382226|0.32080135
1509425632724|-0.048173077|-0.05205301|-0.9255951|0.37181124
1509425632841|-0.054940645|-0.10910121|-0.9136268|0.38776875
1509425632961|-0.053383097|-0.09940401|-0.92661774|0.35867625
1509425633094|-0.040632755|-0.056854356|-0.9560427|0.28477877
1509425633198|-0.027893616|-0.045199517|-0.97705376|0.2062642
1509425633320|-0.049638685|-0.0792646|-0.9914827|0.09063821
1509425633443|0.029183118|0.10877017|0.9935885|0.009964322
1509425633563|0.105934195|0.15929005|0.9769149|0.09508933
1509425633679|0.12347214|0.20006526|0.97001636|0.061618365
1509425633800|-0.08820334|-0.15989341|-0.9822416|0.043078475
1509425633921|0.0055482415|-0.08589469|-0.9728939|0.21463633
1509425634038|-0.01945918|-0.13378249|-0.9323224|0.33540797
1509425634158|-0.033098925|-0.122179784|-0.8907033|0.43660524
1509425634283|-0.021998681|-0.115510866|-0.87165344|0.47580832
1509425634402|-0.028544908|-0.08183356|-0.8615144|0.50028133
1509425634520|-0.0055615613|-0.11667696|-0.88933736|0.44207987
1509425634642|-0.043574702|-0.18044543|-0.9068292|0.3784198
1509425634758|-0.07506275|-0.19172204|-0.9087861|0.36292708
1509425634882|-0.093441725|-0.14530689|-0.91673064|0.36022145
1509425635015|-0.056868646|-0.13267057|-0.9100178|0.38862854
1509425635127|-0.058744773|-0.12915654|-0.89766645|0.41720802
1509425635247|-0.038465966|-0.12710492|-0.8832662|0.44967273
1509425635367|-0.025409874|-0.19432145|-0.85589546|0.47857752
1509425635480|-0.051023267|-0.18749902|-0.8307912|0.52156186
1509425635605|-0.047229405|-0.1947454|-0.8100702|0.5510262
1509425635723|-0.042847995|-0.18241355|-0.80150974|0.56786567
1509425635842|-0.042527374|-0.19104847|-0.80892134|0.5543809
1509425635960|-0.055939343|-0.24261034|-0.8266346|0.50466454
1509425636083|-0.049336784|-0.18172343|-0.82905716|0.5265043
1509425636202|-0.083019026|-0.18478295|-0.83655334|0.50905955
1509425636320|-0.022730842|-0.17746708|-0.8046418|0.5661628
1509425636443|-0.062496413|-0.18106325|-0.75984585|0.6212444
1509425636567|-0.025510347|-0.1669048|-0.74731004|0.64266604
1509425636683|0.03102351|-0.19564219|-0.6915027|0.6946839
1509425636803|0.010304655|-0.2415938|-0.6468997|0.7232199
1509425636921|0.025702061|-0.18385996|-0.6252412|0.7580292
1509425637042|0.018897198|-0.26543173|-0.6702335|0.69280297
1509425637161|-0.0030179676|-0.2076935|-0.667563|0.7149922
1509425637279|-0.010597855|-0.22055836|-0.6878388|0.69146186
1509425637401|0.0071396474|-0.17610824|-0.68351805|0.7083346
1509425637526|0.0021884847|-0.19455595|-0.6794584|0.70744574
1509425637641|0.0051987153|-0.22983676|-0.67192614|0.7040336
1509425637761|0.01098962|-0.21729244|-0.67254543|0.7073513
1509425637889|0.018289821|-0.21429425|-0.67551243|0.7052846
1509425638003|0.015080701|-0.2283856|-0.67255867|0.7037595
1509425638119|0.012813349|-0.22445986|-0.6645644|0.7126063
1509425638243|0.010354197|-0.22317444|-0.6548593|0.7219732
1509425638359|0.010182591|-0.22542661|-0.6418795|0.73285055
1509425638480|0.0028453602|-0.22355783|-0.6306789|0.7431406
1509425638605|0.003404757|-0.22348285|-0.62673104|0.7464931
1509425638725|0.0060037114|-0.22330393|-0.62166196|0.7507568
1509425638840|0.0065540215|-0.22449729|-0.61735094|0.75394684
1509425638960|0.005144648|-0.22591743|-0.6154818|0.7550609
1509425639084|0.003821829|-0.22492133|-0.61881006|0.752642
1509425639202|0.002514544|-0.2205336|-0.6199104|0.75304025
1509425639319|0.0036905985|-0.22063471|-0.61663514|0.7556903
1509425639442|0.007763192|-0.22218156|-0.6123262|0.758704
1509425639565|0.012566924|-0.22237699|-0.6049588|0.7644707
1509425639687|0.017074546|-0.22239302|-0.59699386|0.7706154
1509425639800|0.020306401|-0.22420305|-0.5902067|0.7752269
1509425639919|0.01951002|-0.2244611|-0.5891524|0.7759743
1509425640044|0.015569398|-0.22473082|-0.5933518|0.7727789
1509425640162|0.014234152|-0.22512276|-0.6016585|0.76624024
1509425640280|0.01284931|-0.22461909|-0.6082308|0.7612072
1509425640402|0.012797512|-0.22377895|-0.61619294|0.7550268
1509425640526|0.013814139|-0.22414908|-0.61736786|0.7539385
1509425640652|0.015083191|-0.22299345|-0.6147957|0.75635487
1509425640764|0.015896168|-0.22287172|-0.6124346|0.7582871
1509425640887|0.01373966|-0.22368456|-0.6125979|0.75795794
1509425641004|0.011469682|-0.22306667|-0.61480796|0.7563867
1509425641129|0.009586226|-0.22375633|-0.6169446|0.75446707
1509425641248|0.0073774494|-0.22359973|-0.6171947|0.75433373
1509425641366|0.0021852248|-0.22639449|-0.61927265|0.75182587
1509425641480|-0.0018073099|-0.22330643|-0.62747014|0.74593043
1509425641606|-0.0038125971|-0.22232147|-0.64192086|0.733823
1509425641721|-0.0049558138|-0.2272662|-0.65770996|0.7181526
1509425641843|-0.009863158|-0.23067181|-0.6698094|0.7057256
1509425641962|-0.02282345|-0.21595462|-0.6953162|0.6851117
1509425642091|-0.025529657|-0.22222702|-0.73392683|0.6413383
1509425642202|-0.020857263|-0.23047084|-0.7517676|0.6174898
1509425642324|-0.030433152|-0.2302199|-0.7472143|0.62269044
1509425642450|-0.041861523|-0.23856126|-0.7338653|0.63464785
1509425642569|-0.05278791|-0.19721161|-0.71328616|0.6704803
1509425642688|-0.04207928|-0.19009626|-0.71225893|0.6743738
1509425642808|-0.014017274|-0.2084069|-0.71338487|0.6689186
1509425642925|-0.010931395|-0.2343561|-0.7087767|0.6652768
1509425643049|-0.014801819|-0.22828569|-0.71543235|0.660169
1509425643164|-0.003172007|-0.20337851|-0.73465216|0.6472351
1509425643284|0.0010019285|-0.22771265|-0.7528548|0.61753994
1509425643403|-0.0053596483|-0.2459742|-0.7555605|0.6071213
1509425643525|-0.0036338668|-0.24555524|-0.7563967|0.60626185
1509425643645|0.0043124994|-0.25045046|-0.7521411|0.6095405
1509425643761|0.0013543342|-0.24474585|-0.7421665|0.6239283
1509425643886|1.7089804E-4|-0.24539551|-0.73642665|0.6304418
1509425644008|0.0033613977|-0.2513311|-0.731131|0.63424665
1509425644121|0.0016527011|-0.2474618|-0.72508055|0.64266485
1509425644245|-0.004636865|-0.23974831|-0.7279411|0.64234024
1509425644364|-0.008600046|-0.237269|-0.738249|0.6313619
1509425644491|-0.007897586|-0.2371848|-0.7424119|0.62650263
1509425644603|-0.004261891|-0.23985772|-0.7418256|0.6262148
1509425644721|-0.0039523877|-0.2401325|-0.736821|0.63199335
1509425644842|-0.005428955|-0.23532094|-0.7273015|0.64469147
1509425644966|-0.0029330861|-0.23746355|-0.72064054|0.65136755
1509425645081|3.4573616E-4|-0.24486686|-0.7143622|0.65553546
1509425645203|9.406864E-4|-0.24430418|-0.71006566|0.66039485
1509425645327|-3.1969982E-4|-0.24176097|-0.71081764|0.66052234
1509425645452|-0.0024207798|-0.24167691|-0.71343344|0.6577227
1509425645566|-0.0041668853|-0.23516402|-0.7204964|0.65235376
1509425645687|-0.0054128347|-0.23021844|-0.7300854|0.64338595
1509425645804|-0.006183993|-0.23069426|-0.73636395|0.63601106
1509425645927|-0.00742169|-0.2259598|-0.73794127|0.63586926
1509425646053|-0.013681469|-0.21872441|-0.74163955|0.63398993
1509425646161|-0.033418067|-0.21489464|-0.75533104|0.6182059
1509425646283|-0.048654307|-0.2019705|-0.78319323|0.5860452
1509425646408|-0.0345494|-0.18673478|-0.8074313|0.55856174
1509425646523|-0.034728583|-0.2278988|-0.8101682|0.5389652
1509425646656|-0.041342746|-0.22965732|-0.80432093|0.5464578
1509425646765|-0.04698654|-0.20389855|-0.8142444|0.5415014
1509425646884|-0.03559085|-0.21638778|-0.8330568|0.5078642
1509425647006|-0.06599922|-0.18997756|-0.8431899|0.49858147
1509425647125|-0.09790664|-0.20851226|-0.86952776|0.4368734
1509425647247|-0.118385874|-0.21568988|-0.8828873|0.39996582
1509425647366|-0.10803446|-0.18770684|-0.90292686|0.3712381
1509425647480|-0.08183291|-0.1751095|-0.9254834|0.32576135
1509425647601|-0.002751922|-0.18456233|-0.9269948|0.32651156
1509425647724|0.07216824|-0.1984332|-0.90582377|0.3672864
1509425647854|0.08714196|-0.2242822|-0.8983986|0.3674013
1509425647971|0.08472738|-0.2486559|-0.9018527|0.34300616
1509425648089|0.071964286|-0.2737923|-0.9045647|0.3187815
1509425648202|0.062669456|-0.2626398|-0.90401834|0.3314268
1509425648323|0.040795345|-0.2569005|-0.9105035|0.32143626
1509425648448|0.045081962|-0.26742244|-0.91581327|0.29620755
1509425648562|0.036421765|-0.24881758|-0.9243125|0.28707093
1509425648689|0.04149302|-0.24518897|-0.9148939|0.31800914
1509425648806|0.040461887|-0.24651243|-0.8911172|0.37882
1509425648928|0.025498794|-0.22626509|-0.8739509|0.429376
1509425649048|0.009919661|-0.21359554|-0.84355307|0.49264258
1509425649165|0.023883259|-0.20809577|-0.813795|0.5420918
1509425649285|0.053719856|-0.1956895|-0.75212806|0.6269953
1509425649403|0.074366674|-0.1771295|-0.68340015|0.70431453
1509425649525|0.097676344|-0.1745817|-0.6399281|0.74193835
1509425649641|0.09689093|-0.17386234|-0.6315657|0.7493389
1509425649766|0.08240485|-0.18039013|-0.63994896|0.7423841
1509425649885|0.07390587|-0.18965027|-0.6424232|0.7388255
1509425650010|0.082073174|-0.19395615|-0.6382139|0.74049175
1509425650132|0.07037409|-0.21240608|-0.6431727|0.7322978
1509425650246|0.04440881|-0.1891334|-0.6586096|0.726973
1509425650368|0.038254812|-0.19677013|-0.67826384|0.7069486
1509425650483|0.03420166|-0.20577855|-0.6810104|0.7019332
1509425650607|0.0392699|-0.20915703|-0.6786659|0.70293945
1509425650723|0.049302988|-0.22722034|-0.657872|0.7163411
1509425650847|0.06295955|-0.2296081|-0.64118284|0.7295209
1509425650968|0.075867236|-0.20454723|-0.6304931|0.7449047
1509425651088|0.07386978|-0.1898705|-0.6114241|0.7646261
1509425651206|0.08403242|-0.18254891|-0.5950437|0.7781629
1509425651327|0.096578486|-0.18700124|-0.5779606|0.78845716
1509425651450|0.09712777|-0.18935266|-0.5673102|0.7955318
1509425651567|0.08922825|-0.18275772|-0.58029145|0.7886062
1509425651685|0.07609319|-0.1618688|-0.6191065|0.7646669
1509425651801|0.06787189|-0.15827174|-0.67441434|0.7179894
1509425651934|0.034407105|-0.20076315|-0.7391425|0.64201146
1509425652045|-0.0031378658|-0.22174758|-0.82693344|0.51671964
1509425652168|-0.016321363|-0.17231776|-0.9172774|0.35866743
1509425652283|-0.05272619|-0.17650445|-0.97063303|0.15471815
1509425652402|0.068955086|0.19090873|0.97875154|0.02906045
1509425652524|0.10592841|0.17236201|0.96443945|0.1700797
1509425652646|0.16964065|0.12645385|0.927479|0.3082436
1509425652767|0.18420516|0.092744224|0.88815033|0.41067743
1509425652887|0.15971562|0.03534354|0.8701137|0.4649128
1509425653014|0.13507243|0.026118455|0.84461075|0.5174031
1509425653124|0.1682731|0.06043903|0.8131307|0.55394024
1509425653248|0.16122206|0.046199393|0.79860187|0.5780208
1509425653368|0.15798245|0.052829053|0.7894341|0.5907998
1509425653486|0.17638586|0.016430192|0.7480539|0.63955724
1509425653602|0.23175788|1.6731853E-4|0.72273105|0.6511129
1509425653739|0.23617734|-0.013372522|0.7472794|0.620979
1509425653848|0.19287582|0.006230974|0.7809873|0.5939856
1509425653968|0.14617614|0.025620895|0.8174828|0.55650514
1509425654084|0.12387288|0.032120064|0.8572887|0.49867812
1509425654202|0.1494706|0.045079786|0.88971585|0.42898956
1509425654325|0.10856467|0.07567985|0.93157476|0.33860698
1509425654445|0.09941137|0.073601015|0.9577936|0.25948358
1509425654562|0.0901587|0.080116205|0.9732445|0.19557099
1509425654687|0.10541249|0.12818164|0.9733803|0.15807734
1509425654816|0.061061606|0.11587484|0.9884066|0.07679143
1509425654925|-0.0798931|-0.1322295|-0.9879802|0.0052527813
1509425655049|-0.069065586|-0.10542569|-0.9842853|0.12368451
1509425655169|-0.050332557|-0.07030507|-0.97156817|0.22040685
1509425655283|-0.025909899|-0.11523653|-0.94888127|0.2927004
1509425655404|-0.108256154|-0.11506007|-0.91434747|0.37284115
1509425655523|-0.11803497|-0.13182962|-0.88116056|0.4384573
1509425655652|-0.09964253|-0.106387295|-0.8587612|0.49120498
1509425655761|-0.077024065|-0.111095406|-0.8395042|0.5262678
1509425655892|-0.063990906|-0.12667955|-0.80341583|0.57825637
1509425656004|-0.023045657|-0.15155576|-0.7281004|0.66810894
1509425656122|-0.019966565|-0.11627991|-0.65818274|0.74355614
1509425656250|0.016113732|-0.13968621|-0.64975995|0.74702084
1509425656369|0.07403436|-0.16573694|-0.6013379|0.7781021
1509425656486|0.11836575|-0.17568167|-0.4920431|0.8444046
1509425656605|0.12957896|-0.15365891|-0.37400493|0.9053831
1509425656733|0.1603514|-0.14548288|-0.2409599|0.9460764
1509425656849|0.17107116|-0.1304119|-0.17879502|0.9600832
1509425656962|0.16410147|-0.12216516|-0.14446217|0.9681307
1509425657085|0.18461621|-0.13939372|-0.11556668|0.96598685
1509425657212|0.2007363|-0.13198574|-0.1075986|0.9647317
1509425657329|0.23105264|-0.14459606|-0.063041665|0.96006894
1509425657443|0.20121355|-0.13931979|-0.03483736|0.9689631
1509425657562|0.20464686|-0.12673928|-0.035250474|0.9699558
1509425657689|0.21262763|-0.088821486|-0.06978842|0.9705822
1509425657810|0.23304218|-0.07929577|-0.11947169|0.9618368
1509425657928|0.22799869|-0.08256397|-0.151706|0.95821977
1509425658055|0.23671353|-0.0882493|-0.19027267|0.94867015
1509425658163|0.21802133|-0.09315425|-0.20771034|0.94902337
1509425658283|0.2103724|-0.08775642|-0.2127135|0.9501554
1509425658407|0.21958482|-0.090320714|-0.21169168|0.9480566
1509425658524|0.24238007|-0.07786847|-0.197741|0.9466187
1509425658646|0.24042077|-0.07103637|-0.17637286|0.9518636
1509425658763|0.2452263|-0.07702721|-0.14370939|0.95565605
1509425658888|0.22396937|-0.0773323|-0.12808746|0.9630426
1509425659007|0.22227775|-0.078900516|-0.14620693|0.9607241
1509425659129|0.21604714|-0.09513298|-0.20218131|0.9504715
1509425659248|0.2121044|-0.10288201|-0.25648946|0.9373581
1509425659369|0.19663297|-0.12272243|-0.32155895|0.918082
1509425659490|0.18680331|-0.13559984|-0.3818795|0.8949219
1509425659604|0.1614133|-0.16273159|-0.4452769|0.86555916
1509425659727|0.15510046|-0.16676255|-0.49493808|0.8385526
1509425659852|0.17227718|-0.17042826|-0.5193826|0.8194611
1509425659963|0.17984873|-0.18223992|-0.5405604|0.8013972
1509425660086|0.16517557|-0.18522409|-0.5443063|0.8013362
1509425660207|0.16440111|-0.18314072|-0.5441479|0.8020815
1509425660328|0.16905992|-0.19349068|-0.538566|0.8024505
1509425660448|0.16607518|-0.19130917|-0.50722355|0.82373786
1509425660566|0.17245115|-0.17843819|-0.46394676|0.8503963
