1509498988604|-1.1032481|2.2609777|9.493382
1509498988736|-1.2530719|2.3699405|9.438901
1509498988867|-1.4982383|2.4789033|9.384419
1509498988999|-1.7706451|2.587866|9.302697
1509498989131|-2.0566726|2.6832085|9.220975
1509498989264|-2.4108014|2.7240696|9.112013
1509498989396|-2.7785509|2.73769|9.01667
1509498989526|-3.1735408|2.669588|8.894087
1509498989659|-3.5140495|2.587866|8.798745
1509498989791|-3.800077|2.587866|8.676161
1509498989923|-4.31765|2.6423473|8.417375
1509498990054|-5.0531487|2.0566726|8.158588
1509498990187|-6.020194|0.6810174|7.722737
1509498990319|-6.891896|-0.8853226|6.932757
1509498990451|-7.504812|-2.2745981|5.9112306
1509498990583|-8.022385|-3.2825036|4.6036773
1509498990715|-8.21307|-4.195067|3.3642259
1509498990847|-8.063246|-5.0395284|2.3971813
1509498990979|-7.804459|-5.720546|1.6208212
1509498991111|-7.43671|-6.3334613|0.83084124
1509498991244|-6.932757|-6.932757|0.027240695
1509498991378|-6.483285|-7.3413677|-0.49033248
1509498991507|-6.197258|-7.572913|-0.57205456
1509498991639|-6.1836376|-7.5865335|-0.5448139
1509498991771|-6.2926006|-7.477571|-0.6810174
1509498991903|-6.3470817|-7.43671|-0.7627395
1509498992034|-6.2517395|-7.518432|-0.7627395
1509498992167|-5.9657125|-7.763598|-0.61291564
1509498992299|-5.5571017|-8.063246|-0.5448139
1509498992431|-5.2710743|-8.253931|-0.57205456
1509498992563|-5.202973|-8.294791|-0.57205456
1509498992694|-5.407278|-8.158588|-0.55843425
1509498992827|-5.802268|-7.886181|-0.5448139
1509498992959|-6.0474343|-7.695496|-0.5448139
1509498993091|-6.1291566|-7.6273947|-0.5448139
1509498993223|-5.979333|-7.763598|-0.49033248
1509498993355|-5.652444|-8.008764|-0.38136974
1509498993493|-5.366417|-8.19945|-0.36774936
1509498993656|-5.2302136|-8.281172|-0.3949901
1509498993753|-5.434519|-8.144968|-0.42223078
1509498993883|-5.8295083|-7.8725605|-0.46309182
1509498994015|-6.1291566|-7.641015|-0.47671217
1509498994146|-6.2108784|-7.572913|-0.49033248
1509498994279|-6.0474343|-7.695496|-0.50395286
1509498994411|-5.720546|-7.9542828|-0.46309182
1509498994543|-5.448139|-8.144968|-0.44947144
1509498994674|-5.393657|-8.172209|-0.46309182
1509498994807|-5.611583|-8.022385|-0.49033248
1509498994939|-5.9657125|-7.763598|-0.57205456
1509498995071|-6.2244987|-7.559293|-0.5992953
1509498995203|-6.3198414|-7.477571|-0.5992953
1509498995335|-6.197258|-7.572913|-0.50395286
1509498995466|-6.0065737|-7.7499776|-0.25878662
1509498995599|-5.9112306|-7.8180795|0.19068487
1509498995731|-5.89761|-7.7908387|0.7763598
1509498995863|-5.88399|-7.722737|1.3620348
1509498995994|-5.815888|-7.641015|2.002191
1509498996126|-5.720546|-7.532052|2.6014864
1509498996258|-5.1076303|-7.763598|3.13268
1509498996390|-3.1599207|-8.621679|3.4323275
1509498996526|0.095342435|-8.362893|5.1212506
1509498996655|3.650253|-7.8317|4.630918
1509498996788|6.115536|-6.932757|3.2552629
1509498996925|7.3686085|-6.2108784|1.7434045
1509498997052|7.7908387|-5.9112306|0.58567494
1509498997183|7.736357|-5.979333|-0.5448139
1509498997315|7.504812|-6.1291566|-1.484618
1509498997447|7.2732654|-6.2244987|-2.0975335
1509498997579|7.1234417|-6.2244987|-2.5197642
1509498997712|7.0417194|-6.2517395|-2.6832085
1509498997843|7.000859|-6.2789803|-2.73769
1509498997976|6.905516|-6.4151835|-2.6559677
1509498998108|6.592248|-6.8237944|-2.4516625
1509498998239|6.197258|-7.259645|-2.192876
1509498998372|5.979333|-7.504812|-1.9749503
1509498998506|6.0610547|-7.4911914|-1.7297841
1509498998635|6.3743224|-7.2732654|-1.5527196
1509498998767|6.6331096|-7.06896|-1.4301364
1509498998902|6.7284517|-6.9872384|-1.375655
1509498999031|6.565007|-7.1506824|-1.293933
1509498999161|6.1563973|-7.504812|-1.334794
1509498999295|5.815888|-7.7499776|-1.4437568
1509498999426|5.7069254|-7.8180795|-1.484618
1509498999557|5.89761|-7.668256|-1.525479
1509498999692|6.2108784|-7.409469|-1.5390993
1509498999823|6.4151835|-7.2460246|-1.5390993
1509498999955|6.4560447|-7.2051635|-1.5527196
1509499000087|6.238119|-7.3822284|-1.5935806
1509499000219|5.815888|-7.7091165|-1.6344416
1509499000353|5.5434813|-7.8998013|-1.6616825
1509499000484|5.5434813|-7.8998013|-1.6889231
1509499000615|5.7886477|-7.7091165|-1.7570248
1509499000747|6.101916|-7.4639506|-1.7434045
1509499000879|6.26536|-7.3277473|-1.7570248
1509499001011|6.2244987|-7.3413677|-1.7842655
1509499001142|5.938472|-7.600154|-1.7434045
1509499001276|5.570722|-7.8725605|-1.7161638
1509499001409|5.3800373|-7.9951434|-1.7297841
1509499001539|5.434519|-7.967903|-1.7434045
1509499001671|5.7069254|-7.763598|-1.7978858
1509499001810|6.0610547|-7.4639506|-1.879608
1509499001934|6.238119|-7.300506|-1.9613299
1509499002067|6.1836376|-7.314126|-2.070293
1509499002200|5.8703694|-7.559293|-2.083913
1509499002330|5.529861|-7.804459|-2.1383946
1509499002463|5.366417|-7.886181|-2.2064962
1509499002595|5.529861|-7.7772183|-2.233737
1509499002728|5.8431287|-7.504812|-2.315459
1509499002860|6.1700177|-7.218784|-2.3971813
1509499002991|6.3198414|-7.05534|-2.4789033
1509499003123|6.1700177|-7.1234417|-2.6423473
1509499003255|5.815888|-7.3958488|-2.6968286
1509499003387|5.393657|-7.695496|-2.73769
1509499003518|5.2302136|-7.8180795|-2.73769
1509499003651|5.325556|-7.8317|-2.5197642
1509499003783|5.529861|-7.7772183|-2.2473574
1509499003914|5.7750273|-7.6546354|-2.002191
1509499004046|6.101916|-7.3958488|-1.9885707
1509499004179|6.2789803|-7.218784|-2.083913
1509499004312|6.3198414|-7.191543|-2.083913
1509499004443|6.238119|-7.2732654|-2.0158114
1509499004575|6.197258|-7.354988|-1.879608
1509499004706|6.2108784|-7.354988|-1.7978858
1509499004839|6.2517395|-7.314126|-1.838747
1509499004970|6.401563|-7.2051635|-1.7570248
1509499005102|6.551387|-7.0825806|-1.7161638
1509499005236|6.7148314|-6.8782754|-1.9068487
1509499005366|6.8782754|-6.6194887|-2.2064962
1509499005498|6.9463773|-6.483285|-2.4108014
1509499005631|6.7556925|-6.6603503|-2.4244218
1509499005763|6.5105257|-6.9463773|-2.315459
1509499005895|6.2517395|-7.191543|-2.2882183
1509499006026|6.020194|-7.3686085|-2.3563201
1509499006159|5.924851|-7.43671|-2.3699405
1509499006291|6.0610547|-7.3413677|-2.3290794
1509499006422|6.3334613|-7.1098213|-2.315459
1509499006554|6.5786276|-6.851035|-2.3971813
1509499006688|6.6058683|-6.782933|-2.5061438
1509499006819|6.469665|-6.891896|-2.5742457
1509499006952|6.1700177|-7.1643023|-2.547005
1509499007082|5.8295083|-7.4230895|-2.6014864
1509499007214|5.638824|-7.559293|-2.6423473
1509499007347|5.6796846|-7.518432|-2.6968286
1509499007479|5.9112306|-7.314126|-2.73769
1509499007611|6.238119|-7.05534|-2.6968286
1509499007743|6.387943|-6.932757|-2.669588
1509499007874|6.3743224|-6.9463773|-2.6559677
1509499008007|6.142777|-7.191543|-2.5333848
1509499008139|5.7886477|-7.4911914|-2.4925234
1509499008272|5.5843425|-7.6546354|-2.4789033
1509499008403|5.597963|-7.641015|-2.5061438
1509499008535|5.88399|-7.3958488|-2.5606253
1509499008667|6.2517395|-7.1234417|-2.4925234
1509499008799|6.4560447|-6.9463773|-2.4244218
1509499008931|6.4560447|-6.973618|-2.3699405
1509499009063|6.2244987|-7.218784|-2.2609777
1509499009204|5.8703694|-7.518432|-2.2473574
1509499009326|5.6796846|-7.6546354|-2.2473574
1509499009458|5.761407|-7.5456724|-2.3971813
1509499009591|6.020194|-7.259645|-2.6423473
1509499009724|6.3334613|-6.932757|-2.7921712
1509499009855|6.5105257|-6.7284517|-2.8738933
1509499009987|6.524146|-6.6739707|-2.9556153
1509499010119|6.238119|-6.905516|-3.050958
1509499010251|5.856749|-7.191543|-3.1599207
1509499010384|5.638824|-7.3277473|-3.2416425
1509499010519|5.734166|-7.2051635|-3.3506055
1509499010647|6.1291566|-6.810174|-3.4595683
1509499010778|6.469665|-6.469665|-3.5140495
1509499010911|6.64673|-6.26536|-3.5412903
1509499011043|6.6331096|-6.26536|-3.5549107
1509499011175|6.4424243|-6.469665|-3.5412903
1509499011307|6.1836376|-6.7148314|-3.5549107
1509499011440|5.979333|-6.891896|-3.5549107
1509499011571|5.979333|-6.932757|-3.486809
1509499011704|6.2789803|-6.7284517|-3.3642259
1509499011835|6.701211|-6.360702|-3.2416425
1509499011968|6.973618|-6.115536|-3.1463003
1509499012099|6.9872384|-6.1291566|-3.0918188
1509499012231|6.742072|-6.428804|-3.0237172
1509499012363|6.4424243|-6.7556925|-2.969236
1509499012495|6.197258|-7.000859|-2.941995
1509499012627|6.101916|-7.1098213|-2.8738933
1509499012760|6.2517395|-7.0144787|-2.7785509
1509499012891|6.5786276|-6.7284517|-2.7240696
1509499013023|6.851035|-6.483285|-2.6423473
1509499013155|6.973618|-6.360702|-2.6151068
1509499013287|6.864655|-6.469665|-2.6559677
1509499013420|6.524146|-6.7556925|-2.7649305
1509499013551|6.2244987|-6.9872384|-2.9147542
1509499013683|6.0882955|-7.06896|-2.9828563
1509499013815|6.1836376|-6.9191365|-3.1190596
1509499013947|6.4969053|-6.565007|-3.2688832
1509499014080|6.782933|-6.238119|-3.323365
1509499014211|6.9599977|-6.033814|-3.3506055
1509499014343|6.891896|-6.101916|-3.3506055
1509499014475|6.6194887|-6.3743224|-3.3778462
1509499014607|6.2789803|-6.6603503|-3.4731886
1509499014739|6.0474343|-6.851035|-3.5140495
1509499014871|6.0610547|-6.864655|-3.4731886
1509499015007|6.3198414|-6.6331096|-3.4595683
1509499015136|6.6058683|-6.3743224|-3.4323275
1509499015267|6.7556925|-6.2244987|-3.405087
1509499015400|6.7556925|-6.2517395|-3.323365
1509499015535|6.565007|-6.5377665|-3.1871612
1509499015664|6.2517395|-6.8782754|-3.1054392
1509499015795|6.0065737|-7.1098213|-3.050958
1509499015926|5.9929533|-7.1234417|-3.050958
1509499016059|6.2108784|-6.932757|-3.0645783
1509499016191|6.5105257|-6.6603503|-3.0373375
1509499016323|6.7148314|-6.4560447|-3.0237172
1509499016455|6.769313|-6.387943|-3.0373375
1509499016587|6.6194887|-6.551387|-3.010097
1509499016719|6.306221|-6.8782754|-2.9964767
1509499016852|6.020194|-7.1506824|-2.9283745
1509499016982|5.938472|-7.232404|-2.8875136
1509499017115|6.142777|-7.05534|-2.901134
1509499017248|6.4560447|-6.769313|-2.8875136
1509499017379|6.6739707|-6.5786276|-2.860273
1509499017511|6.7284517|-6.551387|-2.8057916
1509499017643|6.4969053|-6.7965536|-2.73769
1509499017775|6.1291566|-7.1506824|-2.6832085
1509499017907|5.8703694|-7.3822284|-2.6559677
1509499018039|5.802268|-7.43671|-2.6423473
1509499018172|5.979333|-7.300506|-2.6559677
1509499018303|6.306221|-7.0144787|-2.6559677
1509499018436|6.5377665|-6.769313|-2.73769
1509499018568|6.592248|-6.701211|-2.75131
1509499018698|6.387943|-6.905516|-2.73769
1509499018831|6.0610547|-7.191543|-2.73769
1509499018964|5.8295083|-7.3822284|-2.73769
1509499019094|5.7750273|-7.409469|-2.75131
1509499019229|6.020194|-7.2051635|-2.8057916
1509499019359|6.360702|-6.905516|-2.8057916
1509499019491|6.565007|-6.7148314|-2.7921712
1509499019622|6.64673|-6.64673|-2.73769
1509499019756|6.524146|-6.8237944|-2.6151068
1509499019890|6.26536|-7.0825806|-2.547005
1509499020019|6.033814|-7.300506|-2.5197642
1509499020151|5.924851|-7.3822284|-2.4925234
1509499020282|6.115536|-7.232404|-2.4925234
1509499020415|6.428804|-6.932757|-2.5606253
1509499020547|6.6739707|-6.6603503|-2.628727
1509499020679|6.782933|-6.5377665|-2.669588
1509499020812|6.64673|-6.6739707|-2.6968286
1509499020943|6.360702|-6.9191365|-2.75131
1509499021075|6.115536|-7.1098213|-2.8330321
1509499021207|5.9929533|-7.1779227|-2.901134
1509499021339|6.115536|-6.9872384|-3.0918188
1509499021471|6.3198414|-6.7556925|-3.2280223
1509499021602|6.551387|-6.4969053|-3.3097444
1509499021736|6.701211|-6.2926006|-3.3778462
1509499021866|6.769313|-6.197258|-3.4323275
1509499021999|6.687591|-6.306221|-3.3778462
1509499022131|6.6331096|-6.4424243|-3.214402
1509499022262|6.7965536|-6.4424243|-2.8738933
1509499022395|7.1234417|-6.3198414|-2.3018386
1509499022529|7.5456724|-6.0610547|-1.5527196
1509499022659|8.022385|-5.5843425|-0.667397
1509499022792|8.444615|-4.9169455|0.62653595
1509499022929|8.512717|-4.140586|2.547005
1509499023054|7.886181|-3.2552629|4.821603
1509499023188|6.6058683|-2.0158114|6.9599977
1509499023320|4.767122|-0.35412902|8.567199
1509499023450|2.9147542|1.3484143|9.275456
