1509546158486|-2.383561|0.51757324|9.507003
1509546158602|-2.6423473|0.42223078|9.438901
1509546158734|-2.8875136|0.32688835|9.370799
1509546158866|-3.050958|0.24516624|9.329938
1509546158998|-3.1190596|0.14982383|9.302697
1509546159130|-3.1599207|0.027240695|9.289077
1509546159262|-3.1871612|-0.16344418|9.275456
1509546159395|-3.2688832|-0.42223078|9.248216
1509546159527|-3.5549107|-0.7354987|9.125632
1509546159664|-3.7728362|-1.0215261|9.00305
1509546159791|-4.004382|-1.3075534|8.866846
1509546159923|-4.2223077|-1.5390993|8.730643
1509546160054|-4.358511|-1.7434045|8.621679
1509546160187|-4.4947147|-1.8523673|8.526338
1509546160318|-4.6445384|-1.8659877|8.444615
1509546160451|-4.903325|-1.7842655|8.308412
1509546160584|-5.2165933|-1.6753027|8.144968
1509546160714|-5.4890003|-1.5799603|7.9815235
1509546160847|-5.734166|-1.525479|7.8180795
1509546160984|-5.8703694|-1.4301364|7.736357
1509546161110|-5.9112306|-1.2666924|7.736357
1509546161243|-5.924851|-1.0623871|7.7499776
1509546161375|-5.952092|-0.83084124|7.763598
1509546161507|-6.020194|-0.58567494|7.722737
1509546161639|-6.1291566|-0.31326798|7.6546354
1509546161771|-6.197258|-0.16344418|7.6137743
1509546161902|-6.2244987|-0.095342435|7.5865335
1509546162035|-6.2108784|-0.068101734|7.600154
1509546162166|-5.938472|0.0|7.8180795
1509546162299|-5.638824|0.068101734|8.036005
1509546162430|-5.325556|0.21792556|8.240311
1509546162565|-5.0122876|0.46309182|8.430995
1509546162696|-4.780742|0.7218784|8.539958
1509546162827|-4.590057|0.99428535|8.621679
1509546162959|-4.3993726|1.2122109|8.689781
1509546163091|-4.2223077|1.334794|8.757884
1509546163225|-4.0180025|1.4437568|8.839605
1509546163357|-3.840938|1.5527196|8.907707
1509546163487|-3.7319753|1.648062|8.921328
1509546163619|-3.7047346|1.7297841|8.921328
1509546163750|-3.9090397|1.7161638|8.839605
1509546163883|-4.2223077|1.648062|8.703402
1509546164014|-4.4810944|1.5799603|8.594439
1509546164146|-4.69902|1.484618|8.499097
1509546164278|-4.835223|1.293933|8.444615
1509546164411|-4.944186|1.1032481|8.417375
1509546164542|-5.0122876|0.95342433|8.3765135
1509546164674|-4.9169455|0.84446156|8.458236
1509546164807|-4.671779|0.8172208|8.594439
1509546164940|-4.440233|0.84446156|8.717022
1509546165070|-4.1814466|0.92618364|8.839605
1509546165202|-3.9499006|1.1168685|8.907707
1509546165335|-3.677494|1.5527196|8.962189
1509546165467|-3.3506055|2.1247742|8.975809
1509546165599|-3.13268|2.547005|8.948568
1509546165731|-2.901134|2.9283745|8.907707
1509546165863|-2.73769|3.4323275|8.785125
1509546166000|-2.5742457|3.9499006|8.608059
1509546166136|-2.465283|4.372132|8.430995
1509546166258|-2.5333848|4.739881|8.21307
1509546166390|-2.7649305|5.1893525|7.85894
1509546166523|-2.8875136|5.529861|7.5865335
1509546166655|-2.941995|5.761407|7.3822284
1509546166787|-2.9556153|5.9112306|7.259645
1509546166919|-2.969236|6.0065737|7.1779227
1509546167051|-2.9964767|6.0882955|7.096201
1509546167183|-3.0373375|6.1836376|7.000859
1509546167314|-3.1054392|6.2517395|6.905516
1509546167447|-3.1871612|6.3334613|6.7965536
1509546167579|-3.2416425|6.4560447|6.64673
1509546167711|-3.2416425|6.6331096|6.469665
1509546167843|-3.2280223|6.7965536|6.306221
1509546167975|-3.1599207|6.891896|6.238119
1509546168107|-3.050958|6.9599977|6.2244987
1509546168238|-2.941995|7.000859|6.2244987
1509546168371|-2.9283745|6.9872384|6.238119
1509546168503|-2.9556153|6.851035|6.3743224
1509546168634|-3.010097|6.6331096|6.5786276
1509546168767|-3.0781987|6.4560447|6.7284517
1509546168899|-3.1190596|6.3198414|6.8374147
1509546169031|-3.0237172|6.238119|6.9599977
1509546169162|-2.8738933|6.1700177|7.0825806
1509546169295|-2.819412|6.101916|7.1506824
1509546169426|-2.860273|6.0065737|7.218784
1509546169559|-3.0781987|5.924851|7.2051635
1509546169691|-3.296124|5.856749|7.1506824
1509546169822|-3.445948|5.815888|7.1234417
1509546169954|-3.5412903|5.802268|7.0825806
1509546170087|-3.5549107|5.8295083|7.05534
1509546170219|-3.4731886|5.88399|7.0417194
1509546170351|-3.3778462|5.938472|7.0417194
1509546170483|-3.3506055|6.020194|6.9872384
1509546170616|-3.3778462|6.1700177|6.851035
1509546170747|-3.3914666|6.3334613|6.687591
1509546170879|-3.3914666|6.469665|6.565007
1509546171018|-3.1190596|6.64673|6.524146
1509546171142|-2.819412|6.7965536|6.4969053
1509546171275|-2.628727|6.891896|6.483285
1509546171407|-2.587866|6.9599977|6.428804
1509546171539|-2.6559677|7.096201|6.238119
1509546171671|-2.819412|7.2732654|5.9657125
1509546171802|-3.0237172|7.43671|5.638824
1509546171935|-3.1735408|7.559293|5.393657
1509546172066|-3.2552629|7.668256|5.202973
1509546172198|-3.296124|7.695496|5.1212506
1509546172335|-3.3914666|7.695496|5.08039
1509546172468|-3.52767|7.6546354|5.025908
1509546172595|-3.6911142|7.6273947|4.9578066
1509546172727|-3.8545582|7.5865335|4.8897047
1509546172858|-3.8954194|7.572913|4.8760843
1509546172991|-3.9090397|7.559293|4.8760843
1509546173123|-3.881799|7.5456724|4.944186
1509546173255|-3.8273177|7.504812|5.0531487
1509546173387|-3.7319753|7.4639506|5.175732
1509546173518|-3.6911142|7.43671|5.2438335
1509546173651|-3.6638737|7.3958488|5.3119354
1509546173783|-3.6638737|7.3822284|5.339176
1509546173915|-3.6366327|7.354988|5.393657
1509546174049|-3.609392|7.2732654|5.5162406
1509546174179|-3.5957716|7.1779227|5.652444
1509546174311|-3.5821512|7.1098213|5.7477865
1509546174443|-3.5821512|7.06896|5.802268
1509546174575|-3.2416425|6.905516|6.1700177
1509546174707|-2.7785509|6.742072|6.5786276
1509546174838|-2.3563201|6.6058683|6.864655
1509546174971|-1.879608|6.4151835|7.1779227
1509546175103|-1.293933|6.0882955|7.600154
1509546175235|-0.83084124|5.8295083|7.8453197
1509546175367|-0.44947144|5.652444|8.008764
1509546175503|-0.068101734|5.5434813|8.104107
1509546175632|0.70825803|5.393657|8.172209
1509546175762|1.3892754|5.2438335|8.172209
1509546175895|1.920469|4.9986672|8.22669
1509546176033|2.233737|4.767122|8.281172
1509546176158|2.2745981|4.6853995|8.308412
1509546176290|2.1792555|4.7262607|8.322032
1509546176425|2.070293|4.780742|8.322032
1509546176555|2.0294318|4.8488436|8.281172
1509546176685|2.0294318|4.9578066|8.22669
1509546176820|2.0566726|5.0531487|8.158588
1509546176951|2.1247742|5.1212506|8.104107
1509546177083|2.1111538|5.1893525|8.049625
1509546177215|1.8523673|5.257454|8.076866
1509546177350|1.607201|5.257454|8.131348
1509546177479|1.484618|5.2438335|8.158588
1509546177611|1.484618|5.2302136|8.172209
1509546177744|1.8523673|5.2165933|8.104107
1509546177880|2.1383946|5.1484914|8.076866
1509546178006|2.3018386|5.1076303|8.049625
1509546178142|2.315459|5.1076303|8.049625
1509546178271|2.315459|5.1076303|8.049625
1509546178404|2.2609777|5.2302136|7.9951434
1509546178535|2.192876|5.298315|7.9542828
1509546178667|2.165635|5.3800373|7.9134216
1509546178799|2.192876|5.4617596|7.85894
1509546178931|2.233737|5.529861|7.7908387
1509546179063|2.3290794|5.5434813|7.763598
1509546179196|2.315459|5.5434813|7.763598
1509546179326|1.9613299|5.5843425|7.8317
1509546179458|1.7297841|5.638824|7.8453197
1509546179591|1.56634|5.652444|7.8725605
1509546179723|1.4709975|5.652444|7.886181
1509546179855|1.4982383|5.638824|7.886181
1509546179987|1.6616825|5.5843425|7.8998013
1509546180120|1.8932283|5.47538|7.927042
1509546180250|2.1111538|5.325556|7.967903
1509546180383|2.192876|5.2302136|8.008764
1509546180515|2.0975335|5.2710743|8.008764
1509546180647|1.9068487|5.4208984|7.9542828
1509546180779|1.8523673|5.50262|7.9134216
1509546180915|1.9068487|5.529861|7.8725605
1509546181050|2.0430522|5.5571017|7.8317
1509546181175|2.2473574|5.570722|7.763598
1509546181306|2.2745981|5.570722|7.7499776
1509546181439|2.1520147|5.570722|7.7772183
1509546181570|1.8659877|5.5843425|7.85894
1509546181703|1.4982383|5.570722|7.9406624
1509546181834|1.2803127|5.5571017|7.9951434
1509546181966|1.2258313|5.50262|8.036005
1509546182099|1.334794|5.407278|8.076866
1509546182230|1.6208212|5.3527966|8.063246
1509546182362|1.7570248|5.325556|8.049625
1509546182494|1.8115062|5.325556|8.049625
1509546182626|1.7842655|5.3800373|8.008764
1509546182758|1.4982383|5.597963|7.9134216
1509546182891|1.293933|5.7750273|7.8317
1509546183023|1.293933|5.8703694|7.763598
1509546183155|1.7978858|5.9112306|7.6273947
1509546183287|2.2201166|5.9657125|7.4639506
1509546183419|2.465283|6.020194|7.3413677
1509546183551|2.5333848|6.142777|7.218784
1509546183683|2.4789033|6.306221|7.096201
1509546183816|2.2473574|6.4560447|7.0417194
1509546183948|2.1111538|6.592248|6.9599977
1509546184085|2.070293|6.701211|6.864655
1509546184210|2.1383946|6.769313|6.782933
1509546184346|2.4516625|6.742072|6.701211
1509546184475|2.7921712|6.6739707|6.6331096
1509546184606|2.9283745|6.64673|6.592248
1509546184741|2.8330321|6.701211|6.5786276
1509546184870|2.4925234|6.782933|6.64673
1509546185002|2.2473574|6.8237944|6.6739707
1509546185135|2.1383946|6.8237944|6.7284517
1509546185267|2.165635|6.6739707|6.864655
1509546185399|2.2473574|6.5105257|6.9872384
1509546185531|2.2609777|6.3470817|7.137062
1509546185662|2.0430522|6.238119|7.2868857
1509546185799|1.6616825|6.1836376|7.43671
1509546185926|1.2530719|6.1700177|7.532052
1509546186058|0.8853226|6.1836376|7.572913
1509546186190|0.6946377|6.1836376|7.600154
1509546186325|0.62653595|6.1563973|7.6137743
1509546186454|0.6401563|6.1291566|7.641015
1509546186586|0.7354987|6.0610547|7.681876
1509546186718|0.7763598|6.033814|7.7091165
1509546186851|0.61291564|6.0610547|7.695496
1509546186986|0.31326798|6.1291566|7.668256
1509546187115|0.23154591|6.1700177|7.6273947
1509546187247|0.43585113|6.197258|7.600154
1509546187379|0.7354987|6.1563973|7.600154
1509546187511|1.0079057|6.115536|7.6137743
1509546187643|1.1032481|6.0610547|7.641015
1509546187775|1.0351465|5.9929533|7.7091165
1509546187907|0.7899802|5.9112306|7.7908387
1509546188039|0.5448139|5.856749|7.85894
1509546188171|0.38136974|5.7886477|7.9134216
1509546188303|0.38136974|5.652444|8.008764
1509546188435|0.50395286|5.4890003|8.117727
1509546188568|0.6537767|5.298315|8.240311
1509546188699|0.70825803|5.1076303|8.349273
1509546188830|0.46309182|4.780742|8.553578
1509546188963|0.25878662|4.535576|8.703402
1509546189095|0.10896278|4.3993726|8.771504
1509546189226|0.068101734|4.358511|8.798745
1509546189360|0.05448139|4.358511|8.798745
1509546189497|0.095342435|4.3448906|8.798745
1509546189623|0.23154591|4.33127|8.798745
1509546189755|0.24516624|4.33127|8.812365
1509546189887|0.08172209|4.3448906|8.798745
1509546190020|-0.12258312|4.358511|8.798745
1509546190151|-0.31326798|4.372132|8.785125
1509546190283|-0.35412902|4.3993726|8.771504
1509546190415|-0.3405087|4.4538536|8.744264
1509546190547|-0.29964766|4.508335|8.717022
1509546190677|-0.27240694|4.5219555|8.703402
1509546190810|-0.31326798|4.440233|8.744264
1509546190942|-0.36774936|4.31765|8.812365
1509546191074|-0.42223078|4.2223077|8.853226
1509546191206|-0.46309182|4.1814466|8.866846
1509546191341|-0.46309182|4.167826|8.880466
1509546191471|-0.38136974|4.140586|8.894087
1509546191602|-0.23154591|4.113345|8.907707
1509546191733|-0.095342435|4.072484|8.934948
1509546191866|-0.08172209|4.004382|8.962189
1509546191999|-0.16344418|3.963521|8.975809
1509546192131|-0.23154591|3.9362803|8.989429
1509546192263|-0.23154591|3.9362803|8.989429
1509546192396|0.05448139|4.0180025|8.962189
1509546192531|0.3405087|4.0588636|8.934948
1509546192659|0.50395286|4.072484|8.921328
1509546192792|0.5448139|4.072484|8.921328
1509546192923|0.55843425|4.0861044|8.907707
1509546193055|0.51757324|4.1269655|8.894087
1509546193186|0.49033248|4.2495484|8.839605
1509546193319|0.50395286|4.4129925|8.757884
1509546193452|0.61291564|4.535576|8.689781
1509546193583|0.83084124|4.590057|8.6353
1509546193717|1.0215261|4.6172976|8.594439
1509546193847|1.0896277|4.6445384|8.580819
1509546193978|1.0215261|4.630918|8.594439
1509546194111|0.8853226|4.562816|8.64892
1509546194243|0.8036005|4.440233|8.717022
1509546194377|0.7899802|4.276789|8.798745
1509546194507|0.96704465|4.072484|8.880466
1509546194639|1.1577295|3.8681786|8.948568
1509546194771|1.293933|3.650253|9.01667
1509546194902|1.3075534|3.4323275|9.0983925
1509546195035|1.1985906|3.2280223|9.193734
1509546195166|1.0896277|3.1054392|9.248216
1509546195299|0.98066497|3.010097|9.289077
1509546195431|0.91256326|2.9283745|9.329938
1509546195563|0.8989429|2.860273|9.343558
1509546195695|0.8989429|2.8466525|9.357179
1509546195827|0.8989429|2.860273|9.343558
1509546195958|0.7627395|2.9556153|9.329938
1509546196091|0.44947144|3.1190596|9.289077
1509546196224|0.24516624|3.2007816|9.275456
1509546196355|0.16344418|3.2280223|9.261836
1509546196486|0.17706451|3.2416425|9.261836
1509546196618|0.25878662|3.2552629|9.261836
1509546196750|0.3405087|3.2552629|9.248216
1509546196884|0.4086104|3.2416425|9.261836
1509546197015|0.43585113|3.214402|9.261836
1509546197148|0.42223078|3.1735408|9.275456
1509546197279|0.4086104|3.1463003|9.289077
1509546197411|0.4086104|3.0781987|9.316318
1509546197543|0.47671217|2.941995|9.357179
1509546197675|0.667397|2.73769|9.39804
1509546197807|0.83084124|2.547005|9.438901
1509546197938|0.83084124|2.3290794|9.493382
1509546198071|0.667397|2.1520147|9.547864
1509546198203|0.51757324|2.0294318|9.588725
1509546198335|0.44947144|1.9613299|9.602345
1509546198466|0.43585113|1.920469|9.615966
1509546198599|0.46309182|1.9068487|9.615966
1509546198731|0.5448139|1.920469|9.602345
1509546198863|0.58567494|1.9613299|9.602345
1509546198994|0.5448139|1.9885707|9.588725
1509546199127|0.3949901|1.9749503|9.602345
1509546199259|0.14982383|1.9613299|9.615966
1509546199391|-0.24516624|2.002191|9.602345
1509546199523|-0.6810174|2.1520147|9.547864
1509546199655|-1.2122109|2.2201166|9.479762
1509546199787|-2.2201166|1.7570248|9.39804
1509546199919|-3.6230123|0.7763598|9.084772
1509546200051|-5.2302136|-0.35412902|8.294791
1509546200183|-6.4560447|-1.2666924|7.2868857
1509546200315|-7.1643023|-1.8523673|6.4424243
1509546200448|-7.518432|-2.192876|5.9112306
1509546200579|-7.681876|-2.4108014|5.611583
1509546200711|-7.7499776|-2.5197642|5.47538
1509546200843|-7.7772183|-2.5742457|5.407278
