1509546124546|-1.838747|1.4437568|9.534244
1509546124679|-1.9477097|1.4573771|9.507003
1509546124810|-2.165635|1.4301364|9.466142
1509546124942|-2.3699405|1.3211737|9.438901
1509546125074|-2.4925234|1.1577295|9.425281
1509546125213|-2.5333848|0.96704465|9.438901
1509546125338|-2.5742457|0.70825803|9.452521
1509546125469|-2.6968286|0.47671217|9.425281
1509546125602|-2.941995|0.29964766|9.357179
1509546125734|-3.2416425|0.2043052|9.261836
1509546125868|-3.5412903|0.14982383|9.152873
1509546125999|-3.6911142|0.12258312|9.0983925
1509546126133|-3.7319753|0.10896278|9.071152
1509546126263|-3.718355|0.16344418|9.084772
1509546126395|-3.5957716|0.27240694|9.125632
1509546126527|-3.3914666|0.3949901|9.207355
1509546126659|-3.1735408|0.44947144|9.275456
1509546126791|-2.860273|0.55843425|9.370799
1509546126923|-2.2609777|0.84446156|9.520623
1509546127057|-1.7297841|1.0623871|9.602345
1509546127187|-1.1713499|1.2530719|9.656826
1509546127319|-0.55843425|1.4437568|9.697687
1509546127450|0.23154591|1.6889231|9.670446
1509546127585|0.8989429|1.8251265|9.602345
1509546127713|1.4301364|1.8115062|9.534244
1509546127847|1.8659877|1.7706451|9.466142
1509546127978|2.3018386|1.6753027|9.384419
1509546128111|2.6968286|1.6208212|9.289077
1509546128247|3.0237172|1.607201|9.193734
1509546128375|3.2280223|1.6208212|9.125632
1509546128507|3.3914666|1.6616825|9.057531
1509546128638|3.7728362|1.7570248|8.880466
1509546128771|4.072484|1.838747|8.730643
1509546128904|4.167826|1.8932283|8.676161
1509546129035|4.099725|1.8659877|8.717022
1509546129167|4.072484|1.8659877|8.730643
1509546129298|4.072484|1.8251265|8.730643
1509546129431|4.0861044|1.7842655|8.730643
1509546129564|4.1269655|1.7842655|8.717022
1509546129695|4.1814466|1.7842655|8.703402
1509546129826|4.2495484|1.7434045|8.66254
1509546129959|4.372132|1.6753027|8.621679
1509546130091|4.4810944|1.5935806|8.580819
1509546130224|4.4810944|1.5527196|8.580819
1509546130355|4.4538536|1.525479|8.608059
1509546130487|4.4538536|1.5118586|8.608059
1509546130618|4.4538536|1.4982383|8.608059
1509546130750|4.426613|1.5118586|8.621679
1509546130882|4.31765|1.5527196|8.676161
1509546131016|4.2495484|1.5799603|8.703402
1509546131147|4.31765|1.3892754|8.703402
1509546131279|4.2495484|1.0896277|8.771504
1509546131411|3.9499006|0.8580819|8.934948
1509546131549|3.3642259|0.7763598|9.180114
1509546131675|2.5742457|0.8172208|9.438901
1509546131807|2.0158114|0.7899802|9.575105
1509546131939|1.607201|0.74911916|9.656826
1509546132071|1.375655|0.5992953|9.697687
1509546132204|1.293933|0.3949901|9.724928
1509546132335|1.3211737|0.19068487|9.724928
1509546132466|1.2122109|0.14982383|9.738548
1509546132599|0.58567494|0.32688835|9.79303
1509546132731|-0.24516624|0.53119355|9.79303
1509546132864|-0.8989429|0.7354987|9.738548
1509546132995|-1.293933|0.91256326|9.684067
1509546133126|-1.4982383|0.99428535|9.643206
1509546133258|-1.5799603|1.0079057|9.629586
1509546133390|-1.6753027|1.0760074|9.615966
1509546133523|-2.0294318|1.2803127|9.520623
1509546133655|-2.819412|1.5390993|9.275456
1509546133788|-3.759216|1.7706451|8.894087
1509546133918|-4.3993726|1.9068487|8.567199
1509546134050|-4.69902|1.9749503|8.390134
1509546134183|-4.8488436|1.9885707|8.308412
1509546134315|-4.9169455|1.9885707|8.253931
1509546134448|-4.944186|1.9885707|8.240311
1509546134578|-4.9986672|1.9885707|8.21307
1509546134711|-5.2710743|1.920469|8.063246
1509546134854|-5.5843425|1.8251265|7.8725605
1509546134975|-5.7886477|1.7297841|7.736357
1509546135105|-5.8703694|1.607201|7.7091165
1509546135240|-5.8295083|1.4165161|7.7772183
1509546135371|-5.7477865|1.1849703|7.8725605
1509546135502|-5.638824|1.0215261|7.967903
1509546135636|-5.5434813|0.8989429|8.049625
1509546135767|-5.4890003|0.7763598|8.104107
1509546135897|-5.4617596|0.61291564|8.131348
1509546136029|-5.434519|0.50395286|8.158588
1509546136161|-5.2302136|0.44947144|8.294791
1509546136294|-4.780742|0.42223078|8.567199
1509546136579|-4.385752|0.42223078|8.771504
1509546137438|-4.235928|0.42223078|8.839605
1509546137547|-4.235928|0.42223078|8.839605
1509546137681|-4.3993726|0.42223078|8.771504
1509546137919|-4.630918|0.43585113|8.64892
1509546138071|-4.971427|0.46309182|8.458236
1509546138208|-5.1893525|0.46309182|8.322032
1509546138343|-5.325556|0.44947144|8.240311
1509546138470|-5.4208984|0.42223078|8.172209
1509546138604|-5.448139|0.3949901|8.158588
1509546138735|-5.3800373|0.36774936|8.19945
1509546138867|-5.2438335|0.3405087|8.294791
1509546138999|-5.1076303|0.28602728|8.3765135
1509546139131|-5.0531487|0.2043052|8.403754
1509546139263|-5.025908|0.05448139|8.430995
1509546139395|-4.985047|-0.13620347|8.458236
1509546139527|-4.971427|-0.27240694|8.458236
1509546139659|-4.9578066|-0.35412902|8.458236
1509546139791|-4.971427|-0.3949901|8.458236
1509546139924|-4.9578066|-0.42223078|8.458236
1509546140055|-4.9169455|-0.43585113|8.4854765
1509546140187|-4.9169455|-0.43585113|8.4854765
1509546140318|-5.09401|-0.42223078|8.3765135
1509546140451|-5.2302136|-0.4086104|8.294791
1509546140584|-5.393657|-0.4086104|8.19945
1509546140716|-5.5162406|-0.42223078|8.104107
1509546140847|-5.6660643|-0.4086104|7.9951434
1509546140979|-5.802268|-0.29964766|7.9134216
1509546141111|-5.8431287|-0.068101734|7.886181
1509546141243|-5.856749|0.23154591|7.8725605
1509546141375|-5.856749|0.38136974|7.8725605
1509546141510|-5.802268|0.44947144|7.8998013
1509546141639|-5.734166|0.49033248|7.9542828
1509546141771|-5.638824|0.53119355|8.022385
1509546141905|-5.529861|0.5992953|8.090487
1509546142035|-5.434519|0.7627395|8.131348
1509546142167|-5.339176|1.0079057|8.172209
1509546142299|-5.2302136|1.2122109|8.22669
1509546142431|-4.985047|1.375655|8.349273
1509546142564|-4.7126403|1.484618|8.4854765
1509546142696|-4.508335|1.5118586|8.580819
1509546142828|-4.372132|1.5118586|8.66254
1509546142959|-4.235928|1.4982383|8.730643
1509546143092|-4.195067|1.4982383|8.744264
1509546143224|-4.1814466|1.4573771|8.757884
1509546143362|-4.195067|1.334794|8.771504
1509546143487|-4.154206|1.1168685|8.825985
1509546143620|-3.9226599|0.7354987|8.962189
1509546143752|-3.7455957|0.32688835|9.071152
1509546143884|-3.6911142|0.0|9.0983925
1509546144016|-3.9090397|-0.35412902|9.00305
1509546144148|-4.263169|-0.7899802|8.812365
1509546144281|-4.5219555|-1.1713499|8.6353
1509546144412|-4.6853995|-1.56634|8.471856
1509546144545|-4.7943625|-1.920469|8.349273
1509546144677|-4.821603|-2.2064962|8.253931
1509546144808|-4.807983|-2.383561|8.21307
1509546144940|-4.821603|-2.4789033|8.185829
1509546145072|-4.9169455|-2.5333848|8.117727
1509546145205|-5.2302136|-2.5197642|7.9134216
1509546145336|-5.434519|-2.4925234|7.7772183
1509546145468|-5.529861|-2.465283|7.722737
1509546145600|-5.570722|-2.4108014|7.722737
1509546145734|-5.47538|-2.2473574|7.8317
1509546145864|-5.3119354|-2.0294318|7.9951434
1509546145996|-5.202973|-1.8523673|8.117727
1509546146128|-5.1484914|-1.7434045|8.172209
1509546146260|-5.1484914|-1.6344416|8.19945
1509546146392|-5.1621118|-1.525479|8.21307
1509546146525|-5.1621118|-1.484618|8.21307
1509546146656|-5.1621118|-1.484618|8.21307
1509546146788|-5.134871|-1.4709975|8.240311
1509546146920|-5.08039|-1.4437568|8.267551
1509546147052|-5.0395284|-1.4301364|8.308412
1509546147184|-5.0122876|-1.4165161|8.322032
1509546147315|-5.025908|-1.4573771|8.308412
1509546147448|-5.08039|-1.5527196|8.253931
1509546147581|-5.1484914|-1.6753027|8.185829
1509546147712|-5.2165933|-1.7842655|8.117727
1509546147845|-5.257454|-1.838747|8.076866
1509546147985|-5.2846947|-1.8523673|8.063246
1509546148108|-5.2438335|-1.8523673|8.090487
1509546148240|-5.202973|-1.8659877|8.104107
1509546148372|-5.298315|-1.9477097|8.022385
1509546148504|-5.50262|-2.1111538|7.8453197
1509546148636|-5.638824|-2.2882183|7.695496
1509546148768|-5.734166|-2.465283|7.572913
1509546148900|-5.761407|-2.5742457|7.518432
1509546149032|-5.734166|-2.669588|7.504812
1509546149165|-5.693305|-2.73769|7.504812
1509546149297|-5.6796846|-2.73769|7.518432
1509546149429|-5.652444|-2.7649305|7.532052
1509546149563|-5.7477865|-2.8466525|7.4230895
1509546149692|-5.979333|-2.9147542|7.2051635
1509546149824|-6.101916|-2.941995|7.096201
1509546149956|-6.1563973|-2.9556153|7.05534
1509546150088|-6.020194|-2.7104492|7.259645
1509546150221|-5.856749|-2.3699405|7.504812
1509546150352|-5.720546|-2.083913|7.695496
1509546150484|-5.638824|-1.8251265|7.8180795
1509546150616|-5.720546|-1.3620348|7.85894
1509546150748|-5.7477865|-0.98066497|7.8998013
1509546150880|-5.734166|-0.7218784|7.927042
1509546150966|-5.734166|-0.61291564|7.9406624
1509546151079|-5.611583|-0.35412902|8.049625
1509546151210|-5.298315|-0.040861044|8.267551
1509546151342|-4.971427|0.2043052|8.458236
1509546151475|-4.7262607|0.3405087|8.594439
1509546151607|-4.535576|0.4086104|8.689781
1509546151738|-4.3993726|0.44947144|8.757884
1509546151870|-4.33127|0.46309182|8.798745
1509546152002|-4.33127|0.46309182|8.798745
1509546152135|-4.31765|0.3949901|8.812365
1509546152266|-4.263169|0.24516624|8.839605
1509546152399|-4.1814466|0.10896278|8.880466
1509546152531|-4.0588636|0.040861044|8.934948
1509546152663|-3.9771414|-0.013620348|8.975809
1509546152796|-3.963521|-0.040861044|8.989429
1509546152926|-3.963521|-0.040861044|8.989429
1509546153058|-3.9499006|-0.068101734|8.989429
1509546153191|-3.840938|-0.19068487|9.030291
1509546153324|-3.6366327|-0.61291564|9.0983925
1509546153455|-3.5821512|-0.96704465|9.084772
1509546153586|-3.5549107|-1.2530719|9.071152
1509546153719|-3.52767|-1.4165161|9.043911
1509546153850|-3.568531|-1.5390993|9.01667
1509546153982|-3.6911142|-1.6753027|8.934948
1509546154116|-3.840938|-1.7978858|8.853226
1509546154247|-3.963521|-1.879608|8.785125
1509546154379|-3.9771414|-1.9340893|8.757884
1509546154510|-3.9771414|-1.920469|8.771504
1509546154643|-3.9771414|-1.7842655|8.785125
1509546154775|-4.0180025|-1.5390993|8.812365
1509546154907|-4.167826|-1.0896277|8.825985
1509546155038|-4.154206|-0.6810174|8.866846
1509546155170|-4.1269655|-0.3949901|8.894087
1509546155303|-4.031623|-0.2043052|8.948568
