1509579943582|0.49033248|3.52767|9.152873
1509579943702|0.51757324|3.4595683|9.166493
1509579943904|0.50395286|3.445948|9.180114
1509579944010|0.44947144|3.52767|9.152873
1509579944093|0.38136974|3.6366327|9.112013
1509579944226|0.24516624|3.718355|9.071152
1509579944358|0.13620347|3.7864566|9.057531
1509579944491|0.05448139|3.840938|9.030291
1509579944623|-0.17706451|3.9226599|8.989429
1509579944756|-0.51757324|4.0861044|8.907707
1509579944886|-0.6810174|3.9771414|8.948568
1509579945021|-0.6946377|3.800077|9.01667
1509579945157|-0.7218784|3.7319753|9.043911
1509579945282|-0.939804|3.677494|9.057531
1509579945415|-1.0760074|3.609392|9.057531
1509579945548|-1.1577295|3.52767|9.084772
1509579945679|-1.2122109|3.405087|9.125632
1509579945811|-1.2666924|3.2825036|9.166493
1509579945983|-1.3484143|3.1735408|9.193734
1509579946074|-1.4573771|3.0373375|9.220975
1509579946206|-1.4573771|2.9147542|9.261836
1509579946338|-1.3211737|2.75131|9.329938
1509579946474|-1.3075534|2.8875136|9.289077
1509579946607|-1.484618|3.050958|9.207355
1509579946734|-1.5799603|3.0918188|9.180114
1509579946866|-1.6208212|3.1190596|9.166493
1509579946999|-1.648062|3.1054392|9.166493
1509579947131|-1.6753027|3.050958|9.180114
1509579947268|-1.838747|3.050958|9.152873
1509579947394|-2.083913|3.050958|9.0983925
1509579947527|-2.165635|3.0781987|9.071152
1509579947659|-2.3563201|3.4595683|8.880466
1509579947792|-2.4925234|3.8136973|8.703402
1509579947922|-2.6014864|4.276789|8.444615
1509579948374|-2.6968286|4.780742|8.144968
1509579948517|-3.010097|6.2926006|6.905516
1509579948649|-3.1054392|6.7148314|6.4560447
1509579948780|-3.13268|7.0417194|6.0882955
1509579948915|-3.0918188|7.3277473|5.7477865
1509579949045|-3.050958|7.532052|5.50262
1509579949176|-3.0373375|7.7091165|5.2710743
1509579949308|-3.0781987|7.8317|5.0667696
1509579949441|-3.214402|7.9134216|4.8488436
1509579949573|-3.3506055|7.9134216|4.7535014
1509579949705|-3.4595683|7.886181|4.7126403
1509579949837|-3.52767|7.85894|4.7126403
1509579949969|-3.6366327|7.8317|4.671779
1509579950101|-3.759216|7.804459|4.6172976
1509579950233|-3.881799|7.7499776|4.6036773
1509579950365|-4.0180025|7.695496|4.5764365
1509579950497|-4.099725|7.681876|4.535576
1509579950629|-4.154206|7.695496|4.467474
1509579950761|-4.235928|7.7091165|4.372132
1509579950893|-4.276789|7.6546354|4.426613
1509579951025|-4.31765|7.4911914|4.6445384
1509579951157|-4.33127|7.409469|4.767122
1509579951289|-4.372132|7.354988|4.807983
1509579951421|-4.440233|7.300506|4.835223
1509579951553|-4.440233|7.218784|4.9578066
1509579951689|-4.4129925|7.1098213|5.1484914
1509579951817|-4.3993726|7.0417194|5.2302136
1509579951950|-4.385752|7.0417194|5.2438335
1509579952080|-4.3993726|7.0417194|5.2438335
1509579952213|-4.385752|7.0417194|5.257454
1509579952345|-4.33127|7.028099|5.3119354
1509579952477|-4.3040295|7.05534|5.298315
1509579952609|-4.3448906|7.1643023|5.1212506
1509579952692|-4.385752|7.218784|5.0122876
1509579952806|-4.3993726|7.2868857|4.903325
1509579952939|-4.358511|7.3277473|4.862464
1509579953071|-4.31765|7.409469|4.780742
1509579953203|-4.2223077|7.4911914|4.739881
1509579953335|-4.154206|7.518432|4.767122
1509579953467|-4.0452433|7.3822284|5.0531487
1509579953599|-3.8136973|7.1779227|5.50262
1509579953731|-3.5957716|6.9872384|5.88399
1509579953862|-3.3778462|6.8237944|6.197258
1509579953995|-3.0645783|6.6331096|6.551387
1509579954127|-2.6832085|6.401563|6.9463773
1509579954258|-2.3426998|6.1700177|7.2732654
1509579954391|-2.0566726|5.9112306|7.559293
1509579954530|-1.7434045|5.638824|7.8453197
1509579954655|-1.4301364|5.325556|8.117727
1509579954786|-1.2666924|5.1484914|8.253931
1509579954919|-1.1849703|5.0667696|8.322032
1509579955051|-1.1168685|4.985047|8.3765135
1509579955182|-0.99428535|4.8760843|8.471856
1509579955314|-0.91256326|4.767122|8.526338
1509579955446|-0.8989429|4.7126403|8.567199
1509579955580|-0.92618364|4.6853995|8.580819
1509579955711|-0.98066497|4.6853995|8.567199
1509579955843|-1.0079057|4.69902|8.553578
1509579955975|-1.0351465|4.7126403|8.553578
1509579956107|-1.0623871|4.7262607|8.539958
1509579956238|-1.0896277|4.739881|8.526338
1509579956371|-1.0896277|4.739881|8.526338
1509579956503|-1.0760074|4.7262607|8.539958
1509579956635|-1.0623871|4.7262607|8.539958
1509579956772|-1.4028958|4.944186|8.362893
1509579956899|-1.7434045|5.0667696|8.22669
1509579957030|-1.9340893|5.09401|8.158588
1509579957162|-2.1792555|5.08039|8.104107
1509579957295|-2.4789033|5.08039|8.022385
1509579957427|-2.901134|5.3119354|7.722737
1509579957558|-3.486809|5.693305|7.191543
1509579957694|-4.099725|6.1291566|6.483285
1509579957831|-4.630918|6.483285|5.734166
1509579957954|-5.1484914|6.782933|4.8760843
1509579958087|-5.4617596|7.0144787|4.167826
1509579958219|-5.6252036|7.3277473|3.3369853
1509579958350|-5.7477865|7.600154|2.3971813
1509579958482|-5.7069254|7.8453197|1.5118586
1509579958616|-5.7069254|7.967903|0.47671217
1509579958746|-5.570722|8.076866|-0.38136974
1509579958878|-5.4208984|8.117727|-1.0079057
1509579959012|-5.339176|8.104107|-1.4709975
1509579959142|-5.298315|8.090487|-1.6889231
1509579959274|-5.2710743|8.090487|-1.7161638
1509579959407|-5.2438335|8.117727|-1.7025435
1509579959539|-5.1893525|8.158588|-1.7025435
1509579959676|-5.1212506|8.185829|-1.7570248
1509579959802|-5.08039|8.158588|-1.9749503
1509579959934|-5.0531487|8.158588|-2.083913
1509579960072|-5.0395284|8.144968|-2.1520147
1509579960198|-5.0395284|8.131348|-2.165635
1509579960331|-5.0667696|8.131348|-2.1247742
1509579960462|-5.1484914|8.090487|-2.070293
1509579960595|-5.2846947|8.022385|-1.9885707
1509579960726|-5.47538|7.9134216|-1.920469
1509579960858|-5.5843425|7.8453197|-1.9068487
1509579960991|-5.7069254|7.736357|-1.9613299
1509579961123|-5.8703694|7.5865335|-2.0975335
1509579961255|-6.033814|7.4230895|-2.192876
1509579961387|-6.2244987|7.259645|-2.2064962
1509579961519|-6.3470817|7.1506824|-2.2201166
1509579961651|-6.4151835|7.05534|-2.3018386
1509579961783|-6.4969053|6.9463773|-2.4244218
1509579961915|-6.565007|6.8374147|-2.547005
1509579962047|-6.64673|6.701211|-2.669588
1509579962179|-6.687591|6.6058683|-2.8057916
1509579962311|-6.7284517|6.5377665|-2.901134
1509579962442|-6.782933|6.4560447|-2.9283745
1509579962575|-6.8374147|6.401563|-2.9283745
1509579962707|-6.851035|6.469665|-2.73769
1509579962838|-6.8237944|6.6058683|-2.4516625
1509579962971|-6.810174|6.7148314|-2.233737
1509579963104|-6.7965536|6.782933|-2.0430522
1509579963235|-6.810174|6.8237944|-1.8659877
1509579963366|-6.7965536|6.8782754|-1.6889231
1509579963498|-6.7556925|6.9599977|-1.4709975
1509579963632|-6.687591|7.06896|-1.2803127
1509579963763|-6.6194887|7.1643023|-1.1304889
1509579963894|-6.5377665|7.2732654|-0.92618364
1509579964026|-6.401563|7.3958488|-0.6946377
1509579964159|-6.2926006|7.504812|-0.55843425
1509579964291|-6.2517395|7.5456724|-0.50395286
1509579964422|-6.238119|7.559293|-0.50395286
1509579964555|-6.2517395|7.5456724|-0.51757324
1509579964687|-6.2926006|7.518432|-0.53119355
1509579964818|-6.26536|7.532052|-0.51757324
1509579964951|-6.2517395|7.5456724|-0.51757324
1509579965083|-6.2517395|7.5456724|-0.53119355
1509579965215|-6.2926006|7.518432|-0.55843425
1509579965347|-6.3198414|7.4911914|-0.57205456
1509579965481|-6.3470817|7.4639506|-0.6401563
1509579965611|-6.401563|7.409469|-0.7627395
1509579965743|-6.483285|7.314126|-0.84446156
1509579965875|-6.524146|7.2732654|-0.8580819
1509579966007|-6.5377665|7.2732654|-0.87170225
1509579966139|-6.551387|7.259645|-0.91256326
1509579966271|-6.551387|7.2460246|-1.0079057
1509579966403|-6.551387|7.232404|-1.0896277
1509579966535|-6.551387|7.232404|-1.0623871
1509579966669|-6.551387|7.2460246|-1.0215261
1509579966800|-6.524146|7.259645|-1.0215261
1509579966931|-6.524146|7.259645|-1.0351465
1509579967063|-6.5105257|7.2732654|-1.0351465
1509579967196|-6.4560447|7.314126|-1.0351465
1509579967326|-6.401563|7.3686085|-1.0351465
1509579967458|-6.3470817|7.4230895|-1.0351465
1509579967591|-6.3334613|7.4230895|-1.0351465
1509579967723|-6.3334613|7.43671|-1.0351465
1509579967855|-6.306221|7.4503303|-1.0215261
1509579967988|-6.2926006|7.4639506|-1.0487667
1509579968119|-6.26536|7.477571|-1.1304889
1509579968251|-6.2244987|7.4911914|-1.2530719
1509579968383|-6.1700177|7.518432|-1.293933
1509579968514|-6.101916|7.559293|-1.375655
1509579968647|-6.0474343|7.5865335|-1.484618
1509579968779|-6.0474343|7.572913|-1.56634
1509579968911|-6.0610547|7.5456724|-1.648062
1509579969042|-6.074675|7.518432|-1.7025435
1509579969175|-6.0882955|7.4911914|-1.7842655
1509579969307|-6.074675|7.477571|-1.8659877
1509579969438|-6.115536|7.4503303|-1.8659877
1509579969571|-6.1291566|7.43671|-1.8659877
1509579969705|-6.1700177|7.409469|-1.8523673
1509579969834|-6.2108784|7.3686085|-1.838747
1509579969972|-6.2926006|7.300506|-1.838747
1509579970099|-6.3470817|7.259645|-1.8251265
1509579970232|-6.3743224|7.2460246|-1.7842655
1509579970363|-6.387943|7.259645|-1.6889231
1509579970494|-6.387943|7.2732654|-1.607201
1509579970628|-6.4151835|7.2732654|-1.5390993
1509579970759|-6.428804|7.259645|-1.4709975
1509579970891|-6.4424243|7.259645|-1.4165161
1509579971023|-6.469665|7.2460246|-1.3892754
1509579971155|-6.4969053|7.218784|-1.3892754
1509579971288|-6.5105257|7.2051635|-1.3892754
1509579971419|-6.5377665|7.191543|-1.3484143
1509579971551|-6.565007|7.191543|-1.2666924
1509579971682|-6.5786276|7.2051635|-1.1304889
1509579971815|-6.592248|7.232404|-0.8036005
1509579971947|-6.5377665|7.314126|-0.14982383
1509579972079|-6.401563|7.43671|0.47671217
1509579972210|-6.2244987|7.518432|1.0487667
1509579972342|-6.0474343|7.559293|1.6753027
1509579972476|-5.856749|7.504812|2.3971813
1509579972606|-5.5571017|7.4230895|3.214402
1509579972739|-5.2846947|7.3277473|3.840938
1509579972871|-4.9169455|7.1779227|4.535576
1509579973008|-4.5491962|7.000859|5.175732
1509579973135|-4.1814466|6.7556925|5.7750273
1509579973267|-3.8681786|6.565007|6.1836376
1509579973398|-3.6366327|6.4424243|6.4424243
1509579973531|-3.5004294|6.3470817|6.6194887
1509579973665|-3.4323275|6.238119|6.7556925
1509579973795|-3.3642259|6.115536|6.905516
1509579973927|-3.323365|6.0474343|6.9872384
1509579974059|-3.3097444|6.0065737|7.0144787
1509579974191|-3.323365|5.9929533|7.028099
1509579974323|-3.3506055|5.9657125|7.0417194
1509579974454|-3.3506055|5.938472|7.06896
1509579974587|-3.3778462|5.89761|7.0825806
1509579974718|-3.4323275|5.8295083|7.1234417
1509579974852|-3.486809|5.761407|7.137062
1509579974982|-3.5140495|5.6796846|7.191543
1509579975115|-3.5412903|5.6252036|7.232404
1509579975247|-3.6230123|5.570722|7.232404
1509579975379|-3.718355|5.50262|7.232404
1509579975511|-3.7728362|5.434519|7.2460246
1509579975643|-3.800077|5.366417|7.300506
1509579975775|-3.7864566|5.3119354|7.3413677
1509579975907|-3.7864566|5.257454|7.3686085
1509579976039|-3.800077|5.2302136|7.3958488
1509579976174|-3.800077|5.202973|7.409469
1509579976303|-3.800077|5.1621118|7.43671
1509579976434|-3.7864566|5.134871|7.4639506
1509579976566|-3.800077|5.1212506|7.4639506
1509579976700|-3.8136973|5.09401|7.477571
1509579976831|-3.759216|5.025908|7.559293
1509579976963|-3.6911142|4.9578066|7.6273947
1509579977094|-3.650253|4.9578066|7.6546354
1509579977228|-3.650253|4.9578066|7.6546354
1509579977359|-3.6366327|4.985047|7.641015
1509579977491|-3.5957716|5.0395284|7.6137743
1509579977622|-3.5140495|5.1621118|7.572913
1509579977754|-3.405087|5.2846947|7.532052
1509579977887|-3.3642259|5.4208984|7.4639506
1509579978018|-3.3642259|5.570722|7.354988
1509579978150|-3.3778462|5.6660643|7.2732654
1509579978283|-3.52767|5.7750273|7.1098213
1509579978414|-3.8273177|6.033814|6.7284517
1509579978546|-4.072484|6.2244987|6.4151835
1509579978679|-4.33127|6.3743224|6.0882955
1509579978809|-4.630918|6.6603503|5.5434813
1509579978942|-4.8488436|6.891896|5.0395284
1509579979079|-5.2438335|7.0417194|4.385752
1509579979205|-5.638824|7.1098213|3.7455957
1509579979339|-6.020194|7.1234417|3.050958
1509579979470|-6.2244987|7.1643023|2.5061438
1509579979602|-6.360702|7.2051635|2.002191
1509579979737|-6.4560447|7.300506|1.2394516
1509579979866|-6.5105257|7.300506|0.7899802
1509579979998|-6.565007|7.2732654|0.57205456
1509579980139|-6.6058683|7.259645|0.44947144
1509579980263|-6.6058683|7.2460246|0.35412902
1509579980394|-6.6194887|7.2460246|0.29964766
1509579980526|-6.64673|7.218784|0.31326798
1509579980658|-6.6603503|7.2051635|0.32688835
1509579980790|-6.6331096|7.232404|0.38136974
1509579980922|-6.5786276|7.2732654|0.50395286
1509579981055|-6.524146|7.300506|0.6946377
1509579981187|-6.4424243|7.354988|0.96704465
1509579981319|-6.306221|7.4230895|1.1849703
1509579981451|-6.1563973|7.532052|1.293933
1509579981582|-6.033814|7.641015|1.3075534
1509579981716|-5.952092|7.7091165|1.2666924
1509579981847|-5.88399|7.763598|1.2122109
1509579981981|-5.8295083|7.804459|1.2258313
1509579982112|-5.7477865|7.85894|1.2394516
1509579982243|-5.6796846|7.9134216|1.2394516
1509579982374|-5.6660643|7.9134216|1.2530719
1509579982507|-5.638824|7.927042|1.3075534
1509579982638|-5.6252036|7.9406624|1.3211737
1509579982770|-5.6252036|7.9406624|1.3211737
1509579982902|-5.6252036|7.9406624|1.3211737
1509579983034|-5.638824|7.927042|1.334794
1509579983166|-5.652444|7.9134216|1.3620348
1509579983298|-5.6660643|7.8998013|1.3892754
1509579983432|-5.7069254|7.8725605|1.4028958
1509579983562|-5.7750273|7.804459|1.4301364
1509579983694|-5.8295083|7.7499776|1.525479
1509579983827|-5.8703694|7.681876|1.7025435
1509579983958|-5.89761|7.6273947|1.8523673
1509579984090|-5.9929533|7.5456724|1.8659877
1509579984222|-6.0882955|7.4639506|1.8932283
1509579984354|-6.1700177|7.3686085|2.0158114
1509579984486|-6.2244987|7.2732654|2.1792555
1509579984619|-6.2926006|7.191543|2.2609777
1509579984750|-6.360702|7.1098213|2.315459
1509579984882|-6.4151835|7.05534|2.3563201
1509579985021|-6.4151835|7.000859|2.465283
1509579985146|-6.401563|6.973618|2.6014864
1509579985280|-6.387943|6.973618|2.628727
1509579985412|-6.387943|6.9599977|2.669588
1509579985543|-6.3743224|6.932757|2.75131
1509579985680|-6.3743224|6.932757|2.7921712
1509579985808|-6.3470817|6.9599977|2.7649305
1509579985939|-6.3334613|7.05534|2.5742457
1509579986071|-6.3334613|7.1506824|2.3018386
1509579986203|-6.306221|7.218784|2.0975335
1509579986335|-6.26536|7.2868857|2.002191
1509579986469|-6.197258|7.3686085|1.9477097
1509579986598|-6.1563973|7.409469|1.8932283
1509579986732|-6.1563973|7.4230895|1.8523673
1509579986863|-6.142777|7.43671|1.8523673
1509579986995|-6.074675|7.4639506|1.9477097
1509579987127|-5.952092|7.4911914|2.192876
1509579987259|-5.856749|7.409469|2.669588
1509579987393|-5.693305|7.300506|3.2688832
1509579987523|-5.3800373|7.191543|3.9499006
1509579987655|-4.985047|7.05534|4.671779
1509579987787|-4.6445384|6.864655|5.257454
1509579987922|-4.385752|6.6603503|5.720546
1509579988051|-4.1269655|6.4424243|6.1563973
1509579988192|-3.718355|6.1563973|6.6739707
1509579988314|-3.3778462|5.938472|7.05534
1509579988446|-3.1463003|5.734166|7.3277473
1509579988578|-3.0237172|5.529861|7.518432
1509579988710|-2.941995|5.339176|7.695496
1509579988842|-2.8738933|5.2165933|7.804459
1509579988975|-2.7921712|5.1212506|7.886181
1509579989107|-2.73769|5.0395284|7.967903
1509579989241|-2.7240696|4.9169455|8.049625
1509579989371|-2.7104492|4.767122|8.144968
1509579989502|-2.6559677|4.630918|8.240311
1509579989637|-2.5742457|4.4947147|8.335652
1509579989767|-2.5061438|4.372132|8.417375
1509579989906|-2.4789033|4.2495484|8.499097
1509579990041|-2.3563201|4.0861044|8.608059
1509579990163|-2.165635|3.9226599|8.730643
1509579990294|-1.920469|3.7864566|8.853226
1509579990427|-1.648062|3.5821512|8.989429
1509579990559|-1.484618|3.3778462|9.0983925
1509579990692|-1.3484143|3.2552629|9.166493
1509579990824|-1.2122109|3.1871612|9.207355
1509579990955|-1.1441091|3.1463003|9.220975
1509579991087|-1.0896277|3.1463003|9.234595
1509579991219|-1.0623871|3.1599207|9.234595
1509579991350|-1.0215261|3.1599207|9.234595
1509579991486|-0.96704465|3.1463003|9.248216
1509579991615|-0.91256326|3.1463003|9.248216
1509579991747|-0.87170225|3.1599207|9.248216
1509579991878|-0.83084124|3.2007816|9.248216
1509579992011|-0.7763598|3.2416425|9.234595
1509579992143|-0.6946377|3.2825036|9.220975
1509579992274|-0.58567494|3.296124|9.234595
1509579992407|-0.53119355|3.3097444|9.220975
1509579992538|-0.47671217|3.2552629|9.248216
1509579992672|-0.3949901|3.050958|9.316318
1509579992803|-0.3405087|2.8057916|9.39804
1509579992935|-0.31326798|2.587866|9.466142
1509579993066|-0.28602728|2.4380422|9.507003
1509579993199|-0.27240694|2.2745981|9.547864
1509579993331|-0.27240694|2.1383946|9.575105
1509579993463|-0.29964766|2.0430522|9.588725
1509579993595|-0.46309182|2.002191|9.602345
1509579993726|-0.62653595|1.9749503|9.588725
1509579993858|-0.8989429|1.9340893|9.575105
1509579993991|-1.1168685|1.9068487|9.561484
1509579994122|-1.1985906|1.8932283|9.561484
1509579994255|-1.2666924|1.9068487|9.547864
1509579994387|-1.3075534|1.9477097|9.534244
1509579994518|-1.2666924|1.9885707|9.534244
1509579994651|-1.1713499|2.002191|9.534244
1509579994785|-0.92618364|2.002191|9.561484
1509579994915|-0.7218784|1.9885707|9.588725
1509579995051|-0.5448139|1.9613299|9.602345
1509579995178|-0.35412902|1.920469|9.615966
1509579995311|-0.21792556|1.8251265|9.643206
1509579995443|0.013620348|1.7025435|9.670446
1509579995575|0.32688835|1.5390993|9.684067
1509579995707|0.53119355|1.375655|9.697687
1509579995839|0.6946377|1.2666924|9.711308
1509579995971|0.7899802|1.1985906|9.711308
1509579996103|0.8172208|1.1985906|9.711308
1509579996235|0.83084124|1.1849703|9.711308
1509579996366|0.8036005|1.1441091|9.711308
1509579996499|0.7354987|1.1304889|9.724928
1509579996632|0.6401563|1.1441091|9.724928
1509579996762|0.46309182|1.1577295|9.738548
1509579996895|0.3949901|1.1985906|9.738548
1509579997026|0.31326798|1.3211737|9.724928
1509579997159|0.23154591|1.5118586|9.697687
1509579997291|0.10896278|1.7842655|9.656826
1509579997422|-0.08172209|2.0158114|9.602345
1509579997555|-0.27240694|2.2064962|9.561484
1509579997687|-0.43585113|2.4380422|9.493382
1509579997821|-0.5992953|2.6832085|9.425281
1509579997951|-0.7627395|3.0237172|9.302697
1509579998082|-0.8989429|3.3097444|9.193734
1509579998215|-1.0079057|3.5140495|9.112013
1509579998348|-1.0351465|3.6911142|9.030291
1509579998479|-1.0487667|3.800077|8.989429
1509579998611|-1.0623871|3.8954194|8.948568
1509579998743|-1.0760074|3.9771414|8.907707
1509579998875|-1.0760074|4.004382|8.894087
1509579999007|-1.0760074|4.0180025|8.894087
1509579999139|-1.0487667|3.9771414|8.907707
1509579999271|-0.91256326|3.7864566|9.00305
1509579999402|-0.8580819|3.6230123|9.084772
1509579999535|-0.8580819|3.4323275|9.152873
1509579999670|-0.8580819|3.214402|9.234595
1509579999799|-0.8989429|2.9556153|9.316318
1509579999932|-1.0215261|2.7240696|9.370799
1509580000063|-1.0896277|2.5606253|9.41166
1509580000195|-1.1168685|2.3971813|9.452521
1509580000327|-1.1304889|2.2064962|9.493382
1509580000459|-1.1304889|2.0566726|9.534244
1509580000591|-1.1577295|1.9340893|9.561484
1509580000722|-1.1713499|1.8523673|9.561484
1509580000854|-1.1985906|1.838747|9.561484
1509580000987|-1.1985906|1.838747|9.561484
1509580001119|-1.1849703|1.838747|9.561484
1509580001251|-1.1441091|1.8659877|9.561484
1509580001383|-1.0487667|1.920469|9.561484
1509580001516|-0.92618364|2.0158114|9.561484
1509580001647|-0.84446156|2.1111538|9.547864
1509580001781|-0.8172208|2.192876|9.534244
1509580001911|-0.83084124|2.2882183|9.507003
1509580002043|-0.8580819|2.3426998|9.493382
1509580002175|-0.91256326|2.383561|9.479762
1509580002307|-0.95342433|2.4244218|9.466142
1509580002439|-1.0215261|2.4789033|9.438901
1509580002571|-1.0760074|2.5061438|9.425281
1509580002706|-1.1168685|2.547005|9.41166
1509580002835|-1.1168685|2.547005|9.41166
1509580002966|-1.0760074|2.5742457|9.41166
1509580003098|-0.99428535|2.587866|9.41166
1509580003231|-0.939804|2.5742457|9.425281
1509580003364|-0.92618364|2.547005|9.438901
1509580003495|-0.91256326|2.5061438|9.452521
1509580003627|-0.8580819|2.4516625|9.466142
1509580003759|-0.74911916|2.4108014|9.479762
1509580003891|-0.61291564|2.3699405|9.507003
1509580004023|-0.51757324|2.315459|9.520623
1509580004155|-0.42223078|2.233737|9.547864
1509580004287|-0.28602728|2.1383946|9.575105
1509580004418|-0.17706451|2.0430522|9.602345
1509580004551|-0.095342435|1.9749503|9.615966
1509580004684|-0.05448139|1.9068487|9.629586
1509580004816|-0.040861044|1.8523673|9.643206
1509580004949|-0.040861044|1.838747|9.643206
1509580005080|-0.013620348|1.8251265|9.643206
1509580005211|0.08172209|1.8251265|9.643206
1509580005343|0.19068487|1.8115062|9.643206
1509580005475|0.27240694|1.7570248|9.656826
1509580005606|0.27240694|1.7161638|9.656826
1509580005738|0.25878662|1.6889231|9.670446
1509580005871|0.2043052|1.6616825|9.670446
1509580006003|0.17706451|1.6616825|9.670446
1509580006134|0.14982383|1.6753027|9.670446
1509580006267|0.095342435|1.7161638|9.656826
1509580006399|-0.013620348|1.7161638|9.656826
1509580006531|-0.13620347|1.7161638|9.656826
1509580006673|-0.23154591|1.7025435|9.670446
1509580006795|-0.35412902|1.6889231|9.656826
1509580006927|-0.53119355|1.6889231|9.656826
1509580007059|-0.74911916|1.7025435|9.643206
1509580007191|-0.84446156|1.6889231|9.629586
1509580007323|-0.8853226|1.6208212|9.643206
1509580007455|-0.8989429|1.4709975|9.656826
1509580007590|-0.91256326|1.3620348|9.684067
1509580007719|-0.939804|1.2258313|9.697687
1509580007851|-0.95342433|1.1168685|9.711308
1509580007983|-0.87170225|0.99428535|9.724928
1509580008116|-0.6946377|0.8853226|9.752169
1509580008248|-0.51757324|0.8172208|9.765789
1509580008378|-0.42223078|0.74911916|9.779409
1509580008511|-0.42223078|0.6537767|9.779409
1509580008643|-0.4086104|0.55843425|9.79303
1509580008774|-0.3949901|0.44947144|9.79303
1509580008907|-0.38136974|0.3949901|9.79303
1509580009039|-0.38136974|0.3949901|9.79303
1509580009170|-0.36774936|0.32688835|9.80665
1509580009303|-0.7627395|0.28602728|9.779409
1509580009434|-1.334794|0.4086104|9.711308
1509580009567|-1.7297841|0.47671217|9.643206
1509580009698|-2.002191|0.57205456|9.588725
1509580009832|-2.192876|0.70825803|9.547864
1509580009964|-2.2609777|0.83084124|9.520623
1509580010095|-2.2882183|1.0079057|9.493382
1509580010227|-2.2882183|1.1985906|9.466142
