1509582053868|-0.009576807|7.785944|5.717354
1509582053976|-0.1436521|8.149862|5.6407394
1509582054108|-0.19153613|8.130709|5.449203
1509582054246|-0.20111294|8.197746|5.449203
1509582054373|0.2681506|8.025364|5.592855
1509582054510|0.05746084|8.207323|4.8841715
1509582054637|0.16280572|7.5082164|5.793968
1509582054768|-0.17238252|7.2687964|6.6846113
1509582054900|-0.6607997|7.201759|6.445191
1509582055034|-0.93852705|7.249643|6.3685765
1509582055164|-1.13964|6.8282633|6.847417
1509582055296|-0.2873042|6.291962|6.847417
1509582055429|-0.4213795|5.4683566|8.944737
1509582055560|0.63206923|5.161899|8.408437
1509582055692|1.0726024|5.2959743|7.5561004
1509582055824|-0.4405331|6.694188|6.1866174
1509582055957|1.1971009|6.167464|7.1155677
1509582056090|1.2162545|7.2209125|5.813122
1509582056220|0.82360536|8.312668|5.0182467
1509582056352|1.3120226|8.389283|4.55856
1509582056484|0.5267244|8.724471|4.8937483
1509582056616|-0.8810662|8.734048|6.2249246
1509582056748|0.7661445|7.920019|2.9879637
1509582056880|1.5131354|7.843405|4.5681367
1509582057012|0.641646|7.9870567|6.301539
1509582057144|0.93852705|8.734048|3.1124623
1509582057278|0.60333884|9.222465|2.5570073
1509582057412|0.29688102|8.896853|3.7732618
1509582057547|0.8331822|8.561666|4.146757
1509582057680|0.5746084|8.820239|3.715801
1509582057810|1.283292|8.66701|4.060566
1509582057937|1.7429788|8.542512|4.405331
1509582058069|0.7757214|8.513782|4.0318356
1509582058201|0.90979666|8.743625|3.9456444
1509582058333|0.29688102|8.848969|4.050989
1509582058464|0.61291564|8.896853|3.0550013
1509582058597|0.095768064|9.270349|3.1890767
1509582058730|0.34476504|9.184157|3.4763808
1509582058860|0.31603462|8.925584|3.5434184
1509582058993|0.7278373|8.714894|3.8498764
1509582059130|0.63206923|8.801085|3.9360676
1509582059265|1.388637|8.504205|4.156334
1509582059398|1.6184803|8.283937|4.050989
1509582059521|0.33518824|8.446744|4.606444
1509582059653|0.4405331|8.226477|4.6255975
1509582059785|-0.82360536|8.111555|5.439626
1509582059917|-0.6895301|8.111555|5.6886234
1509582060056|-0.29688102|8.283937|5.0278234
1509582060181|-0.08619126|8.2169|5.046977
1509582060312|0.095768064|8.379706|5.4300494
1509582060448|0.6512229|8.159439|4.4723687
1509582060576|0.02873042|8.312668|4.414908
1509582060710|-0.6799533|8.772355|5.305551
1509582060843|0.60333884|8.293514|4.8937483
1509582060980|0.25857377|8.580819|4.146757
1509582061104|0.4213795|8.149862|4.7979803
1509582061237|0.12449849|7.9008656|5.439626
1509582061368|0.02873042|8.207323|4.8841715
1509582061501|0.23942018|8.494628|5.0278234
1509582061632|0.37349546|8.887277|4.4819455
1509582061764|0.61291564|7.8912888|5.410896
1509582061896|0.2681506|7.383718|3.9360676
1509582062028|0.6799533|8.015787|6.196194
1509582062160|0.7469909|7.9870567|5.841852
1509582062295|-0.009576807|8.00621|5.142745
1509582062428|-0.2873042|8.39886|4.3861775
1509582062558|0.50757074|7.8625584|5.6790466
1509582062691|0.842759|7.5944076|6.0238113
1509582062820|0.58418524|7.6231384|5.755661
1509582062952|0.39264908|7.5848308|5.3821654
1509582063084|0.23942018|7.9583263|5.66947
1509582063216|0.60333884|7.872135|5.66947
1509582063348|0.31603462|7.7667904|5.5258174
1509582063480|0.047884032|7.833828|5.305551
1509582063612|0.10534488|7.920019|5.602432
1509582063744|0.58418524|7.4986396|5.8801594
1509582063880|0.019153614|7.9104424|5.631162
1509582064008|0.30645782|7.6614456|5.9184666
1509582064140|0.12449849|7.5944076|5.592855
1509582064280|-0.06703765|7.7093296|5.6982
1509582064405|0.2681506|7.575254|5.9567738
1509582064537|0.16280572|7.690176|5.5258174
1509582064669|0.095768064|7.776367|5.6790466
1509582064801|0.16280572|7.642292|5.985504
1509582064933|0.21068975|7.8050976|5.6982
1509582065065|0.34476504|7.536947|5.506664
1509582065196|-0.019153614|7.632715|5.841852
1509582065330|0.076614454|7.8146744|5.947197
1509582065461|0.48841715|7.6231384|5.3821654
1509582065596|0.0|7.680599|5.7748146
1509582065731|-0.009576807|7.642292|6.081272
1509582065860|0.1436521|7.785944|5.7269306
1509582065997|0.25857377|7.6710224|5.48751
1509582066121|-0.047884032|7.6231384|5.9280434
1509582066253|-0.019153614|7.6710224|6.0046577
1509582066385|0.1340753|7.651869|5.851429
1509582066517|0.11492168|7.642292|5.6886234
1509582066649|-0.05746084|7.642292|5.8705826
1509582066780|0.24899697|7.4986396|5.9663506
1509582066912|0.038307227|7.632715|5.6886234
1509582067046|0.038307227|7.565677|5.9280434
1509582067180|0.06703765|7.824251|5.592855
1509582067308|0.095768064|7.785944|5.535394
1509582067442|0.12449849|7.642292|5.707777
1509582067580|-0.22026655|7.929596|5.554548
1509582067714|0.1436521|7.651869|5.851429
1509582067837|0.11492168|7.7572136|5.4204726
1509582067969|-0.047884032|7.833828|5.6215854
1509582068101|-0.15322891|7.881712|5.8322754
1509582068233|0.095768064|7.52737|5.746084
1509582068364|-0.10534488|7.603985|5.851429
1509582068496|-0.05746084|7.603985|5.7269306
1509582068631|0.009576807|7.383718|6.205771
1509582068760|0.21068975|7.240066|6.3781533
1509582068898|0.08619126|7.3549876|5.995081
1509582069030|-0.08619126|7.3071036|6.4164605
1509582069160|0.19153613|6.8761473|6.703765
1509582069297|-0.038307227|7.0485296|6.703765
1509582069420|0.076614454|6.8665705|6.703765
1509582069553|0.038307227|6.943185|6.7803793
1509582069685|0.11492168|7.326257|6.3302693
1509582069817|0.17238252|7.479486|5.5162406
1509582069948|0.019153614|7.4603324|6.0238113
1509582070081|0.31603462|7.192182|6.531382
1509582070212|0.0|7.4603324|5.9184666
1509582070344|0.22984336|7.28795|6.301539
1509582070480|0.32561144|7.2783732|6.167464
1509582070610|0.20111294|7.3166804|6.0238113
1509582070746|0.21068975|7.297527|6.129156
1509582070880|0.24899697|7.1826053|6.291962
1509582071010|0.16280572|7.192182|6.397307
1509582071136|0.2681506|7.0964136|6.435614
1509582071269|0.38307226|7.2687964|6.6367273
1509582071401|0.05746084|7.8625584|5.161899
1509582071532|0.34476504|7.5848308|5.085284
1509582071665|0.45968673|7.345411|6.4260373
1509582071799|0.24899697|7.28795|6.129156
1509582071930|0.05746084|7.3549876|6.4547677
1509582072060|0.2873042|7.335834|5.8226986
1509582072195|0.29688102|7.3549876|5.7843914
1509582072325|-0.05746084|7.479486|6.1195793
1509582072461|0.009576807|7.536947|5.793968
1509582072598|-0.019153614|8.063671|5.085284
1509582072721|0.7469909|8.42759|4.462792
1509582072853|0.50757074|8.475474|4.5202527
1509582072985|0.1340753|8.762778|4.1276035
1509582073117|0.06703765|8.762778|4.0797195
1509582073249|0.842759|8.552089|4.357447
1509582073380|0.7661445|8.590396|4.185065
1509582073514|0.94810385|8.561666|4.185065
1509582073644|1.0055647|8.532935|4.31914
1509582073780|1.13964|8.485051|4.2999864
1509582073910|1.0534488|8.532935|4.501099
1509582074043|1.0342951|8.523358|4.3861775
1509582074178|0.9768343|8.552089|4.185065
1509582074312|1.1013328|8.552089|4.414908
