1509583715302|18.0|44.16|-1.68
1509583715426|15.24|44.94|-4.68
1509583715558|13.32|43.62|-8.16
1509583715690|13.08|40.98|-9.179999
1509583715822|14.5199995|38.82|-8.28
1509583715954|15.719999|36.96|-5.52
1509583716086|16.5|36.66|-1.62
1509583716218|16.26|38.219997|0.65999997
1509583716350|15.42|40.68|1.4399999
1509583716482|15.48|42.66|1.26
1509583716615|16.32|43.92|0.17999999
1509583716747|17.22|42.96|-1.0799999
1509583716878|18.0|40.92|-2.22
1509583717011|18.359999|37.86|-2.6399999
1509583717142|18.42|35.579998|-2.04
1509583717275|18.96|35.34|-0.96
1509583717406|19.8|36.48|0.48
1509583717538|21.119999|39.0|0.35999998
1509583717670|22.199999|40.68|-1.1999999
1509583717802|22.56|41.16|-3.4199998
1509583717934|22.38|40.379997|-6.42
1509583718066|22.32|39.18|-8.76
1509583718198|22.68|38.219997|-10.26
1509583718330|23.58|37.8|-10.139999
1509583718462|24.96|39.0|-9.179999
1509583718595|24.96|40.32|-8.28
1509583718727|24.84|41.399998|-7.56
1509583718858|24.359999|41.52|-7.3199997
1509583718990|23.4|39.719997|-7.2
1509583719122|22.68|37.92|-6.3599997
1509583719254|21.42|37.02|-5.4
1509583719386|19.619999|37.02|-5.3399997
1509583719518|18.24|37.8|-5.52
1509583719650|17.699999|38.7|-6.12
1509583719782|17.94|38.7|-7.14
1509583719914|19.14|38.7|-6.66
1509583720046|20.279999|38.399998|-5.2799997
1509583720178|21.359999|38.579998|-2.9399998
1509583720310|22.08|39.12|-0.24
1509583720442|22.08|39.3|1.38
1509583720574|20.88|39.96|1.92
1509583720706|18.72|40.2|1.68
1509583720838|15.839999|40.92|0.35999998
1509583720970|13.5|42.0|-1.26
1509583721103|12.3|42.239998|-2.58
1509583721234|11.94|42.3|-3.24
1509583721366|12.719999|41.579998|-2.1599998
1509583721499|13.62|41.04|-0.65999997
1509583721630|15.059999|41.1|0.84
1509583721762|16.56|40.92|1.68
1509583721894|17.039999|41.04|2.6399999
1509583722026|17.76|40.8|3.4199998
1509583722158|18.0|40.559998|3.72
1509583722290|18.24|40.68|3.6
1509583722422|18.779999|40.379997|2.6399999
1509583722554|18.96|39.66|1.68
1509583722686|18.9|38.1|0.96
1509583722818|18.72|36.42|1.1999999
1509583722950|18.66|35.219997|2.04
1509583723082|18.66|35.1|2.9399998
1509583723214|18.06|36.42|3.24
1509583723346|17.1|37.38|3.06
1509583723478|16.26|38.34|1.14
1509583723610|14.94|39.6|-1.62
1509583723742|13.62|41.28|-5.2799997
1509583723874|12.42|44.94|-11.639999
1509583724006|11.94|47.399998|-21.0
1509583724138|12.84|44.16|-30.9
1509583724270|14.219999|38.579998|-34.62
1509583724402|16.08|33.239998|-33.18
1509583724534|17.34|30.66|-26.16
1509583724666|17.64|34.32|-17.039999
1509583724798|18.06|40.26|-12.78
1509583724930|17.64|45.719997|-11.16
1509583725062|16.56|50.46|-12.599999
1509583725195|15.059999|52.44|-17.34
1509583725326|12.78|49.02|-23.82
1509583725458|10.74|39.719997|-28.56
1509583725590|9.54|28.38|-28.32
1509583725722|9.84|19.02|-23.519999
1509583725854|13.2|16.44|-15.78
1509583725986|17.16|20.039999|-10.679999
1509583726118|22.02|24.48|-8.7
1509583726250|26.4|29.519999|-7.98
1509583726382|28.859999|32.399998|-7.56
1509583726514|30.539999|33.719997|-4.5
1509583726646|30.3|35.82|-0.71999997
1509583726779|28.439999|37.32|2.76
1509583726910|25.08|38.219997|4.98
1509583727042|21.48|38.76|6.18
1509583727174|18.48|38.879997|6.18
1509583727306|16.38|38.94|5.3399997
1509583727438|15.42|39.3|4.2
1509583727570|14.82|39.899998|1.4399999
1509583727703|14.099999|38.399998|-1.56
1509583727834|13.44|36.54|-3.4199998
1509583727966|13.5|34.8|-4.7999997
1509583728098|14.16|34.02|-3.9599998
1509583728229|13.139999|36.96|-4.08
1509583728362|10.5|40.2|-6.8399997
1509583728494|7.62|42.66|-10.74
1509583728626|6.3599997|41.64|-16.08
1509583728758|9.9|36.6|-17.76
1509583728890|17.4|31.56|-14.04
1509583729022|24.3|29.82|-7.8599997
1509583729154|27.119999|32.52|-2.3999999
1509583729286|24.9|36.899998|0.24
1509583729419|18.42|40.379997|-1.3199999
1509583729550|11.639999|40.68|-4.02
1509583729682|7.02|38.879997|-4.74
1509583729814|6.18|38.879997|-4.92
1509583729946|8.04|41.04|-5.46
1509583730079|9.719999|40.379997|-5.04
1509583730210|11.759999|39.3|-3.6599998
1509583730342|13.38|37.02|-0.59999996
1509583730474|15.24|33.84|5.22
1509583730606|19.199999|35.46|10.32
1509583730738|22.8|38.04|12.36
1509583730870|25.019999|39.48|13.08
1509583731002|26.16|40.62|12.48
1509583731134|25.92|41.1|11.5199995
1509583731266|25.92|40.86|11.88
1509583731398|25.98|42.0|12.599999
1509583731530|26.64|42.78|12.84
1509583731662|26.82|42.36|14.34
1509583731794|26.4|42.54|15.78
1509583731926|24.539999|43.02|17.4
1509583732058|21.06|44.579998|17.1
1509583732190|16.98|46.379997|14.099999
1509583732322|13.259999|48.0|9.599999
1509583732454|10.44|48.6|2.82
1509583732586|8.639999|46.379997|-2.76
1509583732718|8.76|43.44|-5.2799997
1509583732850|9.48|41.16|-5.7
1509583732982|11.46|39.66|-4.44
1509583733114|14.16|39.059998|-2.22
1509583733246|16.56|39.36|-1.1999999
1509583733379|18.06|38.34|-0.06
1509583733510|18.42|37.26|1.86
1509583733642|17.1|37.68|3.48
1509583733774|14.94|38.52|3.48
1509583733906|13.98|39.96|1.62
1509583734038|13.62|39.6|-1.14
1509583734170|13.799999|39.3|-2.28
1509583734302|15.12|38.879997|-1.9799999
1509583734434|15.48|38.579998|0.71999997
1509583734566|15.42|39.96|3.48
1509583734698|15.66|42.48|5.8799996
1509583734830|14.46|44.7|7.14
1509583734962|13.559999|47.52|6.2999997
1509583735094|14.16|50.28|4.44
1509583735226|15.48|49.44|1.02
1509583735358|18.0|46.8|-0.96
1509583735490|19.56|43.14|-2.1599998
1509583735623|19.14|38.879997|-3.12
1509583735754|17.279999|37.14|-4.02
1509583735886|15.48|37.86|-7.02
1509583736018|14.88|37.26|-9.059999
1509583736151|15.599999|37.86|-7.98
1509583736287|17.279999|37.26|-5.04
1509583736414|19.02|35.7|0.9
1509583736547|20.4|36.6|6.8999996
1509583736679|20.76|36.6|10.08
1509583736811|20.22|36.36|11.759999
1509583736942|18.18|37.26|12.78
1509583737074|15.299999|38.579998|11.7
1509583737206|12.599999|39.719997|10.26
1509583737338|11.46|41.04|8.4
1509583737470|11.82|41.46|5.7599998
1509583737602|13.679999|41.82|4.38
1509583737734|16.02|41.579998|2.58
1509583737866|17.22|41.64|2.1599998
1509583737998|17.699999|42.42|1.38
1509583738130|18.24|41.579998|0.78
1509583738262|18.539999|41.16|1.3199999
1509583738394|18.6|40.86|0.96
1509583738526|18.66|38.76|0.59999996
1509583738658|17.699999|37.26|0.71999997
1509583738790|16.08|36.719997|0.42
1509583738922|13.92|36.0|-0.71999997
1509583739054|12.3|36.66|-1.0799999
1509583739186|11.7|37.14|-1.86
1509583739318|12.78|38.34|-1.38
1509583739450|14.219999|39.54|-0.96
1509583739582|15.0|39.18|-0.96
1509583739714|15.179999|38.94|0.42
1509583739846|13.559999|38.399998|1.14
1509583739978|12.54|38.579998|2.28
1509583740110|12.54|40.2|3.6599998
1509583740242|12.599999|41.399998|3.78
1509583740374|14.04|41.399998|4.74
1509583740506|15.719999|40.8|6.8399997
1509583740638|16.98|41.7|8.94
1509583740770|16.5|43.32|8.22
1509583740902|15.179999|44.52|5.2799997
1509583741034|13.139999|44.28|0.78
1509583741166|10.62|41.28|-3.6599998
1509583741298|9.96|37.559998|-3.84
1509583741430|9.9|36.12|-1.14
1509583741562|10.08|36.899998|2.6399999
1509583741694|11.16|38.7|5.8799996
1509583741826|11.04|40.8|6.8999996
1509583741958|10.74|40.26|6.3599997
1509583742090|10.74|38.16|6.18
1509583742222|10.139999|37.32|6.12
1509583742354|10.92|36.48|5.46
1509583742486|12.42|36.78|4.98
1509583742618|14.099999|38.219997|4.62
1509583742750|14.5199995|39.899998|3.24
1509583742882|13.74|40.8|1.92
1509583743014|12.059999|41.52|0.78
1509583743146|11.04|42.18|-0.17999999
1509583743278|12.0|41.16|0.59999996
1509583743410|14.16|40.8|2.46
1509583743542|16.199999|42.0|3.12
1509583743674|17.46|42.36|1.86
1509583743806|18.359999|42.899998|-1.14
1509583743938|19.199999|40.26|-3.84
1509583744070|20.279999|36.239998|-3.72
1509583744202|21.119999|32.76|-2.58
1509583744334|20.88|30.24|-0.24
1509583744466|19.92|30.84|1.3199999
1509583744598|19.08|31.8|1.02
1509583744730|18.0|33.42|1.14
1509583744862|17.76|34.98|1.56
1509583744994|17.52|36.18|3.36
1509583745126|16.74|39.239998|5.52
1509583745258|16.68|43.32|5.8199997
1509583745390|16.8|45.42|4.62
1509583745522|16.8|46.5|1.68
1509583745654|17.94|45.48|-1.1999999
1509583745786|18.48|41.579998|-3.1799998
1509583745918|18.72|37.86|-3.24
1509583746050|19.439999|35.04|-0.78
1509583746182|19.5|33.66|2.22
1509583746314|19.439999|34.44|5.2799997
1509583746446|19.439999|36.3|7.44
1509583746578|18.96|37.92|7.3199997
1509583746710|19.14|37.44|6.54
1509583746842|19.74|35.28|6.66
1509583746974|20.52|34.26|8.639999
1509583747106|21.3|35.76|11.16
1509583747239|21.24|38.52|11.94
1509583747370|20.64|41.28|11.28
1509583747502|20.039999|43.32|8.639999
1509583747634|19.32|43.14|4.56
1509583747766|19.32|42.239998|2.04
1509583747905|19.32|42.6|0.78
1509583748030|18.84|42.719997|-0.96
1509583748162|18.66|42.36|-1.56
1509583748294|17.699999|42.78|-1.92
1509583748426|17.039999|42.84|-3.06
1509583748558|16.859999|42.84|-3.84
1509583748690|16.5|42.0|-4.38
1509583748822|16.38|39.96|-4.2599998
1509583748954|15.719999|37.8|-1.9799999
1509583749086|14.88|37.44|1.26
1509583749218|14.16|37.98|3.9599998
1509583749350|13.92|38.579998|5.8799996
1509583749483|13.92|39.54|5.52
1509583749614|14.16|38.1|3.9599998
1509583749746|15.059999|36.84|2.52
1509583749878|16.02|36.84|1.38
1509583750010|17.76|36.3|0.59999996
1509583750142|19.98|36.48|0.29999998
1509583750274|21.48|37.2|0.24
1509583750406|23.22|36.84|-0.35999998
1509583750538|24.359999|36.12|0.0
1509583750670|24.9|35.28|1.1999999
1509583750802|25.199999|34.98|2.9399998
1509583750936|24.779999|36.48|4.7999997
1509583751066|24.48|38.64|5.94
1509583751198|23.16|41.1|5.04
1509583751330|21.6|42.899998|2.7
1509583751462|20.279999|42.54|-0.9
1509583751595|19.02|41.04|-4.08
1509583751726|18.6|39.48|-4.7999997
1509583751858|18.779999|38.46|-3.48
1509583751990|19.38|38.52|-0.24
1509583752122|20.16|39.3|1.92
1509583752254|21.3|39.84|3.0
1509583752386|22.14|39.3|2.28
1509583752518|22.8|38.28|1.14
1509583752649|22.859999|37.26|1.62
1509583752782|22.02|38.46|2.1
1509583752914|21.6|40.8|1.1999999
1509583753046|20.64|41.94|-0.78
1509583753179|19.08|42.239998|-4.38
1509583753309|17.52|41.399998|-9.0
1509583753628|16.38|39.719997|-11.5199995
1509583753772|11.28|34.559998|-16.98
1509583753904|12.24|34.5|-16.74
1509583754036|16.08|37.02|-16.619999
1509583754168|21.18|37.14|-18.42
1509583754300|26.64|35.52|-18.359999
1509583754432|31.679998|32.82|-18.06
1509583754564|33.6|30.779999|-16.02
1509583754696|33.3|29.279999|-13.38
1509583754828|29.939999|32.94|-10.08
1509583754960|23.88|38.52|-9.719999
1509583755092|17.58|43.14|-12.24
1509583755224|13.74|46.68|-15.839999
1509583755356|13.0199995|45.059998|-19.32
1509583755488|15.599999|43.02|-20.1
1509583755621|19.26|41.82|-20.1
1509583755752|21.84|38.82|-21.3
1509583755884|24.06|34.62|-21.42
1509583756016|25.8|30.179998|-18.84
1509583756148|26.099998|28.019999|-14.7
1509583756280|24.779999|29.099998|-9.54
1509583756412|22.8|36.239998|-5.8799996
1509583756544|21.0|44.399998|-7.3799996
1509583756676|20.699999|49.32|-11.5199995
1509583756808|21.66|52.32|-17.46
1509583756940|22.56|49.739998|-23.4
1509583757072|21.84|44.76|-26.16
1509583757205|20.82|39.3|-27.24
1509583757338|20.46|34.2|-25.08
1509583757468|20.52|30.779999|-22.859999
1509583757600|21.48|27.72|-20.88
1509583757732|23.16|26.039999|-17.34
1509583757864|23.58|28.92|-13.74
1509583757996|21.96|33.239998|-13.44
1509583758128|19.199999|36.18|-14.58
1509583758260|15.12|42.96|-17.279999
1509583758392|12.059999|43.92|-22.619999
1509583758524|10.0199995|43.5|-25.92
1509583758656|8.28|43.62|-29.46
1509583759072|7.44|37.32|-32.1
1509583759184|0.65999997|32.399998|-24.9
1509583759316|-1.86|33.12|-23.16
1509583759448|-3.1799998|35.82|-25.8
1509583759580|-0.48|30.119999|-32.1
1509583759713|3.78|23.88|-31.439999
1509583759844|10.44|21.6|-27.84
1509583759976|16.14|23.34|-19.38
1509583760108|19.8|31.98|-13.139999
1509583760240|21.779999|39.48|-11.58
1509583760372|19.68|43.739998|-14.46
1509583760504|16.92|41.399998|-19.8
1509583760636|14.34|36.719997|-20.64
1509583760768|13.08|35.88|-20.279999
1509583760900|13.139999|36.18|-18.96
1509583761032|13.5|37.079998|-18.24
1509583761164|14.5199995|37.44|-17.22
1509583761296|14.34|37.62|-16.26
1509583761428|13.62|37.92|-16.02
1509583761560|13.62|38.1|-15.719999
1509583761692|13.44|38.34|-15.0
1509583761824|13.799999|38.7|-14.94
1509583761956|13.799999|38.879997|-15.179999
1509583762088|13.08|39.3|-16.02
1509583762220|12.84|38.28|-17.22
1509583762353|12.24|37.02|-17.52
1509583762484|12.78|36.36|-17.58
1509583762616|13.32|35.52|-17.22
1509583762752|13.5|35.82|-17.82
1509583762880|13.559999|35.399998|-18.6
1509583763012|13.44|34.62|-18.48
1509583763144|13.44|34.2|-17.76
1509583763290|13.259999|34.26|-16.14
1509583763408|13.44|35.579998|-15.36
1509583763540|13.0199995|36.96|-15.66
1509583763672|12.78|38.28|-17.039999
1509583763804|12.42|38.7|-19.56
1509583763936|12.24|37.92|-20.699999
1509583764068|13.2|37.14|-21.3
1509583764200|14.16|36.6|-20.699999
1509583764332|15.54|36.84|-19.56
1509583764464|17.1|37.86|-19.32
1509583764596|17.76|38.879997|-19.8
1509583764728|18.18|38.399998|-21.06
1509583764860|18.359999|37.079998|-21.42
1509583764992|18.42|35.28|-21.18
1509583765128|18.18|33.78|-20.039999
