1509581932600|-0.44947144|0.05448139|-0.3949901
1509581932719|-0.27240694|-0.013620348|-0.4086104
1509581932852|0.27240694|-0.44947144|0.58567494
1509581932983|-0.25878662|-0.13620347|0.027240695
1509581933119|0.14982383|0.36774936|-0.6401563
1509581933247|0.74911916|0.10896278|-1.5118586
1509581933380|0.040861044|0.027240695|0.43585113
1509581933510|0.8580819|-0.23154591|-0.25878662
1509581933643|0.6537767|-0.27240694|-0.040861044
1509581933775|0.50395286|0.0|-0.12258312
1509581933907|0.98066497|-0.31326798|0.10896278
1509581934039|0.6810174|-0.05448139|-0.6810174
1509581934178|0.84446156|-0.4086104|0.2043052
1509581934304|0.27240694|-0.040861044|-0.44947144
1509581934434|0.3949901|-0.43585113|0.62653595
1509581934568|0.16344418|-0.35412902|0.50395286
1509581934698|0.21792556|-0.24516624|-1.1441091
1509581934831|0.21792556|-0.6810174|0.8989429
1509581934963|-0.5992953|-0.8036005|1.879608
1509581935096|0.27240694|-0.44947144|-0.87170225
1509581935227|-0.7627395|-0.040861044|-0.58567494
1509581935359|-0.13620347|-0.7763598|1.1577295
1509581935491|-0.08172209|-0.32688835|1.0351465
1509581935623|0.24516624|-0.44947144|-1.1168685
1509581935761|-0.21792556|-0.095342435|0.667397
1509581935887|-0.05448139|-0.24516624|0.24516624
1509581936020|0.61291564|-0.013620348|-3.2007816
1509581936153|-0.38136974|-0.27240694|1.1168685
1509581936283|-0.08172209|-0.49033248|1.0487667
1509581936416|-0.25878662|-0.10896278|-1.7842655
1509581936548|-0.47671217|-0.3949901|1.3075534
1509581936679|0.040861044|-0.46309182|1.1441091
1509581936812|-0.31326798|-0.17706451|-0.58567494
1509581936944|0.027240695|-0.44947144|0.068101734
1509581937075|0.7899802|-0.70825803|-1.2530719
1509581937210|-0.5992953|-1.56634|3.718355
1509581937340|0.3949901|-0.8580819|-0.25878662
1509581937472|0.27240694|-0.25878662|-1.0079057
1509581937603|-0.6810174|-0.4086104|1.6344416
1509581937736|0.49033248|-0.47671217|-0.42223078
1509581937868|-0.17706451|-0.32688835|0.6537767
1509581938001|-0.38136974|-0.8036005|0.3949901
1509581938132|-0.068101734|-1.0487667|-0.6537767
1509581938263|-0.10896278|-0.42223078|1.9885707
1509581938396|0.32688835|0.36774936|-1.7842655
1509581938530|-0.70825803|0.2043052|-0.3405087
1509581938660|0.62653595|-0.3405087|-1.4165161
1509581938792|0.44947144|-0.53119355|0.12258312
1509581938924|0.23154591|0.095342435|-1.1168685
1509581939055|0.068101734|0.6946377|-0.95342433
1509581939187|0.068101734|0.2043052|-0.43585113
1509581939320|0.17706451|-0.4086104|0.3405087
1509581939452|-0.17706451|0.3949901|-1.5118586
1509581939584|0.21792556|-0.31326798|-0.14982383
1509581939715|-0.31326798|-0.23154591|0.35412902
1509581939848|-0.49033248|0.095342435|-1.1168685
1509581939980|-0.42223078|-0.38136974|0.83084124
1509581940110|-0.38136974|-0.31326798|0.25878662
1509581940243|-0.32688835|-0.70825803|1.3211737
1509581940373|0.24516624|-0.87170225|-0.7627395
1509581940506|-0.23154591|-0.6946377|1.1713499
1509581940638|0.0|-0.13620347|-0.91256326
1509581940771|0.2043052|-0.17706451|0.62653595
1509581940902|0.013620348|-0.19068487|-0.91256326
1509581941035|0.24516624|-0.23154591|-0.068101734
1509581941166|0.667397|-0.24516624|-1.0896277
1509581941299|0.51757324|-0.53119355|0.46309182
1509581941430|0.12258312|0.13620347|-1.607201
1509581941562|-0.040861044|-0.013620348|1.0351465
1509581941696|-0.08172209|0.47671217|-1.4709975
1509581941826|0.10896278|0.0|0.43585113
1509581941957|0.095342435|0.3949901|-1.2530719
1509581942093|0.16344418|-0.28602728|0.49033248
1509581942221|0.29964766|0.0|-1.4437568
1509581942353|0.83084124|-0.6401563|0.05448139
1509581942486|0.53119355|-0.13620347|-1.2530719
1509581942618|0.50395286|-0.29964766|0.31326798
1509581942750|0.7763598|0.29964766|-2.1247742
1509581942883|-0.7218784|0.095342435|1.7025435
1509581943014|0.35412902|0.068101734|-1.4301364
1509581943146|0.027240695|-0.21792556|0.32688835
1509581943278|0.29964766|0.29964766|-2.0294318
1509581943410|0.21792556|-0.8989429|-0.23154591
1509581943542|0.25878662|-0.7354987|0.05448139
1509581943676|0.28602728|-1.0487667|2.4789033
1509581943807|-0.027240695|-0.50395286|0.939804
1509581943938|-0.62653595|-0.8580819|0.83084124
1509581944072|0.05448139|-0.83084124|-0.5992953
1509581944202|-0.068101734|-0.7763598|0.95342433
1509581944335|-0.5448139|-0.19068487|-0.27240694
1509581944466|-0.7763598|-1.0351465|-0.6946377
1509581944599|-0.38136974|-1.0351465|1.9068487
1509581944730|-0.23154591|-1.525479|1.6344416
1509581944863|-0.5448139|-0.61291564|0.6401563
1509581944995|-0.29964766|-0.28602728|0.6401563
1509581945127|-0.51757324|-0.23154591|0.6537767
1509581945259|-0.08172209|-0.31326798|-1.5935806
1509581945391|-0.35412902|-0.99428535|1.7297841
1509581945523|-0.17706451|-0.16344418|-1.334794
1509581945655|-0.17706451|-0.84446156|1.1849703
1509581945787|-0.12258312|-0.7354987|-0.23154591
1509581945920|-0.28602728|-0.58567494|0.32688835
1509581946052|-0.10896278|0.10896278|0.0
1509581946183|-0.29964766|0.42223078|-0.19068487
1509581946315|-0.16344418|-0.29964766|-0.2043052
1509581946446|0.21792556|-0.46309182|-0.38136974
1509581946579|-0.21792556|-0.36774936|0.58567494
1509581946712|-0.27240694|0.28602728|-1.3211737
1509581946843|-0.36774936|-0.29964766|0.74911916
1509581946974|-0.10896278|-0.040861044|-1.2530719
1509581947108|0.08172209|-0.3405087|0.47671217
1509581947239|0.29964766|0.24516624|-1.1441091
1509581947371|0.58567494|-0.19068487|0.10896278
1509581947504|0.8172208|-0.47671217|0.3405087
1509581947636|0.19068487|-0.027240695|-1.293933
1509581947768|-0.8036005|0.095342435|0.83084124
1509581947901|-0.32688835|0.068101734|-1.1168685
1509581948031|-0.38136974|0.23154591|-0.4086104
1509581948163|-0.2043052|0.42223078|-0.74911916
1509581948295|-0.31326798|0.667397|-1.1304889
1509581948427|-0.83084124|1.1168685|-0.50395286
1509581948560|-0.2043052|0.51757324|-0.91256326
1509581948691|-0.49033248|0.3949901|-0.7218784
1509581948823|-0.31326798|0.49033248|-0.6810174
1509581948955|0.3405087|0.61291564|-0.96704465
1509581949087|0.25878662|0.70825803|-1.3484143
1509581949220|0.040861044|0.8036005|-1.1168685
1509581949351|0.21792556|0.35412902|-0.6810174
1509581949483|0.58567494|0.23154591|-1.0623871
1509581949615|0.3949901|0.24516624|-1.607201
1509581949747|0.4086104|-0.013620348|0.08172209
1509581949879|0.42223078|0.17706451|-0.5448139
1509581950012|0.47671217|-0.49033248|0.4086104
1509581950143|0.08172209|-0.8853226|1.1168685
1509581950275|0.7354987|-1.4301364|0.99428535
1509581950407|0.62653595|-0.7763598|0.8853226
1509581950539|0.36774936|-0.8580819|0.7218784
1509581950672|0.16344418|-0.6401563|0.8989429
1509581950804|0.74911916|-1.0760074|0.3405087
1509581950935|0.6401563|-0.939804|1.2122109
1509581951069|0.43585113|-1.0215261|-0.43585113
1509581951198|-0.027240695|-1.4165161|2.1111538
1509581951330|0.12258312|-0.62653595|-0.98066497
1509581951463|-0.2043052|-1.0623871|1.525479
1509581951595|0.05448139|-0.38136974|-0.8036005
1509581951727|0.50395286|-0.8989429|0.57205456
1509581951859|0.040861044|-0.58567494|1.1577295
1509581951992|0.13620347|-0.57205456|0.7354987
1509581952123|0.14982383|-0.667397|0.61291564
1509581952255|0.2043052|-1.3075534|0.47671217
1509581952388|0.027240695|-1.3075534|2.083913
1509581952520|0.32688835|-0.92618364|0.5448139
1509581952652|-0.35412902|-0.17706451|1.2803127
1509581952783|0.16344418|0.7354987|-2.8466525
1509581952915|0.46309182|0.36774936|-0.068101734
1509581953047|-0.040861044|1.2803127|-2.860273
1509581953178|0.05448139|0.57205456|-0.08172209
1509581953312|-0.10896278|0.84446156|-1.3620348
1509581953443|0.29964766|0.16344418|-0.53119355
1509581953575|-0.25878662|0.6401563|-1.3211737
1509581953707|-0.27240694|0.095342435|-0.25878662
1509581953840|-0.10896278|0.43585113|-0.96704465
1509581953972|-0.31326798|-0.16344418|-0.7627395
1509581954104|-0.14982383|-0.38136974|0.6946377
1509581954235|-0.51757324|-0.17706451|0.7354987
1509581954366|-0.2043052|-0.19068487|0.29964766
1509581954499|0.12258312|0.013620348|-0.8036005
1509581954632|-0.35412902|0.28602728|0.55843425
1509581954763|0.13620347|0.29964766|-1.375655
1509581954895|-0.25878662|0.3405087|0.08172209
1509581955027|-0.19068487|0.49033248|-1.7297841
1509581955159|-0.2043052|-0.10896278|0.53119355
1509581955303|0.24516624|-0.28602728|0.25878662
1509581955423|0.44947144|0.17706451|-1.1304889
1509581955555|0.027240695|0.7354987|-1.2394516
1509581955688|0.17706451|0.95342433|-0.95342433
1509581955820|-0.5448139|1.2258313|-2.7921712
1509581955951|-0.12258312|0.25878662|-0.38136974
1509581956083|0.027240695|0.44947144|-1.648062
1509581956214|0.027240695|0.32688835|-0.10896278
1509581956347|-0.32688835|0.87170225|-2.070293
1509581956479|0.17706451|0.027240695|0.16344418
1509581956611|0.0|0.29964766|-0.8580819
1509581956743|0.2043052|0.16344418|-1.1713499
1509581956875|-0.05448139|0.46309182|-1.4982383
1509581957010|-0.42223078|0.013620348|0.13620347
1509581957139|-0.5448139|0.027240695|-0.6401563
1509581957271|-0.013620348|-0.74911916|0.7627395
1509581957403|-0.7218784|0.28602728|-0.19068487
1509581957540|-0.6401563|0.25878662|0.05448139
1509581957667|0.08172209|-0.16344418|-0.21792556
1509581957799|-0.27240694|-0.24516624|0.21792556
1509581957931|0.08172209|-0.10896278|-0.32688835
1509581958063|-0.08172209|-0.42223078|0.49033248
1509581958195|-0.23154591|0.24516624|-0.50395286
1509581958328|0.47671217|0.0|-0.49033248
1509581958459|-0.4086104|0.19068487|-0.84446156
1509581958591|0.25878662|0.095342435|0.16344418
1509581958723|0.2043052|0.16344418|-0.44947144
1509581958856|0.6946377|-0.42223078|-0.49033248
1509581958987|0.12258312|-0.46309182|0.46309182
1509581959120|-0.4086104|-0.36774936|1.5118586
1509581959251|-0.49033248|0.0|-0.49033248
1509581959383|-0.068101734|-0.08172209|0.6537767
1509581959515|-0.43585113|-0.08172209|0.23154591
1509581959646|-0.27240694|-0.21792556|-1.484618
1509581959782|-0.05448139|-0.6946377|0.667397
1509581959911|-0.25878662|-0.23154591|0.44947144
1509581960043|0.095342435|-0.38136974|0.0
1509581960175|-0.040861044|-0.8172208|1.7842655
1509581960308|-0.08172209|-1.3484143|1.5390993
1509581960440|0.55843425|-1.334794|0.7899802
1509581960572|0.29964766|-0.8172208|0.5992953
1509581960703|-0.08172209|-0.46309182|0.6537767
1509581960836|0.3949901|-0.5992953|0.62653595
1509581960967|0.42223078|-0.38136974|0.25878662
1509581961099|0.57205456|-0.7627395|1.4709975
1509581961232|0.28602728|-0.25878662|-1.0623871
1509581961363|0.46309182|-0.58567494|0.27240694
1509581961495|0.51757324|-0.25878662|-0.47671217
1509581961627|0.53119355|-0.31326798|0.16344418
1509581961760|-0.31326798|0.3405087|-0.16344418
1509581961892|0.35412902|-0.23154591|-1.0760074
1509581962023|-0.08172209|-0.28602728|-0.05448139
1509581962155|-0.14982383|0.27240694|-0.47671217
1509581962287|-0.013620348|0.46309182|-0.040861044
1509581962420|-0.068101734|-0.08172209|-0.29964766
1509581962551|-0.29964766|-0.7627395|0.46309182
1509581962683|0.29964766|-0.92618364|0.068101734
1509581962815|-0.05448139|-0.667397|-0.50395286
1509581962946|-0.3405087|-0.5448139|1.4301364
1509581963079|-0.46309182|-0.24516624|0.2043052
1509581963211|-0.35412902|-0.4086104|0.61291564
1509581963343|0.13620347|-0.58567494|-0.50395286
1509581963476|0.0|-0.62653595|0.38136974
1509581963607|0.095342435|-0.29964766|-1.1849703
1509581963746|0.23154591|-0.53119355|0.6946377
1509581963871|-0.14982383|-0.44947144|-0.38136974
1509581964004|0.3949901|-0.62653595|0.74911916
1509581964136|-0.32688835|0.3405087|-0.7218784
1509581964267|0.10896278|-0.095342435|-0.58567494
1509581964399|-0.05448139|-0.43585113|0.55843425
1509581964531|-0.3405087|-0.3949901|-1.5799603
1509581964662|0.05448139|-1.0215261|1.1168685
1509581964795|0.61291564|-0.16344418|0.57205456
1509581964927|-0.29964766|0.36774936|0.13620347
1509581965059|-0.36774936|-0.14982383|-0.91256326
1509581965191|0.14982383|-0.8172208|1.2258313
1509581965334|-0.068101734|-0.29964766|-1.1985906
1509581965455|-0.28602728|-0.36774936|0.62653595
1509581965586|-0.16344418|-0.013620348|-1.1032481
1509581965720|0.013620348|-0.47671217|0.5992953
1509581965852|0.10896278|-0.095342435|-1.1304889
1509581965986|0.027240695|-0.5992953|0.23154591
1509581966115|0.28602728|-0.095342435|-0.5992953
1509581966247|0.19068487|-0.12258312|0.16344418
1509581966379|-0.19068487|0.12258312|-0.74911916
1509581966512|0.25878662|-0.7354987|0.4086104
1509581966643|-0.040861044|-0.16344418|0.21792556
1509581966775|0.32688835|-0.43585113|0.0
1509581966907|0.14982383|-0.013620348|-0.3949901
1509581967040|0.12258312|0.0|-0.23154591
1509581967171|-0.24516624|-0.32688835|0.12258312
1509581967303|0.7218784|-0.7763598|0.8853226
1509581967436|-0.35412902|0.027240695|0.27240694
1509581967567|0.12258312|-0.19068487|0.068101734
1509581967699|-0.08172209|-0.47671217|0.62653595
1509581967831|-0.068101734|-0.47671217|-0.42223078
1509581967964|0.068101734|-0.6401563|0.27240694
1509581968095|0.2043052|-0.027240695|0.23154591
1509581968227|-0.57205456|0.5992953|-0.10896278
1509581968359|0.16344418|-0.38136974|-0.43585113
1509581968492|0.0|-0.6946377|1.0487667
1509581968624|-0.12258312|-0.027240695|-1.0079057
1509581968755|0.0|-0.6810174|0.8172208
1509581968888|0.10896278|-0.4086104|-0.53119355
1509581969019|0.0|-0.61291564|0.939804
1509581969152|-0.013620348|-0.095342435|-0.32688835
1509581969283|0.13620347|-0.36774936|0.17706451
1509581969415|0.38136974|-0.43585113|-0.13620347
1509581969547|0.21792556|-0.3405087|-0.3405087
1509581969678|0.13620347|-0.16344418|0.7763598
1509581969812|-0.068101734|0.44947144|-2.1247742
1509581969944|0.4086104|-0.5448139|0.55843425
1509581970075|0.51757324|-0.17706451|-1.525479
1509581970209|0.0|0.10896278|0.35412902
1509581970353|-0.44947144|0.7354987|-0.92618364
1509581970472|0.0|0.12258312|-0.7763598
1509581970603|-0.35412902|-0.35412902|0.7218784
1509581970736|-0.21792556|-0.24516624|-1.5118586
1509581970867|-0.36774936|-0.47671217|1.4028958
1509581970998|0.12258312|-0.13620347|-1.1032481
1509581971131|-0.70825803|0.13620347|0.49033248
1509581971263|0.38136974|-1.1168685|0.36774936
1509581971395|-0.08172209|-0.91256326|0.5448139
1509581971527|-0.32688835|-0.24516624|0.7763598
1509581971660|0.7899802|-0.62653595|-0.61291564
1509581971791|0.13620347|-0.61291564|0.35412902
1509581971923|0.10896278|-0.38136974|-0.08172209
1509581972055|-0.2043052|-0.24516624|1.7434045
1509581972188|1.4709975|-0.51757324|-1.3620348
1509581972320|-0.29964766|0.61291564|-0.91256326
1509581972452|-0.49033248|-0.29964766|1.4028958
1509581972583|0.4086104|-0.7627395|-0.31326798
1509581972715|-0.43585113|-0.31326798|0.5448139
1509581972847|0.08172209|-0.12258312|-1.0487667
1509581972980|-0.35412902|-0.040861044|0.27240694
1509581973112|0.013620348|-0.05448139|-0.27240694
1509581973244|0.13620347|-0.17706451|-0.44947144
1509581973376|-0.36774936|-0.040861044|0.095342435
1509581973507|-0.27240694|-0.13620347|-0.12258312
1509581973639|0.068101734|-0.10896278|-0.4086104
1509581973772|-0.08172209|0.23154591|-1.1441091
1509581973904|-0.068101734|-0.2043052|0.53119355
1509581974035|-0.35412902|0.040861044|0.16344418
1509581974166|0.16344418|-0.4086104|-0.31326798
1509581974300|-0.13620347|0.29964766|-0.8036005
1509581974432|0.21792556|0.095342435|-0.17706451
1509581974563|-0.23154591|0.095342435|0.095342435
1509581974695|0.0|0.13620347|-1.1168685
1509581974827|-0.013620348|-0.24516624|0.8853226
1509581974960|-0.43585113|0.5992953|-1.4028958
1509581975092|0.50395286|-0.36774936|0.095342435
1509581975224|0.31326798|-0.10896278|-0.29964766
1509581975354|-0.027240695|0.10896278|0.095342435
1509581975488|0.16344418|0.25878662|-0.12258312
1509581975620|-0.013620348|0.25878662|-0.43585113
1509581975752|0.57205456|0.08172209|-0.61291564
1509581975884|0.38136974|0.16344418|-0.43585113
1509581976015|0.44947144|-0.095342435|0.027240695
1509581976147|0.27240694|-0.040861044|0.27240694
1509581976280|0.29964766|0.17706451|-0.7627395
1509581976411|0.42223078|-0.095342435|0.040861044
1509581976543|0.35412902|0.095342435|0.05448139
1509581976675|0.3949901|-0.095342435|-0.5448139
1509581976808|0.24516624|-0.08172209|0.5448139
1509581976943|0.6946377|-0.46309182|-0.14982383
1509581977072|-0.38136974|-0.16344418|0.0
1509581977204|-0.013620348|-0.5992953|0.57205456
1509581977336|-0.24516624|0.2043052|-1.0760074
1509581977467|0.0|-0.3949901|0.35412902
1509581977598|-0.29964766|0.21792556|-0.42223078
1509581977730|-0.068101734|-0.10896278|-0.12258312
1509581977863|-0.4086104|0.29964766|-0.36774936
1509581977995|0.08172209|0.08172209|-0.939804
1509581978130|-0.31326798|0.013620348|0.068101734
1509581978260|-0.32688835|0.19068487|-1.2666924
1509581978391|-0.05448139|0.040861044|0.10896278
1509581978523|0.040861044|0.2043052|-1.2258313
1509581978655|-0.19068487|0.12258312|-0.7354987
1509581978788|-0.31326798|0.0|-0.05448139
1509581978920|-0.31326798|0.25878662|-1.0623871
1509581979051|-0.095342435|0.0|-0.32688835
1509581979183|-0.47671217|0.0|-0.10896278
1509581979315|-0.46309182|-0.05448139|0.19068487
1509581979448|-0.4086104|-0.10896278|0.23154591
1509581979580|-0.2043052|0.14982383|-1.4301364
1509581979711|0.17706451|-0.29964766|0.5992953
1509581979843|0.53119355|-0.19068487|-0.6537767
1509581979975|0.32688835|-0.53119355|0.92618364
1509581980106|0.040861044|-0.8580819|1.3892754
1509581980239|0.13620347|-1.0623871|1.4301364
1509581980371|0.92618364|-1.2122109|0.57205456
1509581980504|0.7218784|-1.0896277|0.32688835
1509581980634|0.16344418|-1.1441091|1.8251265
1509581980772|0.32688835|-0.92618364|0.62653595
1509581980900|0.44947144|-1.0760074|0.6810174
1509581981030|0.23154591|-0.92618364|1.0896277
1509581981163|0.3405087|-0.74911916|0.38136974
1509581981295|0.3949901|-0.667397|0.25878662
