1509586849020|8.639999|36.48|-25.8
1509586849152|8.76|36.18|-26.34
1509586849284|8.7|35.76|-26.34
1509586849416|8.76|35.28|-26.279999
1509586849548|9.179999|35.219997|-26.34
1509586849680|9.719999|34.92|-26.279999
1509586849812|11.28|34.62|-26.76
1509586849943|12.66|34.14|-27.24
1509586850076|14.099999|33.48|-28.019999
1509586850208|16.199999|32.579998|-28.14
1509586850342|17.699999|30.84|-28.8
1509586850472|19.859999|28.859999|-29.939999
1509586850604|21.779999|26.34|-30.599998
1509586850736|23.699999|24.3|-31.679998
1509586850868|25.859999|22.32|-32.1
1509586851000|27.599998|20.88|-31.619999
1509586851132|29.64|19.38|-31.199999
1509586851264|31.619999|17.4|-30.42
1509586851396|33.96|15.48|-28.92
1509586851528|37.2|12.36|-21.48
1509586851660|35.1|11.099999|-5.3399997
1509586851792|33.239998|6.54|9.78
1509586851924|33.18|1.1999999|20.76
1509586852056|28.68|1.62|29.279999
1509586852188|26.039999|3.6599998|29.699999
1509586852321|21.72|6.7799997|32.34
1509586852452|12.96|11.099999|39.6
1509586852584|10.26|8.7|42.719997
1509586852717|11.16|3.54|44.34
1509586852848|10.26|6.6|43.559998
1509586852980|9.0|13.08|40.739998
1509586853112|0.65999997|19.56|38.82
1509586853244|-10.86|25.74|36.42
1509586853378|-21.18|25.439999|32.88
1509586853508|-31.8|23.16|26.34
1509586853640|-35.04|27.0|14.94
1509586853772|-26.279999|32.76|10.26
1509586853904|-7.74|32.52|7.8599997
1509586854036|14.88|30.42|7.02
1509586854168|31.439999|28.26|9.3
1509586854300|29.519999|29.34|7.7999997
1509586854432|9.179999|28.859999|8.46
1509586854564|-12.54|27.84|12.78
1509586854696|-31.199999|23.64|19.02
1509586854828|-37.8|20.64|22.14
1509586854960|-26.099998|28.08|21.72
1509586855093|-6.8399997|32.94|19.56
1509586855224|13.32|33.66|17.22
1509586855356|30.119999|31.14|15.9
1509586855489|27.96|29.82|16.98
1509586855620|11.639999|29.64|19.38
1509586855752|-7.68|29.64|22.38
1509586855884|-26.34|27.84|25.68
1509586856016|-32.28|25.619999|26.039999
1509586856148|-25.199999|29.46|24.18
1509586856280|-8.4|34.2|20.699999
1509586856412|10.32|35.34|16.68
1509586856544|26.519999|34.32|13.559999
1509586856676|27.24|34.739998|13.559999
1509586856808|11.639999|31.5|15.96
1509586856940|-7.9199996|27.42|20.46
1509586857072|-27.42|25.019999|23.82
1509586857205|-33.66|24.18|21.18
1509586857336|-24.359999|29.82|16.74
1509586857468|-5.8799996|35.7|11.34
1509586857600|15.96|35.16|7.02
1509586857732|32.64|30.539999|4.62
1509586857864|31.619999|30.66|5.7
1509586857996|13.38|28.26|9.36
1509586858128|-8.58|25.38|15.42
1509586858260|-27.06|21.96|25.8
1509586858392|-30.84|17.16|33.78
1509586858525|-17.46|20.699999|36.0
1509586858656|1.0799999|26.34|35.1
1509586858788|18.84|27.3|31.92
1509586858920|31.5|21.9|31.679998
1509586859052|32.46|14.219999|36.0
1509586859184|23.16|9.599999|42.18
1509586859316|12.84|9.48|47.82
1509586859451|6.2999997|10.98|51.12
1509586859580|4.08|12.179999|51.96
1509586859712|9.059999|10.32|51.719997
1509586859844|15.66|7.9199996|50.28
1509586859976|19.92|8.46|47.399998
1509586860108|16.92|11.82|44.04
1509586860240|9.3|16.92|41.28
1509586860372|-3.4199998|23.519999|39.0
1509586860505|-15.839999|26.4|38.579998
1509586860636|-20.52|27.48|36.0
1509586860768|-15.96|27.3|34.86
1509586860900|-2.7|21.6|36.0
1509586861032|10.559999|15.9|35.64
1509586861164|20.22|13.98|35.52
1509586861296|17.1|12.12|36.48
1509586861428|8.22|12.96|38.28
1509586861560|0.84|12.719999|41.579998
1509586861692|-4.74|10.74|43.86
1509586861824|-2.22|10.679999|42.899998
1509586861956|4.2|11.219999|40.5
1509586862088|9.78|9.78|37.68
1509586862221|16.44|7.8599997|35.34
1509586862352|16.8|8.099999|34.5
1509586862484|9.42|8.16|35.34
1509586862616|1.02|11.04|35.94
1509586862748|-8.58|14.219999|35.7
1509586862880|-10.8|13.679999|35.76
1509586863012|-6.2999997|13.679999|35.64
1509586863144|0.59999996|10.679999|35.16
1509586863276|8.94|6.24|36.42
1509586863409|13.5|4.3199997|37.5
1509586863540|11.82|3.72|38.52
1509586863672|5.8799996|7.56|38.34
1509586863804|0.48|12.3|37.92
1509586863936|-3.0|13.679999|37.68
1509586864068|-1.68|12.9|37.26
1509586864201|3.1799998|9.54|37.92
1509586864332|8.34|4.3199997|38.1
1509586864464|12.12|0.78|37.98
1509586864596|12.36|1.62|38.04
1509586864728|8.5199995|4.7999997|38.04
1509586864860|5.1|10.44|38.399998
1509586864992|3.24|13.5|38.64
1509586865124|2.46|12.599999|37.98
1509586865256|4.74|9.719999|37.2
1509586865387|6.0|3.12|36.6
1509586865520|6.18|-0.29999998|35.64
1509586865651|5.3399997|1.4399999|34.62
1509586865784|3.54|4.14|34.38
1509586865916|0.53999996|9.9|33.84
1509586866048|-1.3199999|13.62|33.3
1509586866180|-0.9|12.42|32.52
1509586866312|2.1599998|8.76|31.8
1509586866444|6.24|1.9799999|31.92
1509586866576|9.66|-4.2|32.219997
1509586866708|11.94|-5.7|32.88
1509586866841|10.62|-3.54|32.219997
1509586866972|8.04|2.9399998|30.96
1509586867104|6.66|8.76|29.58
1509586867236|6.18|9.42|29.46
1509586867368|4.98|8.58|31.5
1509586867501|6.54|4.38|33.78
1509586867633|8.04|-0.53999996|35.399998
1509586867764|7.8599997|0.0|36.059998
1509586867896|8.28|0.84|35.34
1509586868029|6.54|4.3199997|34.68
1509586868160|4.74|8.94|34.32
1509586868300|3.8999999|9.24|34.079998
1509586868425|5.52|8.58|34.86
1509586868556|7.56|3.9599998|35.52
1509586868688|9.54|-1.14|36.48
1509586868820|11.94|-2.1599998|37.44
1509586868952|11.34|-1.62|37.02
1509586869084|10.0199995|2.46|37.02
1509586869216|8.04|7.08|36.96
1509586869348|6.66|7.2599998|37.32
1509586869480|6.54|5.58|38.34
1509586869612|7.2599998|0.59999996|38.46
1509586869744|8.16|-4.56|38.579998
1509586869876|9.24|-5.1|38.16
1509586870008|8.88|-2.22|37.559998
1509586870140|7.9199996|3.12|37.68
1509586870272|7.62|8.5199995|37.68
1509586870404|7.02|8.099999|37.739998
1509586870536|6.6|4.38|38.1
1509586870668|7.44|-0.53999996|38.04
1509586870800|7.08|-4.02|38.579998
1509586870932|7.08|-3.0|38.7
1509586871066|8.58|-0.17999999|38.34
1509586871196|9.96|3.54|38.28
1509586871328|11.4|5.52|38.04
1509586871460|11.759999|3.4199998|38.04
1509586871593|13.08|-1.8|37.98
1509586871725|15.299999|-6.8399997|36.84
1509586871856|16.92|-7.44|36.12
1509586871989|15.839999|-4.14|36.239998
1509586872120|15.42|1.38|36.18
1509586872252|13.38|6.7799997|37.559998
1509586872384|10.92|6.0|38.82
1509586872516|10.2|1.5|39.48
1509586872648|11.58|-5.46|39.36
1509586872781|12.96|-7.7999997|39.36
1509586872912|13.559999|-4.7999997|38.579998
1509586873044|15.42|-0.42|38.16
1509586873176|13.86|6.2999997|39.239998
1509586873308|13.679999|7.02|40.079998
1509586873440|13.98|1.92|41.399998
1509586873572|14.58|-3.78|41.879997
1509586873704|15.48|-5.8799996|42.719997
1509586873836|14.04|-3.72|42.36
1509586873968|13.98|1.62|42.18
1509586874100|13.679999|8.099999|42.12
1509586874232|14.7|8.94|41.76
1509586874364|15.839999|4.02|42.3
1509586874496|16.44|-4.3199997|41.64
1509586874631|18.539999|-12.3|40.62
1509586874760|18.72|-11.94|40.8
1509586874892|17.94|-5.7599998|40.68
1509586875024|17.88|3.84|41.04
1509586875156|16.859999|10.139999|42.42
1509586875288|16.02|7.68|42.6
1509586875420|16.199999|0.78|42.54
1509586875552|18.48|-7.3799996|41.52
1509586875684|19.8|-8.28|40.68
1509586875816|18.0|-3.0|40.2
1509586875948|15.78|5.04|40.5
1509586876080|13.08|13.139999|41.879997
1509586876212|10.679999|13.38|42.719997
1509586876344|12.059999|8.04|42.899998
1509586876476|14.759999|-1.0799999|41.76
1509586876608|17.039999|-7.9199996|40.68
1509586876740|17.88|-6.72|40.32
1509586876872|15.719999|-1.62|39.899998
1509586877004|14.099999|5.8799996|40.98
1509586877136|12.3|10.32|41.64
1509586877268|13.38|7.9199996|40.92
1509586877400|16.199999|0.9|40.44
1509586877532|18.9|-5.46|39.12
1509586877665|20.1|-5.94|39.0
1509586877796|17.1|-2.3999999|39.719997
1509586877928|15.24|2.76|40.379997
1509586878060|13.62|8.639999|41.28
1509586878192|13.799999|7.74|41.28
1509586878324|15.599999|2.7|41.1
1509586878456|17.88|-3.48|39.899998
1509586878588|19.56|-5.3399997|39.42
1509586878720|15.78|-0.96|38.94
1509586878852|11.5199995|6.2999997|38.219997
1509586878984|7.68|15.059999|39.0
1509586879115|6.54|16.02|40.079998
1509586879248|10.08|9.12|41.28
1509586879380|16.08|-2.46|40.739998
1509586879512|21.72|-7.2599998|40.92
1509586879643|20.82|-4.8599997|40.98
1509586879775|16.02|2.52|40.86
1509586879908|11.219999|13.799999|42.96
1509586880040|8.639999|16.92|43.62
1509586880179|10.44|11.219999|43.079998
1509586880305|15.12|0.53999996|41.82
1509586880436|19.68|-7.3199997|40.14
1509586880568|20.699999|-7.08|39.54
1509586880700|17.699999|-0.84|39.899998
1509586880832|16.26|7.98|41.1
1509586880964|14.759999|13.86|42.0
1509586881096|15.36|9.66|41.34
1509586881228|18.18|1.14|39.36
1509586881360|20.64|-7.5|36.719997
1509586881492|22.8|-8.34|35.46
1509586881624|20.16|-2.8799999|35.28
1509586881756|19.26|4.68|36.3
1509586881888|18.9|12.12|37.62
1509586882020|18.06|9.48|38.1
1509586882152|18.24|4.2599998|38.94
1509586882284|19.26|1.26|38.76
1509586882416|18.539999|1.1999999|38.52
1509586882548|16.92|4.98|38.46
1509586882680|18.6|8.88|36.96
1509586882812|18.359999|11.88|36.18
1509586882944|20.1|10.559999|36.18
1509586883077|21.66|7.3199997|35.94
1509586883213|22.02|2.8799999|36.059998
1509586883340|24.72|-1.56|35.219997
1509586883472|22.98|0.65999997|34.62
1509586883604|18.18|5.4|34.739998
1509586883736|14.94|10.92|35.52
1509586883868|12.48|13.0199995|37.02
1509586884000|13.08|7.9199996|37.98
1509586884132|15.54|-0.17999999|37.86
1509586884264|17.16|-6.24|37.62
1509586884396|17.94|-6.3599997|37.32
1509586884528|15.48|-0.12|37.079998
1509586884660|13.86|9.059999|36.54
1509586884792|13.98|16.74|35.52
1509586884924|14.639999|13.2|34.98
1509586885056|15.24|3.36|33.96
1509586885188|15.299999|-9.0|32.94
1509586885320|15.36|-19.02|33.36
1509586885452|14.7|-14.46|33.239998
1509586885584|15.179999|-1.4399999|31.8
1509586885716|16.5|13.38|30.24
1509586885848|16.619999|22.859999|29.64
1509586885980|14.82|19.56|30.06
1509586886112|13.92|7.62|30.119999
1509586886248|12.599999|-5.4|30.9
1509586886376|12.78|-14.759999|28.439999
1509586886508|14.7|-13.74|25.14
1509586886640|17.88|-4.62|23.519999
1509586886772|21.119999|7.56|18.6
1509586886904|22.92|16.68|14.04
1509586887036|26.16|14.639999|8.4
1509586887168|26.039999|1.0799999|4.68
1509586887300|24.48|-16.38|4.14
1509586887432|25.08|-29.22|3.6599998
1509586887564|25.26|-23.64|2.9399998
1509586887696|24.0|-6.06|-0.48
1509586887828|24.72|13.259999|-4.14
1509586887960|27.72|24.3|-4.02
1509586888092|26.519999|15.299999|-1.56
1509586888224|25.26|-3.0|1.74
1509586888356|24.24|-22.14|5.46
1509586888488|23.039999|-27.9|6.6
1509586888620|23.279999|-17.1|5.46
1509586888753|24.119999|1.62|5.1
1509586888884|28.619999|17.699999|4.02
1509586889016|30.42|19.619999|3.1799998
1509586889148|27.42|5.16|4.2
1509586889280|25.98|-14.7|4.8599997
1509586889413|24.359999|-29.64|6.0
1509586889544|24.18|-25.14|5.22
1509586889676|24.06|-6.8399997|3.78
1509586889808|26.279999|13.139999|2.04
1509586889940|30.9|24.72|0.9
1509586890072|28.92|13.44|1.56
1509586890204|24.96|-6.8399997|2.8799999
1509586890336|22.5|-27.3|4.2
1509586890468|21.84|-35.219997|5.1
1509586890600|22.08|-20.58|4.2599998
1509586890732|25.439999|0.53999996|2.34
1509586890864|31.439999|19.68|1.14
1509586890996|32.219997|19.68|2.22
1509586891128|25.859999|1.02|3.0
1509586891260|18.9|-21.6|4.14
1509586891392|18.779999|-38.52|6.12
1509586891524|19.02|-30.84|5.46
1509586891656|23.519999|-9.54|3.84
1509586891788|32.82|13.08|2.9399998
1509586891920|35.82|22.68|3.12
1509586892052|32.16|9.66|3.4199998
1509586892184|24.72|-13.139999|6.66
1509586892316|20.58|-35.219997|9.0
1509586892448|21.119999|-39.12|9.12
1509586892580|21.779999|-18.9|7.9199996
1509586892712|28.92|5.1|5.1
1509586892844|37.5|22.439999|3.84
1509586892976|33.96|15.96|3.9599998
1509586893108|26.58|-7.2|4.68
1509586893240|22.5|-31.199999|6.3599997
1509586893372|23.76|-37.2|6.96
1509586893504|23.46|-18.18|4.74
1509586893636|26.22|7.3199997|3.06
1509586893768|33.899998|26.939999|2.58
1509586893900|32.76|22.38|3.78
1509586894032|26.039999|-0.17999999|5.04
1509586894164|24.779999|-24.72|7.98
1509586894296|25.92|-35.34|11.639999
1509586894428|21.779999|-20.039999|11.7
1509586894560|23.64|5.4|12.66
1509586894692|29.88|26.279999|14.639999
1509586894824|28.08|25.38|17.1
1509586894956|22.68|4.44|20.64
1509586895088|16.56|-19.98|23.58
1509586895220|18.06|-34.5|26.039999
1509586895352|17.58|-23.34|24.48
1509586895484|18.6|-0.42|22.619999
1509586895616|28.8|20.939999|22.02
1509586895748|28.56|25.14|21.359999
1509586895880|23.76|8.7|21.48
1509586896012|24.119999|-15.9|18.6
1509586896147|19.26|-36.6|15.719999
1509586896276|11.82|-46.739998|10.139999
1509586896408|8.76|-48.719997|3.6
1509586896540|6.8399997|-48.96|1.86
1509586896672|6.7799997|-49.44|-0.48
1509586896804|8.28|-48.84|-2.76
1509586896936|11.639999|-48.18|-4.3199997
1509586897068|14.94|-46.86|-5.4
1509586897200|16.8|-45.84|-6.72
1509586897331|16.98|-46.14|-7.62
1509586897463|15.12|-46.86|-8.34
1509586897595|12.719999|-47.46|-9.179999
1509586897727|10.38|-48.239998|-10.8
1509586897859|8.58|-48.539997|-10.8
1509586897992|7.62|-48.059998|-10.74
1509586898124|7.02|-48.0|-10.559999
1509586898255|6.06|-47.94|-9.9
1509586898387|4.7999997|-48.12|-9.96
1509586898520|3.1799998|-47.76|-9.96
1509586898652|1.3199999|-47.52|-10.139999
1509586898784|0.12|-47.16|-9.96
1509586898916|0.53999996|-46.079998|-9.719999
1509586899048|2.34|-45.78|-9.3
1509586899182|4.8599997|-45.0|-9.3
1509586899313|6.96|-44.04|-9.3
1509586899444|7.98|-43.26|-9.599999
1509586899576|8.34|-42.48|-10.44
1509586899708|8.639999|-41.64|-11.58
1509586899842|9.84|-40.379997|-13.0199995
1509586899973|9.96|-39.66|-13.86
1509586900105|9.059999|-39.54|-13.38
1509586900236|5.94|-39.48|-13.08
1509586900369|1.9799999|-39.899998|-13.08
1509586900501|-1.02|-39.899998|-13.08
1509586900633|-2.46|-39.36|-14.58
1509586900765|-2.1599998|-38.82|-14.88
1509586900896|-0.96|-38.34|-15.12
1509586901042|1.56|-37.559998|-15.599999
1509586901159|2.6399999|-36.42|-15.66
1509586901293|3.06|-35.219997|-16.74
1509586901423|1.38|-34.079998|-17.1
1509586901555|-1.92|-32.88|-18.0
1509586901688|-4.74|-32.16|-18.6
1509586901820|-6.18|-32.579998|-17.94
1509586901952|-5.7599998|-33.0|-17.76
1509586902084|-4.56|-33.899998|-17.76
1509586902216|-2.82|-34.62|-17.58
1509586902348|-1.92|-34.44|-18.48
1509586902480|-2.22|-34.5|-19.32
1509586902613|-3.06|-34.02|-19.619999
