1509546124513|-3.821146|1.2449849|9.021352
1509546124638|-4.2521024|1.283292|7.575254
1509546124770|-3.5338416|1.1779473|7.929596
1509546124902|-2.7006595|1.0342951|8.169016
1509546125034|-2.4995465|-0.842759|7.3071036
1509546125166|-5.7365074|-3.3327289|11.33894
1509546125298|-5.0757074|-0.6512229|9.471462
1509546125430|-4.817134|-0.79487497|10.400413
1509546125561|-4.3766007|-0.6991069|12.105083
1509546125694|-5.439626|-1.0726024|12.98615
1509546125826|-1.9728222|1.8100165|7.335834
1509546125958|-0.7469909|3.6487634|7.52737
1509546126090|-0.59376204|2.6719291|7.8625584
1509546126222|-2.2409728|3.6774938|7.824251
1509546126355|-0.9864111|1.6376339|9.212888
1509546126486|0.22026655|-0.78529817|8.992621
1509546126618|2.4995465|1.9249382|8.552089
1509546126750|3.1316159|2.1739352|9.959879
1509546126882|1.4652514|0.6799533|11.60709
1509546127014|2.1930888|0.63206923|8.446744
1509546127146|2.834735|1.1779473|6.799533
1509546127278|4.5298295|2.1068976|7.575254
1509546127410|4.8841715|2.2122424|10.812215
1509546127542|4.2999864|1.0151415|8.839393
1509546127674|3.5051112|1.9057846|7.603985
1509546127805|3.572149|1.043872|9.80665
1509546127938|3.763685|3.3901896|9.289502
1509546128070|4.0892963|2.777274|10.25676
1509546128202|1.8866309|1.5993267|9.682152
1509546128334|4.644751|1.0534488|5.554548
1509546128466|7.3071036|1.340753|5.401319
1509546128599|5.93762|2.0590134|8.916007
1509546128730|2.5091233|1.934515|10.812215
1509546128862|2.8538885|0.545878|13.608643
1509546128994|3.9264908|0.5650316|6.7708025
1509546129126|5.755661|0.7374141|8.791509
1509546129258|3.6774938|1.9728222|6.081272
1509546129390|3.8977604|3.4284968|7.642292
1509546129523|5.2002063|1.292869|9.088389
1509546129654|4.4819455|0.545878|8.647857
1509546129786|6.6175733|0.842759|8.590396
1509546129918|5.2863975|0.7086837|10.496181
1509546130051|1.7525556|2.27928|7.651869
1509546130182|4.0318356|1.13964|6.5505357
1509546130315|6.8761473|2.882619|9.892841
1509546130446|3.5529952|1.0151415|10.658986
1509546130578|-1.4077905|3.016694|6.4260373
1509546130710|1.6376339|0.35434186|9.097966
1509546130842|6.981492|-1.2641385|8.743625
1509546130974|8.599973|-1.5035586|3.2561142
1509546131106|2.6623523|-2.719813|14.279019
1509546131238|-2.432509|-0.2873042|9.394848
1509546131370|-3.1124623|0.8523358|4.280833
1509546131502|-7.1634517|3.2944214|14.700398
1509546131634|-1.1971009|0.12449849|12.5264635
1509546131766|0.5554548|-0.80445176|7.824251
1509546131898|7.0102224|-0.7278373|6.5218053
1509546132030|6.38773|0.842759|11.281479
1509546132162|2.3175871|-0.6991069|7.7572136
1509546132294|-2.9017725|2.087744|6.042965
1509546132426|-3.6008794|2.719813|8.360553
1509546132564|-6.2632318|1.8770541|11.042058
1509546132690|-3.3806129|1.0247183|7.383718
1509546132823|-2.873042|1.1587936|7.7093296
1509546132954|-4.175488|1.5131354|10.70687
1509546133086|-4.7788267|2.087744|9.184157
1509546133218|-4.0892963|2.480393|6.493075
1509546133350|-5.00867|2.4229321|6.531382
1509546133482|-6.7803793|1.7812861|6.3302693
1509546133614|-7.5082164|3.9743748|7.728483
1509546133746|-5.6215854|1.8100165|6.5601125
1509546133878|-2.8634653|1.1971009|6.2249246
1509546134010|-3.3901896|2.2409728|10.151415
1509546134142|-5.315128|2.825158|10.113108
1509546134274|-3.6870706|0.82360536|7.575254
1509546134410|-5.9759274|-0.2777274|5.449203
1509546134538|-11.128249|0.90021986|8.676587
1509546134670|-8.887277|-0.31603462|7.3071036
1509546134802|-3.8307228|0.019153614|6.167464
1509546134934|-4.0414124|1.340753|8.389283
1509546135065|-4.912902|-0.05746084|10.218452
1509546135197|-4.060566|0.5650316|7.680599
1509546135330|-4.1659107|0.6703765|5.171476
1509546135461|-4.9703627|0.36391866|10.505757
1509546135594|-5.554548|0.5650316|11.894394
1509546135726|-2.873042|0.22984336|7.6710224
1509546135858|-2.6144683|0.7565677|8.015787
1509546135989|-1.292869|0.36391866|10.477027
1509546136122|-2.6431987|0.22026655|10.036493
1509546136255|-3.8977604|0.641646|7.728483
1509546136386|-3.2369606|0.18195933|8.90643
1509546136580|-4.855441|1.3694834|6.694188
1509546137438|-5.9280434|1.292869|7.642292
1509546137574|-4.7884035|1.340753|7.9966335
1509546137706|-5.755661|1.541866|5.6982
1509546137920|-4.76925|-1.340753|10.429143
1509546138071|-6.435614|0.38307226|5.650316
1509546138168|-7.603985|0.79487497|8.916007
1509546138299|-5.659893|-1.1683705|7.431602
1509546138431|-2.3175871|-0.095768064|7.9487495
1509546138563|-2.8443117|-0.6607997|13.043611
1509546138696|-4.223372|-0.62249243|9.825804
1509546138827|-5.602432|-1.0247183|7.2113357
1509546138960|-6.3206925|-0.6512229|6.38773
1509546139091|-5.1906295|-0.6799533|9.835381
1509546139224|-4.6351743|-1.7717092|9.270349
1509546139356|-5.544971|-0.11492168|5.7365074
1509546139490|-4.0414124|-1.0247183|8.350976
1509546139620|-6.9240313|1.4556746|5.851429
1509546139752|-5.497087|-0.2681506|9.739613
1509546139884|-5.161899|-0.5650316|8.829816
1509546140016|-4.3861775|0.6512229|4.5777135
1509546140147|-5.3821654|0.31603462|6.205771
1509546140279|-7.651869|-2.585738|10.362105
1509546140412|-6.751649|-1.1779473|8.992621
1509546140544|-6.253655|0.46926352|4.654328
1509546140675|-7.920019|2.1930888|6.9719152
1509546140810|-3.8307228|1.283292|10.01734
1509546140940|-3.3901896|2.3654714|6.6846113
1509546141072|-2.4899697|2.3463178|5.21936
1509546141204|-8.408437|1.340753|7.4028716
1509546141336|-4.223372|-1.1875241|15.006856
1509546141468|-4.280833|0.08619126|5.363012
1509546141600|-1.9536686|0.80445176|6.3111157
1509546141732|-5.631162|2.4516625|8.66701
1509546141864|-6.157887|1.1779473|9.816227
1509546141996|-4.0318356|2.135628|5.161899
1509546142129|-3.86903|1.1587936|8.561666
1509546142260|-3.323152|2.633622|10.055647
1509546142392|-2.2601264|1.8770541|7.872135
1509546142524|-2.9783869|1.8195933|7.1634517
1509546142656|-4.098873|1.7812861|8.983045
1509546142788|-4.2042184|1.0151415|7.0006456
1509546142920|-6.9527617|-1.1109096|11.128249
1509546143052|-4.050989|-2.183512|6.2632318
1509546143184|-2.9783869|-1.2449849|7.632715
1509546143316|-2.8921957|-1.0534488|11.281479
1509546143448|-1.7908629|-4.1180267|12.181698
1509546143580|-4.6160207|-3.8786068|6.5696893
1509546143712|-4.4915223|-0.6895301|3.0358477
1509546143844|-6.2345014|-1.1779473|6.4739213
1509546143977|-9.576807|-4.1946416|8.963891
1509546144108|-5.7748146|-4.012682|4.453215
1509546144240|-2.6623523|-2.0398598|5.9184666
1509546144372|-6.6367273|-2.0590134|9.557653
1509546144504|-4.8267107|-4.596867|12.5743475
1509546144636|-3.2465374|-1.8483237|4.912902
1509546144768|-6.205771|-2.2984335|8.408437
1509546144900|-6.14831|-1.2258313|8.743625
1509546145032|-7.441179|-1.8291701|7.067683
1509546145164|-4.548983|-2.4229321|6.205771
1509546145296|-4.3957543|-1.4748282|8.686164
1509546145428|-4.912902|0.1436521|7.2113357
1509546145560|-4.8937483|-0.076614454|9.643845
1509546145692|-5.90889|-2.0111294|9.758766
1509546145824|-4.0318356|-1.5610195|7.086837
1509546145958|-4.6351743|-1.4077905|7.469909
1509546146089|-3.620033|-0.63206923|6.895301
1509546146220|-6.3206925|-1.7621324|11.204864
1509546146352|-6.090849|-4.711789|9.423578
1509546146484|-1.5897499|-0.58418524|3.3423057
1509546146616|-3.7445314|0.7757214|7.603985
1509546146749|-6.742072|-1.532289|9.5385
1509546146880|-4.10845|-3.3518825|10.448297
1509546147012|-5.6886234|-0.80445176|4.175488
1509546147144|-6.397307|-2.3558946|7.651869
1509546147276|-7.326257|-1.9057846|9.864111
1509546147408|-4.271256|-3.0262709|5.5737014
1509546147540|-3.0933087|-1.1109096|4.510676
1509546147675|-5.506664|-0.45968673|10.505757
1509546147804|-5.889736|-1.6280571|12.392388
1509546147936|-0.47884035|-4.098873|8.552089
1509546148068|-5.8322754|-2.135628|2.4229321
1509546148200|-7.843405|-3.3423057|8.896853
1509546148332|-10.888829|-3.122039|7.4986396
1509546148464|-4.9799395|-5.1140146|3.9935284
1509546148604|-3.083732|-2.1260512|1.7717092
1509546148728|-7.1059904|-0.89064306|7.8625584
1509546148860|-5.554548|-4.8745947|14.116213
1509546148992|-5.00867|-2.4037786|4.309563
1509546149124|-3.6487634|-2.2409728|7.4028716
1509546149257|-4.4723687|-1.7621324|8.082825
1509546149388|-10.448297|-3.7445314|9.481039
1509546149520|-4.596867|-3.5434184|4.232949
1509546149652|-4.5394063|-2.9017725|5.813122
1509546149784|-4.9416323|-0.58418524|6.349423
1509546149916|-5.8226986|0.48841715|11.051635
1509546150048|-3.2465374|0.93852705|9.069236
1509546150180|-3.6774938|0.7278373|6.033388
1509546150312|-3.3614593|1.0342951|7.431602
1509546150444|-3.916914|3.2848446|3.667917
1509546150576|-7.9487495|1.685518|10.726024
1509546150708|-4.865018|-0.4213795|6.8091097
1509546150840|-3.074155|-0.019153614|6.9719152
1509546150972|-2.480393|0.59376204|9.088389
1509546151104|-4.0797195|0.82360536|9.921572
1509546151236|-3.41892|-1.8195933|9.615114
1509546151368|-3.083732|-0.61291564|7.651869
1509546151503|-3.217807|0.1436521|7.4986396
1509546151639|-3.6487634|0.7565677|10.457873
1509546151764|-7.7093296|0.1436521|11.3964
1509546151896|-4.414908|-0.6703765|4.3861775
1509546152028|-2.5091233|0.6607997|5.746084
1509546152160|-4.6351743|0.22026655|10.084377
1509546152292|-5.45878|1.541866|10.486604
1509546152424|-3.3039982|-1.2737153|8.820239
1509546152556|-2.834735|0.19153613|5.142745
1509546152688|-3.8977604|-0.59376204|11.693281
1509546152820|-3.5817258|-2.4612393|14.4130945
1509546152952|-2.0398598|-2.336741|8.523358
1509546153084|1.436521|-5.899313|12.124237
1509546153216|-8.274361|-6.5601125|8.513782
1509546153349|-4.003105|-2.9975405|8.101978
1509546153480|-5.813122|-1.6759412|11.042058
1509546153612|-4.7309427|0.33518824|5.085284
1509546153744|-8.523358|-2.6144683|10.5440645
1509546153876|-5.3342814|-2.384625|7.5848308
1509546154008|-4.0892963|0.009576807|4.7788267
1509546154140|-3.3039982|1.5610195|9.883265
1509546154272|-2.9879637|2.2505496|10.620679
1509546154420|-2.231396|0.095768064|10.390836
1509546154536|-2.0494366|0.35434186|7.833828
1509546154668|-2.2984335|1.0534488|8.101978
1509546154804|-3.5529952|1.1109096|10.381259
1509546154932|-3.4284968|-1.1013328|10.448297
1509546155064|-2.6527755|0.019153614|8.293514
1509546155196|-1.8195933|0.545878|8.054094
1509546155328|-2.2601264|1.388637|10.352529
