1509580494408|-1.879608|-0.91256326|-0.6537767
1509580494534|-1.5527196|-0.53119355|-0.4086104
1509580494667|-0.53119355|-0.27240694|-0.32688835
1509580494799|-0.38136974|-0.10896278|0.068101734
1509580494930|-0.027240695|-0.58567494|-0.87170225
1509580495062|3.13268|-0.7627395|-1.8932283
1509580495193|4.2223077|0.84446156|-2.233737
1509580495327|0.17706451|-0.98066497|0.95342433
1509580495458|-1.2258313|-2.1111538|3.9090397
1509580495593|-4.195067|1.3075534|-0.6810174
1509580495722|-2.5197642|1.1441091|-2.1247742
1509580495854|-1.0079057|0.87170225|-0.38136974
1509580495987|-3.8136973|0.91256326|-1.879608
1509580496118|-2.465283|0.4086104|-3.3097444
1509580496250|-1.7570248|0.6537767|-1.4709975
1509580496382|-2.6559677|1.3892754|-1.6616825
1509580496514|-2.8057916|0.7218784|-0.42223078
1509580496647|-1.0760074|0.74911916|-1.1032481
1509580496778|1.648062|1.2122109|-1.334794
1509580496910|-0.095342435|1.9885707|-1.1032481
1509580497042|0.62653595|3.609392|0.36774936
1509580497175|-0.21792556|3.486809|-1.8659877
1509580497306|0.58567494|1.7706451|-0.8172208
1509580497438|2.8875136|0.27240694|0.46309182
1509580497570|2.901134|1.1441091|0.50395286
1509580497702|0.99428535|1.7434045|-2.8057916
1509580497833|2.4244218|2.2201166|-2.2201166
1509580497967|2.6832085|2.002191|0.99428535
1509580498099|2.4380422|1.4982383|0.7899802
1509580498231|2.5197642|-0.6810174|0.095342435
1509580498363|4.985047|-0.27240694|-1.879608
1509580498494|1.648062|0.3949901|-1.2530719
1509580498626|0.92618364|-0.2043052|0.5992953
1509580498758|1.1168685|0.92618364|0.91256326
1509580498890|-3.0373375|0.040861044|-0.08172209
1509580499022|-3.3778462|-0.8989429|-0.667397
1509580499154|-0.57205456|-1.4437568|-1.3484143
1509580499286|-0.8853226|-0.42223078|-2.083913
1509580499418|-2.3018386|-0.14982383|0.2043052
1509580499551|0.25878662|0.5448139|0.95342433
1509580499684|0.55843425|-0.53119355|-1.334794
1509580499814|-0.91256326|-1.3484143|0.068101734
1509580499946|1.334794|-0.095342435|-0.4086104
1509580500077|0.8989429|0.7763598|0.3405087
1509580500210|0.3949901|0.92618364|1.4301364
1509580500341|0.8989429|-1.0079057|-1.56634
1509580500475|1.3211737|-1.2803127|-1.2666924
1509580500607|1.4709975|-0.027240695|0.7627395
1509580500739|1.920469|1.0760074|0.8036005
1509580500870|2.0566726|-0.3405087|0.21792556
1509580501002|0.8989429|-0.91256326|-0.13620347
1509580501134|1.3075534|0.027240695|-0.47671217
1509580501266|0.32688835|0.8580819|-1.0351465
1509580501398|-2.4516625|-1.4028958|1.2258313
1509580501530|1.1304889|-1.9068487|0.70825803
1509580501661|-0.36774936|-0.58567494|-2.3563201
1509580501794|-2.628727|-0.8036005|0.58567494
1509580501926|0.95342433|-0.7763598|2.5742457
1509580502059|-1.375655|-1.607201|-1.2394516
1509580502190|-2.1247742|-1.920469|-0.32688835
1509580502322|0.8989429|-0.08172209|0.74911916
1509580502454|-3.3097444|1.4301364|-2.165635
1509580502587|-1.56634|-0.70825803|-0.040861044
1509580502718|0.36774936|-2.1247742|-0.98066497
1509580502850|-0.51757324|-0.5448139|-1.9340893
1509580502982|-1.1168685|0.42223078|1.293933
1509580503114|1.920469|0.62653595|1.838747
1509580503246|0.8172208|-0.55843425|-1.293933
1509580503378|1.1577295|-0.19068487|-1.1713499
1509580503510|1.8251265|-0.095342435|0.027240695
1509580503643|-0.83084124|1.1032481|2.465283
1509580503777|1.1577295|-1.5527196|0.5992953
1509580503908|3.8681786|-1.1032481|-0.46309182
1509580504038|0.6810174|0.32688835|-0.013620348
1509580504170|1.4573771|0.6537767|1.0896277
1509580504302|0.38136974|-1.4573771|-1.1849703
1509580504434|-0.19068487|-0.95342433|-1.1168685
1509580504566|-0.50395286|0.23154591|-1.0079057
1509580504698|-2.4516625|1.5118586|2.547005
1509580504830|0.4086104|-0.5448139|1.0760074
1509580504962|1.9340893|-1.3211737|-0.8036005
1509580505097|0.0|-0.19068487|-0.939804
1509580505225|0.43585113|-0.14982383|0.57205456
1509580505358|1.0623871|-0.5448139|-1.1441091
1509580505490|-1.1713499|0.21792556|-2.0566726
1509580505623|-1.7570248|0.5992953|0.25878662
1509580505754|-1.9068487|1.4709975|-0.83084124
1509580505886|-1.9749503|-0.44947144|-0.05448139
1509580506022|-0.95342433|-1.7434045|-0.83084124
1509580506150|-0.32688835|0.13620347|-1.1985906
1509580506281|-0.7218784|-0.068101734|0.31326798
1509580506414|0.99428535|0.13620347|1.1168685
1509580506545|0.5448139|-0.46309182|-1.838747
1509580506678|-0.040861044|-0.14982383|-0.2043052
1509580506811|-0.5448139|1.0351465|1.5527196
1509580506944|-1.5527196|-0.7899802|-0.87170225
1509580507075|0.6401563|-1.7297841|-0.95342433
1509580507207|0.95342433|-1.2122109|-0.027240695
1509580507338|0.57205456|-0.3949901|2.901134
1509580507470|2.5606253|-0.3405087|1.4028958
1509580507602|-0.095342435|-0.05448139|-2.669588
1509580507735|-0.7763598|0.98066497|-1.8251265
1509580507866|-2.819412|-0.31326798|2.3290794
1509580507998|0.7899802|-1.2803127|1.7297841
1509580508129|-0.84446156|-2.3426998|-1.6616825
1509580508262|-0.7899802|-0.6401563|-2.1792555
1509580508394|0.2043052|-0.14982383|1.293933
1509580508530|-0.61291564|-1.0623871|0.57205456
1509580508659|0.38136974|-0.32688835|-1.1441091
1509580508791|-0.7354987|1.0896277|-0.95342433
1509580508923|-1.8659877|1.5390993|0.013620348
1509580509055|0.6946377|-1.920469|1.3892754
1509580509185|1.2258313|-2.1383946|-0.7354987
1509580509318|0.21792556|0.10896278|-1.5390993
1509580509451|-1.2394516|0.91256326|1.2803127
1509580509582|0.95342433|-1.2530719|-1.4165161
1509580509714|1.375655|-0.14982383|0.7218784
1509580509846|1.4709975|2.4789033|-1.7297841
1509580509978|-1.0351465|1.4437568|0.6810174
1509580510110|0.84446156|-1.7706451|-1.0079057
1509580510242|1.4982383|-1.5390993|-0.7763598
1509580510374|0.8853226|-0.040861044|1.5118586
1509580510507|0.7627395|0.3405087|0.92618364
1509580510641|1.6889231|-1.0079057|-0.8989429
1509580510770|0.57205456|-0.42223078|-0.939804
1509580510902|0.38136974|1.5390993|2.315459
1509580511034|-1.0760074|1.3484143|-0.24516624
1509580511167|1.2394516|-1.4573771|-2.315459
1509580511298|1.1304889|-2.3563201|1.2803127
1509580511430|2.3699405|0.05448139|2.6151068
1509580511562|1.1577295|-0.27240694|-2.7921712
1509580511695|-0.42223078|-0.6810174|-2.9147542
1509580511825|0.6946377|0.49033248|-0.27240694
1509580511962|-0.16344418|1.838747|0.50395286
1509580512091|-1.7978858|0.2043052|0.31326798
1509580512222|-0.068101734|-1.4165161|-1.9749503
1509580512353|-0.42223078|-0.7899802|-0.14982383
1509580512491|-0.24516624|0.3405087|2.0158114
1509580512618|-0.013620348|-0.6946377|-0.46309182
1509580512750|-1.4165161|-0.2043052|-3.6230123
1509580512883|0.47671217|0.99428535|-0.70825803
1509580513015|-1.56634|0.05448139|3.6911142
1509580513147|-0.44947144|-1.375655|2.0566726
1509580513278|1.334794|-1.4028958|-3.3369853
1509580513411|1.2530719|0.23154591|-0.44947144
1509580513542|0.667397|-1.0079057|3.9771414
1509580513674|1.293933|-1.6889231|-0.068101734
1509580513806|-0.29964766|-0.32688835|-3.4187074
1509580513938|0.939804|0.667397|-0.74911916
1509580514070|-1.6753027|-0.6537767|2.7240696
1509580514202|0.6946377|-1.6753027|1.1577295
1509580514334|1.1577295|-1.9885707|-1.1713499
1509580514466|-0.43585113|-0.99428535|0.8853226
1509580514598|3.1735408|0.17706451|1.9885707
1509580514730|1.334794|-1.6208212|0.25878662
1509580514862|-0.05448139|-0.5448139|-0.8853226
1509580514996|-0.6810174|2.0158114|-2.5061438
1509580515127|-1.2666924|2.3563201|-0.7218784
1509580515263|-0.84446156|-1.484618|0.8853226
1509580515390|1.0896277|-1.2666924|-2.1520147
1509580515522|-0.32688835|0.58567494|-1.6889231
1509580515657|0.35412902|0.667397|2.4380422
1509580515786|1.0760074|0.19068487|-1.2394516
1509580515918|0.50395286|-0.92618364|-1.525479
1509580516051|2.1792555|1.1441091|-0.74911916
1509580516182|-1.5390993|2.0158114|0.939804
1509580516315|-1.6889231|-1.0351465|2.002191
1509580516447|1.4301364|-1.6344416|-3.5821512
1509580516578|-1.0487667|-2.1383946|1.5527196
1509580516710|1.0215261|0.36774936|3.2416425
1509580516843|0.27240694|0.5992953|-2.4925234
1509580516975|-0.8580819|0.31326798|-3.296124
1509580517106|-0.08172209|1.2258313|-1.1441091
1509580517239|-2.3290794|1.9885707|1.4437568
1509580517370|-0.53119355|0.25878662|-1.1849703
1509580517501|0.040861044|-1.1441091|-3.5549107
1509580517634|-1.2258313|0.38136974|-1.2666924
1509580517765|-0.46309182|0.47671217|4.004382
1509580517898|0.25878662|-0.8172208|-0.8853226
1509580518030|0.8172208|0.3405087|-3.7455957
1509580518162|-1.4165161|0.7627395|-0.74911916
1509580518294|-1.1168685|2.5061438|0.8989429
1509580518426|-1.4028958|-1.2803127|-0.25878662
1509580518561|1.1577295|-1.9477097|-0.667397
1509580518691|-0.83084124|-0.25878662|-2.628727
1509580518822|0.35412902|0.58567494|1.9068487
1509580518954|0.84446156|-1.3892754|-0.08172209
1509580519086|0.29964766|-0.8580819|-2.2609777
1509580519219|-0.62653595|1.7706451|-2.5742457
1509580519350|-2.7240696|1.4982383|0.84446156
1509580519482|-0.013620348|-0.8580819|-0.19068487
1509580519614|1.8115062|-1.334794|-2.819412
1509580519746|0.939804|0.32688835|0.43585113
1509580519878|-0.8853226|0.27240694|1.2666924
1509580520010|2.2609777|-0.6537767|-0.43585113
1509580520142|-1.8932283|-1.56634|-0.51757324
1509580520277|0.43585113|1.7978858|0.13620347
1509580520406|-1.838747|1.7434045|-0.61291564
1509580520538|-2.0158114|-0.6810174|-0.013620348
1509580520670|-1.0760074|-1.7706451|-1.6344416
1509580520802|-0.12258312|-0.05448139|0.36774936
1509580520933|-1.1849703|0.7627395|-0.6537767
1509580521066|-1.9068487|-1.7161638|-2.5061438
1509580521198|-0.068101734|-2.2882183|-0.31326798
1509580521330|1.8932283|1.0623871|0.24516624
1509580521462|-0.7218784|2.0430522|-1.0215261
1509580521593|-1.6208212|-1.0487667|1.3211737
1509580521726|3.0645783|-1.0487667|-1.9885707
1509580521860|0.53119355|-0.57205456|1.6208212
1509580521990|2.7104492|0.32688835|3.0918188
1509580522122|2.5197642|-0.027240695|-4.2904096
1509580522255|0.05448139|-0.6810174|-1.7434045
1509580522385|-0.47671217|0.58567494|1.4165161
1509580522518|-1.2803127|1.7570248|3.8273177
1509580522650|1.8251265|-1.3620348|0.667397
1509580522782|3.4731886|-1.1441091|-1.4982383
1509580522914|2.2745981|0.70825803|-0.013620348
1509580523047|2.5333848|0.32688835|1.0487667
1509580523178|2.9828563|-1.0487667|0.23154591
1509580523310|1.3892754|-0.027240695|-2.2064962
1509580523442|1.9477097|1.0487667|-0.667397
1509580523576|1.525479|1.6889231|1.2530719
1509580523707|1.3892754|0.24516624|0.92618364
1509580523838|1.0896277|-0.49033248|-2.75131
1509580523970|1.375655|-0.12258312|-0.939804
1509580524101|-0.29964766|0.8036005|0.42223078
1509580524234|-1.9749503|-0.47671217|-0.58567494
1509580524366|-1.293933|-1.0215261|-2.0294318
1509580524498|-0.44947144|0.14982383|0.62653595
1509580524631|-2.5742457|0.92618364|0.23154591
1509580524762|-3.9499006|-1.1168685|0.095342435
1509580524895|-2.5061438|-2.3971813|-2.7921712
1509580525026|-1.525479|-2.0430522|2.7104492
1509580525158|1.9477097|-0.19068487|1.607201
1509580525290|-1.0215261|-1.5390993|-1.6889231
1509580525423|-0.51757324|-0.47671217|-2.3563201
1509580525554|0.62653595|0.55843425|0.16344418
1509580525687|-0.16344418|0.95342433|1.8523673
1509580525818|0.83084124|-0.58567494|0.58567494
1509580525951|-0.23154591|-1.3075534|-2.3699405
1509580526082|1.2530719|0.013620348|-0.87170225
1509580526214|3.7864566|0.4086104|1.2666924
1509580526346|2.4789033|-0.6537767|0.92618364
1509580526478|0.3949901|-1.0351465|-1.1849703
1509580526611|-0.7354987|0.49033248|-0.8036005
1509580526741|0.7218784|1.2803127|0.8853226
1509580526873|-0.25878662|-0.42223078|1.293933
1509580527005|2.4380422|-1.5799603|-0.5992953
1509580527139|-2.7785509|-1.0487667|-0.7899802
1509580527271|-0.7763598|-0.13620347|0.14982383
1509580527404|1.6753027|-0.38136974|1.5935806
1509580527534|0.92618364|-1.3075534|-2.7240696
1509580527667|-1.3484143|-0.51757324|-0.31326798
1509580527802|-1.0896277|1.2666924|0.17706451
1509580527930|0.53119355|0.47671217|-0.3949901
1509580528062|-0.2043052|-1.8251265|1.0215261
1509580528195|-1.2666924|-1.1168685|-0.24516624
1509580528326|-0.8036005|0.74911916|-0.28602728
1509580528458|-2.1792555|-0.040861044|0.35412902
1509580528591|0.57205456|-1.2666924|-0.46309182
1509580528723|1.2530719|0.49033248|-1.0215261
1509580528854|-0.4086104|1.9749503|-1.1032481
1509580528986|-1.2530719|-0.42223078|0.50395286
1509580529118|0.92618364|-1.2803127|-2.3699405
1509580529249|0.10896278|-0.7627395|-0.17706451
1509580529382|1.0760074|-0.31326798|2.1792555
1509580529513|-0.7627395|-0.8036005|0.70825803
1509580529651|0.83084124|-0.27240694|-4.3040295
1509580529778|0.35412902|-0.61291564|2.465283
1509580529910|0.58567494|0.8989429|1.6208212
1509580530047|-0.23154591|0.068101734|-1.1168685
1509580530177|0.7218784|-1.0215261|-1.8251265
1509580530306|1.6616825|0.24516624|-0.99428535
1509580530438|1.5935806|0.74911916|1.1849703
1509580530571|0.53119355|0.19068487|1.4028958
1509580530702|-1.0487667|0.095342435|-3.0237172
1509580530836|0.51757324|1.4301364|-2.0430522
1509580530965|0.53119355|1.838747|1.1304889
1509580531097|-0.98066497|0.05448139|2.1520147
1509580531229|-0.43585113|-0.7354987|-3.8273177
1509580531362|-0.027240695|0.013620348|-1.607201
1509580531493|-0.6537767|0.25878662|2.4108014
1509580531626|0.61291564|-0.29964766|-0.32688835
1509580531758|-1.8659877|-0.42223078|-3.7319753
1509580531891|-1.0215261|0.55843425|-0.3405087
1509580532023|0.44947144|1.7706451|-0.61291564
1509580532154|1.4573771|-0.13620347|-0.35412902
1509580532286|-1.1713499|-2.1520147|-1.7161638
1509580532419|-1.2530719|-0.87170225|-1.0351465
1509580532551|1.4165161|-0.2043052|1.6344416
1509580532682|2.5061438|-1.0623871|2.2473574
1509580532815|0.28602728|-1.9885707|-1.2122109
1509580532946|-0.8172208|-0.24516624|-0.19068487
1509580533082|-0.3405087|1.7025435|0.013620348
1509580533210|-0.31326798|-1.56634|2.7785509
1509580533343|0.8989429|-2.6559677|-1.525479
1509580533474|-0.667397|-1.4573771|-1.4165161
1509580533607|-0.6810174|-0.13620347|1.0623871
1509580533739|-0.49033248|-0.46309182|1.879608
1509580533870|2.0158114|-1.375655|-1.1577295
1509580534003|-1.293933|-0.24516624|-1.5935806
1509580534134|-1.920469|0.8989429|-0.61291564
1509580534265|-2.7785509|1.1713499|0.7899802
1509580534397|-1.1577295|-2.233737|1.5527196
1509580534531|0.55843425|-2.5742457|-1.5118586
1509580534662|-2.547005|-1.2530719|-0.8036005
1509580534794|1.0215261|0.667397|0.49033248
1509580534926|0.32688835|-0.17706451|4.0861044
1509580535058|0.17706451|-0.44947144|-1.5527196
1509580535191|-1.8523673|-0.05448139|-1.0215261
1509580535322|-1.5390993|0.7627395|-0.83084124
1509580535454|-0.36774936|0.6946377|2.6559677
1509580535587|1.5118586|-0.27240694|0.36774936
1509580535718|-0.095342435|-1.3892754|-2.6151068
1509580535851|-1.0623871|-1.0215261|-0.50395286
1509580535982|2.9828563|-0.013620348|2.070293
1509580536121|5.720546|0.38136974|-0.32688835
1509580536247|-0.55843425|-0.013620348|-1.648062
1509580536380|-1.5118586|0.14982383|-0.10896278
1509580536510|-0.95342433|1.879608|0.58567494
1509580536643|-4.031623|1.1304889|2.2882183
1509580536775|1.1985906|-1.3075534|-0.3405087
1509580536906|1.920469|-1.7434045|-2.2745981
1509580537037|2.0566726|-0.38136974|-0.38136974
1509580537171|1.5118586|0.7899802|2.1111538
1509580537303|1.9068487|-0.13620347|0.12258312
1509580537435|-0.4086104|-0.013620348|-2.2882183
1509580537566|-0.92618364|0.87170225|0.2043052
1509580537699|-1.293933|0.91256326|3.7455957
1509580537830|-0.027240695|-1.9068487|0.49033248
1509580537963|1.1577295|-2.2882183|-0.55843425
1509580538094|-0.44947144|-0.3405087|-1.1304889
1509580538230|-1.2258313|0.13620347|2.3426998
1509580538358|0.667397|0.21792556|-1.3892754
1509580538492|-0.58567494|-0.36774936|-2.1520147
1509580538622|-0.27240694|1.7570248|-0.10896278
1509580538754|-1.5527196|3.52767|-1.4709975
1509580538887|-0.8853226|0.42223078|-0.2043052
1509580539018|1.6616825|-1.7842655|-0.96704465
1509580539152|1.607201|-0.068101734|-0.25878662
1509580539282|1.3211737|0.25878662|2.4108014
1509580539414|0.6537767|-0.667397|-2.0294318
1509580539545|0.47671217|-0.35412902|-1.648062
1509580539678|-0.29964766|1.5390993|0.36774936
1509580539810|-1.0760074|1.6344416|2.3971813
1509580539941|-1.4437568|0.095342435|0.23154591
1509580540075|0.24516624|-0.74911916|-3.486809
1509580540206|-0.8580819|-0.6810174|0.12258312
1509580540338|1.4437568|0.84446156|1.6753027
1509580540471|0.47671217|0.53119355|-1.56634
1509580540602|-1.2803127|-0.61291564|-1.7978858
1509580540735|0.47671217|1.0351465|-2.0430522
1509580540867|-0.53119355|0.939804|1.9340893
1509580540999|-1.7434045|0.83084124|2.465283
1509580541130|0.0|-1.334794|-2.8466525
1509580541262|1.1713499|-1.2394516|-2.4789033
1509580541394|0.74911916|-1.0623871|1.1985906
1509580541526|3.0373375|0.040861044|2.2201166
1509580541658|-0.17706451|-0.7763598|-2.1247742
1509580541791|-0.61291564|-0.7354987|-1.5935806
1509580541921|2.6014864|1.3211737|-0.23154591
1509580542054|-0.6537767|0.3405087|2.2609777
1509580542186|1.7025435|-1.1985906|1.6208212
1509580542318|0.96704465|-0.96704465|-2.4380422
1509580542451|0.74911916|0.27240694|-0.8989429
1509580542583|-0.08172209|-1.56634|3.9090397
1509580542715|1.484618|-1.4437568|-1.0079057
1509580542849|-1.7842655|-0.939804|-2.4380422
1509580542981|-0.6401563|1.6616825|0.38136974
1509580543110|-2.002191|1.7706451|1.525479
1509580543242|0.7763598|-0.98066497|1.0079057
1509580543375|0.6946377|-1.1849703|-2.002191
1509580543507|-1.4165161|0.24516624|-0.8853226
1509580543638|-0.667397|0.24516624|2.3018386
1509580543771|0.70825803|-0.92618364|-1.838747
1509580543902|1.0760074|-0.19068487|-0.6401563
1509580544034|-0.3405087|1.525479|0.10896278
1509580544168|-0.7763598|2.1111538|-0.55843425
1509580544298|-0.49033248|-0.5992953|0.31326798
1509580544430|1.4437568|-2.002191|-0.24516624
1509580544562|1.4028958|-0.2043052|-0.51757324
1509580544694|-0.12258312|-0.12258312|1.5118586
1509580544826|0.91256326|-0.47671217|-1.3484143
1509580544958|1.8523673|-0.51757324|-2.7240696
1509580545090|1.3075534|1.375655|0.05448139
1509580545222|1.3892754|1.7297841|1.9068487
1509580545354|0.58567494|0.16344418|-0.17706451
1509580545486|1.648062|-0.96704465|-2.7921712
1509580545619|0.7627395|-0.6946377|-0.43585113
1509580545750|2.3971813|0.0|2.8466525
1509580545883|0.24516624|-1.0760074|-2.0294318
1509580546014|-1.8523673|-0.62653595|-2.5333848
1509580546146|-0.49033248|0.43585113|-1.6889231
1509580546278|-2.3018386|-0.068101734|4.7126403
1509580546410|-0.92618364|-0.46309182|1.8932283
1509580546542|-1.2394516|-1.7842655|-2.9147542
1509580546674|-0.44947144|-0.92618364|-1.375655
1509580546807|0.08172209|-0.08172209|1.1304889
1509580546938|0.83084124|-1.2394516|1.607201
1509580547070|1.1168685|-1.2258313|-1.4301364
1509580547202|-0.99428535|0.99428535|-3.1190596
1509580547335|-0.83084124|2.4516625|-0.25878662
1509580547466|-2.8875136|-0.2043052|3.5004294
1509580547599|0.8172208|-1.484618|-0.95342433
1509580547731|-1.607201|-1.293933|-1.1168685
1509580547865|-1.0896277|0.36774936|0.3405087
1509580547994|-0.6401563|0.7899802|-0.6946377
1509580548127|-0.25878662|-0.7218784|-0.24516624
1509580548263|0.08172209|0.46309182|-1.525479
1509580548390|-2.233737|2.165635|0.05448139
1509580548523|-4.5764365|1.9749503|-0.44947144
1509580548654|-0.36774936|-1.375655|-1.9749503
1509580548786|0.6401563|-2.2473574|-0.23154591
1509580548919|3.6366327|-0.83084124|1.0351465
1509580549051|0.16344418|0.57205456|0.83084124
1509580549182|-0.31326798|-0.42223078|-1.6616825
1509580549315|0.84446156|0.57205456|-1.0760074
1509580549446|0.23154591|0.35412902|2.4516625
1509580549579|-0.31326798|-1.1441091|2.6832085
1509580549710|-0.13620347|-1.0351465|-3.1054392
1509580549842|0.29964766|0.43585113|-0.32688835
1509580549974|1.3892754|0.040861044|1.7570248
1509580550108|1.2530719|-0.7218784|1.1168685
1509580550239|0.6537767|-0.10896278|-1.7570248
1509580550370|-0.23154591|1.8523673|-0.38136974
1509580550502|-2.2201166|1.879608|0.17706451
1509580550641|-2.0975335|-0.08172209|-0.17706451
1509580550767|2.547005|-0.7899802|0.12258312
1509580550898|2.6151068|0.51757324|-1.920469
1509580551031|0.7627395|1.0623871|-0.13620347
1509580551162|0.013620348|-1.0487667|2.2882183
1509580551297|-1.56634|-1.7297841|-3.0781987
1509580551426|0.027240695|-0.7218784|-1.4573771
1509580551558|-2.1247742|-0.57205456|-0.32688835
1509580551690|-6.306221|-1.1168685|1.3892754
1509580551822|-4.4947147|-2.465283|0.83084124
1509580551957|-0.7763598|-1.4028958|-2.4380422
1509580552087|-1.3620348|0.31326798|-2.315459
1509580552218|-1.1577295|-0.50395286|0.8172208
1509580552351|-0.49033248|-1.5390993|1.9885707
1509580552482|0.8580819|-1.5799603|-1.3075534
1509580552615|0.040861044|-0.027240695|-2.4789033
1509580552747|-0.2043052|0.068101734|0.3405087
1509580552879|-0.83084124|-0.6401563|2.383561
1509580553011|0.70825803|-1.9477097|-0.040861044
1509580553143|2.2201166|-1.3892754|-0.46309182
1509580553275|1.5118586|-0.70825803|0.17706451
1509580553406|0.98066497|-0.939804|1.293933
1509580553538|1.7161638|-2.1792555|1.7025435
