1509425527998|1.1809839|3.1486206|9.2120495
1509425528124|1.0757035|3.21254|9.20287
1509425528242|0.7816003|2.8868062|9.339478
1509425528375|0.33708623|2.9243636|9.354403
1509425528477|-0.34423393|2.8682263|9.371509
1509425528601|-0.061313137|2.6711712|9.435649
1509425528718|0.5691395|2.3166914|9.512066
1509425528838|0.53643984|1.9715843|9.591428
1509425528957|1.1446651|2.2985625|9.4644985
1509425529038|1.5017191|1.9702848|9.488583
1509425529138|-0.04435217|0.33797792|9.800724
1509425529261|0.30403635|1.1014216|9.739857
1509425529380|1.9543225|0.52289534|9.595707
1509425529501|1.3307964|0.39659527|9.707836
1509425529632|1.4243546|1.3965065|9.601634
1509425529746|0.87964153|-0.19984217|9.765075
1509425529860|1.6508554|0.19975553|9.664635
1509425529977|1.8195938|0.7809267|9.604667
1509425530098|1.2974939|0.92739916|9.676095
1509425530223|0.47288388|0.16313404|9.793883
1509425530340|-0.06453024|0.71511865|9.780329
1509425530468|1.1375848|1.9784408|9.537403
1509425530580|1.3047544|1.9892715|9.513717
1509425530702|0.6649844|2.5645814|9.441986
1509425530818|0.6311054|3.0716212|9.291783
1509425530938|-0.23989914|3.0888417|9.304401
1509425531060|0.26516804|3.376308|9.203294
1509425531180|1.2707318|3.196336|9.183629
1509425531298|1.2664039|2.83086|9.303378
1509425531419|0.8004429|2.5109627|9.445885
1509425531540|1.7215993|2.0100546|9.442784
1509425531660|1.3349046|2.1944828|9.464283
1509425531780|0.8866522|3.1292117|9.25161
1509425531904|0.5516687|3.417778|9.175229
1509425532021|0.7721528|2.496015|9.452199
1509425532143|1.4454535|3.0567582|9.205285
1509425532261|1.6841582|2.8660789|9.226028
1509425532381|1.1942657|2.6794598|9.357596
1509425532497|1.3184769|2.0292282|9.50338
1509425532617|1.6201425|2.3401487|9.3845215
1509425532740|1.7994046|3.0085483|9.158666
1509425532857|1.5216429|3.31031|9.10477
1509425532978|0.31406403|3.372283|9.203231
1509425533097|0.82399964|2.848466|9.347601
1509425533217|1.1710528|2.1739614|9.490675
1509425533345|1.1443659|3.0611393|9.246093
1509425533457|1.839214|2.8725595|9.194351
1509425533578|1.1917119|2.4072042|9.431627
1509425533700|1.1099255|2.8621285|9.31379
1509425533823|1.673257|3.6482923|8.947657
1509425533939|1.6615471|3.0429492|9.173337
1509425534060|1.0119324|3.0480824|9.265828
1509425534180|0.68224883|3.1977658|9.245497
1509425534298|1.2544324|2.6198373|9.366602
1509425534420|1.6875168|3.5033398|9.002737
1509425534542|2.1194139|3.1112306|9.055314
1509425534658|1.8557692|2.2863965|9.354085
1509425534777|1.1083976|2.4935641|9.41934
1509425534899|0.8594789|2.8523524|9.34322
1509425535016|1.3065898|2.9671369|9.255231
1509425535141|2.0974636|3.2842207|8.999162
1509425535257|1.7819213|3.8008146|8.862784
1509425535377|1.6017061|3.2792907|9.1022625
1509425535498|1.3010503|3.0617235|9.225156
1509425535617|1.8653549|3.1714268|9.090263
1509425535737|2.0827632|2.8103037|9.161587
1509425535858|1.3573073|2.5574818|9.369493
1509425535977|0.9888475|2.9383938|9.303678
1509425536100|1.8681777|3.4039614|9.005184
1509425536218|2.4990506|3.240359|8.912083
1509425536337|1.8372755|3.8174994|8.844293
1509425536458|1.4972292|3.5242147|9.028212
1509425536577|1.9599829|2.0904799|9.378633
1509425536697|1.2118887|2.3749657|9.437226
1509425536818|1.9866232|2.5624857|9.255127
1509425536937|1.3741257|1.8841095|9.525351
1509425537058|0.91327184|1.9989363|9.557226
1509425537178|1.8768773|3.0090342|9.142944
1509425537298|2.4688592|3.1096349|8.966901
1509425537420|2.2397041|3.3407629|8.943904
1509425537537|1.723746|3.2422414|9.093237
1509425537658|1.2120379|1.9273655|9.538691
1509425537778|0.9838691|2.7458754|9.362829
1509425537897|1.6905128|2.7531826|9.259187
1509425538018|1.8705863|2.1382084|9.386126
1509425538137|0.57811224|1.2889025|9.704375
1509425538261|0.6025234|2.4889495|9.466388
1509425538378|2.0078776|2.2783015|9.324599
1509425538497|1.7222807|2.4623423|9.334935
1509425538618|1.1940086|2.9123652|9.28778
1509425538737|1.6683674|2.0097845|9.452391
1509425538858|1.6442323|1.6348479|9.528597
1509425538978|1.4715425|2.4247515|9.38752
1509425539098|1.4724799|2.7084718|9.309478
1509425539221|1.2208982|2.4564574|9.415179
1509425539338|1.5284706|2.7271683|9.294983
1509425539458|2.083497|3.0176704|9.095224
1509425539579|2.173809|2.56661|9.211811
1509425539698|1.5779885|2.9439495|9.220277
1509425539821|1.550082|2.4788837|9.360703
1509425539939|2.147472|1.5431906|9.443375
1509425540061|2.18802|2.8781435|9.115878
1509425540184|2.5931237|3.05861|8.949357
1509425540300|2.3335247|2.940412|9.059748
1509425540429|2.318609|2.8681192|9.086712
1509425540545|2.5511591|3.31218|8.870819
1509425540661|3.0798674|3.4963577|8.629038
1509425540785|2.9469612|3.376106|8.722827
1509425540906|2.6478438|3.4717252|8.781027
1509425541025|3.0586152|2.081784|9.081929
1509425541139|3.112668|2.2529936|9.022511
1509425541263|3.537244|2.4123335|8.822638
1509425541379|3.210426|2.2535036|8.988064
1509425541501|2.604941|2.2129714|9.191705
1509425541624|2.660808|2.3450203|9.142832
1509425541739|3.2002332|2.1576114|9.015188
1509425541866|2.882997|2.1833858|9.115456
1509425541983|2.0928748|2.7052786|9.19085
1509425542099|1.9360193|2.5459523|9.270402
1509425542225|2.066384|2.256408|9.317138
1509425542347|2.262897|2.7697895|9.131153
1509425542463|2.1094992|2.2990892|9.297021
1509425542585|1.3881496|1.9253693|9.51506
1509425542703|1.4965203|2.4297554|9.382276
1509425542831|1.8364012|3.0836532|9.126286
1509425542944|1.7922843|3.031434|9.152514
1509425543063|1.5032043|3.1994298|9.147371
1509425543183|1.2308784|3.2684977|9.163636
1509425543299|1.456003|2.098607|9.468172
1509425543423|1.7181045|2.3151865|9.3732815
1509425543546|2.233835|2.7171288|9.154101
1509425543659|1.8569387|2.4187717|9.320498
1509425543785|1.2720762|2.2184868|9.4673395
1509425543900|1.7400644|2.6994946|9.265813
1509425544026|2.1410549|2.5393019|9.227036
1509425544143|2.2884264|2.536226|9.192446
1509425544259|1.8078462|2.7582653|9.235478
1509425544380|1.8249913|2.5257933|9.298396
1509425544501|1.8151197|2.2163963|9.378876
1509425544620|2.537171|3.1639156|8.9287615
1509425544739|3.0967965|2.8577452|8.855141
1509425544861|2.588069|2.0194604|9.2408905
1509425544982|2.0480592|2.105847|9.356348
1509425545100|2.3034997|2.8606482|9.092907
1509425545226|2.718862|2.8423371|8.983279
1509425545340|2.4226756|3.014479|9.011878
1509425545464|1.3990273|3.1840978|9.169222
1509425545583|1.6214619|2.2817476|9.398663
1509425545701|1.6822363|2.470668|9.340035
1509425545824|2.37725|2.6166308|9.147258
1509425545944|2.4964697|2.1215594|9.243215
1509425546064|2.0112627|1.5653507|9.469683
1509425546181|2.311355|2.2211351|9.267933
1509425546304|2.546046|3.051274|8.9653635
1509425546428|2.8184876|2.7115479|8.992998
1509425546542|2.18993|2.9920511|9.07867
1509425546662|1.60959|2.9290597|9.219557
1509425546781|2.0744686|2.7709544|9.175445
1509425546909|2.010391|3.1719613|9.059104
1509425547025|1.7647452|2.6868238|9.264828
1509425547140|1.3283291|2.1170583|9.482826
1509425547264|1.5261457|2.0586212|9.465904
1509425547380|2.2302742|2.839929|9.117624
1509425547502|2.7817326|2.6351814|9.02708
1509425547624|2.306833|2.6532457|9.154736
1509425547745|2.02897|2.3873885|9.292688
1509425547868|2.0270329|1.6765505|9.447259
1509425547984|2.0252936|1.9603523|9.392849
1509425548110|1.8097928|2.162106|9.392568
1509425548227|1.6611626|2.0983555|9.434396
1509425548341|1.5221531|1.6260685|9.550358
1509425548466|1.1332862|2.1004565|9.511788
1509425548588|1.9263341|2.7834203|9.203924
1509425548702|2.347806|2.1316433|9.2797785
1509425548822|0.87446344|1.8639888|9.5880785
1509425548947|-0.55581063|1.2748786|9.70753
1509425549067|0.49387836|0.9060962|9.752202
1509425549182|1.3419542|1.6208968|9.578217
1509425549303|1.2965935|1.4452592|9.612516
1509425549422|1.0531694|1.2011961|9.675657
1509425549542|1.4994553|1.514007|9.572346
1509425549663|2.1772923|2.2308757|9.298009
1509425549787|2.5767024|2.210968|9.200142
1509425549902|1.7534955|2.4549844|9.331061
1509425550026|1.4562907|2.6985304|9.314909
1509425550141|1.8598464|2.1180038|9.3928385
1509425550268|2.4938653|2.1113582|9.246253
1509425550390|2.1650562|2.677888|9.182148
1509425550505|1.9248512|2.4915352|9.287496
1509425550629|2.1650205|1.8794502|9.378205
1509425550749|2.3069584|2.1836991|9.277919
1509425550865|2.7567306|2.6229162|9.038315
1509425550988|2.758802|2.5837853|9.048947
1509425551107|1.9048321|2.991141|9.143035
1509425551227|1.9167181|2.6311958|9.250588
1509425551349|2.3245459|1.5498265|9.400262
1509425551465|2.657624|2.1807292|9.184326
1509425551583|2.6651628|2.1618738|9.186598
1509425551709|1.9255023|1.993806|9.406783
1509425551829|1.9802222|2.1488903|9.361163
1509425551946|2.4314005|2.608876|9.135232
1509425552063|2.8527806|2.5800111|9.020841
1509425552183|2.4650216|2.7006383|9.0994835
1509425552301|2.187981|2.6137342|9.195189
1509425552424|2.7423487|1.9983271|9.200902
1509425552542|1.9952531|2.5763264|9.249427
1509425552662|2.1246994|2.9452596|9.109418
1509425552784|2.3412685|2.7135894|9.128268
1509425552907|1.4886339|2.1008723|9.462594
1509425553024|1.120635|2.325024|9.460911
1509425553146|1.5204198|2.9283166|9.234916
1509425553267|2.0064561|2.5280406|9.260321
1509425553388|0.96278036|2.8852596|9.323021
1509425553509|0.97266793|3.0097826|9.282538
1509425553631|1.1184468|1.6271741|9.605819
1509425553745|1.7453496|2.4653876|9.329844
1509425553865|2.200965|2.6218567|9.189777
1509425553982|1.7252666|2.0208979|9.439799
1509425554106|1.3776338|2.092755|9.481186
1509425554226|1.6229008|2.729369|9.278315
1509425554345|2.2203376|2.9466832|9.086119
1509425554463|2.1362813|2.964929|9.100324
1509425554581|1.6687064|3.0045803|9.184678
1509425554703|1.9062376|2.4487462|9.302703
1509425554825|2.070546|2.088381|9.355313
1509425554950|2.326022|2.5678976|9.174198
1509425555063|2.380014|2.5223827|9.172977
1509425555184|2.1783044|1.6043969|9.426096
1509425555302|1.905167|1.3746212|9.52109
1509425555435|2.9648755|2.6002204|8.978794
1509425555546|3.0418363|2.384801|9.012788
1509425555668|2.2872732|2.5768335|9.181432
1509425555783|1.743519|2.1968272|9.397046
1509425555907|1.9071475|0.8690072|9.580084
1509425556025|2.3883064|2.0042164|9.297822
1509425556156|2.7125587|2.0667884|9.194607
1509425556262|2.6742992|2.0132155|9.217671
1509425556384|2.3260975|1.7846775|9.358129
1509425556506|2.3072293|2.144223|9.287055
1509425556623|3.1215007|2.96432|8.811324
1509425556749|3.2435236|2.6977963|8.852787
1509425556863|2.5193002|3.0873866|8.960556
1509425556983|2.075476|3.1628814|9.047594
1509425557103|1.7038667|2.455123|9.340215
1509425557228|2.2310536|2.8442419|9.116089
1509425557346|2.3981543|2.2365217|9.242144
1509425557471|2.136073|1.6811557|9.422382
1509425557586|1.0209074|1.7136555|9.601642
1509425557706|2.1965902|2.5829008|9.201848
1509425557830|2.724911|2.998431|8.930547
1509425557946|2.13225|3.5528686|8.888252
1509425558072|1.6551981|3.810177|8.883313
1509425558183|2.0803463|3.0261009|9.093143
1509425558305|2.2126307|3.2294476|8.991403
1509425558425|2.6325386|3.50489|8.77245
1509425558550|2.4728568|3.0569036|8.983914
1509425558666|2.3016264|2.9498863|9.064826
1509425558787|2.2949827|3.2811904|8.951941
1509425558908|2.662521|3.619735|8.716587
1509425559029|3.0087779|3.1233892|8.795571
1509425559147|2.0371933|3.359011|8.985393
1509425559266|1.8526989|3.2723799|9.05701
1509425559386|1.8608081|2.9564304|9.163367
1509425559508|2.095205|3.9563684|8.725117
1509425559625|2.8240051|3.6341739|8.65957
1509425559743|3.3947778|2.4168282|8.877207
1509425559863|2.1655643|2.054585|9.341273
1509425559983|2.4693472|3.2274933|8.925021
1509425560104|2.7903306|3.1681209|8.851409
1509425560227|2.7238107|2.7605925|9.00724
1509425560345|2.1775355|2.8810635|9.117466
1509425560471|2.413787|2.225754|9.240673
1509425560584|2.5745275|2.4658594|9.13574
1509425560708|2.8033164|2.752993|8.985146
1509425560829|2.629929|2.3507085|9.150302
1509425560944|2.2316062|2.0461254|9.327577
1509425561063|1.530877|2.265032|9.417878
1509425561183|2.291123|2.9911604|9.053955
1509425561308|2.7436988|2.5872467|9.052549
1509425561427|1.9856892|3.005313|9.121158
1509425561544|1.1171459|3.1302142|9.226274
1509425561664|1.6628035|1.7187161|9.510599
1509425561792|2.120465|2.5701327|9.223255
1509425561905|2.4951074|2.4383128|9.165122
1509425562030|2.2518964|1.9878838|9.335292
1509425562147|1.8136672|2.2962117|9.359937
1509425562266|1.6603363|3.1178477|9.148371
1509425562388|2.5800405|3.3007104|8.866741
1509425562512|2.8030019|2.9105573|8.935448
1509425562639|1.860179|3.1560817|9.0966625
1509425562749|1.2664701|2.3437412|9.437866
1509425562864|1.2501559|2.199183|9.474761
1509425562984|1.8150587|2.4528575|9.319841
1509425563103|1.8722378|2.2949908|9.348697
1509425563225|1.1485631|1.6287099|9.602005
1509425563343|0.87707007|2.0509331|9.549598
1509425563465|1.633741|3.0841765|9.164558
1509425563588|2.0444582|2.6414378|9.22027
1509425563709|1.3688242|3.2052433|9.166412
1509425563829|1.1552469|3.2015023|9.197074
1509425563948|1.297395|1.3250265|9.629718
1509425564070|1.5870681|1.8992251|9.489181
1509425564187|1.7904114|2.0188317|9.428103
1509425564305|1.7835922|1.8814992|9.457756
1509425564430|1.593105|2.184735|9.426523
1509425564546|1.9084247|2.6485739|9.247342
1509425564670|2.2049532|3.2634013|8.981023
1509425564783|1.6022496|2.8711061|9.239044
1509425564913|1.2887853|3.1737235|9.188955
1509425565030|1.5241376|2.799257|9.274241
1509425565146|2.0029|1.8114864|9.427476
1509425565264|2.2424092|2.887791|9.099596
1509425565392|2.7258914|2.667344|9.034666
1509425565507|3.0527456|1.5546393|9.18881
1509425565626|2.4481351|1.5008633|9.376802
1509425565749|2.9256423|2.728171|8.953663
1509425565874|3.2522202|2.6650414|8.859515
1509425565985|3.0005875|2.9101698|8.871177
1509425566106|2.1368446|3.0888624|9.058874
1509425566234|1.9207104|2.5546515|9.271193
1509425566351|2.6441703|2.6926315|9.051435
1509425566466|2.763629|2.901286|8.950714
1509425566586|2.6889157|2.641218|9.053402
1509425566705|2.0938506|2.239662|9.315046
1509425566826|2.2683558|3.0996187|9.023154
1509425566948|3.0153825|3.6675172|8.580627
1509425567077|3.0446742|2.8072872|8.889291
1509425567190|2.2693357|3.4576063|8.891876
1509425567307|1.9851505|3.2391424|9.040881
1509425567429|2.7930007|1.8791949|9.210764
1509425567552|2.5416515|2.749365|9.06374
1509425567666|3.031542|2.4101806|9.009504
1509425567788|2.6171534|1.653874|9.305139
1509425567905|1.9784805|1.8833077|9.418553
1509425568033|2.4057477|2.821246|9.07873
1509425568144|3.17301|2.534001|8.9264345
1509425568267|2.835817|2.6155138|9.0159645
1509425568385|2.1786947|2.9409363|9.098053
1509425568510|2.3338091|2.4620245|9.201203
1509425568628|2.973668|2.2136853|9.078948
1509425568745|3.1087992|2.2710152|9.019326
1509425568869|2.557814|2.2132971|9.204851
1509425568993|2.1653018|1.6870505|9.414654
1509425569106|1.9066235|2.200876|9.364365
1509425569229|2.4128246|2.7916968|9.085983
1509425569351|2.7099466|2.1837673|9.168301
1509425569467|2.5279462|2.9248593|9.012495
1509425569588|2.3811243|3.2941222|8.924651
1509425569711|2.6492054|1.6625583|9.294515
1509425569831|3.1523538|2.6579208|8.897669
1509425569949|3.4461586|2.4694386|8.842864
1509425570069|3.17723|2.0424137|9.050091
1509425570186|2.8546538|1.9849193|9.169593
1509425570310|2.8205614|2.4406652|9.069617
1509425570426|2.7687054|2.6228864|9.034662
1509425570546|2.0837274|2.639808|9.211943
1509425570668|1.4026986|3.1607826|9.176725
1509425570789|1.1965246|3.001834|9.258926
1509425570907|1.4702728|1.9558344|9.496493
1509425571028|2.242726|3.2655783|8.970873
1509425571152|2.3961053|2.77084|9.096786
1509425571271|2.29771|2.2300613|9.269183
1509425571386|1.7830938|2.0579455|9.421031
1509425571508|2.5040507|2.857071|9.040866
1509425571635|2.6973424|2.4215071|9.112137
1509425571746|2.2163255|2.6986775|9.163811
1509425571872|1.7863871|2.8868587|9.200286
1509425571987|2.163072|2.0551674|9.341723
1509425572107|2.5664713|1.9357402|9.2648
1509425572227|2.5664847|2.2258976|9.199398
1509425572346|2.654968|1.9847023|9.229436
1509425572469|2.2083938|1.833789|9.377132
1509425572589|1.7755114|1.9273028|9.45005
1509425572706|2.5191278|2.813717|9.05027
1509425572835|2.7290204|2.5328288|9.072354
1509425572955|1.6379138|2.9395957|9.211211
1509425573068|1.2555208|3.1230907|9.210883
1509425573187|1.9174011|1.7951688|9.44835
1509425573313|2.2701807|2.8271856|9.111734
1509425573430|2.6295836|2.6343958|9.072796
1509425573549|2.3432283|2.252265|9.252403
1509425573668|1.7078912|2.5564249|9.312261
1509425573791|2.4784167|2.9424763|9.020514
1509425573905|3.0022283|2.994858|8.842389
1509425574026|2.8121336|2.6115665|9.024524
1509425574145|2.2544396|2.878548|9.099552
1509425574271|2.345737|2.2151556|9.260722
1509425574386|2.806295|1.7488719|9.232364
1509425574506|3.2587183|1.9448678|9.042602
1509425574627|2.9689574|1.8857236|9.15422
1509425574747|2.389258|1.9627508|9.306419
1509425574870|2.2538686|2.7120836|9.150687
1509425574987|3.2024581|2.9384096|8.790927
1509425575108|3.076301|2.074789|9.077556
1509425575237|1.9387436|2.6647484|9.236383
1509425575351|1.0558583|2.706938|9.366324
1509425575468|0.81352043|1.2627904|9.690919
1509425575597|0.4392356|2.2120137|9.543817
1509425575713|-0.040497046|2.6281493|9.447835
1509425575832|-0.5689437|2.5350733|9.45622
1509425575948|0.16270137|3.2052913|9.266607
1509425576071|0.8538438|3.2038105|9.229135
1509425576187|0.6430615|2.7331903|9.396091
1509425576309|0.4551934|3.1453419|9.277392
1509425576426|0.41657862|4.2487693|8.828635
1509425576552|0.6819726|4.610494|8.628363
1509425576670|0.8495246|3.828323|8.988472
1509425576787|0.32636428|3.530833|9.143145
1509425576907|0.62984866|3.4398868|9.161925
1509425577028|0.48274016|3.5450919|9.1307
1509425577152|0.9089148|3.4067094|9.15088
1509425577275|1.2290351|3.2486129|9.170953
1509425577388|1.2034634|2.8628104|9.301956
1509425577506|1.3503604|2.8970063|9.2711525
1509425577627|1.6779108|3.8520494|8.860966
1509425577748|1.7767268|3.5745988|8.957448
1509425577873|2.031645|3.7775018|8.818917
1509425577993|1.9698428|3.7805383|8.831628
1509425578108|1.9109306|3.975823|8.7585125
1509425578233|2.2997584|4.0057344|8.650756
