1509580073717|42.239998|-12.12|-27.539999
1509580073849|42.66|-11.88|-27.9
1509580073981|42.84|-11.5199995|-28.199999
1509580074113|42.48|-11.4|-29.279999
1509580074245|41.34|-11.759999|-31.56
1509580074377|41.28|-11.82|-32.52
1509580074509|42.78|-15.78|-22.439999
1509580074641|42.3|-21.3|-9.719999
1509580074773|43.739998|-26.939999|-0.17999999
1509580074905|43.44|-33.239998|6.18
1509580075040|40.92|-37.32|3.78
1509580075169|38.46|-41.46|0.65999997
1509580075301|35.28|-44.64|3.72
1509580075433|31.439999|-47.399998|10.0199995
1509580075565|27.84|-48.66|14.04
1509580075697|25.38|-49.02|17.52
1509580075829|23.82|-49.14|18.84
1509580075961|25.019999|-48.66|17.1
1509580076093|27.0|-48.18|16.02
1509580076225|30.84|-46.02|15.24
1509580076357|32.94|-44.28|16.199999
1509580076490|33.719997|-43.26|17.88
1509580076621|34.739998|-42.719997|17.58
1509580076753|35.88|-43.079998|14.82
1509580076885|39.54|-41.16|10.559999
1509580077017|40.559998|-36.96|-0.9
1509580077149|42.18|-31.5|-12.54
1509580077282|44.399998|-24.24|-21.18
1509580077413|44.34|-20.58|-28.74
1509580077545|46.739998|-19.5|-26.76
1509580077678|48.78|-19.859999|-22.619999
1509580077808|48.12|-22.32|-21.0
1509580077941|48.059998|-23.279999|-19.56
1509580078073|47.879997|-23.699999|-19.439999
1509580078205|47.1|-23.519999|-19.14
1509580078337|47.46|-23.58|-18.48
1509580078469|48.059998|-22.8|-18.359999
1509580078601|48.84|-22.02|-18.18
1509580078732|49.739998|-20.16|-19.02
1509580078865|50.16|-18.42|-19.439999
1509580078997|50.46|-15.42|-20.22
1509580079129|50.219997|-16.14|-19.32
1509580079261|44.579998|-24.18|-12.66
1509580079393|37.8|-32.579998|-5.1
1509580079525|31.14|-42.96|3.78
1509580079657|26.88|-46.62|14.219999
1509580079789|26.76|-44.399998|19.68
1509580079921|30.539999|-41.1|23.279999
1509580080053|36.12|-37.02|23.34
1509580080185|40.8|-34.02|19.74
1509580080320|47.52|-28.68|15.599999
1509580080449|52.62|-22.32|10.0199995
1509580080581|55.32|-17.64|3.6599998
1509580080713|56.879997|-14.04|1.14
1509580080845|57.539997|-12.84|-0.71999997
1509580080977|57.42|-13.799999|-0.78
1509580081109|57.539997|-12.3|0.96
1509580081241|57.66|-11.58|1.92
1509580081373|57.719997|-10.0199995|3.1799998
1509580081505|57.059998|-7.98|5.94
1509580081637|56.399998|-7.74|9.059999
1509580081769|56.399998|-6.8399997|9.84
1509580081901|55.68|-6.7799997|9.599999
1509580082036|55.379997|-6.12|9.48
1509580082165|55.5|-4.68|10.2
1509580082297|54.84|-4.08|10.86
1509580082429|55.02|-3.12|9.66
1509580082561|55.559998|-2.9399998|7.5
1509580082693|55.379997|-4.44|5.8799996
1509580082825|55.559998|-5.64|6.06
1509580082957|54.899998|-6.0|8.58
1509580083089|54.48|-5.04|10.92
1509580083221|54.96|-3.36|11.88
1509580083354|54.84|-1.92|10.679999
1509580083485|55.86|-0.9|9.0
1509580083617|56.64|-1.14|7.14
1509580083749|56.34|-1.02|5.4
1509580083883|56.76|-0.48|4.62
1509580084013|56.28|-0.59999996|3.6
1509580084145|56.34|-1.14|2.9399998
1509580084277|56.64|-0.9|4.14
1509580084409|56.28|-2.04|4.08
1509580084541|56.039997|-3.78|2.3999999
1509580084675|55.14|-5.58|0.42
1509580084805|54.18|-9.36|-4.5
1509580084937|53.46|-11.34|-9.96
1509580085069|52.8|-12.84|-13.92
1509580085201|52.14|-14.099999|-17.46
1509580085333|51.719997|-13.799999|-18.539999
1509580085466|51.12|-15.66|-17.699999
1509580085597|50.52|-18.24|-11.639999
1509580085729|50.94|-18.48|-5.8199997
1509580085861|52.5|-15.66|-1.74
1509580085993|53.399998|-11.28|2.46
1509580086125|54.899998|-6.42|2.6399999
1509580086257|55.379997|-4.14|4.5
1509580086389|54.539997|-4.98|8.4
1509580086521|54.36|-6.06|12.0
1509580086653|54.239998|-5.8199997|14.16
1509580086785|54.12|-3.9599998|15.059999
1509580086917|54.18|-2.52|15.12
1509580087049|54.239998|-0.48|14.5199995
1509580087181|54.42|1.38|12.0
1509580087313|54.539997|2.1599998|9.24
1509580087445|54.66|2.3999999|7.68
1509580087577|54.48|2.76|6.72
1509580087709|54.66|2.8799999|7.62
1509580087841|54.6|3.48|8.22
1509580087973|54.84|3.84|7.3799996
1509580088105|55.44|3.54|6.54
1509580088237|55.739998|2.34|6.06
1509580088369|55.8|0.48|5.46
1509580088501|56.16|-0.29999998|4.7999997
1509580088636|56.28|-0.48|3.78
1509580088765|55.5|-0.59999996|3.12
1509580088897|55.92|-0.06|3.12
1509580089029|55.199997|0.24|3.78
1509580089161|54.899998|-0.53999996|4.14
1509580089293|55.26|-0.24|3.84
1509580089425|54.84|-0.9|2.8799999
1509580089557|54.84|-1.1999999|2.58
1509580089689|54.78|-0.35999998|1.62
1509580089821|54.96|-0.65999997|1.74
1509580089953|54.719997|-0.78|3.12
1509580090085|54.539997|-2.1|4.2599998
1509580090217|54.84|-3.72|6.3599997
1509580090349|54.42|-4.44|6.7799997
1509580090482|54.899998|-4.8599997|6.7799997
1509580090613|54.96|-4.38|5.58
1509580090745|53.94|-5.64|4.68
1509580090877|53.879997|-5.4|4.92
1509580091009|53.64|-4.08|4.2
1509580091141|53.64|-3.36|3.24
1509580091273|54.239998|-1.38|1.62
1509580091405|54.48|-1.56|0.29999998
1509580091537|54.36|-3.3|-0.65999997
1509580091669|54.239998|-4.98|-0.78
1509580091801|54.3|-6.3599997|0.17999999
1509580091933|54.059998|-6.3599997|1.56
1509580092068|53.76|-6.8399997|2.82
1509580092197|53.879997|-5.94|4.2599998
1509580092329|53.579998|-4.92|4.2599998
1509580092461|53.82|-4.92|3.0
1509580092593|53.82|-4.2599998|1.92
1509580092725|53.399998|-4.56|1.4399999
1509580092857|53.399998|-4.62|1.8
1509580092989|53.16|-4.3199997|1.9799999
1509580093121|53.16|-4.38|1.9799999
1509580093253|53.52|-4.38|2.82
1509580093385|53.52|-4.2|4.3199997
1509580093517|53.52|-3.8999999|5.7599998
1509580093649|53.76|-3.06|7.2599998
1509580093782|53.399998|-2.46|6.6
1509580093913|53.64|-2.52|5.22
1509580094045|54.0|-3.24|4.8599997
1509580094177|54.18|-4.7999997|4.38
1509580094309|54.66|-5.4|3.84
1509580094441|54.66|-5.58|3.24
1509580094573|54.84|-6.3599997|2.76
1509580094705|54.36|-5.94|3.6
1509580094837|54.36|-6.6|4.7999997
1509580094969|54.539997|-6.8999996|5.8799996
1509580095105|54.059998|-6.7799997|6.42
1509580095233|54.12|-7.02|6.48
1509580095365|53.699997|-7.14|6.48
1509580095497|53.28|-6.96|5.8799996
1509580095629|53.28|-6.66|4.68
1509580095761|53.16|-6.6|3.24
1509580095893|53.34|-6.96|2.76
1509580096025|53.1|-7.2|4.02
1509580096157|52.62|-7.44|5.7
1509580096289|52.26|-7.44|6.42
1509580096421|52.079998|-7.2|6.8399997
1509580096553|52.5|-7.44|7.2599998
1509580096685|51.899998|-7.14|7.7999997
1509580096817|52.14|-6.66|8.5199995
1509580096950|52.5|-5.3399997|8.099999
1509580097081|52.44|-4.14|7.2
1509580097213|53.64|-3.54|6.2999997
1509580097345|53.879997|-3.4199998|6.0
1509580097477|53.579998|-3.1799998|6.2999997
1509580097609|53.579998|-3.24|5.04
1509580097741|53.1|-3.3|3.24
1509580097873|53.64|-3.3|2.1
1509580098005|53.879997|-3.48|1.4399999
1509580098140|53.399998|-4.08|2.22
1509580098269|53.46|-4.5|2.1599998
1509580098401|52.559998|-4.56|1.3199999
1509580098535|51.96|-5.52|0.71999997
1509580098665|51.719997|-5.8799996|0.96
1509580098797|51.18|-5.8799996|2.58
1509580098929|50.879997|-5.58|3.78
1509580099061|50.82|-4.2599998|4.2599998
1509580099193|51.48|-3.84|3.4199998
1509580099325|52.14|-4.2|4.2599998
1509580099456|52.379997|-4.44|5.3399997
1509580099589|53.1|-5.04|5.58
1509580099721|53.399998|-5.1|5.8799996
1509580099852|53.76|-5.46|4.2599998
1509580099984|54.12|-6.96|4.3199997
1509580100116|54.18|-8.16|6.0
1509580100248|54.0|-9.42|7.3199997
1509580100381|53.879997|-9.12|7.5
1509580100513|54.059998|-7.5|5.8799996
1509580100645|54.12|-6.6|3.9599998
1509580100777|54.12|-5.4|3.12
1509580100909|53.699997|-5.16|3.0
1509580101041|53.76|-5.58|3.12
1509580101173|53.52|-4.62|2.58
1509580101305|53.039997|-4.14|1.38
1509580101437|53.039997|-4.14|1.8
1509580101570|52.68|-3.3|2.28
1509580101702|52.379997|-3.6|2.82
1509580101833|52.5|-3.48|4.08
1509580101965|52.8|-3.12|3.4199998
1509580102097|53.039997|-3.9599998|3.06
1509580102229|53.399998|-4.2599998|3.3
1509580102361|53.64|-3.8999999|3.24
1509580102493|53.76|-3.12|2.82
1509580102625|53.699997|-2.46|2.7
1509580102757|53.219997|-2.58|2.28
1509580102889|53.16|-3.54|2.76
1509580103021|53.16|-3.8999999|4.38
1509580103153|52.62|-4.14|4.8599997
1509580103285|52.86|-3.78|5.22
1509580103417|52.199997|-3.6|4.2599998
1509580103549|51.42|-4.74|2.9399998
1509580103681|51.12|-5.16|2.6399999
1509580103813|50.34|-4.38|2.34
1509580103945|49.44|-5.1|1.8
1509580104077|49.02|-3.12|1.8
1509580104209|48.66|-2.22|2.22
1509580104341|48.66|-3.24|2.34
1509580104473|48.3|-0.96|4.38
1509580104605|48.78|-1.0799999|4.98
1509580104737|49.92|-0.24|4.98
1509580104869|50.579998|0.06|5.4
1509580105001|52.5|-1.4399999|5.22
1509580105133|53.64|-2.34|6.06
1509580105265|54.239998|-3.0|5.8199997
1509580105397|55.02|-2.28|5.2799997
1509580105529|55.5|-1.92|4.2599998
1509580105661|55.8|-2.1599998|3.48
1509580105793|55.62|-3.1799998|4.5
1509580105925|55.379997|-3.24|5.7599998
1509580106057|55.739998|-3.78|6.24
1509580106189|55.68|-3.36|6.6
1509580106321|55.559998|-3.4199998|6.24
1509580106453|56.219997|-4.74|6.6
1509580106585|55.5|-4.8599997|6.42
1509580106717|55.5|-5.4|6.18
1509580106850|55.8|-4.68|4.08
1509580106981|55.98|-4.08|2.1
1509580107113|56.76|-4.5|1.9799999
1509580107245|56.94|-5.04|1.9799999
1509580107377|57.3|-5.52|3.72
1509580107509|57.539997|-5.46|4.38
1509580107641|57.66|-4.7999997|3.6599998
1509580107773|57.6|-4.44|3.6599998
1509580107905|57.539997|-5.2799997|3.24
1509580108037|57.239998|-7.08|3.06
1509580108169|57.3|-7.62|3.48
1509580108301|57.42|-8.58|2.8799999
1509580108433|57.84|-7.98|2.8799999
1509580108566|57.78|-7.8599997|3.0
1509580108697|57.42|-8.82|3.36
1509580108829|57.36|-8.82|3.12
1509580108961|56.82|-9.42|1.4399999
1509580109093|56.579998|-8.76|-0.06
1509580109225|56.64|-7.9199996|-2.76
1509580109357|56.219997|-7.8599997|-3.9599998
1509580109489|55.68|-9.36|-2.76
1509580109621|55.32|-11.28|-1.1999999
1509580109753|54.239998|-13.38|0.48
1509580109885|53.64|-15.12|2.04
1509580110017|52.98|-15.42|2.9399998
1509580110149|52.62|-15.599999|3.36
1509580110282|52.32|-15.96|5.4
1509580110413|52.379997|-15.78|6.12
1509580110545|52.92|-15.96|6.42
1509580110680|52.92|-16.68|7.56
1509580110809|52.86|-17.4|9.9
1509580110941|52.26|-18.06|12.3
1509580111073|51.48|-18.84|15.299999
1509580111205|51.059998|-19.439999|17.64
1509580111337|51.12|-18.84|17.1
1509580111468|51.84|-18.0|17.34
1509580111601|52.199997|-15.96|17.52
1509580111733|52.92|-12.179999|16.619999
1509580111865|53.579998|-9.179999|17.64
1509580111997|54.059998|-6.12|17.22
1509580112129|54.6|-3.3|15.839999
1509580112261|54.42|-1.86|15.0
1509580112393|54.36|0.24|12.9
1509580112525|53.82|2.1|11.5199995
1509580112678|53.64|3.3|9.719999
1509580112789|53.94|4.74|8.34
1509580112921|54.059998|5.2799997|6.06
1509580113053|54.12|5.8799996|4.68
1509580113185|54.36|5.8799996|4.2
1509580113320|54.36|5.52|3.4199998
1509580113450|54.36|5.1|2.6399999
1509580113581|54.84|4.02|2.52
1509580113727|54.48|3.72|1.8
1509580113845|54.6|3.36|1.14
1509580113977|54.66|3.54|1.4399999
1509580114109|54.12|3.48|-0.59999996
1509580114241|54.48|1.74|-2.04
1509580114373|54.78|0.12|-3.0
1509580114505|55.5|-1.9799999|-3.36
1509580114637|55.559998|-3.9599998|-1.86
1509580114769|56.039997|-4.2599998|-0.42
1509580114901|55.68|-5.4|1.1999999
1509580115033|55.14|-5.94|2.22
1509580115170|55.68|-5.52|3.54
1509580115297|55.14|-5.52|3.36
1509580115708|55.14|-4.92|2.58
1509580115824|54.42|-3.12|-7.5
1509580115957|54.48|-3.54|-7.2599998
1509580116089|54.239998|-3.8999999|-3.24
1509580116221|54.48|-3.78|-0.84
1509580116353|55.02|-3.0|2.1599998
1509580116485|55.199997|-2.52|2.1
1509580116617|55.02|-3.84|-1.02
1509580116749|54.78|-4.74|0.0
1509580116881|54.3|-6.06|0.65999997
1509580116972|54.059998|-6.3599997|0.9
1509580117078|54.36|-6.12|2.9399998
1509580117211|54.78|-5.8799996|3.3
1509580117343|54.719997|-6.7799997|2.76
1509580117474|55.199997|-7.56|3.6599998
1509580117606|55.739998|-8.82|4.62
1509580117739|55.26|-9.059999|5.16
1509580117870|55.62|-8.04|5.4
1509580118003|55.92|-7.3799996|5.64
1509580118135|56.1|-6.96|5.94
1509580118266|56.879997|-6.8399997|6.18
1509580118399|56.879997|-7.8599997|6.48
1509580118531|57.0|-8.4|5.64
1509580118662|56.879997|-8.22|5.1
1509580118794|56.76|-8.58|4.92
1509580118927|56.699997|-7.9199996|5.7
1509580119059|56.76|-7.7999997|7.62
1509580119191|56.82|-7.2599998|8.28
1509580119322|56.76|-5.52|7.9199996
1509580119455|57.18|-3.84|6.7799997
1509580119586|57.36|-2.6399999|4.98
1509580119718|57.42|-2.58|3.72
1509580119850|57.239998|-3.0|4.2599998
1509580119990|57.36|-3.6|4.2
1509580120115|56.94|-4.74|3.3
1509580120246|56.82|-4.44|1.9799999
1509580120379|57.18|-4.44|-0.35999998
1509580120511|56.699997|-5.04|-1.38
1509580120642|56.64|-6.24|-1.92
1509580120775|56.46|-7.02|-0.78
1509580120906|55.62|-7.7999997|1.02
1509580121039|55.5|-7.9199996|2.3999999
1509580121171|54.78|-6.18|4.68
1509580121303|53.94|-6.2999997|6.06
1509580121435|54.12|-5.8199997|7.3199997
1509580121567|54.36|-5.16|7.68
1509580121699|55.02|-4.5|6.24
1509580121831|56.039997|-3.54|4.56
1509580121963|56.82|-3.06|2.52
1509580122095|57.0|-3.54|2.6399999
1509580122227|57.18|-4.2|4.2
1509580122359|57.0|-4.3199997|6.06
1509580122491|56.76|-4.2|7.14
1509580122623|56.76|-2.58|6.2999997
1509580122755|57.0|-1.5|5.22
1509580122887|57.12|-0.12|3.36
1509580123020|57.36|1.02|2.7
1509580123151|57.12|0.0|2.46
1509580123284|57.12|0.42|1.4399999
1509580123417|57.18|-0.12|1.26
1509580123547|57.66|-0.96|1.1999999
1509580123679|58.26|-1.26|1.26
1509580123811|58.98|-3.3|2.58
1509580123943|59.879997|-3.8999999|3.36
1509580124075|60.539997|-3.3|3.4199998
1509580124207|60.539997|-2.58|3.1799998
1509580124339|60.719997|-1.38|2.04
1509580124471|60.48|-1.74|1.38
1509580124603|60.0|-3.6|1.1999999
1509580124735|60.0|-4.68|1.4399999
1509580124867|59.52|-5.3399997|2.1599998
1509580125000|59.16|-5.16|2.28
1509580125136|58.559998|-4.38|2.58
1509580125263|58.32|-4.56|2.34
1509580125395|57.48|-7.2599998|3.12
1509580125527|57.0|-10.2|2.58
1509580125660|56.94|-10.559999|1.8
1509580125791|57.12|-10.5|2.1599998
1509580125923|57.3|-7.9199996|0.48
1509580126055|57.539997|-6.06|0.17999999
1509580126187|57.239998|-6.48|0.71999997
1509580126319|56.64|-7.3199997|1.68
1509580126451|56.399998|-7.08|3.0
1509580126583|56.1|-5.7|4.56
1509580126716|56.219997|-4.56|5.2799997
1509580126847|56.219997|-3.12|4.38
1509580126979|56.219997|-3.72|4.5
1509580127111|55.92|-4.62|4.44
1509580127243|55.739998|-4.92|4.8599997
1509580127375|55.92|-4.62|5.8799996
1509580127507|55.92|-3.1799998|6.2999997
1509580127639|56.039997|-1.62|5.64
1509580127771|56.219997|-1.68|4.38
1509580127903|56.219997|-2.34|3.24
1509580128035|56.039997|-3.3|3.48
1509580128168|56.039997|-4.2|5.3399997
1509580128299|56.219997|-3.48|6.24
1509580128431|55.98|-2.1599998|6.24
1509580128563|55.62|-1.14|4.98
1509580128695|55.26|-1.26|4.02
1509580128827|54.42|-2.3999999|4.92
1509580128959|53.82|-4.98|5.8199997
1509580129091|53.46|-8.7|3.9599998
1509580129223|52.8|-10.679999|-1.62
1509580129355|51.18|-12.179999|-9.24
1509580129487|49.68|-13.92|-15.719999
1509580129619|47.7|-15.0|-19.439999
1509580129751|46.02|-18.06|-19.859999
1509580129883|45.6|-20.58|-18.3
1509580130015|45.719997|-20.939999|-17.16
1509580130147|46.5|-21.42|-16.26
1509580130279|46.5|-21.24|-16.38
1509580130411|46.32|-21.42|-17.1
1509580130544|45.899998|-22.02|-17.699999
1509580130675|45.84|-22.02|-17.82
1509580130807|46.32|-21.24|-17.46
1509580130939|46.92|-20.52|-17.22
1509580131071|47.34|-20.279999|-17.22
1509580131203|46.98|-19.98|-18.0
1509580131335|46.98|-20.1|-18.48
1509580131467|46.92|-19.619999|-18.84
1509580131599|46.86|-18.0|-20.1
1509580131731|47.64|-17.1|-19.98
1509580131863|47.94|-18.96|-12.9
1509580131995|47.219997|-22.439999|-5.52
1509580132127|46.68|-25.019999|4.56
1509580132259|47.579998|-22.32|11.46
1509580132391|49.14|-17.64|9.24
1509580132523|51.18|-11.82|6.8999996
1509580132656|53.399998|-8.82|4.5
1509580132787|53.699997|-8.04|0.53999996
1509580132919|54.059998|-7.2599998|0.71999997
1509580133051|54.6|-4.8599997|2.8799999
1509580133183|54.66|-2.52|3.9599998
1509580133316|55.199997|-2.46|6.72
1509580133447|55.32|-1.02|8.28
1509580133579|55.62|-3.24|5.7599998
1509580133711|56.28|-3.54|0.9
1509580133843|56.34|-3.9599998|0.48
1509580133975|56.16|-5.7|-0.12
1509580134107|56.52|-4.92|0.65999997
1509580134239|56.579998|-4.62|3.06
1509580134374|56.82|-4.14|3.12
1509580134503|57.18|-2.22|2.7
1509580134635|57.12|-1.38|4.2
1509580134770|57.239998|-1.92|4.2
1509580134900|57.42|-3.3|3.6
1509580135031|57.78|-4.98|2.7
1509580135162|57.899998|-7.02|-0.29999998
1509580135295|57.84|-7.44|-0.71999997
1509580135427|57.719997|-6.12|0.17999999
1509580135559|57.36|-4.98|0.9
1509580135692|57.18|-2.8799999|2.82
1509580135823|57.239998|-1.1999999|3.6
1509580135956|56.879997|-1.02|3.6
1509580136087|56.879997|0.0|5.3399997
1509580136219|56.64|-0.24|6.8999996
1509580136351|56.16|-0.24|7.98
1509580136483|56.52|-0.12|8.639999
1509580136616|55.92|-2.1599998|8.46
1509580136747|55.8|-3.72|7.5
1509580136879|55.8|-5.94|6.8999996
1509580137011|55.32|-7.3799996|7.62
1509580137143|55.5|-7.3799996|7.3799996
1509580137275|55.44|-7.56|7.5
1509580137407|55.14|-6.8399997|6.8999996
1509580137539|54.96|-6.8399997|4.44
1509580137675|54.66|-7.14|2.58
1509580137803|54.66|-7.2599998|1.02
1509580137935|54.239998|-7.7999997|0.12
1509580138067|54.42|-7.98|0.12
1509580138199|54.3|-9.24|0.59999996
1509580138331|53.699997|-8.46|1.26
1509580138463|54.239998|-7.7999997|1.74
1509580138595|54.18|-6.7799997|2.46
1509580138726|54.42|-4.3199997|0.65999997
1509580138859|55.26|-3.72|-0.96
1509580138991|55.379997|-4.62|-0.96
1509580139124|55.379997|-5.3399997|-0.59999996
1509580139255|55.739998|-6.3599997|0.71999997
1509580139387|56.1|-6.7799997|0.65999997
1509580139519|56.16|-6.8399997|-0.9
1509580139651|56.399998|-7.8599997|-1.0799999
1509580139783|55.86|-9.42|0.96
1509580139915|55.32|-11.16|4.02
1509580140047|55.32|-12.12|6.54
1509580140179|55.26|-13.44|6.8399997
1509580140311|55.32|-15.059999|6.24
1509580140443|54.96|-17.1|6.2999997
1509580140575|53.82|-19.439999|3.1799998
1509580140707|52.86|-20.58|-2.1599998
1509580140839|51.899998|-20.939999|-8.46
1509580140971|51.12|-21.6|-14.7
1509580141103|50.94|-21.66|-18.0
1509580141240|49.92|-22.439999|-19.26
1509580141367|49.26|-23.699999|-19.8
1509580141500|49.26|-23.64|-20.76
1509580141631|48.899998|-22.98|-21.06
1509580141763|49.14|-22.5|-20.82
1509580141895|49.2|-22.619999|-20.52
1509580142027|48.78|-23.16|-20.46
1509580142159|48.239998|-24.18|-20.46
1509580142291|48.719997|-24.119999|-19.92
1509580142423|49.02|-23.4|-20.039999
1509580142555|48.78|-23.16|-20.52
1509580142687|48.78|-23.16|-20.76
1509580142819|48.0|-24.119999|-21.72
1509580142951|47.46|-24.42|-21.72
1509580143084|47.82|-24.119999|-21.72
1509580143215|47.879997|-23.34|-21.48
1509580143347|47.76|-22.02|-21.3
1509580143479|47.1|-21.42|-22.199999
1509580143611|46.379997|-20.76|-23.22
1509580143743|46.26|-19.98|-24.0
1509580143875|46.44|-18.96|-24.42
1509580144007|47.1|-17.52|-24.48
1509580144139|47.399998|-16.74|-24.9
1509580144271|47.46|-16.619999|-26.46
1509580144403|46.5|-17.1|-27.72
1509580144537|46.14|-17.58|-28.8
1509580144667|45.719997|-17.82|-29.16
1509580144799|44.94|-18.0|-28.56
1509580144932|44.94|-18.42|-28.32
1509580145063|45.0|-19.32|-27.96
1509580145199|44.64|-20.039999|-26.939999
1509580145327|45.36|-20.34|-26.4
1509580145459|46.2|-20.039999|-25.199999
1509580145591|46.559998|-19.68|-24.48
1509580145723|47.28|-19.199999|-24.539999
1509580145855|47.46|-18.9|-24.539999
1509580145987|47.46|-18.66|-24.96
1509580146119|47.94|-17.52|-25.14
1509580146251|48.059998|-16.5|-25.68
1509580146383|47.94|-15.48|-25.92
1509580146517|48.0|-14.5199995|-27.359999
1509580146647|47.64|-14.639999|-28.14
1509580146779|47.64|-14.46|-28.199999
1509580146911|48.059998|-14.4|-28.56
1509580147043|48.0|-13.92|-27.9
1509580147175|48.78|-13.92|-27.66
1509580147307|50.34|-15.0|-26.099998
1509580147439|50.94|-16.5|-24.42
1509580147571|51.42|-18.359999|-24.3
1509580147704|50.34|-20.64|-24.42
1509580147835|49.44|-22.26|-25.199999
1509580147967|49.86|-22.92|-24.06
1509580148100|50.28|-22.38|-23.64
1509580148231|51.719997|-20.82|-22.199999
1509580148363|49.98|-20.279999|-24.42
1509580148495|48.539997|-20.279999|-27.24
1509580148627|47.52|-20.52|-28.5
1509580148759|46.02|-20.1|-29.76
1509580148891|47.46|-19.14|-28.38
1509580149023|47.46|-17.58|-27.96
1509580149155|48.059998|-16.98|-27.119999
1509580149287|48.3|-16.8|-27.24
1509580149419|47.879997|-15.78|-27.0
1509580149551|49.14|-15.96|-25.14
1509580149683|48.78|-18.48|-22.38
1509580149815|48.899998|-21.0|-16.68
1509580149947|49.02|-23.88|-7.14
1509580150079|49.02|-24.66|-0.96
1509580150211|49.98|-23.039999|3.84
1509580150343|51.36|-21.6|5.22
1509580150475|52.44|-20.82|3.8999999
1509580150608|52.02|-21.3|4.14
1509580150739|52.559998|-21.24|3.8999999
1509580150871|52.68|-20.88|2.7
1509580151003|52.739998|-19.68|0.84
1509580151135|52.739998|-19.8|-0.35999998
1509580151267|52.079998|-20.4|1.3199999
1509580151400|51.899998|-20.58|3.36
1509580151531|51.96|-21.24|4.44
1509580151663|52.5|-20.58|4.2599998
1509580151795|52.86|-19.98|2.34
1509580151927|53.039997|-20.039999|1.1999999
1509580152059|53.399998|-19.8|-0.12
1509580152191|53.64|-18.9|-1.4399999
1509580152323|54.059998|-18.18|-3.3
1509580152455|54.0|-17.82|-4.8599997
1509580152587|54.059998|-16.5|-5.94
1509580152719|53.52|-17.94|-7.08
1509580152851|53.1|-19.439999|-5.94
1509580152991|52.739998|-19.68|-4.92
1509580153115|52.32|-21.18|-4.14
1509580153247|52.92|-20.4|-3.1799998
1509580153379|53.399998|-18.9|-4.7999997
1509580153511|53.579998|-17.82|-6.54
1509580153643|53.76|-16.38|-8.46
1509580153775|53.1|-14.639999|-9.9
1509580153907|52.92|-13.2|-11.88
1509580154039|52.739998|-12.42|-13.2
1509580154171|51.78|-11.04|-13.98
1509580154303|51.48|-10.5|-16.32
1509580154435|51.3|-8.4|-16.199999
1509580154567|50.879997|-6.8399997|-15.36
1509580154699|51.239998|-5.94|-14.88
1509580154831|51.239998|-5.7599998|-12.84
1509580154963|50.94|-6.8399997|-12.3
1509580155095|50.94|-8.28|-12.42
1509580155227|52.14|-10.5|-10.139999
1509580155359|53.28|-11.82|-6.8399997
1509580155491|54.059998|-13.98|-3.8999999
1509580155623|55.02|-15.299999|0.29999998
1509580155754|55.02|-15.599999|1.38
1509580155887|55.379997|-15.78|0.53999996
1509580156025|55.559998|-16.68|0.24
1509580156151|55.559998|-17.22|-1.92
1509580156283|54.6|-18.3|-5.04
1509580156415|53.1|-19.56|-10.2
1509580156547|51.239998|-18.119999|-17.1
1509580156679|49.68|-14.94|-23.939999
1509580156811|50.399998|-11.219999|-26.82
1509580156943|52.02|-7.8599997|-26.82
1509580157075|53.879997|-7.56|-24.96
1509580157207|55.26|-9.66|-22.38
1509580157339|54.96|-13.259999|-20.939999
1509580157471|52.5|-16.859999|-20.4
1509580157603|51.0|-18.359999|-19.98
1509580157735|49.739998|-19.14|-20.1
1509580157867|47.82|-19.439999|-22.14
1509580157999|46.14|-20.76|-24.359999
1509580158131|45.059998|-23.34|-24.539999
1509580158263|44.64|-25.26|-22.68
1509580158395|45.96|-25.98|-20.64
1509580158527|47.7|-23.4|-18.539999
1509580158663|48.899998|-20.16|-17.82
1509580158791|48.78|-18.539999|-20.1
1509580158923|47.879997|-16.98|-21.0
1509580159055|48.12|-16.98|-20.699999
1509580159187|47.7|-17.64|-21.9
1509580159319|47.82|-16.74|-21.539999
1509580159451|48.539997|-16.199999|-21.06
1509580159583|48.239998|-17.279999|-20.939999
1509580159715|48.36|-18.66|-20.16
1509580159847|47.579998|-20.76|-19.98
1509580159979|46.079998|-21.84|-21.539999
1509580160111|46.8|-21.119999|-22.32
1509580160243|47.579998|-19.08|-22.02
1509580160375|48.66|-17.46|-22.5
1509580160507|49.079998|-17.16|-22.26
1509580160639|47.28|-17.82|-23.699999
1509580160771|44.76|-19.439999|-25.74
1509580160903|42.96|-20.939999|-27.119999
1509580161035|42.42|-21.06|-27.72
1509580161167|42.18|-21.84|-27.24
1509580161299|42.6|-21.359999|-27.119999
1509580161431|42.42|-21.0|-26.939999
1509580161563|41.16|-21.539999|-27.18
1509580161695|40.14|-21.3|-27.42
1509580161827|38.879997|-22.08|-27.539999
1509580161959|37.5|-22.08|-27.3
1509580162091|36.78|-22.08|-27.24
