1509581193698|50
1509581193900|138
1509581194103|99
1509581194305|80
1509581194508|109
1509581194711|99
1509581194913|97
1509581195116|91
1509581195320|90
1509581195522|86
1509581195730|94
1509581195927|56
1509581196333|36
1509581196538|51
1509581196740|53
1509581196942|45
1509581197346|39
1509581197550|56
1509581197753|48
1509581197956|42
1509581198364|45
1509581198567|51
1509581198770|99
1509581198978|68
1509581199176|87
1509581199380|79
1509581199580|76
1509581199986|37
1509581200190|19
1509581200594|30
1509581200801|102
1509581201003|90
1509581201211|79
1509581201409|34
1509581201613|32
1509581201815|79
1509581202223|70
1509581202430|79
1509581202627|96
1509581202830|93
1509581203033|90
1509581203236|79
1509581203644|102
1509581203847|51
1509581204050|73
1509581204261|42
1509581204457|36
1509581204660|8
1509581205064|2
1509581205267|0
1509581205470|5
1509581205673|2
1509581206285|8
1509581206494|11
1509581206692|19
1509581206893|22
1509581207096|28
1509581207300|34
1509581207706|39
1509581207910|31
1509581208316|34
1509581208925|31
1509581209331|34
1509581209739|42
1509581209945|31
1509581210750|34
1509581210955|36
1509581211362|39
1509581211563|48
1509581211767|59
1509581211970|45
1509581212174|42
1509581212377|45
1509581212579|39
1509581212780|36
1509581212983|42
1509581213186|39
1509581213591|42
1509581214199|68
1509581214403|87
1509581214610|31
1509581214810|30
1509581215214|32
1509581215416|33
1509581215619|34
1509581215822|31
1509581216027|68
1509581216231|85
1509581216434|76
1509581216640|45
1509581216840|48
1509581217043|53
1509581217246|65
1509581217450|82
1509581217651|73
1509581217860|62
1509581218060|68
1509581218260|82
1509581218460|85
1509581218663|79
1509581219073|76
1509581219273|82
1509581219479|76
1509581219682|65
1509581219885|76
1509581220092|85
1509581220291|82
1509581220495|65
1509581220697|42
1509581220900|39
1509581221106|45
1509581221510|31
1509581221713|34
1509581221915|28
1509581222120|34
1509581222326|28
1509581222730|31
1509581222932|34
1509581223134|31
1509581223339|34
1509581224553|31
1509581224756|34
1509581225162|36
1509581225365|34
1509581225569|31
1509581225980|34
1509581226381|31
1509581227193|45
1509581227402|36
1509581227601|34
1509581227810|39
1509581228010|34
1509581228210|36
1509581228819|39
1509581229021|36
1509581229630|34
1509581229833|36
1509581230040|39
1509581230249|42
1509581230444|53
1509581230649|62
1509581230850|45
1509581231059|51
1509581231260|42
1509581231460|45
1509581231663|39
1509581231863|45
1509581232270|42
1509581232473|53
1509581232675|45
1509581232878|39
1509581233081|45
1509581233284|48
1509581233487|42
1509581233693|53
1509581233897|51
1509581234097|36
1509581234295|34
1509581235310|31
1509581235917|28
1509581236120|31
1509581236327|28
1509581236527|31
1509581236730|25
1509581236932|28
1509581237340|31
1509581237541|36
1509581237744|31
1509581237946|34
1509581238358|31
1509581238563|34
1509581238761|53
1509581238964|82
1509581239167|56
1509581239371|53
1509581239577|51
1509581239776|68
1509581239977|51
1509581240180|70
1509581240383|76
1509581240789|70
1509581240995|82
1509581241401|85
1509581241605|90
1509581241812|87
1509581242212|30
1509581242617|90
1509581242820|73
1509581243023|79
1509581243226|90
1509581243429|87
1509581243636|73
1509581243837|79
1509581244045|73
1509581244250|90
1509581244446|87
1509581244650|82
1509581244850|85
1509581245054|90
1509581245260|85
1509581245459|62
1509581245663|70
1509581245868|65
1509581246272|48
1509581246677|65
1509581246880|73
1509581247082|62
1509581247293|79
1509581247696|76
1509581247900|82
1509581248101|85
1509581248304|87
1509581248709|85
1509581248916|82
1509581249330|87
1509581249526|56
1509581249733|76
1509581249930|87
1509581250134|79
1509581250337|76
1509581250540|90
1509581250743|30
1509581251151|90
1509581251965|85
1509581252369|90
1509581252778|87
1509581252979|90
1509581253379|30
1509581253582|90
1509581253988|73
1509581254190|48
1509581254394|42
1509581254597|59
1509581254802|76
1509581255006|85
1509581255614|87
1509581255816|85
1509581256018|87
1509581256424|85
1509581256829|87
1509581257035|90
1509581257446|87
1509581257845|85
1509581258049|33
1509581258453|34
1509581258657|31
