1509580013207|46.739998|-10.5|-33.0
1509580013328|46.379997|-10.559999|-33.42
1509580013459|45.96|-11.34|-34.14
1509580013591|45.239998|-12.42|-34.38
1509580013723|44.1|-12.48|-35.52
1509580013855|43.079998|-12.179999|-36.84
1509580013987|42.84|-12.3|-37.32
1509580014119|43.079998|-12.96|-38.52
1509580014252|43.44|-14.34|-39.18
1509580014383|43.26|-15.0|-40.739998
1509580014515|42.719997|-16.5|-43.379997
1509580014648|42.3|-17.52|-45.48
1509580014781|42.18|-18.48|-46.2
1509580014911|42.18|-20.88|-46.02
1509580015043|41.82|-21.9|-46.739998
1509580015176|40.559998|-22.26|-47.399998
1509580015307|39.66|-22.08|-48.539997
1509580015441|38.82|-21.6|-49.379997
1509580015571|38.28|-21.48|-47.7
1509580015703|39.48|-21.9|-45.66
1509580015837|40.14|-20.939999|-44.46
1509580015967|40.739998|-18.66|-44.579998
1509580016106|39.96|-17.34|-46.559998
1509580016232|36.0|-16.5|-51.78
1509580016364|32.28|-17.039999|-58.02
1509580016495|27.539999|-15.599999|-62.94
1509580016627|23.46|-14.099999|-64.92
1509580016759|22.74|-13.139999|-63.48
1509580016891|21.66|-11.94|-61.68
1509580017023|21.66|-15.48|-62.039997
1509580017155|21.9|-20.64|-68.04
1509580017287|17.699999|-22.38|-78.299995
1509580017419|13.44|-19.14|-84.96
1509580017551|10.38|-11.5199995|-87.78
1509580017683|9.66|-0.78|-87.42
1509580017814|13.679999|1.5|-82.92
1509580017949|17.46|-4.3199997|-80.82
1509580018079|12.96|-6.6|-88.32
1509580018212|16.5|-13.5|-84.0
1509580018343|18.9|-14.759999|-76.979996
1509580018475|21.539999|-13.08|-69.9
1509580018607|33.239998|-17.52|-54.899998
1509580018739|35.1|-17.58|-51.42
1509580018873|37.62|-18.6|-49.62
1509580019003|38.879997|-21.119999|-45.6
1509580019134|38.579998|-23.58|-41.1
1509580019267|38.52|-25.56|-36.78
1509580019399|37.02|-27.599998|-33.3
1509580019531|36.719997|-28.08|-31.8
1509580019664|36.719997|-27.84|-31.439999
1509580019795|36.54|-27.18|-30.9
1509580019927|36.12|-25.08|-31.8
1509580020058|35.579998|-23.279999|-33.899998
1509580020191|33.899998|-21.119999|-36.3
1509580020323|32.64|-20.4|-38.399998
1509580020457|31.679998|-20.039999|-39.84
1509580020587|31.32|-19.92|-39.6
1509580020719|31.74|-21.119999|-39.12
1509580020854|32.64|-21.06|-37.92
1509580020983|32.94|-21.359999|-36.66
1509580021115|33.12|-21.66|-37.079998
1509580021247|33.18|-21.66|-36.84
1509580021380|32.219997|-22.98|-36.84
1509580021511|30.48|-23.279999|-38.7
1509580021643|29.46|-23.039999|-38.82
1509580021775|27.779999|-24.359999|-39.0
1509580021907|26.58|-25.439999|-40.14
1509580022039|26.939999|-26.34|-39.059998
1509580022171|26.64|-27.779999|-39.059998
1509580022310|27.3|-28.019999|-38.34
1509580022435|27.72|-28.439999|-38.04
1509580022567|28.98|-28.859999|-37.739998
1509580022699|29.64|-30.179998|-36.78
1509580022835|31.14|-30.539999|-36.059998
1509580022964|31.679998|-30.539999|-34.92
1509580023095|31.8|-31.019999|-33.899998
1509580023227|32.04|-29.82|-34.14
1509580023359|32.16|-28.859999|-34.68
1509580023491|32.82|-28.199999|-35.04
1509580023623|34.38|-26.939999|-35.579998
1509580023755|34.8|-27.18|-35.64
1509580023887|34.2|-27.599998|-36.18
1509580024020|33.0|-27.96|-36.78
1509580024151|31.56|-28.74|-36.84
1509580024283|30.779999|-29.58|-36.54
1509580024415|30.3|-30.84|-35.76
1509580024547|30.539999|-32.04|-34.739998
1509580024680|29.82|-32.94|-34.92
1509580024811|31.14|-32.1|-34.44
1509580024943|32.46|-31.32|-34.079998
1509580025075|33.12|-30.96|-33.719997
1509580025207|33.899998|-30.84|-33.12
1509580025339|33.48|-31.74|-32.7
1509580025471|33.66|-31.74|-32.46
1509580025603|33.239998|-31.98|-32.64
1509580025735|32.82|-31.98|-32.399998
1509580025870|32.52|-31.08|-33.12
1509580025999|31.199999|-30.66|-33.899998
1509580026131|31.019999|-29.939999|-34.14
1509580026264|30.0|-29.88|-34.559998
1509580026395|28.74|-30.599998|-34.62
1509580026527|28.56|-30.96|-34.14
1509580026659|28.38|-30.48|-34.14
1509580026791|28.92|-29.699999|-33.719997
1509580026923|30.119999|-29.099998|-32.76
1509580027055|31.199999|-28.8|-32.46
1509580027187|32.16|-28.68|-32.1
1509580027319|34.079998|-27.119999|-32.82
1509580027451|34.38|-24.779999|-34.86
1509580027583|34.079998|-21.96|-36.78
1509580027715|33.78|-19.74|-38.64
1509580027847|31.019999|-19.5|-40.2
1509580027979|27.18|-20.88|-41.34
1509580028112|24.48|-24.3|-41.52
1509580028249|21.359999|-25.92|-42.36
1509580028375|20.52|-28.38|-42.059998
1509580028507|21.84|-30.42|-41.28
1509580028639|22.439999|-30.06|-40.98
1509580028771|22.92|-31.74|-40.44
1509580028908|21.72|-31.859999|-40.68
1509580029035|21.96|-31.679998|-39.719997
1509580029167|22.74|-31.679998|-39.36
1509580029306|23.22|-29.64|-39.84
1509580029434|25.8|-25.26|-40.559998
1509580029564|25.74|-22.439999|-41.64
1509580029695|26.4|-21.119999|-41.28
1509580029827|28.14|-20.52|-40.14
1509580029959|28.8|-22.92|-38.04
1509580030091|30.359999|-24.359999|-36.42
1509580030223|30.84|-24.3|-35.88
1509580030355|31.679998|-25.56|-33.66
1509580030487|31.32|-26.58|-33.12
1509580030619|30.3|-26.939999|-33.78
1509580030752|30.48|-26.58|-34.2
1509580030883|29.34|-26.4|-35.399998
1509580031015|30.0|-24.539999|-35.94
1509580031147|30.42|-23.88|-36.36
1509580031279|29.34|-24.359999|-36.66
1509580031411|29.64|-24.24|-37.44
1509580031543|29.34|-24.84|-37.26
1509580031675|30.06|-23.88|-36.66
1509580031808|31.199999|-22.8|-37.079998
1509580031939|32.04|-22.32|-36.059998
1509580032076|33.239998|-22.38|-35.16
1509580032203|35.579998|-21.66|-33.54
1509580032335|37.62|-21.3|-30.84
1509580032468|38.579998|-20.76|-29.46
1509580032599|38.579998|-20.22|-29.16
1509580032731|37.14|-22.56|-28.8
1509580032863|34.739998|-25.38|-29.039999
1509580032995|32.88|-27.119999|-29.939999
1509580033126|31.74|-29.34|-29.82
1509580033259|31.619999|-30.06|-30.539999
1509580033391|33.239998|-29.34|-30.3
1509580033523|34.14|-30.0|-30.0
1509580033661|33.6|-30.359999|-30.84
1509580033787|31.5|-31.8|-31.619999
1509580033919|29.279999|-33.719997|-32.46
1509580034051|28.26|-34.5|-32.82
1509580034188|29.46|-33.54|-34.079998
1509580034315|31.5|-31.679998|-34.739998
1509580034448|33.48|-30.119999|-36.059998
1509580034579|36.0|-28.98|-35.76
1509580034711|38.34|-28.619999|-33.3
1509580034843|40.8|-26.16|-32.16
1509580034975|42.719997|-24.3|-30.24
1509580035107|42.719997|-22.08|-30.779999
1509580035239|41.82|-19.439999|-32.46
1509580035371|40.079998|-19.199999|-33.18
1509580035503|38.34|-18.0|-35.579998
1509580035635|36.96|-17.22|-37.079998
1509580035767|35.7|-18.0|-37.68
1509580035899|33.96|-18.3|-38.76
1509580036032|32.219997|-19.32|-39.18
1509580036163|31.98|-20.039999|-38.7
1509580036295|31.439999|-20.82|-39.3
1509580036427|31.98|-22.38|-38.34
1509580036559|32.88|-22.5|-37.079998
1509580036691|33.719997|-21.66|-36.6
1509580036823|34.92|-20.4|-35.04
1509580036954|36.96|-18.6|-33.899998
1509580037086|39.059998|-18.119999|-32.04
1509580037219|40.98|-19.38|-28.019999
1509580037351|42.84|-20.46|-26.64
1509580037483|43.379997|-21.6|-25.199999
1509580037615|43.92|-22.26|-23.82
1509580037747|43.92|-22.859999|-25.08
1509580037879|44.46|-23.34|-23.4
1509580038011|43.739998|-23.279999|-24.48
1509580038143|42.54|-23.76|-27.359999
1509580038275|41.28|-24.0|-28.92
1509580038408|40.079998|-24.24|-30.359999
1509580038539|38.28|-24.119999|-31.92
1509580038675|36.6|-22.619999|-33.18
1509580038803|37.079998|-21.48|-33.12
1509580038935|37.5|-20.1|-33.6
1509580039069|40.32|-19.439999|-31.38
1509580039199|42.96|-19.92|-29.099998
1509580039331|43.68|-19.199999|-28.32
1509580039470|44.219997|-18.779999|-28.14
1509580039595|44.46|-18.779999|-28.26
1509580039726|45.0|-18.42|-27.599998
1509580039859|45.18|-18.96|-28.14
1509580039991|43.32|-19.08|-30.779999
1509580040123|41.46|-18.9|-32.34
1509580040255|39.12|-19.199999|-34.38
1509580040387|36.48|-19.38|-36.6
1509580040520|34.62|-20.699999|-36.66
1509580040651|33.66|-22.38|-36.84
1509580040783|33.84|-22.38|-36.12
1509580040916|35.82|-22.56|-33.42
1509580041048|39.239998|-21.779999|-29.88
1509580041179|41.82|-19.98|-27.72
1509580041311|43.739998|-20.1|-25.5
1509580041443|44.52|-19.68|-25.019999
1509580041575|44.46|-18.84|-24.6
1509580041707|45.3|-17.76|-22.92
1509580041839|46.379997|-15.839999|-22.14
1509580041971|46.92|-14.88|-20.699999
1509580042103|47.76|-13.5|-20.699999
1509580042235|47.76|-12.599999|-21.539999
1509580042367|46.92|-11.639999|-23.16
1509580042499|46.379997|-10.559999|-25.8
1509580042631|42.54|-11.4|-30.779999
1509580042763|38.82|-13.74|-34.32
1509580042896|37.26|-15.66|-36.54
1509580043027|34.8|-18.42|-37.8
1509580043158|36.3|-19.56|-35.88
1509580043290|36.719997|-18.66|-36.719997
1509580043423|34.86|-19.02|-37.8
1509580043555|35.16|-18.24|-38.579998
1509580043687|34.079998|-18.48|-38.82
1509580043819|34.32|-19.92|-37.2
1509580043951|35.82|-21.06|-35.04
1509580044083|35.46|-22.38|-33.239998
1509580044215|36.6|-23.699999|-31.32
1509580044348|37.5|-24.66|-29.82
1509580044479|37.68|-25.56|-28.74
1509580044611|38.46|-26.16|-28.019999
1509580044743|39.18|-26.76|-26.64
1509580044874|39.66|-26.82|-25.5
1509580045007|40.98|-26.16|-23.88
1509580045139|41.7|-25.14|-21.96
1509580045271|42.12|-23.4|-21.48
1509580045403|42.36|-22.619999|-20.22
1509580045535|41.879997|-21.66|-20.039999
1509580045670|42.18|-20.82|-19.74
1509580045799|41.94|-20.58|-19.619999
1509580045932|42.18|-20.34|-19.98
1509580046064|42.18|-20.939999|-20.52
1509580046195|41.82|-21.18|-21.0
1509580046327|42.6|-21.6|-21.0
1509580046459|43.079998|-21.6|-21.42
1509580046591|43.62|-21.0|-20.82
1509580046723|42.54|-20.699999|-23.64
1509580046855|39.96|-19.859999|-27.599998
1509580046989|37.02|-19.68|-30.9
1509580047119|33.48|-20.46|-35.28
1509580047251|32.04|-22.38|-35.399998
1509580047389|31.199999|-24.6|-34.559998
1509580047515|29.34|-27.119999|-34.02
1509580047647|29.46|-27.9|-32.7
1509580047779|29.88|-28.26|-31.619999
1509580047911|28.619999|-27.72|-32.399998
1509580048043|30.24|-26.4|-32.52
1509580048175|29.279999|-26.46|-33.3
1509580048307|28.5|-25.32|-34.26
1509580048439|28.98|-24.6|-34.32
1509580048571|28.56|-23.1|-34.86
1509580048703|29.64|-22.02|-34.2
1509580048835|28.859999|-21.72|-34.68
1509580048967|29.46|-20.52|-34.5
1509580049099|29.519999|-20.699999|-34.38
1509580049232|29.58|-19.68|-34.739998
1509580049363|30.9|-19.92|-33.96
1509580049495|30.96|-20.46|-33.84
1509580049627|31.679998|-19.68|-33.719997
1509580049759|31.5|-18.96|-33.899998
1509580049891|31.32|-17.699999|-35.04
1509580050023|31.56|-17.34|-35.16
1509580050155|32.28|-19.08|-34.5
1509580050287|32.7|-20.76|-34.2
1509580050419|32.7|-21.0|-34.02
1509580050551|33.6|-20.699999|-33.78
1509580050685|31.08|-20.16|-35.76
1509580050815|29.279999|-20.4|-37.02
1509580050949|29.22|-21.3|-37.14
1509580051079|27.24|-22.38|-37.8
1509580051211|27.9|-22.74|-36.899998
1509580051343|28.859999|-22.439999|-36.719997
1509580051475|28.859999|-22.74|-36.18
1509580051607|30.66|-22.92|-35.399998
1509580051739|31.56|-22.5|-35.64
1509580051873|32.46|-22.02|-34.98
1509580052003|33.239998|-20.699999|-36.0
1509580052135|32.76|-19.68|-37.079998
1509580052270|33.3|-19.5|-37.62
1509580052399|33.18|-19.439999|-37.98
1509580052532|32.28|-20.279999|-37.92
1509580052663|32.219997|-21.06|-37.8
1509580052796|32.04|-21.359999|-37.02
1509580052926|31.8|-22.38|-36.239998
1509580053059|32.28|-23.34|-35.94
1509580053191|32.46|-23.58|-35.399998
1509580053330|32.579998|-23.279999|-36.18
1509580053455|32.46|-23.519999|-37.68
1509580053587|32.82|-23.46|-37.98
1509580053720|32.64|-24.24|-38.52
1509580053852|30.119999|-24.539999|-40.2
1509580053983|29.039999|-24.72|-40.26
1509580054116|28.74|-24.48|-40.26
1509580054250|28.439999|-24.72|-39.66
1509580054379|30.119999|-26.099998|-38.16
1509580054511|31.439999|-26.519999|-36.0
1509580054643|31.439999|-26.64|-35.1
1509580054775|30.119999|-27.06|-35.579998
1509580054907|29.46|-28.26|-34.68
1509580055039|28.14|-29.34|-34.92
1509580055171|26.76|-30.779999|-34.62
1509580055303|26.64|-31.92|-33.6
1509580055435|26.519999|-31.619999|-32.82
1509580055567|25.74|-31.98|-32.219997
1509580055700|25.5|-33.3|-31.439999
1509580055831|25.5|-33.96|-30.539999
1509580055968|25.619999|-35.16|-30.119999
1509580056095|27.96|-34.739998|-29.16
1509580056227|29.22|-34.2|-29.82
1509580056359|31.08|-32.04|-30.48
1509580056491|32.46|-27.84|-31.92
1509580056623|32.219997|-23.88|-35.16
1509580056757|33.12|-18.84|-36.42
1509580056887|33.84|-15.78|-37.26
1509580057019|34.44|-16.08|-36.42
1509580057151|35.579998|-17.82|-34.32
1509580057283|34.5|-20.52|-33.78
1509580057415|33.18|-22.439999|-33.96
1509580057548|31.56|-23.16|-35.219997
1509580057679|29.16|-22.8|-37.32
1509580057811|27.9|-22.68|-37.98
1509580057944|27.06|-23.82|-39.059998
1509580058075|26.16|-24.359999|-39.48
1509580058207|26.58|-25.5|-38.94
1509580058339|26.519999|-27.24|-39.0
1509580058471|26.039999|-27.599998|-38.1
1509580058603|25.8|-28.32|-38.52
1509580058735|24.48|-29.22|-39.3
1509580058867|24.48|-28.08|-39.48
1509580059000|24.9|-28.32|-40.14
1509580059135|26.039999|-28.56|-38.82
1509580059263|27.18|-28.619999|-37.5
1509580059395|28.619999|-29.46|-36.54
1509580059527|31.019999|-28.859999|-34.44
1509580059659|34.44|-27.72|-32.04
1509580059791|37.62|-27.359999|-28.56
1509580059923|40.02|-28.019999|-24.42
1509580060055|41.16|-29.039999|-21.539999
1509580060187|40.86|-30.42|-19.199999
1509580060319|41.16|-30.66|-17.88
1509580060451|41.28|-30.66|-17.76
1509580060583|38.46|-30.42|-20.82
1509580060715|34.86|-31.08|-23.939999
1509580060848|30.42|-31.859999|-28.439999
1509580060979|25.98|-30.96|-32.28
1509580061112|25.38|-29.4|-33.3
1509580061243|25.26|-27.42|-34.68
1509580061381|25.56|-25.32|-34.98
1509580061507|26.22|-24.84|-34.98
1509580061639|25.38|-25.38|-35.219997
1509580061771|24.72|-25.5|-35.219997
1509580061903|24.72|-25.74|-35.579998
1509580062044|24.359999|-25.74|-36.899998
1509580062167|25.56|-24.539999|-36.719997
1509580062300|25.98|-25.019999|-36.96
1509580062438|25.439999|-24.24|-37.5
1509580062563|25.8|-23.88|-36.42
1509580062696|25.199999|-25.439999|-36.66
1509580062827|25.019999|-25.859999|-36.66
1509580062959|25.38|-26.16|-36.719997
1509580063091|24.119999|-26.939999|-37.86
1509580063223|23.939999|-25.08|-38.1
1509580063355|25.38|-23.22|-38.1
1509580063487|27.48|-22.619999|-37.02
1509580063619|29.16|-21.0|-36.059998
1509580063751|29.279999|-20.939999|-36.42
1509580063882|29.279999|-20.34|-36.3
1509580064015|28.56|-19.439999|-36.899998
1509580064147|29.16|-18.0|-36.899998
1509580064279|29.34|-17.699999|-35.82
1509580064410|29.22|-18.0|-34.079998
1509580064543|29.34|-18.96|-32.16
1509580064675|27.9|-18.9|-32.219997
1509580064808|27.18|-17.699999|-32.46
1509580064939|25.859999|-15.9|-34.02
1509580065071|23.939999|-14.34|-36.66
1509580065203|24.0|-14.34|-36.719997
1509580065335|23.519999|-16.44|-37.14
1509580065467|23.58|-18.3|-37.559998
1509580065601|23.939999|-19.32|-37.2
1509580065731|23.34|-19.98|-38.34
1509580065863|23.34|-19.38|-39.239998
1509580065995|22.8|-19.14|-39.899998
1509580066127|21.9|-20.46|-39.48
1509580066259|21.0|-21.84|-38.34
1509580066392|20.279999|-21.84|-37.86
1509580066524|19.68|-22.08|-38.16
1509580066655|18.539999|-21.96|-40.2
1509580066787|17.94|-21.6|-42.239998
1509580066919|16.199999|-22.68|-43.8
1509580067051|13.92|-22.56|-45.899998
1509580067183|12.24|-20.88|-47.1
1509580067315|12.84|-20.46|-47.34
1509580067447|15.839999|-19.619999|-46.559998
1509580067580|18.18|-20.279999|-44.579998
1509580067711|21.66|-21.48|-42.899998
1509580067843|21.539999|-20.279999|-43.62
1509580067975|19.439999|-17.58|-45.18
1509580068107|18.18|-15.599999|-46.739998
1509580068238|17.1|-13.259999|-47.94
1509580068371|18.3|-13.32|-46.86
1509580068503|21.18|-15.48|-44.64
1509580068635|23.64|-16.5|-43.02
1509580068767|24.96|-17.82|-41.04
1509580068900|25.619999|-18.359999|-40.44
1509580069032|26.34|-17.76|-40.92
1509580069163|26.46|-17.34|-40.379997
1509580069295|27.0|-17.64|-40.68
