1509422177383|-0.46539307|22.590637|-41.893005
1509422177483|0.9063721|23.078918|-42.842102
1509422177570|1.2924194|22.547913|-42.964172
1509422177676|-0.15411377|17.062378|-43.556213
1509422177831|-8.044434|18.156433|-43.1015
1509422177913|-12.0224|16.015625|-44.309998
1509422178028|0.5187988|13.519287|-44.24591
1509422178177|-4.508972|16.078186|-42.312622
1509422178301|-13.168335|12.782288|-42.704773
1509422178410|-6.376648|15.293884|-41.618347
1509422178562|-9.991455|12.52594|-45.625305
1509422178676|-6.3812256|20.092773|-53.364563
1509422178757|-0.93536377|16.43982|-52.23236
1509422178907|-1.1642456|11.637878|-44.325256
1509422179022|1.6174316|13.3377075|-40.686035
1509422179184|-5.9036255|21.461487|-40.91797
1509422179292|5.8792114|2.760315|-42.507935
1509422179407|2.760315|-13.964844|-42.770386
1509422179562|-2.7236938|-17.337036|-41.204834
1509422179676|-1.6098022|-10.768127|-42.43927
1509422179832|-1.6204834|6.466675|-42.85736
1509422179913|-3.5476685|13.008118|-40.61432
1509422180033|1.9836426|-1.9256592|-42.999268
1509422180177|-1.8615723|-23.397827|-33.927917
1509422180293|-3.1906128|-27.128601|-30.270386
1509422180446|5.644226|-5.480957|-42.082214
1509422180561|-9.513855|19.091797|-41.085815
1509422180643|-13.093567|28.994751|-37.416077
1509422180753|-6.2332153|19.992065|-43.644714
1509422180907|5.795288|-12.023926|-40.09552
1509422181025|1.6784668|-19.070435|-39.230347
1509422181175|8.465576|-12.611389|-39.99176
1509422181301|-2.935791|11.297607|-44.197083
1509422181446|-15.505981|31.175232|-35.85205
1509422181560|1.0116577|8.531189|-42.40265
1509422181676|6.52771|-14.793396|-36.647034
1509422181757|2.4871826|-19.569397|-36.584473
1509422181913|3.5110474|-14.839172|-38.57727
1509422182021|4.359436|-4.2419434|-41.360474
1509422182184|-1.7501831|12.257385|-42.626953
1509422182291|4.5196533|1.7379761|-38.464355
1509422182373|7.762146|-8.018494|-34.0683
1509422182486|3.364563|-16.468811|-35.16388
1509422182637|-6.0546875|-21.939087|-35.282898
1509422182752|-3.0761719|-17.636108|-38.78784
1509422182912|2.9052734|-2.229309|-40.45105
1509422183031|-5.8624268|20.826721|-39.54773
1509422183175|-1.8463135|12.107849|-39.59198
1509422183290|4.296875|-6.907654|-40.571594
1509422183374|1.84021|-11.071777|-43.559265
1509422183482|-3.2806396|-16.592407|-41.37726
1509422183565|-1.1123657|-14.846802|-39.73999
1509422183685|7.5531006|-0.39520264|-40.882874
1509422183831|0.29907227|20.5307|-40.35797
1509422183944|-0.76293945|19.874573|-38.96942
1509422184109|7.5561523|5.8654785|-42.17224
1509422184219|3.7948608|-9.724426|-42.485046
1509422184304|0.38146973|-13.713074|-42.630005
1509422184444|-3.1036377|-16.513062|-40.498352
1509422184560|9.266663|-1.2695312|-40.4541
1509422184641|11.750793|9.713745|-38.79547
1509422184754|0.49438477|25.45929|-38.780212
1509422184906|-1.197815|21.72699|-39.91394
1509422185021|9.115601|0.95214844|-41.54358
1509422185185|7.1395874|-11.56311|-42.166138
1509422185292|5.8670044|-8.770752|-41.79077
1509422185445|6.225586|5.9646606|-42.625427
1509422185564|-2.015686|24.926758|-39.567566
1509422185719|-4.8431396|25.382996|-39.508057
1509422185829|1.5182495|11.254883|-44.413757
1509422185913|4.8095703|2.1652222|-45.129395
1509422186024|4.2282104|-3.1829834|-47.18628
1509422186178|4.5654297|1.9485474|-46.969604
1509422186291|-5.4885864|23.828125|-41.19568
1509422186449|-16.157532|36.019897|-31.938171
1509422186562|-11.421204|26.841736|-38.25531
1509422186713|-1.473999|10.816956|-47.695923
1509422186838|1.9378662|-0.3189087|-49.887085
1509422186943|-0.09460449|3.3340454|-51.387024
1509422187024|-1.2176514|6.993103|-47.854614
1509422187113|-6.176758|16.29486|-45.062256
1509422187218|-20.248413|27.182007|-36.61194
1509422187304|-19.34967|26.998901|-36.619568
1509422187451|-0.3768921|14.248657|-38.51776
1509422187559|4.2388916|3.35083|-43.336487
1509422187713|7.6324463|-0.16784668|-45.71228
1509422187829|5.79834|10.336304|-41.230774
1509422187912|0.46081543|17.907715|-38.017273
1509422188019|-6.8634033|27.172852|-31.304932
1509422188177|-0.72021484|22.288513|-34.21631
1509422188289|7.1899414|12.034607|-40.335083
1509422188446|8.128357|6.5948486|-44.82727
1509422188561|6.5948486|3.5476685|-43.07556
1509422188712|10.15625|11.772156|-37.89978
1509422188830|2.4124146|24.235535|-32.255554
1509422188942|2.5405884|23.217773|-32.998657
1509422189099|14.646912|11.453247|-35.757446
1509422189218|23.092651|-4.6829224|-35.394287
1509422189366|17.607117|-11.309814|-35.98633
1509422189481|20.477295|-6.5231323|-34.436035
1509422189563|25.904846|2.772522|-30.509949
1509422189644|30.432129|12.808228|-27.624512
1509422189754|14.295959|27.554321|-31.973267
1509422189904|9.867859|19.795227|-35.308838
1509422190021|20.669556|2.7282715|-34.498596
1509422190108|17.922974|-7.255554|-35.40802
1509422190213|13.221741|-11.387634|-37.82196
1509422190366|15.348816|1.1856079|-37.483215
1509422190481|1.6082764|20.03479|-34.957886
1509422190642|0.36621094|25.894165|-31.63147
1509422190751|9.703064|13.902283|-36.099243
1509422190910|12.62207|-0.9048462|-39.834595
1509422191021|13.069153|-5.3878784|-38.867188
1509422191174|10.025024|3.7567139|-36.608887
1509422191291|2.7130127|13.7664795|-35.720825
1509422191456|3.8604736|13.223267|-34.40857
1509422191560|6.552124|2.5650024|-39.138794
1509422191720|5.844116|-5.293274|-42.330933
1509422191829|11.088562|-5.024719|-38.845825
1509422191983|3.137207|13.768005|-35.473633
1509422192100|-6.1660767|23.596191|-30.519104
1509422192216|3.201294|14.4088745|-36.62567
1509422192366|9.283447|6.6360474|-38.471985
1509422192448|11.206055|1.1032104|-40.863037
1509422192564|11.381531|-5.282593|-37.425232
1509422192646|9.963989|-2.1865845|-36.45935
1509422192755|-0.9384155|16.487122|-35.020447
1509422192906|-1.6860962|21.15326|-32.769775
1509422192991|1.4877319|18.922424|-33.86841
1509422193110|5.7174683|9.609985|-37.18109
1509422193212|8.079529|-5.593872|-37.747192
1509422193367|7.2052|-16.519165|-34.1568
1509422193482|11.741638|-8.042908|-34.690857
1509422193636|3.62854|17.54303|-35.56671
1509422193751|2.015686|20.585632|-33.784485
1509422193903|7.2158813|14.312744|-35.487366
1509422194019|14.431763|2.458191|-38.91449
1509422194175|10.372925|-4.689026|-40.678406
1509422194287|12.911987|-1.2863159|-38.604736
1509422194444|8.825684|14.952087|-35.957336
1509422194556|-1.2298584|28.166199|-31.336975
1509422194637|-1.689148|27.69165|-31.83136
1509422194750|5.9280396|18.141174|-34.414673
1509422194908|10.064697|7.772827|-41.740417
1509422195029|11.683655|0.047302246|-43.16101
1509422195175|10.897827|4.396057|-38.490295
1509422195290|2.1362305|19.915771|-33.55713
1509422195451|-3.1951904|25.035095|-31.49414
1509422195562|-0.11291504|17.518616|-35.27832
1509422195644|4.6539307|10.9313965|-36.40747
1509422195759|6.8237305|5.7128906|-39.31732
1509422195903|9.794617|-3.3172607|-41.778564
1509422196020|10.578918|3.791809|-36.43036
1509422196109|11.201477|12.19635|-35.75592
1509422196211|8.992004|24.269104|-33.024597
1509422196364|4.8355103|23.632812|-32.713318
1509422196480|10.090637|12.652588|-34.52301
1509422196633|6.0272217|2.156067|-40.667725
1509422196750|6.730652|-10.600281|-37.626648
1509422196833|8.06427|-11.332703|-36.553955
1509422196980|12.149048|12.322998|-35.847473
1509422197096|-3.7078857|25.956726|-30.625916
1509422197262|1.9012451|19.140625|-33.255005
1509422197366|8.078003|4.48761|-39.764404
1509422197479|6.3293457|-7.322693|-39.115906
1509422197638|6.0058594|-13.339233|-37.553406
1509422197750|14.070129|0.50201416|-36.680603
1509422197909|0.2670288|19.274902|-33.6792
1509422197992|-3.8024902|19.482422|-32.59735
1509422198103|0.15106201|15.78064|-35.324097
1509422198250|8.374023|7.746887|-39.743042
1509422198364|9.950256|-0.52337646|-45.10956
1509422198451|9.243774|-4.1900635|-43.121338
1509422198560|12.484741|-2.1331787|-40.16571
1509422198713|7.368469|17.904663|-34.622192
1509422198828|5.1605225|23.757935|-32.325745
1509422198990|8.200073|23.626709|-32.67975
1509422199095|11.425781|23.188782|-31.703186
1509422199250|8.241272|20.980835|-33.04596
1509422199364|4.7439575|11.564636|-36.8927
1509422199480|4.510498|6.440735|-42.832947
1509422199633|5.3009033|3.125|-42.12036
1509422199721|5.4214478|6.265259|-40.57312
1509422199828|4.675293|15.55481|-36.593628
1509422199981|0.40283203|21.04187|-32.22351
1509422200095|0.99334717|23.405457|-32.58972
1509422200254|-0.70648193|14.733887|-36.836243
1509422200363|3.9550781|8.088684|-42.76581
1509422200445|3.630066|4.147339|-44.215393
1509422200564|6.0928345|3.9962769|-41.319275
1509422200711|4.400635|16.358948|-35.33783
1509422200825|-2.8915405|23.324585|-33.117676
1509422200991|1.7166138|18.118286|-34.12018
1509422201104|9.791565|7.0266724|-38.024902
1509422201249|12.3046875|1.0360718|-40.724182
1509422201363|11.254883|1.5716553|-38.183594
1509422201445|9.817505|5.7678223|-38.183594
1509422201556|5.92041|19.140625|-34.661865
1509422201710|-3.5812378|20.959473|-32.635498
1509422201824|0.038146973|17.980957|-35.035706
1509422201984|8.703613|13.313293|-39.30664
1509422202094|10.783386|13.417053|-39.889526
1509422202248|4.3167114|15.612793|-35.70404
1509422202363|-6.5231323|22.122192|-31.773376
1509422202521|-4.701233|23.344421|-30.92041
1509422202632|0.29296875|23.19336|-32.792664
1509422202716|2.3910522|23.773193|-35.23712
1509422202828|5.6152344|18.817139|-40.042114
1509422202980|5.9555054|13.572693|-39.78882
1509422203093|1.4816284|14.73999|-37.2406
1509422203174|3.5568237|14.378357|-36.05652
1509422203266|5.076599|12.802124|-36.523438
1509422203364|3.2287598|10.292053|-39.741516
1509422203446|4.512024|7.8216553|-40.431213
1509422203555|5.332947|13.542175|-36.991882
1509422203638|-0.7583618|20.39795|-33.31604
1509422203747|-10.321045|26.898193|-30.471802
1509422203906|-6.840515|24.24469|-32.36847
1509422204025|4.0039062|16.732788|-38.294983
1509422204171|11.155701|3.6773682|-43.4433
1509422204285|13.308716|0.7751465|-41.041565
1509422204438|9.407043|20.596313|-34.495544
1509422204558|-8.325195|36.624146|-24.246216
1509422204708|6.2026978|26.789856|-33.961487
1509422204823|18.978882|3.0517578|-41.319275
1509422204985|19.80133|-8.811951|-36.149597
1509422205095|14.694214|6.324768|-36.83777
1509422205251|9.3185425|19.342041|-35.768127
1509422205366|13.365173|15.283203|-34.547424
1509422205518|15.483093|11.450195|-37.35504
1509422205632|15.47699|10.496521|-36.37085
1509422205746|16.30249|9.968567|-35.847473
1509422205829|13.809204|8.821106|-36.14044
1509422205979|14.518738|6.895447|-35.105896
