1509156416427|0.21068975|2.030283|9.758766
1509156416560|0.40222588|2.030283|9.3661175
1509156416692|0.36391866|2.0111294|9.461885
1509156416824|0.2681506|1.8483237|9.682152
1509156416964|-0.047884032|2.1643584|9.5385
1509156417087|0.48841715|1.9536686|9.375694
1509156417222|0.36391866|2.0398598|9.279925
1509156417351|0.45968673|2.1643584|9.701305
1509156417484|0.10534488|2.2697031|8.887277
1509156417616|-0.019153614|2.4229321|9.423578
1509156417747|-0.12449849|2.327164|9.768343
1509156417880|-0.24899697|2.3558946|9.059659
1509156418012|-0.45968673|2.3942018|9.730036
1509156418143|-0.18195933|2.231396|8.858546
1509156418276|-0.11492168|2.2601264|10.180145
1509156418407|-0.5363012|2.3750482|8.743625
1509156418542|-0.5746084|2.6431987|9.203311
1509156418671|-0.62249243|2.480393|8.7532015
1509156418806|-0.41180268|2.3463178|9.77792
1509156418940|-0.45968673|2.0973208|9.165004
1509156419067|-0.29688102|2.2026656|9.682152
1509156419200|-0.32561144|2.078167|9.557653
1509156419332|0.15322891|1.8100165|9.586384
1509156419468|-0.46926352|1.8770541|9.643845
1509156419595|-0.4213795|1.9153614|8.925584
1509156419727|-0.34476504|1.9440918|9.461885
1509156419862|-0.4405331|2.030283|9.643845
1509156419991|-0.32561144|2.0015526|9.662998
1509156420123|-0.63206923|2.0207062|9.222465
1509156420255|-0.21068975|1.7046716|10.160992
1509156420387|-0.36391866|1.9057846|8.63828
1509156420522|-0.37349546|1.6280571|10.093954
1509156420652|-0.33518824|1.5897499|9.404425
1509156420784|-0.35434186|1.292869|9.959879
1509156420916|-0.095768064|1.388637|9.385271
1509156421050|-0.7374141|1.8770541|8.944737
1509156421180|-0.45968673|1.4939818|9.56723
1509156421313|-0.47884035|1.8004397|9.021352
1509156421443|-0.49799395|1.5705963|10.1226845
1509156421575|0.06703765|1.6663644|9.050082
1509156421709|-0.7182605|2.1547816|9.088389
1509156421843|-0.019153614|2.0494366|9.165004
1509156421973|-0.50757074|2.087744|9.816227
1509156422103|-0.79487497|1.9536686|10.879252
1509156422241|0.076614454|1.5705963|9.184157
1509156422370|-0.5746084|2.327164|8.149862
1509156422500|-0.33518824|2.183512|10.486604
1509156422633|0.06703765|1.5131354|9.634268
1509156422764|-1.1204864|2.384625|10.141838
1509156422896|0.19153613|1.8770541|8.590396
1509156423028|-0.29688102|1.9153614|10.429143
1509156423160|-0.36391866|2.2697031|8.839393
1509156423293|-0.16280572|2.0685902|9.260772
1509156423423|-0.20111294|2.1260512|9.356541
1509156423555|-0.009576807|1.9153614|9.251195
1509156423688|0.0|2.0494366|9.662998
1509156423819|0.23942018|1.7812861|10.151415
1509156423951|0.2873042|1.7046716|8.935161
1509156424083|-0.79487497|2.5570073|9.634268
1509156424216|0.2777274|2.1260512|9.624691
1509156424349|0.22984336|1.9728222|9.768343
1509156424480|-0.05746084|2.6048915|9.241618
1509156424612|0.05746084|2.336741|10.228029
1509156424744|-0.63206923|2.566584|8.6574335
1509156424875|-0.94810385|3.1507695|8.389283
1509156425008|-0.6799533|2.6240451|10.093954
1509156425140|-1.1204864|2.9400797|9.165004
1509156425278|-1.283292|3.323152|8.90643
1509156425406|-0.8810662|2.681506|10.0748005
1509156425536|-0.89064306|2.9113493|8.475474
1509156425669|-1.6280571|3.2848446|8.992621
1509156425799|-0.93852705|3.016694|8.149862
1509156425943|-0.9672575|2.9400797|8.628703
1509156426065|-1.733402|3.169923|9.80665
1509156426195|-0.45010993|2.5378537|9.892841
1509156426332|-0.641646|2.815581|8.590396
1509156426460|-1.0630256|2.882619|9.902418
1509156426591|-0.30645782|2.6144683|9.308656
1509156426723|-0.4309563|2.7485435|9.193734
1509156426855|-0.79487497|2.6527755|9.605537
1509156426987|0.02873042|2.6910827|8.580819
1509156427119|0.06703765|2.480393|9.854534
1509156427252|-0.6703765|2.7485435|9.548077
1509156427390|0.009576807|2.6144683|8.858546
1509156427516|-0.4213795|2.585738|10.084377
1509156427650|-0.02873042|2.4037786|9.423578
1509156427780|-0.08619126|2.566584|9.356541
1509156427912|0.18195933|2.4133554|9.414001
1509156428053|0.2777274|2.327164|9.375694
1509156428176|0.08619126|2.432509|9.423578
1509156428307|0.12449849|2.3558946|9.385271
1509156428439|0.009576807|2.4420857|9.356541
