1509425349119|63760
1509425350120|63762
1509425351118|63763
1509425352119|63765
1509425353119|63767
1509425354119|63769
1509425356119|63771
1509425357120|63772
1509425358130|63774
1509425359120|63776
1509425360125|63777
1509425361119|63779
1509425362121|63781
1509425363120|63783
1509425364121|63784
1509425365119|63786
1509425366120|63788
1509425367119|63790
1509425368119|63792
1509425369123|63793
1509425370132|63795
1509425371119|63797
1509425372120|63799
1509425373123|63800
1509425374121|63802
1509425375119|63804
1509425376129|63806
1509425377122|63807
1509425378120|63809
1509425379133|63811
1509425380119|63812
1509425381119|63814
1509425384122|63817
