1509581193407|-0.2043052|-1.0215261|0.43585113
1509581193540|-0.28602728|-0.91256326|0.040861044
1509581193673|-1.3620348|-0.8580819|-0.99428535
1509581193805|-2.4380422|-2.9828563|-1.648062
1509581193936|2.465283|-3.445948|0.38136974
1509581194068|4.167826|-2.9964767|3.1871612
1509581194201|0.83084124|-3.1735408|3.7319753
1509581194333|1.0079057|-2.941995|0.16344418
1509581194464|-0.3405087|-1.6753027|-1.1577295
1509581194597|-0.96704465|-0.8172208|0.5448139
1509581194728|-2.7649305|0.25878662|-1.5118586
1509581194860|-0.74911916|-1.1032481|1.4573771
1509581194992|-3.0918188|-0.29964766|-0.83084124
1509581195125|0.46309182|-0.8580819|-1.3211737
1509581195255|-2.4244218|-0.3949901|1.8932283
1509581195388|-1.56634|-0.19068487|-1.1304889
1509581195521|-3.1054392|0.08172209|-1.0760074
1509581195652|-0.44947144|-0.31326798|2.2609777
1509581195784|-1.3892754|-0.2043052|-1.4301364
1509581195916|-1.7297841|0.3405087|-0.6401563
1509581196048|0.29964766|-0.7763598|1.1032481
1509581196180|0.83084124|-0.013620348|0.43585113
1509581196313|0.8036005|0.0|-1.9340893
1509581196444|-1.0487667|1.5799603|-0.8172208
1509581196577|0.939804|0.6946377|-2.2064962
1509581196708|0.87170225|-0.068101734|1.4709975
1509581196841|-0.25878662|0.42223078|-0.040861044
1509581196973|0.92618364|-0.55843425|0.23154591
1509581197105|-0.8853226|0.8036005|0.4086104
1509581197238|0.7763598|0.32688835|0.027240695
1509581197369|0.46309182|0.50395286|-1.9885707
1509581197500|-0.7627395|-0.095342435|1.1713499
1509581197632|0.095342435|-1.2122109|0.8989429
1509581197764|0.35412902|-1.1985906|0.44947144
1509581197901|-0.12258312|-1.4709975|0.58567494
1509581198028|-0.7899802|-0.027240695|-0.7627395
1509581198161|1.2666924|-0.12258312|1.4709975
1509581198292|0.43585113|0.21792556|-0.96704465
1509581198425|-0.57205456|1.0896277|-0.47671217
1509581198556|0.8853226|0.6810174|-0.25878662
1509581198688|1.2394516|0.91256326|-1.5935806
1509581198820|0.44947144|0.6946377|-0.7763598
1509581198952|-0.23154591|-2.192876|2.6832085
1509581199084|0.95342433|-1.5118586|-0.53119355
1509581199217|0.95342433|-0.31326798|-0.62653595
1509581199349|0.05448139|0.8036005|0.095342435
1509581199480|0.83084124|-0.2043052|0.31326798
1509581199613|0.2043052|0.027240695|0.74911916
1509581199745|1.0215261|-0.32688835|-0.05448139
1509581199876|3.5821512|-0.7899802|-0.7763598
1509581200010|1.525479|-1.7978858|-3.323365
1509581200140|-3.1190596|-1.7297841|2.192876
1509581200272|-0.7763598|-2.9147542|-3.1599207
1509581200405|-1.4982383|-3.3097444|1.4165161
1509581200536|-1.8932283|-2.3699405|1.9477097
1509581200669|1.1304889|-1.9340893|0.4086104
1509581200800|1.2394516|-1.6208212|0.095342435
1509581200933|1.0351465|-1.4982383|-0.013620348
1509581201066|1.1849703|-1.4982383|0.068101734
1509581201197|1.2258313|-1.1849703|-0.32688835
1509581201329|0.4086104|-0.95342433|-0.08172209
1509581201461|0.8580819|-0.5992953|-0.08172209
1509581201592|0.43585113|-0.38136974|0.27240694
1509581201724|1.1168685|-0.36774936|0.23154591
1509581201857|0.36774936|-0.25878662|-0.19068487
1509581201991|0.25878662|-0.32688835|0.013620348
1509581202121|0.6946377|0.013620348|-0.6401563
1509581202252|-0.095342435|-0.08172209|0.027240695
1509581202385|0.14982383|-0.05448139|0.068101734
1509581202516|-0.05448139|-0.24516624|-0.50395286
1509581202649|0.61291564|-0.24516624|-1.1985906
1509581202781|-0.14982383|-0.10896278|-0.12258312
1509581202912|0.068101734|0.05448139|0.27240694
1509581203044|0.6810174|-0.10896278|0.19068487
1509581203177|-0.32688835|-0.25878662|0.5448139
1509581203308|-0.12258312|-0.25878662|-0.58567494
1509581203440|0.6946377|-0.095342435|-0.13620347
1509581203572|-0.10896278|0.027240695|0.8989429
1509581203704|-0.068101734|0.068101734|0.12258312
1509581203836|-0.16344418|-0.068101734|-0.068101734
1509581203968|0.12258312|0.19068487|0.47671217
1509581204101|0.6401563|-0.10896278|-0.7763598
1509581204232|-1.4028958|-0.095342435|0.23154591
1509581204364|0.31326798|-0.027240695|0.7354987
1509581204496|-0.29964766|0.10896278|0.32688835
1509581204628|-1.1032481|-0.08172209|0.36774936
1509581204761|0.62653595|0.23154591|0.24516624
1509581204900|-1.5527196|0.58567494|0.6946377
1509581205028|-3.8545582|-1.3211737|4.7126403
1509581205157|-0.3949901|1.56634|-1.0623871
1509581205289|0.36774936|2.9556153|-2.8738933
1509581205421|0.17706451|5.7750273|-5.1484914
1509581205552|0.5992953|5.3527966|-1.484618
1509581205684|-0.7899802|5.88399|-3.8545582
1509581205817|-0.61291564|5.734166|-4.7535014
1509581205948|0.29964766|3.6230123|0.14982383
1509581206081|0.3405087|3.214402|-2.73769
1509581206213|0.36774936|3.677494|-3.5821512
1509581206344|-0.53119355|1.9885707|0.0
1509581206476|0.55843425|2.465283|-1.3892754
1509581206609|1.1168685|1.0896277|-2.3018386
1509581206740|-0.21792556|1.0487667|-0.87170225
1509581206873|-2.002191|0.99428535|-1.0896277
1509581207004|0.92618364|0.28602728|0.51757324
1509581207136|-0.23154591|0.58567494|-0.83084124
1509581207268|-0.35412902|1.1032481|-3.9362803
1509581207401|0.61291564|0.095342435|-0.13620347
1509581207533|0.32688835|-1.0215261|1.0351465
1509581207664|-2.73769|0.2043052|-0.13620347
1509581207797|2.6832085|-1.2530719|-0.36774936
1509581207928|0.55843425|-1.1985906|-0.13620347
1509581208061|-1.0896277|-0.83084124|1.6344416
1509581208192|-0.21792556|-0.95342433|-0.8172208
1509581208325|-0.19068487|-0.58567494|0.16344418
1509581208456|-0.92618364|0.28602728|-0.44947144
1509581208589|-0.7763598|-0.24516624|1.4709975
1509581208720|0.6537767|0.36774936|-0.92618364
1509581208852|0.83084124|0.5448139|-2.5742457
1509581208984|-0.8172208|0.16344418|0.42223078
1509581209117|-0.28602728|0.3405087|-2.6423473
1509581209248|-0.47671217|-0.87170225|2.4925234
1509581209381|1.1032481|-0.6946377|-0.8036005
1509581209513|-1.7978858|0.095342435|0.5448139
1509581209644|3.4731886|-0.55843425|-1.2803127
1509581209777|2.6014864|-0.068101734|-2.6832085
1509581209908|-0.667397|0.7218784|0.0
1509581210040|0.92618364|-1.0215261|-1.4982383
1509581210172|-1.0079057|-0.667397|0.58567494
1509581210304|-0.7354987|-0.040861044|-1.1032481
1509581210436|-0.3405087|-0.98066497|1.7161638
1509581210568|-0.96704465|-0.53119355|0.53119355
1509581210700|-0.43585113|-1.7842655|1.5935806
1509581210832|-2.0294318|-0.6537767|0.98066497
1509581210964|0.12258312|-0.3405087|-0.51757324
1509581211096|-0.2043052|-1.0623871|0.43585113
1509581211229|-0.8172208|-0.13620347|-1.484618
1509581211361|-0.4086104|-0.2043052|0.61291564
1509581211493|-0.040861044|-0.12258312|1.0487667
1509581211625|1.5935806|-0.42223078|-1.648062
1509581211756|-0.3949901|-0.57205456|1.0351465
1509581211889|-0.35412902|0.98066497|-5.6252036
1509581212020|0.7627395|-1.7706451|4.031623
1509581212154|-0.8989429|-0.7218784|0.5992953
1509581212284|2.002191|-1.5799603|-1.2122109
1509581212416|-0.24516624|-2.1111538|2.6559677
1509581212547|0.12258312|-2.233737|1.7025435
1509581212680|-1.3075534|-1.4437568|-0.96704465
1509581212812|1.7025435|-1.7161638|2.9283745
1509581212944|-1.1168685|-0.3405087|-1.2530719
1509581213076|2.0566726|-2.083913|2.6968286
1509581213208|0.6946377|-0.61291564|-0.10896278
1509581213341|1.1985906|-1.3892754|1.8932283
1509581213472|0.49033248|-0.29964766|-0.43585113
1509581213604|0.87170225|0.32688835|-2.4789033
1509581213736|-0.36774936|-0.25878662|2.941995
1509581213869|0.6946377|0.61291564|-1.7025435
1509581214005|-0.2043052|0.95342433|-1.648062
1509581214133|-0.91256326|0.27240694|1.1849703
1509581214264|-0.16344418|1.1577295|-0.42223078
1509581214397|2.0294318|1.0215261|-3.486809
1509581214528|0.74911916|-0.13620347|2.083913
1509581214660|-1.6208212|0.8989429|-1.525479
1509581214793|0.23154591|0.4086104|0.8036005
1509581214924|2.2882183|-0.91256326|2.4380422
1509581215057|-0.19068487|-0.49033248|-2.0294318
1509581215189|-0.91256326|0.0|-0.5992953
1509581215321|-0.05448139|-1.3211737|4.3448906
1509581215461|2.6832085|-1.0079057|0.12258312
1509581215585|0.8172208|-0.7354987|-0.8036005
1509581215716|-0.43585113|-0.7354987|0.74911916
1509581215848|0.14982383|0.040861044|0.7218784
1509581215980|1.4982383|0.08172209|-1.5935806
1509581216113|-0.70825803|-0.667397|-0.7354987
1509581216246|-1.8115062|-0.6401563|-0.08172209
1509581216376|0.25878662|-1.1032481|-0.2043052
1509581216508|-1.4165161|0.10896278|-0.068101734
1509581216641|0.027240695|0.08172209|0.83084124
1509581216773|-0.17706451|0.55843425|-3.677494
1509581216905|-0.31326798|-0.5992953|1.9885707
1509581217036|0.27240694|-0.3405087|-1.4573771
1509581217169|0.027240695|-0.44947144|-0.21792556
1509581217300|-2.6968286|-0.10896278|1.2666924
1509581217432|-1.879608|0.040861044|-1.2258313
1509581217565|-1.6889231|0.24516624|-0.6810174
1509581217702|-0.7354987|-1.2530719|2.2745981
1509581217829|-2.1111538|-0.29964766|-1.8659877
1509581217961|-0.53119355|-0.27240694|-0.19068487
1509581218093|-0.36774936|-0.08172209|-2.8875136
1509581218224|-0.92618364|-0.939804|1.0623871
1509581218356|-1.4437568|-0.13620347|0.43585113
1509581218489|0.28602728|0.23154591|-1.2530719
1509581218620|-0.44947144|0.08172209|1.7434045
1509581218753|-0.23154591|0.3949901|-0.068101734
1509581218885|0.51757324|0.5992953|-2.8875136
1509581219017|0.44947144|0.29964766|1.1032481
1509581219149|0.21792556|0.8036005|-1.8251265
1509581219280|0.7627395|1.1849703|-1.2122109
1509581219412|-0.32688835|0.3949901|0.6946377
1509581219545|-0.027240695|0.27240694|-0.12258312
1509581219675|0.05448139|0.27240694|1.1304889
1509581219809|0.8036005|0.14982383|-3.718355
1509581219940|-0.50395286|-0.17706451|1.7025435
1509581220072|-0.99428535|0.3949901|-0.7354987
1509581220205|0.83084124|-0.7763598|-0.667397
1509581220339|-0.36774936|-1.0215261|2.8057916
1509581220469|-0.53119355|-0.35412902|-1.4301364
1509581220600|-0.36774936|0.095342435|0.7899802
1509581220732|0.70825803|-0.50395286|0.55843425
1509581220864|0.21792556|-0.28602728|-1.8523673
1509581220996|-1.4573771|-0.23154591|1.7978858
1509581221131|1.4301364|-1.0215261|-4.195067
1509581221260|-0.068101734|-1.8251265|2.901134
1509581221394|-0.8989429|-1.1304889|0.5992953
1509581221524|1.334794|-1.3620348|-1.0215261
1509581221656|-0.83084124|-0.8853226|1.5935806
1509581221789|0.05448139|-1.0760074|-0.3949901
1509581221920|-0.36774936|-2.383561|3.568531
1509581222052|-0.05448139|-0.7627395|-1.8251265
1509581222184|0.28602728|-0.7354987|-1.2803127
1509581222317|0.068101734|-0.32688835|1.2666924
1509581222449|1.375655|0.095342435|-2.5197642
1509581222581|-0.44947144|0.53119355|0.5992953
1509581222713|0.23154591|0.8172208|-0.53119355
1509581222844|1.4437568|0.38136974|-1.1304889
1509581222975|0.83084124|0.3405087|1.6616825
1509581223109|1.607201|0.36774936|-2.0158114
1509581223240|-0.17706451|0.013620348|2.3290794
1509581223373|1.1032481|0.4086104|-4.385752
1509581223504|0.667397|0.21792556|0.91256326
1509581223638|-0.095342435|0.57205456|0.3405087
1509581223769|1.0623871|0.040861044|1.4165161
1509581223900|1.1713499|0.013620348|0.8580819
1509581224033|0.51757324|0.17706451|-4.358511
1509581224165|0.0|-1.7161638|3.4595683
1509581224296|0.51757324|-0.92618364|-2.002191
1509581224429|-0.57205456|-0.27240694|-0.36774936
1509581224560|-0.44947144|-0.2043052|1.0623871
1509581224693|0.10896278|0.5448139|-4.276789
1509581224824|-0.42223078|-0.74911916|2.6832085
1509581224957|-1.3620348|0.23154591|-3.2552629
1509581225091|-1.56634|0.21792556|1.4573771
1509581225221|-0.939804|-0.49033248|0.62653595
1509581225353|-0.939804|0.19068487|-2.7921712
1509581225494|-0.7627395|0.31326798|0.6810174
1509581225616|0.36774936|0.36774936|-3.3369853
1509581225748|0.2043052|0.44947144|0.4086104
1509581225880|0.51757324|1.3211737|-1.1441091
1509581226013|0.96704465|1.56634|-1.5799603
1509581226144|0.32688835|1.607201|1.0760074
1509581226278|0.58567494|2.0430522|-2.1383946
1509581226409|0.8853226|1.8523673|-3.2280223
1509581226540|-0.013620348|0.62653595|1.3892754
1509581226672|0.47671217|1.3620348|-1.9749503
1509581226805|0.55843425|1.5527196|-0.10896278
1509581226937|0.57205456|1.6889231|-3.4323275
1509581227068|-0.19068487|0.58567494|1.3484143
1509581227200|0.12258312|0.8580819|-2.4108014
1509581227332|0.4086104|1.3075534|-1.4437568
1509581227465|1.0215261|1.1849703|-3.6366327
1509581227595|-0.50395286|0.6946377|1.4982383
1509581227729|-0.05448139|0.50395286|-2.6151068
1509581227860|0.10896278|0.38136974|-0.35412902
1509581227993|0.05448139|-0.013620348|-2.8875136
1509581228124|-0.25878662|-0.25878662|2.3426998
1509581228262|0.24516624|0.027240695|-0.70825803
1509581228388|-0.42223078|0.28602728|-0.040861044
1509581228521|-0.068101734|-0.28602728|-0.51757324
1509581228652|-0.32688835|0.43585113|-2.2609777
1509581228785|0.46309182|-0.040861044|0.53119355
1509581228916|-0.50395286|0.28602728|-2.587866
1509581229048|0.040861044|-0.6537767|1.9749503
1509581229181|-0.27240694|-0.095342435|-1.1577295
1509581229312|0.36774936|0.027240695|-1.293933
1509581229444|-0.7354987|-0.5992953|0.99428535
1509581229581|0.47671217|-0.35412902|-1.5527196
1509581229708|0.08172209|-0.27240694|2.0566726
1509581229845|-0.12258312|0.19068487|-2.6151068
1509581229972|0.2043052|-0.58567494|2.0430522
1509581230106|-0.35412902|-0.21792556|-0.939804
1509581230237|0.3405087|-0.7354987|1.4301364
1509581230368|-0.19068487|-0.92618364|1.8659877
1509581230513|0.10896278|-0.10896278|-0.8172208
1509581230634|0.040861044|-0.4086104|0.31326798
1509581230765|-0.17706451|-0.14982383|-2.3699405
1509581230896|0.21792556|-0.040861044|1.1713499
1509581231029|0.13620347|-0.36774936|-0.51757324
1509581231160|0.013620348|0.0|-0.25878662
1509581231293|-0.25878662|-0.43585113|0.38136974
1509581231425|0.2043052|0.027240695|-1.2666924
1509581231556|0.36774936|0.19068487|-0.38136974
1509581231691|0.43585113|0.47671217|-2.0294318
1509581231822|-0.027240695|-0.013620348|1.1985906
1509581231953|0.57205456|-0.13620347|-1.648062
1509581232086|0.19068487|0.0|0.10896278
1509581232216|0.027240695|-0.28602728|-0.14982383
1509581232349|0.013620348|0.13620347|0.29964766
1509581232480|-0.040861044|0.013620348|-0.16344418
1509581232613|0.43585113|-0.7354987|-1.879608
1509581232744|-0.6946377|-1.525479|0.7899802
1509581232877|-0.5992953|-3.677494|3.0918188
1509581233009|-1.4709975|-2.8875136|4.1814466
1509581233141|0.05448139|-3.010097|-0.2043052
1509581233276|-0.43585113|-2.7921712|0.49033248
1509581233405|-0.939804|-3.3778462|2.7785509
1509581233537|-0.5992953|-2.9828563|1.879608
1509581233668|0.14982383|-2.3699405|1.3892754
1509581233801|-0.7218784|-1.3075534|-0.13620347
1509581233934|0.013620348|-1.648062|0.095342435
1509581234065|-0.58567494|-1.6344416|3.1871612
1509581234197|-0.17706451|-1.0896277|-1.3892754
1509581234331|-0.62653595|-0.57205456|1.1304889
1509581234461|-0.068101734|-0.46309182|-1.525479
1509581234592|0.027240695|-0.95342433|0.10896278
1509581234724|-0.5992953|-0.10896278|2.1111538
1509581234856|-0.08172209|0.17706451|-2.7921712
1509581234988|-0.25878662|-0.61291564|0.3405087
1509581235122|-0.49033248|-0.6537767|-1.6616825
1509581235253|-0.51757324|-2.383561|4.154206
1509581235385|-0.84446156|-0.84446156|0.14982383
1509581235529|-0.6946377|-0.35412902|-1.4709975
1509581235648|-0.5992953|-0.3949901|0.3405087
1509581235780|0.095342435|0.05448139|-3.2552629
1509581235914|-0.32688835|0.21792556|-0.013620348
1509581236044|-0.47671217|-0.14982383|-0.13620347
1509581236177|1.5118586|-0.28602728|-2.7785509
1509581236311|-1.0623871|-0.62653595|2.7921712
1509581236441|-0.13620347|0.38136974|-2.9147542
1509581236572|-1.4573771|-0.51757324|3.1735408
1509581236705|-0.8036005|-0.013620348|-4.535576
1509581236837|-1.8523673|0.42223078|-2.5742457
1509581236968|2.5606253|-0.040861044|2.5742457
1509581237100|1.1441091|-0.62653595|1.56634
1509581237232|-0.13620347|-0.17706451|-0.14982383
1509581237364|-0.040861044|-0.2043052|-1.0896277
1509581237496|-0.46309182|-1.2122109|2.3699405
1509581237629|0.14982383|-0.53119355|-3.1599207
1509581237763|0.040861044|-0.42223078|2.192876
1509581237892|-0.21792556|-0.8853226|0.58567494
1509581238025|0.3949901|-1.3075534|0.27240694
1509581238157|0.83084124|-0.83084124|-1.8523673
1509581238288|0.08172209|-0.8580819|-0.10896278
1509581238420|0.62653595|-0.36774936|-0.7218784
1509581238554|0.83084124|-0.3949901|-0.068101734
1509581238683|0.46309182|-1.1032481|2.5197642
1509581238817|0.87170225|-0.74911916|0.49033248
1509581238948|0.08172209|-0.3949901|-1.2530719
1509581239082|-0.05448139|-1.0760074|0.13620347
1509581239214|0.5448139|0.23154591|-1.7161638
1509581239345|0.70825803|-0.095342435|1.3075534
1509581239476|0.3405087|0.040861044|1.5799603
1509581239610|0.095342435|-0.040861044|-1.293933
1509581239740|0.74911916|-0.47671217|0.5992953
1509581239874|0.62653595|-0.08172209|-1.648062
1509581240006|0.7627395|-0.29964766|-0.74911916
1509581240136|-0.12258312|0.068101734|-0.14982383
1509581240269|0.25878662|-0.10896278|0.3949901
1509581240400|-0.2043052|-0.38136974|1.4437568
1509581240543|0.14982383|-0.12258312|-1.4028958
1509581240664|0.05448139|-0.7218784|1.2122109
1509581240795|0.10896278|0.16344418|-1.879608
1509581240927|0.13620347|-0.58567494|1.4301364
1509581241062|0.068101734|0.31326798|-1.1441091
1509581241193|-0.3405087|-0.08172209|-0.7627395
1509581241325|-0.53119355|-0.35412902|1.2530719
1509581241456|-0.4086104|0.42223078|-3.1599207
1509581241590|0.040861044|-0.74911916|1.7434045
1509581241724|-0.6946377|0.28602728|-1.293933
1509581241853|-0.36774936|-0.27240694|1.4982383
1509581241984|0.12258312|0.25878662|-2.2201166
1509581242117|-0.28602728|-0.13620347|1.4028958
1509581242248|-0.7218784|0.23154591|1.3211737
1509581242381|-0.49033248|0.25878662|-1.8523673
1509581242512|0.05448139|-0.2043052|0.32688835
1509581242645|0.36774936|0.2043052|-2.6151068
1509581242779|0.13620347|-0.05448139|1.0215261
1509581242909|-0.2043052|0.29964766|0.58567494
1509581243046|0.42223078|0.13620347|0.12258312
1509581243172|-0.14982383|0.19068487|1.0079057
1509581243305|-0.17706451|0.38136974|-2.070293
1509581243436|0.013620348|-0.19068487|1.0079057
1509581243569|0.62653595|-0.31326798|1.3484143
1509581243700|0.05448139|-0.095342435|-0.667397
1509581243832|0.23154591|-0.43585113|1.1985906
1509581243965|1.1849703|-0.027240695|-4.426613
1509581244101|0.0|-0.55843425|1.920469
1509581244229|0.13620347|0.32688835|-0.6401563
1509581244361|0.23154591|0.49033248|-1.1032481
1509581244492|-0.068101734|-0.17706451|1.8115062
1509581244625|0.6537767|0.28602728|-1.1032481
1509581244756|-0.21792556|0.6537767|0.05448139
1509581244890|-0.068101734|0.38136974|-0.70825803
1509581245021|0.31326798|0.32688835|-2.2473574
1509581245153|-0.7354987|0.23154591|1.7025435
1509581245285|0.3405087|0.19068487|-0.47671217
1509581245417|-0.040861044|1.1577295|0.0
1509581245561|0.5448139|1.9885707|-1.1441091
1509581245680|0.4086104|1.9340893|0.095342435
1509581245812|0.12258312|1.9885707|0.50395286
1509581245945|0.6810174|2.165635|-2.2201166
1509581246076|0.84446156|2.1111538|0.5448139
1509581246209|0.7763598|2.315459|-3.5957716
1509581246340|0.49033248|1.7842655|-0.08172209
1509581246474|0.92618364|2.0294318|-1.1441091
1509581246605|0.99428535|2.1792555|-0.6401563
1509581246738|0.10896278|1.7161638|-0.84446156
1509581246869|0.17706451|1.1849703|-1.9068487
1509581247001|0.6401563|0.42223078|0.19068487
1509581247133|0.8036005|0.5992953|-2.8738933
1509581247265|0.7627395|0.013620348|1.375655
1509581247396|0.43585113|0.19068487|-1.2394516
1509581247529|-0.013620348|-0.28602728|-0.7627395
1509581247661|-0.44947144|-1.0623871|1.9068487
1509581247793|-0.013620348|-1.1441091|-2.083913
1509581247925|-0.068101734|-1.879608|2.5197642
1509581248057|-0.5448139|-1.8251265|1.3211737
1509581248189|0.23154591|-1.7025435|-1.0896277
1509581248322|-1.2666924|-2.3971813|3.3914666
1509581248452|-0.31326798|-2.0294318|-1.3892754
1509581248585|0.17706451|-1.5935806|0.17706451
1509581248715|-0.58567494|-1.1032481|1.2258313
1509581248849|-0.095342435|-1.7025435|1.4709975
1509581248980|-0.31326798|-1.0896277|0.84446156
1509581249114|0.013620348|-0.7218784|-1.1441091
1509581249244|-0.16344418|-0.91256326|1.2803127
1509581249377|-0.25878662|-0.62653595|0.92618364
1509581249509|0.040861044|-0.31326798|-0.939804
1509581249642|-0.43585113|-0.28602728|1.0623871
1509581249773|0.21792556|-0.13620347|-1.9749503
1509581249905|0.027240695|-0.32688835|0.29964766
1509581250036|-0.46309182|-0.46309182|1.2666924
1509581250169|0.095342435|-0.29964766|-1.9613299
1509581250300|-0.6401563|-0.667397|2.0158114
1509581250432|1.0215261|-0.6537767|-0.46309182
1509581250565|-0.040861044|-1.0079057|1.879608
1509581250697|-0.57205456|-0.8172208|-1.1304889
1509581250840|-1.1713499|-0.7218784|-1.4028958
1509581250961|-0.31326798|-0.62653595|1.0623871
1509581251092|1.1304889|-1.6753027|0.7763598
1509581251225|-1.2122109|-0.32688835|-0.58567494
1509581251356|-0.19068487|-0.51757324|0.35412902
1509581251488|-0.61291564|-0.29964766|1.0215261
1509581251621|0.05448139|-0.4086104|-0.939804
1509581251753|-0.28602728|-0.2043052|0.13620347
1509581251884|-0.4086104|-0.095342435|0.8172208
1509581252016|-0.21792556|-0.24516624|0.43585113
1509581252147|-0.38136974|-0.3405087|0.91256326
1509581252281|-0.55843425|-0.08172209|-1.5118586
1509581252412|-0.27240694|-0.42223078|0.99428535
1509581252545|-0.29964766|-0.44947144|2.2473574
1509581252676|-0.13620347|0.21792556|-2.070293
1509581252808|-0.4086104|0.08172209|0.8172208
1509581252939|-0.23154591|0.13620347|0.51757324
1509581253072|0.2043052|0.040861044|-1.334794
1509581253204|-0.14982383|-0.28602728|0.57205456
1509581253338|-0.013620348|-0.05448139|-0.8036005
1509581253468|-0.16344418|-0.24516624|-0.27240694
1509581253605|-0.25878662|-0.38136974|1.2394516
1509581253733|0.50395286|-0.29964766|-1.2803127
1509581253864|0.2043052|-0.38136974|-0.13620347
1509581253996|-0.51757324|-0.25878662|1.2258313
1509581254129|0.74911916|0.05448139|-2.4108014
1509581254261|0.24516624|0.14982383|1.4982383
1509581254393|0.53119355|0.55843425|0.24516624
1509581254528|0.92618364|0.8853226|-1.2394516
1509581254658|-0.068101734|0.50395286|2.165635
1509581254788|0.32688835|1.1849703|-0.7899802
1509581254921|0.7899802|0.7627395|-0.3949901
1509581255052|0.23154591|0.667397|1.2394516
1509581255185|0.51757324|0.8580819|-1.879608
1509581255316|0.49033248|0.92618364|0.36774936
1509581255449|0.43585113|0.83084124|-1.920469
1509581255581|0.87170225|-0.027240695|1.3075534
1509581255717|0.44947144|0.57205456|-1.9068487
1509581255856|0.29964766|-0.095342435|1.2258313
1509581255977|-0.13620347|0.32688835|0.19068487
1509581256109|0.28602728|0.068101734|-1.0079057
1509581256245|-0.53119355|-0.43585113|2.547005
1509581256374|0.25878662|0.24516624|-2.7104492
1509581256505|-0.12258312|0.62653595|-1.9613299
1509581256636|-0.43585113|0.31326798|1.6344416
1509581256769|0.8580819|0.23154591|-1.7570248
1509581256900|0.32688835|1.0079057|-1.2258313
1509581257034|-0.6946377|-0.47671217|-1.525479
1509581257165|-1.4028958|-1.1441091|2.6559677
1509581257297|-0.013620348|-0.4086104|-0.99428535
1509581257428|-0.7627395|-0.3405087|0.51757324
1509581257560|0.19068487|-0.29964766|-0.50395286
1509581257692|0.57205456|-0.10896278|-0.51757324
1509581257825|0.040861044|0.36774936|-1.1032481
1509581257957|-0.05448139|0.13620347|0.50395286
1509581258089|0.8853226|0.14982383|-0.5448139
1509581258220|2.7649305|-0.31326798|-0.10896278
1509581258353|1.4028958|0.50395286|-0.3949901
1509581258484|1.5935806|0.6810174|-0.44947144
1509581258616|1.1577295|1.0760074|-0.55843425
1509581258747|0.8989429|1.525479|-0.87170225
