1509580494406|-3.2752678|1.5227122|8.542512
1509580494487|-2.8060043|1.7046716|9.184157
1509580494619|-2.4133554|2.0111294|9.155427
1509580494751|-2.183512|1.5035586|9.787497
1509580494883|-1.6950948|1.2545617|7.9966335
1509580495015|-0.08619126|2.873042|9.433155
1509580495148|2.777274|1.6759412|5.899313
1509580495280|-2.3175871|-0.31603462|13.22557
1509580495412|-5.631162|1.9632454|9.988609
1509580495549|-6.2249246|2.8634653|8.580819
1509580495675|-4.3766007|2.4899697|7.728483
1509580495807|-6.042965|3.0262709|8.532935
1509580495939|-5.3725886|2.5091233|5.171476
1509580496071|-4.6255975|2.432509|6.1387334
1509580496203|-5.3725886|3.1124623|8.7532015
1509580496335|-5.45878|3.667917|7.249643
1509580496467|-6.042965|2.633622|8.571242
1509580496602|-2.030283|3.3327289|8.973468
1509580496731|-3.2273839|3.6583402|6.9144545
1509580496863|-4.9416323|5.410896|8.66701
1509580496995|-3.5625722|6.445191|8.561666
1509580497130|-5.0182467|5.841852|6.244078
1509580497259|-2.1547816|4.3287168|6.895301
1509580497392|-1.0630256|4.4436383|8.034941
1509580497523|-3.0933087|5.3247046|5.2385135
1509580497655|-2.4708161|6.8665705|5.00867
1509580497787|-1.7046716|6.339846|6.8665705
1509580497919|-1.0055647|6.789956|8.197746
1509580498051|-1.4077905|5.631162|7.1826053
1509580498183|-0.1436521|4.711789|6.6846113
1509580498315|-0.08619126|5.66947|6.196194
1509580498448|-1.2066777|5.9280434|7.431602
1509580498582|-1.1204864|6.5696893|8.418014
1509580498711|-3.4093432|6.83784|7.73806
1509580498850|-5.9759274|4.8745947|8.896853
1509580498975|-3.2465374|4.4244847|6.38773
1509580499107|-1.8004397|4.855441|6.215348
1509580499239|-3.4955344|5.813122|6.129156
1509580499371|-2.8060043|6.397307|8.197746
1509580499503|-2.4612393|6.7612257|7.3549876
1509580499635|-1.8004397|4.8841715|5.439626
1509580499767|-1.2737153|5.583278|7.2687964
1509580499899|-1.934515|6.6175733|6.033388
1509580500035|-1.4269443|7.3645644|8.197746
1509580500162|-1.8866309|5.899313|8.887277
1509580500295|-2.183512|4.453215|5.2385135
1509580500430|-1.4939818|5.401319|8.39886
1509580500559|-0.82360536|6.2249246|7.2783732
1509580500691|-0.6895301|6.943185|7.1155677
1509580500823|-0.6799533|4.9224787|6.9623384
1509580500956|-0.90979666|5.66947|7.2304893
1509580501087|-1.0342951|6.1195793|8.00621
1509580501219|-2.3175871|6.397307|7.249643
1509580501352|-3.4093432|3.964798|9.998186
1509580501483|-0.6799533|5.133168|6.3781533
1509580501615|-3.5817258|5.257667|6.703765
1509580501750|-2.9017725|4.9703627|8.791509
1509580501879|-3.1411927|4.4915223|7.5465236
1509580502016|-2.8921957|4.012682|6.1004257
1509580502145|-2.7868507|4.453215|8.293514
1509580502280|-3.715801|7.144298|5.631162
1509580502410|-6.1387334|5.2768207|10.237606
1509580502539|-3.6774938|4.050989|7.029376
1509580502670|-2.4995465|3.667917|5.813122
1509580502803|-4.003105|4.8362875|7.517793
1509580502935|-1.6089035|6.540959|9.643845
1509580503067|-1.5610195|4.4915223|6.7612257
1509580503199|-2.3463178|4.7788267|6.435614
1509580503331|-1.0055647|4.663905|5.315128
1509580503462|-4.2425256|6.291962|9.634268
1509580503599|-3.122039|5.3438582|10.0269165
1509580503728|1.1779473|3.964798|6.033388
1509580503859|-2.9113493|4.9895163|6.493075
1509580503990|-1.6184803|5.6407394|8.465898
1509580504123|-0.37349546|4.510676|8.552089
1509580504255|-2.6623523|3.6870706|6.3111157
1509580504387|-2.5570073|4.9799395|7.575254
1509580504519|-3.7541082|5.9280434|10.0269165
1509580504651|-3.5817258|5.765238|10.802638
1509580504783|-1.7046716|3.6966474|8.283937
1509580504918|-0.2777274|4.175488|6.7708025
1509580505047|-1.5227122|4.855441|7.6710224
1509580505179|-1.9632454|4.5394063|7.4986396
1509580505315|-2.6623523|4.9224787|6.7229185
1509580505451|-3.371036|5.5641246|7.4124484
1509580505575|-3.8307228|6.6367273|6.7708025
1509580505707|-4.462792|6.588843|6.8761473
1509580505839|-3.6583402|3.41892|8.1881695
1509580505971|-1.9249382|3.86903|6.0716953
1509580506105|-3.9264908|5.161899|7.2209125
1509580506235|-2.8921957|5.2863975|10.055647
1509580506367|1.1204864|4.7788267|7.747637
1509580506499|-3.2273839|4.462792|5.851429
1509580506631|-2.920926|6.081272|8.90643
1509580506763|-2.6719291|6.167464|9.557653
1509580506899|-3.083732|3.064578|7.2113357
1509580507027|-1.4748282|4.5394063|6.0238113
1509580507165|-3.4284968|3.6966474|9.586384
1509580507291|-0.41180268|5.6120086|8.437167
1509580507423|-2.6527755|4.2904096|5.6215854
1509580507555|-3.2465374|5.2863975|5.363012
1509580507687|-4.271256|5.1523223|10.486604
1509580507819|-4.759673|4.9416323|7.728483
1509580507950|-1.484405|3.217807|8.714894
1509580508082|-3.1316159|3.4380736|7.192182
1509580508217|-3.821146|4.951209|6.9240313
1509580508347|-4.673482|3.6487634|10.745177
1509580508480|-2.7868507|3.6008794|6.7229185
1509580508611|-2.480393|5.0374002|6.14831
1509580508748|-5.094861|6.1387334|6.9048777
1509580508886|-4.2999864|4.2521024|9.356541
1509580509008|-1.8100165|2.72939|8.111555
1509580509139|-2.27928|4.156334|6.9527617
1509580509271|-4.3287168|4.8458643|8.925584
1509580509403|-3.0454245|4.951209|9.203311
1509580509535|-3.1507695|3.3901896|6.1770406
1509580509667|-1.8866309|4.7788267|9.3661175
1509580509803|-3.5051112|6.301539|8.887277
1509580509931|-2.7868507|4.31914|8.935161
1509580510063|-2.7389667|2.4516625|6.83784
1509580510200|-2.2409728|3.5913026|9.653421
1509580510334|-2.1452048|5.48751|9.14585
1509580510459|-2.231396|4.2904096|7.4507556
1509580510592|-1.7525556|3.6966474|6.694188
1509580510723|-1.0342951|5.401319|7.374141
1509580510855|-3.0933087|6.7612257|8.619126
1509580510990|-3.6008794|3.6008794|8.054094
1509580511119|-0.34476504|2.719813|7.297527
1509580511252|-0.31603462|4.1659107|8.90643
1509580511383|-0.37349546|5.1906295|10.371682
1509580511516|-1.5610195|3.4859576|7.0964136
1509580511647|-1.484405|4.8458643|7.6135616
1509580511779|-1.8483237|5.592855|9.11712
1509580511911|-3.667917|5.554548|10.333375
1509580512043|-2.566584|3.6966474|6.1100025
1509580512176|-1.0247183|3.9743748|6.2345014
1509580512308|-2.4708161|4.060566|9.165004
1509580512484|-1.0342951|5.046977|9.854534
1509580512571|-2.030283|4.1946416|5.93762
1509580512703|-2.8060043|4.7500963|6.847417
1509580512835|-1.7717092|4.912902|8.762778
1509580512917|-3.466804|4.673482|12.143391
1509580513033|-2.432509|3.265691|10.486604
1509580513165|-0.7757214|3.2369606|5.0661306
1509580513297|-0.91937345|4.8458643|7.9391727
1509580513434|-1.532289|3.5817258|12.382812
1509580513561|-0.90979666|2.834735|8.37013
1509580513693|-2.4516625|4.10845|5.085284
1509580513826|-1.1300632|5.056554|7.785944
1509580513957|-3.6583402|3.7253778|11.291056
1509580514089|-1.2545617|2.6623523|9.758766
1509580514221|-0.7661445|2.3080103|7.4507556
1509580514353|-2.3175871|3.1890767|9.557653
1509580514485|1.340753|4.1946416|10.764331
1509580514617|-0.40222588|2.2505496|9.107543
1509580514749|-1.6376339|3.217807|8.0445175
1509580514881|-2.1547816|5.7269306|6.4643445
1509580515017|-2.72939|6.0525417|8.255207
1509580515148|-2.327164|2.231396|9.854534
1509580515280|-0.4213795|2.4708161|6.799533
1509580515420|-1.8483237|4.31914|7.2592196
1509580515541|-1.1779473|4.3957543|11.386824
1509580515673|-0.45010993|3.9073372|7.728483
1509580515805|-0.9959879|2.8060043|7.431602
1509580515937|0.7661445|4.903325|8.2169
1509580516069|-2.9017725|5.8226986|9.883265
1509580516202|-3.064578|2.8538885|10.907983
1509580516333|0.038307227|2.3175871|5.305551
1509580516467|-2.5091233|1.8291701|10.419566
1509580516597|-0.45968673|4.271256|12.133814
1509580516740|-1.1683705|4.414908|6.445191
1509580516861|-2.27928|4.0892963|5.650316
1509580516999|-1.5035586|5.00867|7.8050976
1509580517125|-3.7541082|5.803545|10.371682
1509580517257|-1.982399|4.1276035|7.7189064
1509580517389|-1.5227122|2.7964275|5.305551
1509580517521|-2.9592333|4.3957543|7.52737
1509580517653|-2.327164|4.510676|12.765883
1509580517785|-1.6663644|3.2465374|7.843405
1509580517917|-1.1300632|4.4340615|4.9703627
1509580518049|-3.3806129|4.8937483|7.9391727
1509580518181|-3.1411927|6.799533|9.500193
1509580518314|-3.5242648|3.169923|8.236053
1509580518450|-1.0726024|2.566584|7.7667904
1509580518580|-3.1794999|4.261679|5.765238
1509580518709|-2.087744|5.094861|10.28549
1509580518841|-1.6184803|3.1028855|8.293514
1509580518973|-2.1739352|3.5913026|6.14831
1509580519105|-3.1028855|6.205771|5.851429
1509580519238|-5.1906295|5.93762|9.251195
1509580519369|-2.5570073|3.620033|8.169016
1509580519502|-0.842759|3.1603463|5.506664
1509580519633|-1.7908629|4.8362875|8.724471
1509580519765|-3.6391866|4.7979803|9.5385
1509580519897|-0.51714754|3.8594532|7.833828
1509580520030|-4.673482|2.930503|7.747637
1509580520161|-2.3558946|6.2823853|8.39886
1509580520294|-4.654328|6.2345014|7.651869
1509580520425|-4.8937483|3.8594532|8.197746
1509580520557|-4.10845|2.8060043|6.5122285
1509580520689|-3.2848446|4.548983|8.446744
1509580520820|-4.4436383|5.3725886|7.383718
1509580520952|-5.2385135|2.873042|5.5258174
1509580521085|-3.4955344|2.2697031|7.690176
1509580521217|-1.6567876|5.5737014|8.2169
1509580521349|-4.3382936|6.540959|6.9240313
1509580521482|-5.3438582|3.41892|9.232041
1509580521613|-0.7469909|3.41892|5.8801594
1509580521746|-3.2848446|3.8977604|9.500193
1509580521880|-1.1109096|4.7884035|10.965444
1509580522014|-1.13964|4.405331|3.6774938
1509580522145|-3.4380736|3.7445314|6.291962
1509580522273|-3.8402996|5.0278234|9.500193
1509580522405|-4.606444|6.215348|11.923124
1509580522537|-1.4077905|3.083732|8.810662
1509580522669|0.38307226|3.2944214|6.703765
1509580522801|-0.63206923|5.161899|8.236053
1509580522933|-0.12449849|4.7979803|9.375694
1509580523065|0.6895301|3.4380736|8.6574335
1509580523197|-0.59376204|4.4436383|6.3111157
1509580523329|0.21068975|5.497087|7.9104424
1509580523464|-0.02873042|6.157887|9.864111
1509580523594|-0.038307227|4.76925|9.519346
1509580523728|-0.17238252|4.0701427|5.861006
1509580523859|0.33518824|4.4723687|7.680599
1509580523989|-1.0630256|5.4204726|9.059659
1509580524121|-2.5091233|4.156334|8.0445175
1509580524253|-1.733402|3.6583402|6.588843
1509580524385|-0.8619126|4.8458643|9.241618
1509580524517|-3.016694|5.650316|8.820239
1509580524649|-4.5681367|3.6487634|8.647857
1509580524781|-3.4093432|2.4133554|5.717354
1509580524913|-2.6623523|2.777274|11.176133
1509580525046|0.6799533|4.5872903|10.093954
1509580525180|-2.4133554|3.1124623|6.8569937
1509580525318|-2.0207062|4.060566|6.2249246
1509580525441|-1.0151415|5.0278234|8.7532015
1509580525575|-1.9440918|5.3725886|10.43872
1509580525705|-1.0342951|3.7924154|9.174581
1509580525837|-2.135628|3.0262709|6.244078
1509580525969|-0.6703765|4.3382936|7.73806
1509580526101|1.8483237|4.6926355|9.883265
1509580526233|0.6703765|3.5625722|9.605537
1509580526365|-1.1013328|3.1316159|7.575254
1509580526497|-2.0111294|4.644751|7.9966335
1509580526629|-0.45968673|5.449203|9.691729
1509580526767|-1.3982137|3.8019924|10.0748005
1509580526892|1.3694834|2.7102363|8.178593
1509580527024|-3.7924154|3.2273839|7.9870567
1509580527157|-1.7621324|4.1276035|8.935161
1509580527289|0.7469909|3.8307228|10.400413
1509580527421|0.076614454|2.834735|6.129156
1509580527553|-2.0973208|3.5625722|8.599973
1509580527685|-1.7908629|5.2768207|9.107543
1509580527817|-0.18195933|4.4819455|8.542512
1509580527949|-0.9672575|2.1739352|9.959879
1509580528081|-2.1164744|2.8538885|8.686164
1509580528216|-1.733402|4.6830587|8.66701
1509580528345|-3.1986535|3.8307228|9.3182335
1509580528480|-0.5746084|2.528277|8.523358
1509580528610|0.02873042|4.2425256|7.967903
1509580528741|-1.6376339|5.7269306|7.8912888
1509580528873|-2.4899697|3.3423057|9.490616
1509580529005|-0.31603462|2.5091233|6.5984197
1509580529137|-1.1779473|3.0454245|8.791509
1509580529270|-0.25857377|3.4763808|11.137826
1509580529401|-2.0973208|2.9496565|9.682152
1509580529534|-0.5554548|3.4093432|4.7022123
1509580529665|-1.043872|3.0358477|11.463438
1509580529797|-0.80445176|4.5394063|10.6398325
1509580529930|-1.5705963|3.7062242|7.9008656
1509580530070|-0.5554548|2.6144683|7.2113357
1509580530194|0.47884035|3.9073372|8.034941
1509580530325|0.48841715|4.4340615|10.208876
1509580530458|-0.47884035|3.8786068|10.448297
1509580530589|-1.9728222|3.7732618|6.033388
1509580530721|-0.36391866|5.1235914|7.0102224
1509580530852|-0.32561144|5.5737014|10.180145
1509580530984|-1.8195933|3.8977604|11.147403
1509580531116|-1.2641385|3.2465374|5.1140146
1509580531248|-0.8331822|4.0701427|7.3071036
1509580531381|-1.4748282|4.3766007|11.271901
1509580531513|-0.22984336|3.86903|8.532935
1509580531645|-2.7006595|3.7828386|5.094861
1509580531777|-1.9057846|4.807557|8.465898
1509580531915|-0.51714754|6.1004257|8.149862
1509580532041|0.41180268|4.309563|8.341399
1509580532175|-2.27928|2.3942018|6.9144545
1509580532305|-2.4133554|3.6774938|7.5944076
1509580532437|0.18195933|4.3287168|10.25676
1509580532569|1.2641385|3.4284968|10.879252
1509580532701|-0.9864111|2.4229321|7.469909
1509580532833|-2.0494366|4.0892963|8.523358
1509580532965|-1.5610195|6.0046577|8.7532015
1509580533097|-1.5227122|2.72939|11.520899
1509580533229|-0.30645782|1.6184803|7.240066
1509580533366|-1.8291701|2.7581203|7.3645644
1509580533493|-1.8483237|3.9935284|9.892841
1509580533628|-1.6567876|3.4859576|10.783484
1509580533757|0.8523358|2.432509|7.824251
1509580533889|-2.4708161|3.466804|7.422025
1509580534021|-3.083732|4.5394063|8.437167
1509580534153|-4.0414124|4.817134|9.816227
1509580534286|-2.681506|1.4077905|10.5440645
1509580534417|-1.1300632|1.0247183|7.4603324
1509580534549|-4.357447|2.2505496|8.1881695
1509580534681|-0.91937345|4.0222588|9.509769
1509580534817|-1.7238252|3.0550013|13.129802
1509580534945|-1.934515|2.7389667|7.489063
1509580535080|-3.9935284|3.1124623|8.025364
1509580535209|-3.7828386|3.9073372|8.207323
1509580535341|-2.7581203|3.821146|11.645397
1509580535475|-1.0151415|2.834735|9.32781
1509580535605|-2.6910827|1.7046716|6.3302693
1509580535737|-3.6870706|2.0685902|8.446744
1509580535869|0.4213795|3.0262709|11.051635
1509580536001|3.265691|3.4093432|8.686164
1509580536133|-2.7581203|3.0358477|7.422025
1509580536265|-3.514688|3.217807|9.002198
1509580536397|-2.8921957|4.951209|9.710882
1509580536529|-5.9759274|4.2425256|11.3964
1509580536661|-0.80445176|1.8483237|8.743625
1509580536794|-0.076614454|1.436521|6.799533
1509580536928|0.1340753|2.767697|8.714894
1509580537057|-0.29688102|3.916914|11.252748
1509580537189|0.33518824|2.9783869|9.308656
1509580537321|-1.7908629|3.1028855|6.9240313
1509580537453|-2.2122424|4.003105|9.414001
1509580537585|-2.5953147|4.10845|12.938266
1509580537717|-1.4939818|1.3024458|9.662998
1509580537849|-0.37349546|0.90979666|8.599973
1509580537981|-1.9632454|2.8060043|8.034941
1509580538113|-2.7006595|3.1411927|11.57836
1509580538245|-0.7469909|3.1124623|7.881712
1509580538379|-1.9632454|2.4899697|7.1347213
1509580538509|-1.6472107|4.596867|9.193734
1509580538641|-2.96881|6.445191|7.795521
1509580538773|-2.4899697|3.466804|8.992621
1509580538905|-0.11492168|1.3311762|8.178593
1509580539037|-0.22026655|3.064578|8.868123
1509580539169|-0.50757074|3.3806129|11.530476
1509580539301|-1.13964|2.4229321|7.1059904
1509580539433|-1.2162545|2.7581203|7.5082164
1509580539567|-1.982399|4.673482|9.519346
1509580539697|-2.7485435|4.8841715|11.511322
1509580539829|-3.0933087|3.466804|9.308656
1509580539961|-1.4269443|2.7102363|5.544971
1509580540100|-2.5570073|2.825158|9.136273
1509580540225|-0.2681506|4.3478703|10.6877165
1509580540357|-1.2066777|4.0222588|7.4507556
1509580540489|-2.930503|2.8634653|7.2304893
1509580540621|-1.1683705|4.5298295|6.991069
1509580540753|-2.183512|4.453215|10.955867
1509580540885|-3.4284968|4.4436383|11.434708
1509580541017|-1.7525556|2.3942018|6.081272
1509580541150|-0.641646|2.5378537|6.397307
1509580541281|-1.091756|2.7485435|10.065224
1509580541413|1.2258313|3.8307228|11.089942
1509580541545|-1.8866309|2.9783869|6.789956
1509580541677|-2.231396|2.96881|7.3549876
1509580541815|1.0821792|5.0182467|8.734048
1509580541941|-2.135628|4.0222588|11.243171
1509580542074|0.30645782|2.4708161|10.630256
1509580542205|-0.34476504|2.6719291|6.5984197
1509580542337|-0.47884035|3.86903|8.1402855
1509580542469|-1.2066777|1.982399|12.98615
1509580542601|0.5554548|1.9728222|8.159439
1509580542738|-2.6048915|2.336741|6.7803793
1509580542865|-1.4077905|4.855441|9.634268
1509580542997|-2.7581203|4.9416323|10.783484
1509580543129|-0.06703765|2.2122424|10.25676
1509580543261|-0.15322891|2.0015526|7.249643
1509580543399|-2.2601264|3.4380736|8.37013
1509580543525|-1.541866|3.3901896|11.549629
1509580543658|-0.18195933|2.2026656|7.431602
1509580543789|0.19153613|2.8921957|8.63828
1509580543921|-1.2449849|4.5872903|9.394848
1509580544053|-1.7238252|5.1810527|8.714894
1509580544185|-1.5035586|2.528277|9.56723
1509580544317|0.40222588|1.2066777|8.983045
1509580544449|0.33518824|3.0454245|8.686164
1509580544581|-1.1300632|3.1124623|10.726024
1509580544713|0.019153614|2.7389667|7.881712
1509580544845|1.0534488|2.6719291|6.531382
1509580544979|0.59376204|4.55856|9.3182335
1509580545110|0.8331822|4.9224787|11.166556
1509580545241|0.17238252|3.3806129|9.088389
1509580545375|1.3120226|2.2888567|6.4643445
1509580545505|0.51714754|2.5761611|8.810662
1509580545637|2.27928|3.265691|12.105083
1509580545769|0.34476504|2.1260512|7.249643
1509580545901|-1.5897499|2.5378537|6.7612257
1509580546038|-0.16280572|3.620033|7.603985
1509580546165|-1.9440918|3.1316159|13.9917145
1509580546297|-0.545878|2.7485435|11.166556
1509580546429|-0.8810662|1.4173675|6.3589997
1509580546560|-0.15322891|2.2697031|7.9008656
1509580546693|0.2873042|3.074155|10.419566
1509580546825|0.9768343|1.7717092|10.955867
1509580546958|1.2354081|1.6376339|7.9583263
1509580547089|-0.89064306|3.763685|6.301539
1509580547221|-0.7661445|5.209783|9.165004
1509580547353|-2.9592333|2.633622|12.890382
1509580547484|0.60333884|1.3790601|8.437167
1509580547617|-1.9057846|1.5705963|8.274361
1509580547749|-1.4748282|3.217807|9.720459
1509580547881|-1.0726024|3.6104562|8.7053175
1509580548017|-0.7278373|2.087744|9.155427
1509580548150|-0.41180268|3.2752678|7.872135
1509580548281|-2.7485435|4.9895163|9.442732
1509580548416|-5.2480903|4.951209|8.887277
1509580548541|-1.3503298|1.7717092|7.2783732
1509580548675|-0.5554548|0.9768343|8.963891
1509580548805|2.3654714|2.3942018|10.218452
1509580548937|-1.1109096|3.6870706|10.04607
1509580549069|-1.5801731|2.6240451|7.5944076
1509580549201|-0.41180268|3.620033|8.169016
1509580549333|-1.0247183|3.4093432|11.702858
1509580549465|-1.532289|1.9249382|11.932701
1509580549600|-1.340753|2.0398598|6.14831
1509580549729|-0.89064306|3.4859576|8.916007
1509580549867|0.21068975|3.0933087|11.022904
1509580549993|0.1436521|2.2505496|10.409989
1509580550125|-0.33518824|2.7581203|7.5944076
1509580550258|-1.091756|4.663905|8.992621
1509580550389|-3.0262709|4.711789|9.528923
1509580550521|-2.9592333|2.8538885|9.155427
1509580550653|1.6663644|2.2505496|9.414001
1509580550785|1.7238252|3.620033|7.3549876
1509580550917|-0.11492168|4.2042184|9.126697
1509580551049|-0.7469909|2.1164744|11.549629
1509580551184|-2.1547816|1.4556746|6.196194
1509580551313|-0.50757074|2.4516625|7.8146744
1509580551447|-2.6623523|2.5761611|8.963891
1509580551577|-6.9527617|2.0111294|10.67814
1509580551709|-5.6407394|0.5746084|10.093954
1509580551841|-2.2505496|1.5131354|6.8186865
1509580551972|-3.0454245|3.1124623|6.943185
1509580552105|-2.9400797|2.1643584|10.093954
1509580552237|-2.3942018|1.0055647|11.271901
1509580552369|-1.1875241|0.81402856|7.9966335
1509580552501|-2.231396|2.1930888|6.8091097
1509580552633|-2.7389667|2.1547816|9.586384
1509580552768|-3.6104562|1.3790601|11.57836
1509580552901|-2.231396|0.019153614|9.126697
1509580553030|-0.80445176|0.49799395|8.695741
1509580553168|-1.5131354|1.0534488|9.346964
1509580553299|-1.8291701|0.7182605|10.553641
1509580553426|-0.8619126|-0.63206923|11.051635
1509580553557|-0.30645782|0.16280572|7.2687964
