1509145511355|-0.6607997|3.5817258|9.030929
1509145511487|-0.34476504|3.5913026|9.078813
1509145511619|0.2873042|3.169923|8.954314
1509145511751|0.1436521|3.217807|9.433155
1509145511884|-0.076614454|3.5434184|8.734048
1509145512018|0.009576807|3.3135753|9.165004
1509145512150|-0.38307226|3.6104562|8.983045
1509145512287|-0.37349546|3.5625722|8.992621
1509145512417|-0.4405331|3.5242648|9.059659
1509145512547|-0.545878|3.514688|9.021352
1509145512675|-0.7565677|3.4763808|9.107543
1509145512807|-0.9959879|3.5625722|9.059659
1509145512939|-1.0534488|3.4859576|8.954314
1509145513071|-1.043872|3.514688|9.040505
1509145513203|-0.9576807|3.3806129|9.442732
1509145513335|-0.5650316|3.3806129|8.734048
1509145513467|-1.0726024|3.6966474|8.724471
1509145513599|-0.7565677|3.2082303|9.749189
1509145513731|-1.0821792|3.6487634|8.590396
1509145513865|-1.1013328|3.7349546|8.983045
1509145513997|-0.94810385|3.620033|8.762778
1509145514133|-1.0726024|3.7253778|8.676587
1509145514259|-0.92895025|3.5529952|9.021352
1509145514391|-0.9959879|3.6774938|8.762778
1509145514523|-0.6703765|3.5913026|9.184157
1509145514655|-1.1013328|3.9743748|8.24563
1509145514787|-0.9576807|3.7732618|9.184157
1509145514921|-1.1492168|4.0414124|8.24563
1509145515051|-0.93852705|3.7253778|9.3182335
1509145515183|-1.1971009|4.10845|8.264784
1509145515315|-0.9672575|3.7445314|9.260772
1509145515447|-1.1971009|4.003105|8.647857
1509145515580|-1.1300632|3.7541082|9.203311
1509145515713|-1.1971009|3.8786068|8.839393
1509145515847|-1.13964|3.763685|9.059659
1509145515975|-1.292869|3.916914|8.475474
1509145516107|-1.0726024|3.7541082|8.954314
1509145516240|-1.2449849|3.9935284|8.331821
1509145516371|-1.1204864|3.7541082|9.030929
1509145516503|-1.1779473|4.003105|8.350976
1509145516635|-1.0726024|3.8019924|9.270349
1509145516772|-1.1204864|3.9743748|8.418014
1509145516899|-1.0630256|3.86903|9.184157
1509145517035|-1.0726024|3.916914|8.772355
1509145517166|-0.93852705|3.8115692|9.203311
1509145517297|-0.9768343|3.8307228|8.791509
1509145517435|-1.0821792|3.8019924|9.136273
1509145517559|-0.93852705|3.8402996|8.504205
1509145517691|-1.1109096|3.8019924|9.212888
1509145517823|-0.93852705|3.8019924|8.494628
1509145517956|-0.90979666|3.7062242|9.270349
1509145518087|-0.94810385|3.667917|9.155427
1509145518219|-0.90979666|3.7253778|9.270349
1509145518351|-1.0151415|3.7924154|8.820239
1509145518483|-0.9959879|3.6870706|9.385271
1509145518615|-1.3215994|3.9552212|8.1881695
1509145518751|-0.8331822|3.9073372|8.791509
1509145518883|-1.1204864|3.8498764|8.820239
1509145519017|-0.9768343|3.6870706|9.107543
1509145519143|-1.1683705|3.8977604|8.42759
1509145519275|-0.9768343|3.7445314|9.11712
1509145519408|-0.6895301|3.7349546|8.599973
1509145519540|-1.0247183|3.8786068|8.8777
1509145519671|-0.9768343|3.916914|8.829816
1509145519803|-0.92895025|3.6487634|9.32781
1509145519936|-0.7374141|3.821146|9.107543
1509145520067|-0.9864111|3.86903|8.801085
1509145520207|-0.7278373|3.7828386|8.839393
1509145520337|-0.89064306|3.6966474|8.848969
1509145520465|-0.82360536|3.8019924|8.896853
1509145520599|-1.0247183|3.8115692|8.848969
1509145520734|-0.7757214|3.6966474|9.002198
1509145520859|-0.8523358|3.763685|8.7053175
1509145520991|-1.091756|3.86903|8.868123
1509145521123|-0.9672575|3.6870706|9.3661175
1509145521255|-0.90979666|3.6870706|8.973468
1509145521388|-1.0342951|3.7253778|9.232041
1509145521519|-0.842759|3.620033|8.7053175
1509145521651|-1.1204864|3.8307228|9.3182335
1509145521783|-0.842759|3.715801|8.504205
1509145521915|-0.7661445|3.5625722|9.32781
1509145522049|-0.7182605|3.8307228|8.350976
1509145522185|-0.50757074|3.8881836|8.743625
1509145522317|-0.39264908|3.7253778|8.954314
1509145522443|-0.6991069|3.8786068|8.322245
1509145522578|-0.34476504|3.41892|9.356541
1509145522707|-0.22026655|3.7253778|8.820239
1509145522839|-0.22026655|3.8115692|8.523358
1509145522971|-0.23942018|3.86903|9.222465
1509145523103|0.05746084|3.5529952|8.954314
1509145523235|0.047884032|3.6391866|8.791509
1509145523367|-0.17238252|3.7445314|8.6095495
1509145523499|-0.10534488|3.4763808|9.260772
1509145523637|-0.15322891|3.572149|8.791509
1509145523764|0.36391866|3.4093432|9.050082
1509145523903|0.11492168|3.7828386|8.6095495
1509145524035|-0.18195933|3.9743748|8.772355
1509145524159|-0.36391866|3.8594532|8.8777
1509145524291|-0.92895025|4.003105|8.274361
1509145524423|-0.8523358|3.8115692|9.32781
1509145524556|-0.8619126|3.8019924|8.571242
1509145524690|-0.45968673|3.6104562|9.088389
1509145524819|-0.41180268|3.715801|8.90643
1509145524951|-0.4309563|3.8498764|8.820239
1509145525083|-0.5746084|3.9743748|8.734048
1509145525223|-0.36391866|3.8498764|8.944737
1509145525347|-0.08619126|3.7924154|9.078813
1509145525480|-0.39264908|3.964798|8.935161
1509145525617|-0.50757074|3.9073372|9.126697
1509145525743|-0.6703765|4.0222588|8.532935
1509145525875|-0.5650316|3.9935284|9.021352
1509145526007|-0.37349546|4.050989|8.781932
1509145526139|-0.7182605|4.1946416|8.695741
1509145526271|-0.51714754|3.9552212|8.274361
1509145526403|-0.4405331|3.6774938|9.346964
1509145526535|-0.45968673|3.8019924|8.676587
1509145526667|-0.21068975|3.6487634|9.14585
1509145526800|-0.24899697|3.9073372|8.264784
1509145526931|-0.32561144|3.7062242|9.461885
1509145527066|-0.25857377|3.8977604|8.39886
1509145527201|-0.15322891|3.41892|9.452309
1509145527327|-0.34476504|3.5817258|8.647857
1509145527459|-0.6895301|3.3518825|9.595961
1509145527591|-0.22026655|3.4093432|8.590396
1509145527723|-0.41180268|3.3901896|9.126697
1509145527856|-0.36391866|3.1411927|9.002198
1509145527987|-0.7182605|3.2273839|9.155427
1509145528119|-0.81402856|2.9975405|9.615114
1509145528252|-0.545878|2.9592333|8.858546
1509145528383|-0.80445176|3.1986535|9.136273
1509145528515|-0.7278373|3.1794999|9.32781
1509145528648|-0.6703765|3.217807|9.165004
1509145528735|-0.8331822|3.2273839|9.203311
