1509253489226|-1.2449849|3.4859576|8.810662
1509253489351|-1.2354081|3.3518825|9.289502
1509253489483|-0.9672575|3.6391866|8.6574335
1509253489614|-1.0247183|3.8498764|8.532935
1509253489747|-0.8714894|4.012682|8.695741
1509253489879|-1.9249382|4.156334|8.935161
1509253490011|-3.8307228|5.353435|10.28549
1509253490144|-0.91937345|4.8937483|6.646304
1509253490275|-1.388637|5.66947|7.201759
1509253490407|-1.5993267|7.728483|2.930503
1509253490541|-1.6663644|8.90643|0.7757214
1509253490671|-1.8579005|9.193734|-0.51714754
1509253490803|-2.5091233|9.643845|1.3503298
1509253490936|-1.4748282|8.418014|2.0111294
1509253491067|-4.3861775|10.036493|-0.9864111
1509253491198|0.5267244|8.034941|3.3423057
1509253491331|-3.1507695|9.959879|0.1436521
1509253491463|-1.1779473|8.552089|0.49799395
1509253491594|-2.2888567|9.423578|2.6719291
1509253491727|-2.9496565|9.433155|0.45968673
1509253491858|-2.4420857|9.203311|3.265691
1509253491991|-2.0111294|9.270349|0.0
1509253492123|-2.231396|8.829816|2.1930888
1509253492255|-2.327164|8.858546|1.934515
1509253492389|-2.9400797|9.040505|2.6527755
1509253492518|-1.8387469|8.437167|3.4380736
1509253492651|-3.3423057|8.734048|4.1946416
1509253492784|-1.8483237|8.111555|3.8786068
1509253492915|-3.4859576|8.561666|4.2999864
1509253493047|-1.4269443|7.97748|4.414908
1509253493178|-2.2505496|8.408437|3.4284968
1509253493310|-2.030283|8.063671|4.8362875
1509253493443|-2.0015526|8.552089|3.9264908
1509253493575|-2.7868507|8.418014|4.3382936
1509253493707|-1.9440918|8.236053|3.5913026
1509253493838|-2.7581203|8.504205|4.0414124
1509253493971|-2.9113493|8.226477|3.1794999
1509253494103|-3.4380736|8.418014|2.5761611
1509253494238|-5.0182467|8.599973|4.357447
1509253494366|-3.0358477|8.580819|3.1986535
1509253494499|0.8619126|8.743625|1.0534488
1509253494631|0.8714894|9.32781|0.842759
1509253494763|-0.8619126|9.56723|0.9959879
1509253494895|-0.29688102|9.643845|1.436521
1509253495026|-1.4652514|9.557653|1.934515
1509253495159|-0.009576807|9.595961|0.9959879
1509253495291|-1.6567876|9.595961|2.2409728
1509253495423|0.2873042|9.174581|1.0534488
1509253495555|-1.7238252|9.634268|2.27928
1509253495689|-1.2258313|9.3661175|2.0111294
1509253495819|0.7661445|9.931149|0.6512229
1509253495951|3.620033|8.322245|-1.5993267
1509253496082|2.7102363|9.624691|0.61291564
1509253496215|3.3901896|8.552089|1.2162545
1509253496346|0.8714894|10.04607|1.091756
1509253496479|2.8060043|9.270349|0.6895301
1509253496611|1.2545617|9.682152|0.89064306
1509253496743|1.6950948|9.433155|0.78529817
1509253496877|1.292869|9.634268|0.7374141
1509253497006|0.7278373|9.375694|1.541866
1509253497139|0.39264908|9.605537|1.1587936
1509253497270|1.5801731|9.557653|0.6512229
1509253497403|0.25857377|9.155427|1.6472107
1509253497534|3.0933087|10.582372|-1.4269443
1509253497667|1.0821792|9.279925|1.1587936
1509253497799|-0.21068975|8.504205|2.078167
1509253497930|2.3558946|11.674128|-1.4939818
1509253498063|0.10534488|7.824251|2.7581203
1509253498194|-0.5650316|9.3661175|1.0247183
1509253498326|1.1300632|12.583924|-2.7006595
1509253498458|0.50757074|6.9623384|3.3614593
1509253498591|0.40222588|7.086837|3.1316159
1509253498723|-1.292869|10.793061|0.9768343
1509253498854|0.89064306|9.873688|-2.6431987
1509253498987|2.078167|9.816227|-0.19153613
1509253499119|-1.5801731|6.742072|4.5872903
1509253499251|-2.7581203|8.963891|2.2122424
1509253499383|0.25857377|9.730036|-0.82360536
1509253499514|-0.5363012|11.319786|-1.6759412
1509253499647|-2.078167|8.714894|1.9057846
1509253499778|-1.6567876|5.6407394|5.439626
1509253499911|-1.5227122|11.032481|-0.7469909
1509253500048|-0.50757074|10.314221|-0.82360536
1509253500175|-2.4612393|8.858546|2.6527755
1509253500306|-2.087744|6.157887|5.602432
1509253500438|-1.5897499|9.222465|1.9919758
1509253500571|-1.0055647|11.501745|-3.466804
1509253500703|-1.7908629|8.590396|2.078167
1509253500835|-1.9919758|6.38773|5.21936
1509253500969|-1.532289|10.323798|0.5554548
1509253501102|-1.8579005|10.984597|-1.5610195
1509253501231|1.6950948|8.7053175|0.6703765
1509253501363|-1.5801731|7.680599|4.0701427
1509253501495|-2.7102363|9.414001|1.2737153
1509253501627|-1.283292|9.136273|-0.076614454
1509253501759|-1.8195933|10.524911|-0.009576807
1509253501891|-2.8443117|7.2209125|4.4244847
1509253502023|-2.6623523|9.174581|0.60333884
1509253502155|-5.554548|9.988609|1.340753
1509253502287|-3.0454245|7.8146744|3.466804
1509253502419|-2.920926|8.331821|3.5529952
1509253502551|-2.480393|8.6095495|3.3135753
1509253502682|-2.3080103|8.791509|2.930503
1509253502815|-2.2697031|8.848969|2.8921957
1509253502947|-1.934515|8.90643|2.681506
1509253503078|-1.8483237|8.801085|2.9783869
1509253503210|-1.8866309|8.801085|2.882619
