1509498988594|414
1509498988780|397
1509498988982|383
1509498989185|176
1509498989390|399
1509498989594|339
1509498989797|122
1509498989999|74
1509498990214|37
1509498990409|116
1509498990611|87
1509498990813|69
1509498991016|92
1509498991220|72
1509498991425|56
1509498991626|39
1509498991828|56
1509498992031|113
1509498992234|105
1509498992438|30
1509498992639|117
1509498992841|96
1509498993047|87
1509498993251|90
1509498993456|39
1509498993657|82
1509498993858|56
1509498994059|122
1509498994262|150
1509498994467|113
1509498994669|154
1509498994873|49
1509498995075|114
1509498995278|640
1509498995480|199
1509498995683|184
1509498995888|205
1509498996094|82
1509498996299|314
1509498996502|309
1509498996704|214
1509498996907|586
1509498997111|356
1509498997321|377
1509498997521|301
1509498997722|263
1509498997928|256
1509498998131|100
1509498998339|250
1509498998541|177
1509498998744|118
1509498998946|213
1509498999150|191
1509498999352|316
1509498999554|221
1509498999758|250
1509498999959|181
1509499000162|162
1509499000364|145
1509499000567|108
1509499000774|139
1509499000976|164
1509499001179|194
1509499001381|142
1509499001586|119
1509499001790|194
1509499001992|150
1509499002194|154
1509499002399|132
1509499002605|113
1509499002807|133
1509499003005|219
1509499003207|263
1509499003409|159
1509499003611|165
1509499003814|90
1509499004016|56
1509499004220|98
1509499004421|124
1509499004623|133
1509499004825|79
1509499005030|74
1509499005236|69
1509499005438|98
1509499005639|103
1509499005843|107
1509499006045|64
1509499006247|87
1509499006456|69
1509499006658|108
1509499006855|113
1509499007060|84
1509499007262|96
1509499007464|94
1509499007667|161
1509499007870|175
1509499008075|217
1509499008278|94
1509499008481|107
1509499008685|113
1509499008892|150
1509499009092|147
1509499009293|91
1509499009496|112
1509499009698|120
1509499009904|164
1509499010107|194
1509499010309|147
1509499010511|119
1509499010715|130
1509499010923|134
1509499011126|129
1509499011328|133
1509499011530|93
1509499011733|92
1509499011937|113
1509499012140|117
1509499012342|113
1509499012546|79
1509499012748|101
1509499012951|83
1509499013158|107
1509499013361|132
1509499013563|90
1509499013778|103
1509499013974|85
1509499014176|109
1509499014379|100
1509499014581|67
1509499014786|78
1509499014989|86
1509499015193|67
1509499015401|79
1509499015600|81
1509499015808|69
1509499016004|64
1509499016212|48
1509499016413|61
1509499016615|72
1509499016820|66
1509499017020|73
1509499017225|52
1509499017427|56
1509499017631|61
1509499017834|50
1509499018041|58
1509499018243|52
1509499018446|33
1509499018650|37
1509499018851|76
1509499019056|37
1509499019262|79
1509499019464|73
1509499019665|32
1509499019868|70
1509499020070|102
1509499020272|35
1509499020477|93
1509499020682|65
1509499021089|76
1509499021291|96
1509499021494|68
1509499021695|48
1509499021898|181
1509499022100|50
1509499022303|45
1509499022507|54
1509499022710|52
1509499022912|43
1509499023114|36
1509499023320|32
1509499023527|33
