1509582053866|35.7|1.9799999|12.36
1509582053959|35.1|1.92|12.36
1509582054091|34.2|1.86|12.66
1509582054223|33.48|1.68|12.66
1509582054361|33.3|1.62|12.42
1509582054487|33.54|2.1|11.639999
1509582054620|33.719997|1.74|11.16
1509582054751|33.78|1.62|11.04
1509582054882|33.3|1.56|11.4
1509582055015|33.059998|0.9|12.179999
1509582055146|32.88|0.29999998|12.66
1509582055278|32.28|-0.9|13.2
1509582055411|32.16|-3.0|12.54
1509582055543|31.619999|-5.64|11.82
1509582055674|30.96|-7.44|11.16
1509582055806|31.14|-8.76|11.219999
1509582055938|30.359999|-9.66|11.82
1509582056071|30.119999|-9.66|12.12
1509582056203|30.3|-10.0199995|12.66
1509582056335|29.519999|-9.84|12.66
1509582056467|29.76|-9.24|12.78
1509582056599|29.22|-8.58|14.16
1509582056731|27.96|-8.88|15.179999
1509582056863|26.4|-10.139999|15.299999
1509582056995|25.08|-11.88|15.36
1509582057127|23.82|-13.5|14.759999
1509582057259|23.039999|-14.5199995|14.7
1509582057391|22.619999|-15.299999|15.66
1509582057523|21.6|-16.14|16.26
1509582057655|20.939999|-17.22|16.8
1509582057788|20.279999|-18.359999|16.38
1509582057919|19.859999|-19.08|15.78
1509582058051|19.859999|-19.859999|14.82
1509582058183|20.64|-20.22|13.679999
1509582058315|22.02|-19.859999|12.42
1509582058447|23.699999|-19.8|11.5199995
1509582058579|25.14|-19.14|11.16
1509582058711|26.039999|-18.96|10.98
1509582058843|26.279999|-19.08|11.099999
1509582058975|26.279999|-18.96|10.44
1509582059107|26.64|-18.72|9.9
1509582059240|26.88|-18.119999|9.0
1509582059371|27.48|-17.52|8.16
1509582059503|28.38|-15.54|7.9199996
1509582059635|29.099998|-13.38|8.099999
1509582059767|30.3|-10.32|8.82
1509582059899|30.599998|-6.48|9.719999
1509582060031|30.539999|-3.8999999|10.139999
1509582060163|30.66|-1.1999999|9.96
1509582060295|30.06|0.35999998|9.24
1509582060427|30.0|1.14|8.04
1509582060559|29.76|2.04|7.3199997
1509582060691|29.099998|2.3999999|6.54
1509582060823|28.8|2.7|5.2799997
1509582060955|28.5|3.06|4.38
1509582061087|28.8|2.8799999|3.48
1509582061219|28.8|2.6399999|2.7
1509582061351|28.38|2.28|2.58
1509582061483|28.56|1.8|2.52
1509582061615|28.38|1.8|1.9799999
1509582061747|28.14|0.71999997|2.28
1509582061878|28.5|0.24|2.46
1509582062010|28.08|-0.06|2.52
1509582062146|27.9|-0.42|3.3
1509582062274|28.32|0.59999996|3.0
1509582062406|28.32|1.26|2.76
1509582062538|28.619999|1.56|3.0
1509582062671|28.619999|1.38|2.52
1509582062803|29.099998|0.9|3.0
1509582062934|30.3|0.12|3.24
1509582063066|31.14|-0.06|3.06
1509582063199|32.16|0.12|3.0
1509582063331|32.94|0.42|3.24
1509582063462|33.6|1.1999999|3.6599998
1509582063595|34.5|1.4399999|4.74
1509582063726|35.399998|1.1999999|5.7599998
1509582063858|35.76|1.62|6.3599997
1509582063991|36.0|1.56|7.02
1509582064123|36.36|1.8|7.2
1509582064255|36.36|2.22|7.62
1509582064387|36.54|2.6399999|7.44
1509582064519|36.6|3.12|7.68
1509582064651|36.42|3.6599998|7.3799996
1509582064784|36.84|4.44|7.3799996
1509582064915|36.899998|4.8599997|7.5
1509582065047|36.899998|5.3399997|7.14
1509582065179|37.62|5.3399997|6.8399997
1509582065311|37.86|6.12|6.12
1509582065443|38.52|6.6|5.7
1509582065575|38.7|6.7799997|5.2799997
1509582065707|38.76|7.74|5.2799997
1509582065840|39.12|7.74|5.2799997
1509582065971|39.48|7.5|5.22
1509582066103|40.5|7.5|5.16
1509582066236|40.44|6.8999996|5.16
1509582066367|40.5|6.3599997|4.74
1509582066499|40.02|5.7|4.68
1509582066631|39.059998|5.2799997|4.74
1509582066763|38.7|4.62|4.3199997
1509582066895|37.86|4.14|4.38
1509582067027|37.38|3.78|4.3199997
1509582067159|36.84|3.12|4.3199997
1509582067291|36.36|2.52|4.08
1509582067423|36.0|2.04|3.78
1509582067555|35.82|1.68|3.24
1509582067687|36.0|1.74|2.28
1509582067819|36.239998|1.56|2.1
1509582067951|36.42|1.4399999|2.1
1509582068083|36.6|1.38|2.46
1509582068215|36.719997|1.38|2.8799999
1509582068347|37.32|1.68|3.24
1509582068479|37.98|1.86|3.24
1509582068611|38.579998|2.1|3.24
1509582068743|38.94|1.74|3.78
1509582068875|38.28|1.4399999|3.6
1509582069007|38.28|0.78|3.78
1509582069140|38.34|0.35999998|3.78
1509582069271|38.64|-0.12|3.54
1509582069403|39.42|-0.17999999|4.3199997
1509582069535|39.239998|-0.35999998|4.68
1509582069667|39.059998|-0.71999997|4.8599997
1509582069799|39.059998|-0.78|4.68
1509582069931|38.82|-0.78|4.44
1509582070063|38.879997|-0.96|4.2
1509582070195|39.239998|-1.14|3.72
1509582070327|39.0|-1.02|3.36
1509582070459|39.36|-1.5|3.24
1509582070591|39.6|-1.3199999|3.36
1509582070723|39.6|-1.1999999|4.14
1509582070855|40.079998|-1.02|4.62
1509582070987|39.84|-0.84|4.68
1509582071119|40.079998|-0.78|4.8599997
1509582071251|39.899998|-0.59999996|4.74
1509582071383|39.84|-0.59999996|4.98
1509582071515|40.26|-0.29999998|4.7999997
1509582071647|40.079998|-0.17999999|5.16
1509582071779|40.26|-0.53999996|5.22
1509582071911|40.26|-0.71999997|5.7599998
1509582072043|40.02|-1.26|6.12
1509582072175|39.84|-0.9|5.7
1509582072307|39.18|-0.53999996|5.8799996
1509582072439|39.12|0.12|5.4
1509582072571|38.879997|0.12|5.2799997
1509582072703|38.46|-0.17999999|4.98
1509582072835|38.82|-0.12|4.38
1509582072967|38.879997|0.06|3.6
1509582073099|38.879997|0.59999996|2.8799999
1509582073231|39.36|1.0799999|2.46
1509582073363|39.12|0.78|1.9799999
1509582073495|38.64|-0.06|1.5
1509582073628|38.46|-0.9|1.38
1509582073759|38.16|-1.8|1.1999999
1509582073891|38.579998|-2.22|1.0799999
1509582074024|38.76|-2.1599998|1.38
1509582074157|38.879997|-1.8|0.96
1509582074287|38.7|-1.56|0.59999996
