1509508507649|14
1509508507851|17
1509508508057|14
1509508508262|22
1509508508465|8
1509508508667|5
1509508508871|8
1509508509275|11
1509508509478|8
1509508509681|5
1509508509883|11
1509508510085|17
1509508510290|14
1509508510493|8
1509508510694|14
1509508511505|5
1509508511910|17
1509508512317|14
1509508512721|28
1509508512924|34
1509508513128|22
1509508513330|8
1509508513543|17
1509508513743|25
1509508513940|14
1509508514141|17
1509508514343|22
1509508514545|17
1509508514747|8
1509508514950|14
1509508515152|22
1509508515354|14
1509508515758|34
1509508515967|31
1509508516174|34
1509508516377|28
1509508516579|34
1509508516781|36
1509508516982|34
1509508517185|31
1509508517590|19
1509508517792|34
1509508517994|31
1509508518197|28
1509508518399|19
1509508518608|22
1509508518814|19
1509508519011|22
1509508519219|19
1509508519416|34
1509508519620|28
1509508519823|31
1509508520025|11
1509508520430|14
1509508520632|22
1509508521037|8
1509508521239|11
1509508521445|8
1509508521849|14
1509508522061|11
1509508522257|5
1509508522461|11
1509508522663|17
1509508522865|31
1509508523068|25
1509508523270|17
1509508523476|22
1509508523675|19
1509508523877|25
1509508524079|28
1509508524282|34
1509508524485|39
1509508524692|36
1509508524896|39
1509508525098|42
1509508525303|53
1509508525507|173
1509508525709|243
1509508525912|264
1509508526114|188
1509508526316|113
1509508526526|76
1509508526728|22
1509508526931|17
1509508527133|11
1509508527544|19
1509508527746|17
1509508527948|87
1509508528151|39
1509508528353|48
1509508528557|36
1509508528759|34
1509508528961|25
1509508529167|19
1509508529372|36
1509508529579|53
1509508529781|25
1509508529983|28
1509508530187|22
1509508530389|39
1509508530591|59
1509508530794|65
1509508530996|62
1509508531198|56
1509508531401|53
1509508531603|56
1509508531807|51
1509508532210|45
1509508532818|42
1509508533020|36
1509508533222|14
1509508533424|17
1509508533628|14
1509508533830|11
1509508534033|28
1509508534235|25
1509508534437|8
1509508534640|11
1509508534844|8
1509508535044|28
1509508535246|25
1509508535449|28
1509508535656|25
