1509145511349|-0.7218784|3.9226599|8.975809
1509145511479|-0.7354987|3.9362803|8.962189
1509145511612|-0.7354987|3.9499006|8.962189
1509145511743|-0.70825803|3.9499006|8.962189
1509145511875|-0.6537767|3.9226599|8.975809
1509145512007|-0.61291564|3.8545582|9.00305
1509145512139|-0.57205456|3.7728362|9.043911
1509145512271|-0.53119355|3.7047346|9.071152
1509145512403|-0.50395286|3.650253|9.0983925
1509145512535|-0.46309182|3.609392|9.112013
1509145512667|-0.42223078|3.5821512|9.125632
1509145512798|-0.38136974|3.5821512|9.139253
1509145512930|-0.32688835|3.5549107|9.139253
1509145513063|-0.3405087|3.5412903|9.152873
1509145513194|-0.35412902|3.5412903|9.152873
1509145513327|-0.42223078|3.52767|9.152873
1509145513458|-0.49033248|3.52767|9.152873
1509145513592|-0.57205456|3.52767|9.139253
1509145513722|-0.6401563|3.52767|9.139253
1509145513854|-0.70825803|3.52767|9.139253
1509145513986|-0.7763598|3.52767|9.125632
1509145514119|-0.83084124|3.52767|9.125632
1509145514251|-0.87170225|3.52767|9.112013
1509145514383|-0.91256326|3.5412903|9.112013
1509145514515|-0.939804|3.5549107|9.0983925
1509145514647|-0.95342433|3.5549107|9.0983925
1509145514779|-0.96704465|3.5821512|9.084772
1509145514911|-0.96704465|3.5957716|9.084772
1509145515043|-0.96704465|3.6366327|9.057531
1509145515182|-0.96704465|3.677494|9.043911
1509145515307|-0.96704465|3.7047346|9.043911
1509145515439|-0.98066497|3.7455957|9.01667
1509145515571|-0.98066497|3.7728362|9.01667
1509145515702|-0.98066497|3.7864566|9.00305
1509145515835|-0.99428535|3.800077|8.989429
1509145515968|-1.0079057|3.8136973|8.989429
1509145516099|-1.0351465|3.840938|8.975809
1509145516232|-1.0487667|3.8681786|8.962189
1509145516363|-1.0896277|3.881799|8.948568
1509145516503|-1.1032481|3.8954194|8.934948
1509145516627|-1.1168685|3.8954194|8.934948
1509145516760|-1.1304889|3.8954194|8.934948
1509145516891|-1.1304889|3.8954194|8.934948
1509145517023|-1.1304889|3.9090397|8.934948
1509145517155|-1.1304889|3.9090397|8.934948
1509145517287|-1.1304889|3.9090397|8.934948
1509145517419|-1.1304889|3.9090397|8.934948
1509145517551|-1.1441091|3.9090397|8.934948
1509145517683|-1.1168685|3.9090397|8.934948
1509145517820|-1.1168685|3.9090397|8.934948
1509145517947|-1.1032481|3.9090397|8.934948
1509145518079|-1.0896277|3.9090397|8.934948
1509145518212|-1.0623871|3.9090397|8.948568
1509145518343|-1.0487667|3.9090397|8.948568
1509145518474|-1.0487667|3.8954194|8.948568
1509145518607|-1.0351465|3.881799|8.962189
1509145518739|-1.0351465|3.8681786|8.962189
1509145518872|-1.0351465|3.8545582|8.962189
1509145519003|-1.0215261|3.8545582|8.962189
1509145519137|-1.0215261|3.8545582|8.962189
1509145519268|-1.0215261|3.8545582|8.962189
1509145519400|-1.0215261|3.8545582|8.962189
1509145519531|-1.0215261|3.8545582|8.962189
1509145519663|-1.0215261|3.8545582|8.962189
1509145519795|-1.0215261|3.8545582|8.962189
1509145519928|-1.0215261|3.8545582|8.962189
1509145520059|-1.0215261|3.8545582|8.962189
1509145520197|-1.0215261|3.8545582|8.962189
1509145520323|-1.0215261|3.8545582|8.962189
1509145520455|-1.0215261|3.8545582|8.962189
1509145520587|-1.0215261|3.8545582|8.962189
1509145520719|-1.0215261|3.8545582|8.962189
1509145520852|-1.0215261|3.8545582|8.962189
1509145520984|-1.0215261|3.8545582|8.962189
1509145521115|-1.0215261|3.8545582|8.962189
1509145521248|-1.0215261|3.8545582|8.962189
1509145521379|-1.0215261|3.8545582|8.962189
1509145521511|-1.0215261|3.8545582|8.962189
1509145521643|-1.0215261|3.8545582|8.962189
1509145521775|-1.0215261|3.8545582|8.962189
1509145521908|-0.99428535|3.8545582|8.975809
1509145522040|-0.96704465|3.840938|8.975809
1509145522172|-0.95342433|3.8273177|8.989429
1509145522304|-0.939804|3.8273177|8.989429
1509145522436|-0.939804|3.8136973|8.989429
1509145522577|-0.91256326|3.8136973|9.00305
1509145522700|-0.8989429|3.8136973|9.00305
1509145522831|-0.83084124|3.8136973|9.00305
1509145522965|-0.7899802|3.8273177|9.00305
1509145523095|-0.70825803|3.8273177|9.01667
1509145523228|-0.62653595|3.8273177|9.01667
1509145523359|-0.5448139|3.8273177|9.01667
1509145523491|-0.47671217|3.8273177|9.030291
1509145523623|-0.4086104|3.8136973|9.030291
1509145523755|-0.3405087|3.800077|9.043911
1509145523887|-0.28602728|3.7864566|9.057531
1509145524019|-0.23154591|3.759216|9.057531
1509145524151|-0.17706451|3.759216|9.071152
1509145524283|-0.13620347|3.7455957|9.071152
1509145524415|-0.12258312|3.7455957|9.071152
1509145524547|-0.12258312|3.759216|9.071152
1509145524686|-0.14982383|3.759216|9.071152
1509145524811|-0.2043052|3.759216|9.057531
1509145524944|-0.25878662|3.759216|9.057531
1509145525074|-0.29964766|3.759216|9.057531
1509145525213|-0.3405087|3.7728362|9.057531
1509145525339|-0.36774936|3.800077|9.043911
1509145525471|-0.3949901|3.8273177|9.030291
1509145525602|-0.43585113|3.8545582|9.01667
1509145525736|-0.47671217|3.8681786|9.00305
1509145525868|-0.50395286|3.881799|9.00305
1509145526000|-0.53119355|3.8954194|8.989429
1509145526131|-0.5448139|3.9090397|8.989429
1509145526263|-0.53119355|3.9362803|8.975809
1509145526395|-0.53119355|3.963521|8.962189
1509145526529|-0.51757324|3.9771414|8.962189
1509145526659|-0.50395286|3.9907618|8.948568
1509145526791|-0.49033248|4.004382|8.948568
1509145526924|-0.49033248|4.004382|8.948568
1509145527055|-0.47671217|4.004382|8.948568
1509145527187|-0.47671217|4.004382|8.948568
1509145527319|-0.46309182|3.9771414|8.962189
1509145527452|-0.43585113|3.9499006|8.975809
1509145527585|-0.42223078|3.9090397|9.00305
1509145527716|-0.4086104|3.8545582|9.01667
1509145527848|-0.3949901|3.800077|9.043911
1509145527979|-0.36774936|3.7455957|9.057531
1509145528112|-0.35412902|3.6911142|9.084772
1509145528244|-0.35412902|3.6366327|9.112013
1509145528376|-0.3405087|3.568531|9.139253
1509145528508|-0.35412902|3.5140495|9.152873
1509145528640|-0.4086104|3.4595683|9.180114
1509145528771|-0.44947144|3.405087|9.193734
