1509580073718|-0.08172209|0.16344418|0.21792556
1509580073850|0.19068487|0.12258312|0.068101734
1509580073982|0.7899802|0.42223078|-0.57205456
1509580074115|1.4028958|0.19068487|0.17706451
1509580074246|-2.3563201|1.3211737|-0.95342433
1509580074378|1.1304889|0.8989429|-2.9283745
1509580074510|-3.8954194|1.6344416|-1.7706451
1509580074642|-6.074675|1.3620348|-5.1621118
1509580074774|-6.6603503|0.3949901|-0.3405087
1509580074906|-3.9907618|-1.9613299|1.0215261
1509580075041|-2.7104492|-0.013620348|-2.7921712
1509580075170|-4.140586|-0.040861044|0.38136974
1509580075302|0.91256326|1.1985906|-3.1599207
1509580075434|-1.7161638|1.6616825|-3.963521
1509580075567|-0.7218784|3.4187074|-3.3369853
1509580075698|-1.5935806|2.3018386|-3.9907618
1509580075832|0.21792556|2.4380422|-5.366417
1509580075962|-0.58567494|1.9068487|-3.9771414
1509580076094|-3.0781987|-0.38136974|2.1792555
1509580076226|-0.57205456|-1.2122109|1.3620348
1509580076358|-1.4573771|0.50395286|-2.9964767
1509580076491|-0.46309182|0.5992953|-2.9556153
1509580076622|-2.070293|-1.2258313|-0.7627395
1509580076754|3.486809|-1.0487667|-0.12258312
1509580076886|0.7627395|-2.0158114|1.6889231
1509580077018|-2.3563201|-0.50395286|-0.027240695
1509580077150|8.349273|-5.0531487|2.819412
1509580077283|4.3040295|-5.09401|-0.7763598
1509580077415|0.939804|-2.8057916|5.448139
1509580077546|3.405087|-3.0237172|3.7864566
1509580077678|3.2688832|-1.3075534|1.0760074
1509580077810|1.3620348|0.87170225|-0.62653595
1509580077942|2.2882183|-0.939804|1.5390993
1509580078074|2.0566726|-0.7627395|0.50395286
1509580078206|2.3426998|-0.74911916|1.0215261
1509580078338|0.57205456|0.25878662|-0.7899802
1509580078471|0.38136974|0.5992953|-0.5992953
1509580078603|-0.58567494|0.939804|-1.3075534
1509580078733|-0.8989429|-0.8853226|-1.2666924
1509580078866|-0.35412902|-0.6537767|1.4028958
1509580078998|0.19068487|-4.8760843|-2.3971813
1509580079130|-5.6252036|-6.4969053|5.257454
1509580079262|-3.7047346|-6.4560447|2.7921712
1509580079394|-2.0566726|0.013620348|-1.9477097
1509580079526|0.91256326|2.2745981|-3.3778462
1509580079658|-1.3075534|1.0760074|-3.8545582
1509580079790|-4.767122|3.0645783|-7.5865335
1509580079922|-1.6889231|4.099725|-6.9463773
1509580080054|-2.8738933|2.2609777|-7.9134216
1509580080186|-2.083913|-1.2394516|-1.56634
1509580080321|-1.293933|-2.0566726|-1.4165161
1509580080451|-2.7104492|-1.7025435|-4.9169455
1509580080582|-2.5061438|-2.1111538|-0.7354987
1509580080714|7.191543|-7.409469|-0.44947144
1509580080846|3.568531|-6.3334613|0.17706451
1509580080978|-3.7047346|-2.002191|-1.5390993
1509580081110|1.0215261|-2.669588|-0.17706451
1509580081242|0.939804|-3.1599207|3.2688832
1509580081374|0.4086104|-2.9556153|1.648062
1509580081506|0.51757324|-2.2609777|-1.4709975
1509580081638|-0.7763598|-0.3405087|-0.51757324
1509580081770|0.92618364|-1.1168685|-1.0623871
1509580081902|-0.16344418|-0.91256326|0.7354987
1509580082037|-0.38136974|0.16344418|0.47671217
1509580082167|0.040861044|-0.095342435|-2.0975335
1509580082298|0.05448139|0.13620347|-1.7434045
1509580082431|-1.0215261|0.2043052|0.62653595
1509580082562|1.1304889|-1.2803127|-1.3620348
1509580082694|0.19068487|0.6537767|3.5140495
1509580082826|1.2530719|-0.6401563|0.16344418
1509580082958|0.95342433|-0.31326798|-2.8057916
1509580083090|-0.19068487|0.3949901|-0.47671217
1509580083222|-0.8853226|-0.98066497|-1.0623871
1509580083355|-0.61291564|0.7354987|1.1304889
1509580083486|2.2064962|-0.3405087|0.05448139
1509580083618|-0.58567494|-0.040861044|-0.5992953
1509580083750|0.4086104|-0.43585113|0.57205456
1509580083884|2.0294318|-1.4982383|-0.21792556
1509580084014|-0.44947144|-0.17706451|0.7763598
1509580084146|1.6889231|-0.23154591|0.12258312
1509580084278|0.6946377|-1.6208212|-1.1985906
1509580084410|-0.27240694|0.7899802|-1.0896277
1509580084542|-0.2043052|-0.6537767|1.1849703
1509580084676|1.56634|0.50395286|1.3892754
1509580084806|0.068101734|2.0294318|2.73769
1509580084938|2.383561|-0.29964766|2.4380422
1509580085071|3.6638737|2.8057916|0.6537767
1509580085202|3.296124|3.1735408|1.2394516
1509580085334|3.2416425|3.1190596|1.375655
1509580085467|2.9283745|3.3097444|-0.31326798
1509580085598|1.2258313|2.5197642|2.7649305
1509580085731|1.525479|2.3699405|-4.263169
1509580085862|1.56634|-0.35412902|-0.19068487
1509580085994|-2.165635|-3.650253|2.383561
1509580086126|-2.2201166|-2.3971813|-1.4165161
1509580086258|-2.083913|-2.4516625|-2.192876
1509580086391|-1.2666924|-1.3892754|-1.3211737
1509580086522|-2.0566726|-0.38136974|-3.4323275
1509580086654|-1.4982383|-0.6537767|-1.334794
1509580086786|-2.315459|-0.3949901|-3.6911142
1509580086918|-2.4925234|-1.4165161|-1.1168685
1509580087051|0.24516624|-0.7899802|-1.8251265
1509580087182|-1.334794|-0.53119355|-2.1792555
1509580087314|-1.293933|-0.8853226|0.4086104
1509580087446|-0.10896278|-0.50395286|1.0623871
1509580087578|1.607201|-1.1985906|-0.6946377
1509580087710|0.21792556|-0.24516624|-0.46309182
1509580087842|-0.55843425|-0.49033248|-0.51757324
1509580087974|-0.6946377|-1.375655|0.14982383
1509580088106|0.3405087|0.38136974|1.6208212
1509580088238|1.5118586|-1.0760074|0.13620347
1509580088370|0.17706451|-0.013620348|-0.28602728
1509580088502|0.040861044|-0.10896278|0.50395286
1509580088639|0.3405087|-0.6810174|1.3484143
1509580088767|-0.28602728|1.1032481|0.19068487
1509580088900|0.7763598|-1.648062|-0.23154591
1509580089030|0.14982383|0.25878662|-0.4086104
1509580089162|0.31326798|-0.3405087|0.74911916
1509580089294|-0.12258312|-0.25878662|0.62653595
1509580089426|-1.2666924|1.2394516|0.31326798
1509580089558|1.1304889|-0.74911916|0.08172209
1509580089690|1.0896277|-0.46309182|-0.8036005
1509580089822|0.14982383|-0.92618364|2.2609777
1509580089954|0.8989429|-1.56634|0.5448139
1509580090086|-0.29964766|0.98066497|-0.19068487
1509580090218|0.70825803|-0.21792556|-0.42223078
1509580090350|0.19068487|0.98066497|-0.8172208
1509580090483|0.05448139|0.74911916|0.50395286
1509580090614|0.0|0.23154591|-0.7627395
1509580090746|-4.630918|1.2122109|5.0122876
1509580090878|5.611583|-0.23154591|-2.628727
1509580091010|-0.57205456|0.8853226|-2.070293
1509580091142|-3.4595683|-0.62653595|-0.08172209
1509580091274|0.6810174|-1.0079057|1.2394516
1509580091406|-0.6401563|1.648062|2.1792555
1509580091538|0.14982383|-0.16344418|0.0
1509580091670|-0.7763598|-0.14982383|-0.08172209
1509580091802|1.0215261|-0.21792556|2.547005
1509580091934|0.87170225|-0.667397|1.56634
1509580092073|0.10896278|1.838747|-0.32688835
1509580092200|0.21792556|-0.38136974|-0.55843425
1509580092331|-0.5448139|0.36774936|-1.2530719
1509580092461|-0.17706451|-0.14982383|-0.24516624
1509580092594|0.96704465|-0.84446156|-0.027240695
1509580092726|0.7627395|1.6616825|0.013620348
1509580092859|-0.23154591|0.05448139|0.28602728
1509580092990|0.16344418|0.08172209|-0.61291564
1509580093122|0.53119355|-1.3620348|0.3949901
1509580093254|0.99428535|-2.0158114|0.70825803
1509580093386|0.42223078|1.0623871|-0.95342433
1509580093518|-0.96704465|0.05448139|-0.49033248
1509580093650|0.13620347|0.16344418|-0.667397
1509580093783|-1.3484143|-0.46309182|0.25878662
1509580093914|0.3949901|-0.96704465|-1.375655
1509580094046|-0.49033248|1.1577295|0.38136974
1509580094178|0.2043052|-0.05448139|-0.32688835
1509580094310|-0.44947144|0.24516624|-1.2803127
1509580094442|-0.83084124|-0.53119355|0.46309182
1509580094574|1.2666924|-1.484618|-0.040861044
1509580094708|0.43585113|1.9885707|1.7978858
1509580094838|-0.667397|0.13620347|-0.96704465
1509580094970|-1.0351465|1.0079057|0.10896278
1509580095105|-0.5992953|-0.4086104|0.91256326
1509580095234|0.5448139|-0.38136974|0.95342433
1509580095366|1.5935806|1.5527196|-0.068101734
1509580095498|-0.49033248|0.38136974|-1.1849703
1509580095630|-0.6401563|0.6810174|-0.70825803
1509580095762|0.87170225|0.49033248|0.3405087
1509580095895|1.293933|-0.57205456|-0.47671217
1509580096026|1.2258313|1.7978858|1.9340893
1509580096158|-1.525479|0.7763598|-0.667397
1509580096290|-0.21792556|0.10896278|-2.002191
1509580096422|0.42223078|-0.21792556|0.96704465
1509580096554|0.08172209|-0.667397|0.38136974
1509580096686|-2.2201166|2.860273|2.2201166
1509580096818|-0.51757324|0.6810174|-2.1247742
1509580096951|1.1032481|-1.1849703|-1.8523673
1509580097083|0.8036005|-1.5390993|0.8989429
1509580097214|-0.027240695|-2.383561|0.17706451
1509580097346|-0.25878662|0.96704465|1.4165161
1509580097478|0.5992953|-0.32688835|-3.010097
1509580097610|-0.13620347|-1.4437568|-0.8172208
1509580097742|1.5527196|-2.0294318|0.61291564
1509580097874|0.47671217|-1.838747|-0.43585113
1509580098006|1.1441091|0.16344418|2.7104492
1509580098141|0.08172209|-0.31326798|-1.2803127
1509580098271|-0.44947144|-0.8580819|-1.8251265
1509580098402|1.8523673|-0.6810174|-0.32688835
1509580098536|-0.51757324|-1.5390993|2.6151068
1509580098667|0.6401563|1.0487667|1.9340893
1509580098798|0.92618364|1.2122109|-2.7785509
1509580098931|-0.70825803|-0.10896278|-1.607201
1509580099062|0.21792556|0.24516624|0.32688835
1509580099194|-0.14982383|-0.095342435|1.1304889
1509580099326|-1.7434045|0.28602728|1.9068487
1509580099457|1.8659877|0.7763598|-3.2688832
1509580099590|-0.35412902|-0.013620348|-1.879608
1509580099722|-0.13620347|0.3949901|-0.8989429
1509580099854|-0.068101734|-1.0487667|-0.040861044
1509580099985|0.91256326|0.040861044|0.8580819
1509580100118|0.040861044|2.7785509|0.17706451
1509580100249|-1.6344416|0.6946377|-1.648062
1509580100382|-0.095342435|0.25878662|-1.6344416
1509580100514|1.9749503|0.49033248|0.47671217
1509580100646|0.6946377|-1.6616825|1.3075534
1509580100778|-0.3949901|1.375655|1.5527196
1509580100910|2.002191|-0.29964766|-2.5742457
1509580101042|-0.05448139|-0.6401563|-1.7434045
1509580101174|2.1792555|0.939804|0.4086104
1509580101307|-1.5390993|-1.0487667|-0.6946377
1509580101438|0.17706451|-0.7763598|1.7978858
1509580101571|1.9068487|0.53119355|-1.525479
1509580101705|-0.53119355|-0.5448139|-0.068101734
1509580101833|0.28602728|0.55843425|1.0351465
1509580101967|-0.99428535|-1.0760074|0.5448139
1509580102099|1.1441091|0.38136974|0.38136974
1509580102230|0.44947144|1.525479|-0.6810174
1509580102362|-0.6401563|-0.50395286|-0.42223078
1509580102494|-0.17706451|0.14982383|-0.62653595
1509580102626|0.38136974|-1.0623871|1.484618
1509580102758|-0.42223078|-0.667397|0.44947144
1509580102891|0.8580819|0.96704465|1.1441091
1509580103022|1.1713499|0.5992953|-2.2473574
1509580103154|-1.293933|0.10896278|-1.7570248
1509580103286|0.7218784|-0.5448139|1.6753027
1509580103418|-0.095342435|-0.13620347|-1.0487667
1509580103550|0.91256326|0.095342435|2.8466525
1509580103683|0.7354987|1.56634|-0.24516624
1509580103814|0.7218784|-0.38136974|-2.165635
1509580103946|-3.2007816|1.4709975|2.3971813
1509580104078|1.5390993|-0.7627395|-0.91256326
1509580104210|-0.91256326|-1.2122109|1.2258313
1509580104342|-2.3290794|1.334794|2.0430522
1509580104474|3.7864566|0.58567494|-1.1577295
1509580104606|-4.3993726|-0.3405087|-1.9613299
1509580104738|0.7218784|-0.3405087|0.8853226
1509580104870|-0.43585113|-1.3620348|1.6208212
1509580105002|0.38136974|0.98066497|1.375655
1509580105134|0.29964766|1.3211737|-1.5118586
1509580105266|-0.50395286|1.0079057|-2.73769
1509580105400|0.12258312|-0.2043052|0.23154591
1509580105530|-0.95342433|-0.42223078|2.6423473
1509580105662|1.5118586|-1.7570248|-1.2258313
1509580105794|0.08172209|1.5935806|2.5333848
1509580105926|1.1304889|1.1032481|-2.8875136
1509580106058|-1.7570248|-1.0215261|-0.99428535
1509580106190|0.667397|0.27240694|0.8036005
1509580106322|0.16344418|0.05448139|0.27240694
1509580106454|1.56634|-0.53119355|-0.28602728
1509580106586|1.1304889|0.58567494|-1.6753027
1509580106718|-0.6810174|0.14982383|-1.7978858
1509580106852|0.10896278|0.49033248|-0.8989429
1509580106982|-0.50395286|-0.96704465|3.445948
1509580107114|0.87170225|-0.83084124|0.6537767
1509580107246|1.0487667|1.4709975|-0.05448139
1509580107378|0.62653595|1.6889231|-1.920469
1509580107510|-0.92618364|-0.70825803|-0.87170225
1509580107642|-1.0351465|1.0487667|-0.12258312
1509580107774|0.095342435|-0.27240694|1.4301364
1509580107906|-1.1032481|-0.7899802|-1.2258313
1509580108039|-0.44947144|1.7161638|-0.027240695
1509580108170|0.7899802|0.6946377|-1.6753027
1509580108302|-1.0079057|-0.43585113|-0.38136974
1509580108434|2.3426998|0.17706451|0.16344418
1509580108567|-1.7434045|-0.14982383|0.98066497
1509580108698|-0.53119355|0.74911916|0.31326798
1509580108830|0.61291564|0.6810174|-0.7218784
1509580108962|0.667397|0.31326798|-2.315459
1509580109094|1.293933|-0.43585113|0.58567494
1509580109226|0.6537767|-1.4709975|0.29964766
1509580109358|0.49033248|-1.0079057|1.2122109
1509580109490|0.19068487|-0.13620347|3.4731886
1509580109622|1.8251265|1.0351465|-2.3426998
1509580109754|-2.0566726|1.920469|-0.95342433
1509580109886|-0.96704465|0.17706451|1.6208212
1509580110018|1.1985906|0.53119355|-0.12258312
1509580110151|-0.13620347|0.013620348|-2.233737
1509580110283|-0.55843425|1.4437568|1.484618
1509580110415|-1.0487667|1.2122109|-1.5118586
1509580110546|-0.5992953|0.62653595|-0.51757324
1509580110681|0.8989429|-0.7899802|-0.2043052
1509580110810|-0.57205456|0.8172208|-0.3405087
1509580110942|-0.5448139|0.24516624|-2.3290794
1509580111074|0.095342435|0.43585113|0.98066497
1509580111206|-1.2394516|2.7240696|-1.0760074
1509580111338|1.2394516|0.5992953|-1.6616825
1509580111469|-0.095342435|-0.92618364|-0.53119355
1509580111602|-0.51757324|-1.1713499|1.7706451
1509580111734|1.4301364|-1.7978858|-2.0975335
1509580111866|-0.27240694|-2.0975335|2.4108014
1509580112000|-0.5992953|-0.21792556|-2.192876
1509580112131|0.8172208|-1.8115062|0.44947144
1509580112262|0.84446156|-0.8580819|1.1849703
1509580112395|1.920469|-2.1792555|1.0487667
1509580112527|0.74911916|-0.87170225|-1.2258313
1509580112680|-1.3620348|0.12258312|1.4301364
1509580112791|1.3892754|0.05448139|-1.0896277
1509580112922|-0.46309182|-0.61291564|0.51757324
1509580113054|0.6946377|0.095342435|1.2122109
1509580113186|1.9068487|-1.8251265|1.5118586
1509580113321|0.91256326|-0.62653595|-0.29964766
1509580113452|-0.7218784|-0.13620347|3.3097444
1509580113582|0.8036005|0.70825803|-0.8036005
1509580113728|0.6537767|0.32688835|0.95342433
1509580113846|-0.013620348|1.2394516|1.3892754
1509580113978|2.2473574|-0.17706451|-2.9828563
1509580114110|-2.165635|-0.14982383|0.6946377
1509580114243|0.44947144|-0.7354987|4.2904096
1509580114374|2.5742457|1.56634|-0.027240695
1509580114507|-0.7899802|1.3211737|0.83084124
1509580114638|-0.7763598|1.4028958|0.61291564
1509580114771|1.7161638|-0.8172208|1.4437568
1509580114902|-1.293933|0.3405087|1.9749503
1509580115034|0.21792556|0.50395286|2.0975335
1509580115171|-0.7218784|1.0623871|-0.7763598
1509580115298|-1.2258313|0.47671217|-0.25878662
1509580115709|-0.667397|-1.0215261|-0.8036005
1509580115826|-0.44947144|0.58567494|6.360702
1509580115958|1.9885707|1.4301364|-0.92618364
1509580116090|2.0294318|0.667397|-2.9556153
1509580116221|-4.276789|0.21792556|0.6946377
1509580116354|1.0896277|-1.2122109|-1.7842655
1509580116485|-0.61291564|-1.5799603|-1.1032481
1509580116618|-0.91256326|0.23154591|3.6230123
1509580116750|2.002191|0.49033248|-2.1383946
1509580116882|-1.2122109|1.2666924|-2.941995
1509580116973|-0.27240694|-0.13620347|-2.3563201
1509580117079|-0.23154591|-1.3620348|-2.2201166
1509580117212|-1.1032481|-0.6401563|0.7899802
1509580117343|-0.5448139|0.095342435|1.1441091
1509580117490|1.0351465|1.1577295|-0.53119355
1509580117607|-0.38136974|1.375655|-2.3971813
1509580117740|-0.5448139|0.8036005|-0.23154591
1509580117871|0.27240694|-0.6401563|-0.96704465
1509580118004|1.334794|-0.70825803|1.648062
1509580118135|-1.6753027|-0.43585113|-0.10896278
1509580118267|1.375655|0.47671217|-0.32688835
1509580118400|-2.1247742|0.91256326|-1.2803127
1509580118532|1.0079057|0.068101734|1.1304889
1509580118663|-0.7354987|0.939804|-0.55843425
1509580118795|-2.465283|-0.10896278|1.6616825
1509580118928|1.4301364|-0.8989429|-0.3949901
1509580119059|-0.58567494|0.7627395|0.74911916
1509580119191|0.17706451|0.61291564|-1.1304889
1509580119323|-0.6810174|-0.8172208|-0.939804
1509580119456|0.92618364|-0.7627395|0.5448139
1509580119589|-0.17706451|-0.5448139|0.5992953
1509580119719|-0.08172209|-1.7706451|-0.08172209
1509580119851|1.484618|0.040861044|0.7627395
1509580119991|-0.91256326|0.8172208|-0.38136974
1509580120116|-0.49033248|-0.31326798|-0.57205456
1509580120247|4.0452433|-0.7763598|-1.6889231
1509580120380|-0.8989429|-0.98066497|-0.3405087
1509580120512|0.7354987|-1.2530719|-0.43585113
1509580120644|-0.35412902|0.23154591|2.9147542
1509580120776|3.5957716|-0.16344418|-2.0975335
1509580120907|-3.0645783|0.58567494|-0.14982383
1509580121040|0.6537767|0.040861044|-0.35412902
1509580121172|-0.3949901|-0.24516624|1.1985906
1509580121304|-0.12258312|-0.4086104|-1.5799603
1509580121436|0.7218784|0.8853226|-1.2394516
1509580121568|-0.46309182|1.375655|-2.0294318
1509580121700|-0.5992953|0.17706451|0.24516624
1509580121832|-0.068101734|-0.5448139|-0.13620347
1509580121964|-0.14982383|-0.24516624|0.32688835
1509580122096|0.50395286|-0.4086104|2.2882183
1509580122228|0.57205456|1.1441091|-0.46309182
1509580122360|-1.1713499|1.3620348|-1.879608
1509580122492|-0.23154591|-0.46309182|-1.1304889
1509580122624|1.3075534|-0.23154591|0.29964766
1509580122756|-0.49033248|-0.7627395|-0.57205456
1509580122888|1.4165161|-1.4028958|-0.84446156
1509580123021|-0.50395286|0.027240695|2.1247742
1509580123152|-0.96704465|0.3405087|-1.1985906
1509580123286|1.0896277|-0.55843425|-0.32688835
1509580123418|0.49033248|-0.84446156|0.7354987
1509580123548|0.23154591|-1.0215261|0.7354987
1509580123681|1.2258313|-0.92618364|-0.53119355
1509580123812|-1.0760074|1.2394516|2.3971813
1509580123944|0.31326798|0.25878662|-0.7354987
1509580124076|0.6810174|-0.74911916|-1.0487667
1509580124208|-0.57205456|-0.19068487|-0.013620348
1509580124340|-0.8036005|-0.7763598|0.095342435
1509580124472|0.42223078|-1.4437568|0.50395286
1509580124604|-0.8172208|0.46309182|3.6366327
1509580124736|1.525479|0.57205456|-3.4187074
1509580124868|-0.3405087|0.19068487|0.08172209
1509580125001|1.1577295|-0.50395286|-0.4086104
1509580125137|0.91256326|-0.25878662|1.0487667
1509580125265|-0.47671217|-0.50395286|-0.51757324
1509580125396|-3.0237172|0.51757324|3.6911142
1509580125528|-1.6344416|4.8488436|0.92618364
1509580125661|4.6445384|-0.27240694|-2.9283745
1509580125793|-2.7785509|0.5448139|0.7899802
1509580125924|1.3211737|1.4301364|-1.1849703
1509580126056|-0.027240695|-0.49033248|0.28602728
1509580126188|0.84446156|-0.32688835|0.13620347
1509580126321|-0.49033248|0.939804|2.165635
1509580126452|0.8036005|1.1985906|-3.2416425
1509580126584|-1.4165161|0.095342435|0.08172209
1509580126717|0.49033248|-0.8172208|-1.2666924
1509580126848|-0.013620348|0.068101734|-0.013620348
1509580126981|0.14982383|-0.29964766|-0.068101734
1509580127112|1.8115062|0.27240694|-1.375655
1509580127244|-0.84446156|1.525479|-0.49033248
1509580127376|-1.5799603|1.4165161|-0.17706451
1509580127508|-0.8989429|0.29964766|0.29964766
1509580127640|-0.35412902|-0.068101734|-1.2530719
1509580127772|-0.84446156|-0.28602728|0.3405087
1509580127905|0.84446156|-0.7627395|-0.46309182
1509580128036|1.879608|0.8989429|1.5935806
1509580128169|-0.28602728|1.3892754|-1.4028958
1509580128300|-0.50395286|0.0|-0.027240695
1509580128432|0.2043052|-0.6537767|-1.0623871
1509580128565|0.46309182|-0.62653595|0.99428535
1509580128696|-0.62653595|-1.0351465|-0.51757324
1509580128828|0.19068487|1.7434045|0.0
1509580128960|-1.1168685|1.0215261|1.4301364
1509580129092|-0.6401563|-0.19068487|-1.7842655
1509580129224|4.4538536|0.27240694|0.8989429
1509580129357|2.165635|2.8466525|4.385752
1509580129489|3.2416425|2.8330321|1.920469
1509580129621|3.963521|4.0452433|-0.7899802
1509580129752|5.339176|5.652444|-1.293933
1509580129885|5.89761|5.5571017|-0.98066497
1509580130016|3.9907618|4.9169455|-1.0351465
1509580130149|2.002191|5.6252036|-2.4108014
1509580130281|3.486809|4.004382|-3.0645783
1509580130412|2.6014864|3.5140495|-1.3892754
1509580130545|3.3642259|3.323365|-0.8172208
1509580130676|2.233737|1.9613299|-1.2258313
1509580130808|0.5992953|1.3892754|-1.5390993
1509580130941|-0.47671217|1.2122109|-1.6344416
1509580131072|0.3405087|0.44947144|-0.7354987
1509580131205|1.2803127|-0.2043052|-0.6537767
1509580131336|2.1247742|-0.040861044|1.3075534
1509580131468|1.0896277|-0.61291564|1.0351465
1509580131600|0.040861044|-1.5527196|0.35412902
1509580131732|-2.669588|-1.2122109|-2.4516625
1509580131865|-2.9283745|-1.3075534|-2.669588
1509580131996|-6.020194|-2.2609777|0.7354987
1509580132128|-8.771504|-4.562816|7.572913
1509580132260|4.0180025|-4.426613|-3.8136973
1509580132393|-7.259645|-7.8180795|-0.57205456
1509580132524|-2.083913|-7.1234417|0.35412902
1509580132661|-1.9749503|-7.2732654|2.6832085
1509580132788|-0.92618364|-3.881799|-4.1269655
1509580132921|-0.6946377|-3.296124|2.3290794
1509580133052|0.47671217|-4.590057|0.12258312
1509580133184|-4.3448906|-2.2609777|-1.9068487
1509580133317|-0.667397|-1.484618|-1.2530719
1509580133448|1.6616825|-2.5333848|-0.74911916
1509580133581|-3.9226599|-0.7354987|0.50395286
1509580133712|2.2064962|0.28602728|-0.6401563
1509580133844|0.7763598|-1.3211737|0.99428535
1509580133976|-0.27240694|-0.42223078|0.013620348
1509580134108|1.7842655|-0.7899802|-2.2201166
1509580134240|-0.25878662|-0.44947144|-0.29964766
1509580134376|0.6810174|-0.05448139|0.5992953
1509580134504|0.3949901|0.99428535|-0.21792556
1509580134636|-0.98066497|-1.4301364|0.58567494
1509580134771|-0.6537767|-0.36774936|-0.83084124
1509580134902|0.08172209|0.55843425|-0.13620347
1509580135032|0.28602728|-0.8036005|0.6946377
1509580135163|0.5448139|0.57205456|1.648062
1509580135296|1.8251265|0.87170225|0.027240695
1509580135428|0.068101734|-1.5118586|-0.2043052
1509580135561|-0.43585113|0.05448139|-1.2530719
1509580135693|0.35412902|-1.2803127|1.0487667
1509580135824|0.2043052|-0.98066497|-1.8659877
1509580135957|-1.5527196|1.8932283|1.3211737
1509580136088|0.87170225|-0.46309182|-0.47671217
1509580136220|-1.6753027|-1.4028958|-2.4516625
1509580136352|0.53119355|0.6537767|-2.0430522
1509580136484|-1.6616825|0.38136974|-0.6946377
1509580136617|-0.57205456|0.7627395|-0.83084124
1509580136749|-0.32688835|2.9964767|0.46309182
1509580136880|0.3949901|1.4982383|-0.51757324
1509580137012|0.027240695|-0.31326798|-1.0079057
1509580137144|1.4028958|0.84446156|-1.56634
1509580137276|-0.87170225|0.46309182|0.84446156
1509580137408|0.7763598|0.14982383|-0.8853226
1509580137540|0.4086104|0.62653595|0.23154591
1509580137677|1.0623871|-0.91256326|-0.08172209
1509580137805|0.17706451|-0.83084124|0.98066497
1509580137936|3.214402|-2.4789033|0.040861044
1509580138068|0.14982383|-1.9068487|0.43585113
1509580138200|0.38136974|-1.0896277|2.4789033
1509580138333|2.2745981|-0.068101734|-1.3620348
1509580138464|-0.28602728|-0.013620348|-3.6230123
1509580138596|-0.62653595|-0.24516624|-0.027240695
1509580138727|-0.3405087|-0.12258312|-1.484618
1509580138860|0.0|-1.7570248|0.939804
1509580138992|-0.46309182|0.17706451|2.5061438
1509580139128|0.8036005|1.4165161|-2.0975335
1509580139256|-0.8036005|-0.38136974|-1.56634
1509580139388|0.29964766|0.7354987|-0.939804
1509580139523|-0.5448139|0.19068487|0.6401563
1509580139652|-0.28602728|-0.5992953|0.25878662
1509580139784|0.35412902|2.233737|0.19068487
1509580139916|-1.0351465|1.3620348|-1.9885707
1509580140048|-1.2803127|0.49033248|-2.0158114
1509580140180|0.8989429|1.0079057|-1.4165161
1509580140312|-1.3075534|0.7218784|2.9283745
1509580140444|0.19068487|0.84446156|-0.7218784
1509580140576|0.3405087|2.2064962|0.8036005
1509580140708|3.1054392|0.53119355|3.2416425
1509580140840|1.8115062|2.9556153|1.3484143
1509580140972|3.5412903|4.004382|-1.1985906
1509580141104|3.718355|4.2495484|-1.2803127
1509580141241|5.4208984|4.0452433|1.5390993
1509580141368|5.89761|3.1463003|2.4516625
1509580141501|5.1076303|2.2609777|0.8172208
1509580141632|2.4244218|2.6151068|0.027240695
1509580141764|2.2745981|2.5061438|-0.21792556
1509580141896|2.5742457|1.5390993|0.38136974
1509580142029|3.323365|1.8659877|-0.47671217
1509580142160|3.0645783|1.838747|-0.44947144
1509580142292|1.7434045|0.6946377|0.47671217
1509580142424|0.17706451|1.334794|-1.648062
1509580142556|-0.38136974|0.53119355|-0.62653595
1509580142688|0.5992953|0.10896278|0.51757324
1509580142820|1.2394516|0.35412902|-0.040861044
1509580142952|1.7978858|0.44947144|-0.16344418
1509580143085|0.62653595|-0.14982383|-0.51757324
1509580143220|-0.6537767|0.32688835|-0.16344418
1509580143348|-0.31326798|0.23154591|-1.0079057
1509580143481|0.50395286|-0.2043052|-0.17706451
1509580143612|1.2258313|-0.28602728|0.92618364
1509580143744|0.7899802|-0.16344418|-0.013620348
1509580143876|-0.4086104|-0.83084124|-0.55843425
1509580144008|-0.7763598|-0.46309182|0.29964766
1509580144140|-1.1168685|-0.99428535|-0.83084124
1509580144272|0.0|-0.35412902|0.23154591
1509580144404|1.1849703|-0.49033248|0.98066497
1509580144539|-0.027240695|-0.6946377|0.16344418
1509580144669|-1.3620348|-0.939804|-0.5448139
1509580144800|-1.0760074|-0.7627395|0.05448139
1509580144933|-0.4086104|-0.61291564|-1.375655
1509580145065|0.62653595|-0.61291564|0.83084124
1509580145201|1.838747|-0.21792556|0.43585113
1509580145328|0.16344418|-0.21792556|0.05448139
1509580145460|0.35412902|-0.13620347|-0.50395286
1509580145592|-0.51757324|0.92618364|-1.3075534
1509580145724|-0.28602728|-0.5448139|-0.91256326
1509580145856|0.47671217|0.095342435|0.667397
1509580145988|1.1713499|0.027240695|0.2043052
1509580146120|0.49033248|-0.7354987|-0.068101734
1509580146252|-0.55843425|-0.51757324|-0.62653595
1509580146384|-0.8172208|-0.6946377|1.484618
1509580146518|-0.5448139|-0.6810174|-1.6889231
1509580146648|0.6810174|-0.83084124|0.96704465
1509580146781|1.0487667|-1.1985906|2.1383946
1509580146912|-0.23154591|-0.98066497|-0.3405087
1509580147044|-0.7899802|-0.55843425|-0.6401563
1509580147176|-1.1032481|-0.7354987|-0.38136974
1509580147308|-0.8580819|-0.5448139|-2.083913
1509580147440|-0.62653595|-0.19068487|0.87170225
1509580147572|-0.98066497|-1.9749503|1.3075534
1509580147705|-0.36774936|-1.1849703|0.6537767
1509580147836|-1.2530719|1.5527196|-3.050958
1509580147968|-0.83084124|-0.08172209|-2.9828563
1509580148101|-0.38136974|-5.257454|2.8466525
1509580148232|-0.7763598|0.7354987|-3.6638737
1509580148364|-3.3642259|-0.57205456|-2.1520147
1509580148496|2.7921712|-2.547005|2.0566726
1509580148628|1.9613299|-0.7354987|0.43585113
1509580148760|1.3075534|-1.7706451|1.0896277
1509580148892|1.8932283|-2.6151068|2.233737
1509580149024|-0.2043052|1.3620348|-2.7104492
1509580149156|0.10896278|-1.0215261|1.293933
1509580149288|-0.13620347|-1.3211737|-1.1985906
1509580149420|2.070293|-0.38136974|-0.61291564
1509580149552|-1.5799603|-0.42223078|0.96704465
1509580149684|-1.607201|0.5448139|1.4301364
1509580149816|1.607201|-0.12258312|-3.6230123
1509580149948|-4.372132|0.08172209|-0.57205456
1509580150081|-3.1190596|3.5004294|-6.7284517
1509580150212|-4.4129925|0.98066497|-3.0237172
1509580150344|-5.7069254|0.35412902|-2.0294318
1509580150476|-2.165635|1.5799603|-0.7899802
1509580150609|0.13620347|1.5118586|-6.1291566
1509580150741|-3.8954194|0.7218784|-3.7047346
1509580150872|-2.8466525|0.58567494|-0.46309182
1509580151004|1.1304889|-0.96704465|0.6537767
1509580151136|-1.2258313|-0.43585113|0.05448139
1509580151268|1.1713499|0.70825803|-1.0896277
1509580151402|1.0215261|0.08172209|-3.5957716
1509580151532|-0.08172209|-0.28602728|-1.0760074
1509580151667|1.4437568|0.35412902|0.16344418
1509580151796|0.17706451|-0.42223078|1.2803127
1509580151928|1.4573771|-0.8580819|0.87170225
1509580152060|1.5118586|0.42223078|0.16344418
1509580152192|1.4301364|0.08172209|-2.0158114
1509580152324|-0.29964766|-2.192876|0.13620347
1509580152456|0.42223078|-1.4982383|2.5742457
1509580152588|2.4516625|-1.607201|-0.17706451
1509580152720|-0.8036005|-2.083913|3.0237172
1509580152852|3.2688832|-0.91256326|0.49033248
1509580152992|2.002191|-0.3949901|-1.5118586
1509580153117|-1.1441091|-1.5799603|-1.5118586
1509580153248|0.8853226|-0.83084124|0.31326798
1509580153380|-0.21792556|-1.0351465|-0.5448139
1509580153512|0.24516624|-1.5118586|1.0760074
1509580153644|1.0079057|-0.3949901|-0.42223078
1509580153777|1.2258313|-1.7297841|-0.19068487
1509580153908|-0.35412902|-1.2122109|0.5448139
1509580154040|1.0896277|-1.293933|2.5197642
1509580154173|2.819412|-1.5935806|-1.4982383
1509580154304|0.7218784|-1.1985906|1.525479
1509580154436|4.671779|-1.7025435|0.12258312
1509580154568|-3.4595683|-2.465283|1.0487667
1509580154701|1.9068487|-2.0294318|-0.17706451
1509580154833|1.0760074|-1.7297841|1.1849703
1509580154965|1.2122109|-0.91256326|-1.56634
1509580155096|-0.83084124|-0.21792556|1.9613299
1509580155228|2.1111538|0.667397|-1.2394516
1509580155360|-0.32688835|1.0351465|-2.4380422
1509580155493|-3.1735408|1.0487667|-2.070293
1509580155624|0.96704465|0.29964766|0.29964766
1509580155755|-2.192876|2.002191|-4.113345
1509580155888|-0.92618364|1.4165161|-0.92618364
1509580156026|-0.8172208|2.083913|-1.56634
1509580156152|-0.16344418|2.3971813|-3.609392
1509580156284|-1.7842655|1.2530719|0.6537767
1509580156416|2.0294318|1.9613299|-0.92618364
1509580156548|4.2904096|0.58567494|0.7218784
1509580156680|4.004382|-1.838747|2.4925234
1509580156812|3.1190596|-1.4437568|1.56634
1509580156944|3.8954194|-2.165635|1.1577295
1509580157076|-0.36774936|1.7978858|-0.61291564
1509580157209|-1.8932283|0.62653595|-2.5197642
1509580157341|0.12258312|1.7025435|3.3369853
1509580157472|3.800077|2.3290794|-5.325556
1509580157604|2.7649305|-3.214402|0.7218784
1509580157736|3.9907618|0.08172209|5.3527966
1509580157868|-1.1304889|0.25878662|-1.0487667
1509580158000|1.0623871|1.6344416|-0.939804
1509580158132|4.4947147|-0.4086104|2.4789033
1509580158264|1.4982383|1.4437568|-1.0079057
1509580158396|-0.57205456|3.13268|-0.4086104
1509580158528|-0.16344418|3.445948|-6.810174
1509580158664|0.47671217|-3.0373375|4.276789
1509580158792|-0.3949901|0.16344418|0.667397
1509580158924|1.7706451|-0.21792556|-1.4437568
1509580159056|-0.42223078|-0.6401563|-0.4086104
1509580159188|-0.05448139|0.99428535|0.7354987
1509580159320|0.74911916|-0.3405087|0.8036005
1509580159452|-0.51757324|-0.8580819|0.10896278
1509580159584|-2.0566726|-0.23154591|-0.8853226
1509580159716|0.61291564|-0.25878662|-0.7763598
1509580159848|0.38136974|-0.08172209|1.3892754
1509580159980|1.7706451|-0.6401563|-0.667397
1509580160112|1.8659877|-1.5118586|0.61291564
1509580160244|-1.5799603|0.8580819|-1.0079057
1509580160376|-1.7978858|0.61291564|-0.6810174
1509580160508|-0.8172208|0.92618364|0.8580819
1509580160640|0.095342435|0.6946377|-0.91256326
1509580160772|2.465283|0.3405087|0.6537767
1509580160904|1.8659877|1.1032481|-0.95342433
1509580161036|2.1520147|0.6810174|-0.16344418
1509580161168|-0.6401563|0.51757324|1.2803127
1509580161300|1.2530719|0.027240695|-1.3620348
1509580161432|0.51757324|0.2043052|-0.51757324
1509580161564|0.027240695|-1.0351465|2.3699405
1509580161695|1.8115062|-0.040861044|-0.040861044
1509580161828|0.2043052|1.0487667|-0.7218784
1509580161960|1.4301364|-0.3405087|-0.57205456
1509580162092|0.8853226|0.28602728|-0.8172208
