1509546012279|0.65999997|23.58|-30.84
1509546012411|1.9799999|24.539999|-30.119999
1509546012542|4.74|26.039999|-30.3
1509546012675|7.3199997|27.359999|-28.859999
1509546012807|9.12|29.46|-25.619999
1509546012942|10.74|31.38|-21.9
1509546013071|13.38|33.899998|-18.539999
1509546013203|15.66|34.8|-14.88
1509546013335|18.42|34.86|-13.5
1509546013467|21.119999|34.26|-13.2
1509546013599|24.48|32.82|-14.759999
1509546013731|26.039999|32.1|-14.16
1509546013863|27.66|30.48|-13.0199995
1509546013995|30.96|27.06|-10.44
1509546014127|34.079998|23.4|-7.3199997
1509546014259|37.26|17.52|-3.84
1509546014391|39.899998|13.5|-1.62
1509546014523|40.32|13.2|-0.48
1509546014655|38.879997|16.32|0.35999998
1509546014787|35.64|22.619999|-2.8799999
1509546014919|31.26|27.42|-8.34
1509546015051|26.76|28.68|-15.48
1509546015182|21.779999|29.16|-21.24
1509546015314|17.94|28.199999|-24.24
1509546015447|17.1|26.699999|-24.18
1509546015579|19.14|25.439999|-21.539999
1509546015712|22.32|24.6|-19.619999
1509546015843|25.74|24.0|-18.66
1509546015975|26.82|24.06|-18.42
1509546016106|25.199999|25.56|-20.22
1509546016238|23.939999|26.099998|-22.56
1509546016371|22.5|26.039999|-24.3
1509546016507|21.96|24.9|-26.58
1509546016636|22.5|23.519999|-27.96
1509546016767|23.88|22.98|-27.539999
1509546016899|25.8|21.6|-27.539999
1509546017031|27.96|21.119999|-25.619999
1509546017163|29.519999|20.82|-24.24
1509546017295|30.179998|20.82|-23.58
1509546017427|29.039999|21.66|-23.519999
1509546017559|26.46|22.439999|-24.84
1509546017691|22.32|23.4|-27.119999
1509546017822|15.839999|24.06|-29.88
1509546017955|9.24|22.619999|-33.239998
1509546018086|2.58|19.859999|-36.18
1509546018219|-2.76|15.42|-38.7
1509546018351|-6.0|10.0199995|-40.32
1509546018483|-6.7799997|4.68|-40.8
1509546018615|-6.12|0.65999997|-41.399998
1509546018747|-4.56|-2.52|-41.76
1509546018879|-2.82|-4.2|-42.0
1509546019011|-1.0799999|-5.46|-42.18
1509546019143|1.92|-7.9199996|-41.7
1509546019279|5.4|-10.74|-40.5
1509546019407|10.74|-13.139999|-38.94
1509546019543|16.26|-13.62|-36.899998
1509546019670|20.88|-12.54|-35.34
1509546019802|25.019999|-12.599999|-32.7
1509546019935|25.019999|-14.88|-30.96
1509546020067|22.56|-15.96|-31.5
1509546020199|18.359999|-16.68|-32.88
1509546020330|12.84|-13.98|-36.239998
1509546020463|9.059999|-8.5199995|-39.42
1509546020595|8.099999|-5.2799997|-40.5
1509546020727|8.82|-4.98|-40.32
1509546020859|10.679999|-8.58|-38.46
1509546020991|13.0199995|-12.059999|-37.559998
1509546021125|14.46|-14.58|-36.84
1509546021255|15.179999|-16.38|-36.899998
1509546021387|13.2|-16.98|-37.559998
1509546021519|10.32|-18.66|-37.38
1509546021651|5.7599998|-19.859999|-38.1
1509546021783|1.14|-18.96|-38.82
1509546021915|-2.22|-15.719999|-40.2
1509546022047|-4.38|-12.84|-41.28
1509546022179|-5.7|-11.219999|-41.52
1509546022311|-5.94|-11.4|-41.219997
1509546022443|-4.14|-13.08|-40.86
1509546022574|-1.62|-15.96|-39.66
1509546022707|2.28|-18.9|-37.98
1509546022839|7.68|-22.26|-34.68
1509546022982|10.2|-22.859999|-33.84
1509546023103|10.679999|-20.58|-34.739998
1509546023234|9.96|-19.02|-36.059998
1509546023367|6.48|-17.46|-38.399998
1509546023499|4.2599998|-17.82|-38.28
1509546023631|3.54|-19.92|-37.02
1509546023763|4.8599997|-21.06|-35.76
1509546023895|7.9199996|-21.72|-34.14
1509546024027|12.599999|-22.56|-31.98
1509546024159|18.0|-22.68|-29.16
1509546024291|22.08|-22.08|-27.119999
1509546024423|25.56|-21.0|-26.22
1509546024555|27.72|-19.5|-25.74
1509546024686|27.779999|-18.9|-26.519999
1509546024819|27.06|-19.199999|-26.939999
1509546024951|25.5|-18.72|-28.32
1509546025083|24.18|-18.9|-29.279999
1509546025216|23.1|-18.6|-30.539999
1509546025347|22.56|-19.98|-30.48
1509546025479|22.38|-20.279999|-30.3
1509546025611|21.42|-19.92|-30.96
1509546025743|20.52|-18.779999|-31.38
1509546025875|19.38|-15.299999|-33.36
1509546026007|17.88|-12.48|-34.739998
1509546026139|16.56|-10.62|-35.88
1509546026271|15.66|-9.059999|-37.02
1509546026403|16.08|-8.639999|-36.96
1509546026535|17.58|-10.2|-36.0
1509546026667|19.8|-10.86|-34.98
1509546026799|21.72|-10.38|-34.38
1509546026931|22.68|-10.679999|-34.44
1509546027063|22.56|-9.66|-35.46
1509546027195|21.18|-10.559999|-36.3
1509546027327|19.68|-12.12|-37.44
1509546027459|19.08|-13.259999|-37.739998
1509546027591|18.48|-14.639999|-38.16
1509546027723|18.779999|-14.88|-38.579998
1509546027854|18.24|-15.78|-38.64
1509546027987|15.0|-15.179999|-40.079998
1509546028118|10.139999|-12.48|-41.76
1509546028251|3.9599998|-7.74|-43.32
1509546028383|-0.29999998|-0.78|-43.92
1509546028515|-1.14|6.12|-43.86
1509546028647|-0.29999998|14.099999|-41.34
1509546028779|1.56|22.92|-35.399998
1509546028911|1.86|28.5|-31.14
1509546029043|-0.24|31.32|-29.279999
1509546029175|-1.3199999|32.34|-27.539999
1509546029307|-1.3199999|31.859999|-28.199999
1509546029439|0.29999998|32.28|-27.359999
1509546029571|1.62|33.899998|-26.4
1509546029702|3.6|33.78|-26.58
1509546029834|5.2799997|30.84|-30.24
1509546029968|5.58|27.48|-34.079998
1509546030099|7.56|22.38|-36.84
1509546030233|8.7|15.54|-40.739998
1509546030363|9.9|8.58|-42.3
1509546030496|12.12|1.3199999|-43.2
1509546030627|14.34|-3.36|-42.78
1509546030759|17.46|-7.2|-40.32
1509546030891|20.939999|-10.08|-37.2
1509546031022|25.019999|-12.54|-33.3
1509546031155|28.92|-14.82|-29.46
1509546031286|32.04|-15.42|-26.64
1509546031424|34.38|-13.44|-24.48
1509546031551|36.42|-10.38|-23.58
1509546031683|37.62|-6.54|-23.699999
1509546031815|38.46|-3.4199998|-23.82
1509546031947|39.059998|-1.9799999|-24.6
1509546032078|38.52|-1.14|-25.619999
1509546032211|37.98|-1.68|-25.92
1509546032343|37.32|-2.1599998|-26.699999
1509546032475|36.54|-2.6399999|-27.0
1509546032607|36.899998|-3.4199998|-26.58
1509546032739|37.8|-4.3199997|-25.14
1509546032870|38.76|-4.56|-23.519999
1509546033003|39.78|-4.2|-21.72
1509546033135|39.899998|-1.14|-21.06
1509546033269|39.3|3.54|-21.3
1509546033399|38.04|8.94|-21.72
1509546033531|36.059998|14.58|-23.039999
1509546033663|32.52|18.72|-23.939999
1509546033795|28.56|22.5|-25.14
1509546033927|24.3|25.439999|-26.46
1509546034061|20.279999|27.84|-26.76
1509546034192|18.24|28.56|-26.88
1509546034323|17.52|27.599998|-27.0
1509546034454|18.0|26.699999|-26.88
1509546034586|17.94|25.68|-26.82
1509546034721|16.98|25.619999|-26.82
1509546034851|15.42|26.099998|-27.0
1509546034983|13.98|25.74|-27.3
1509546035115|13.98|25.439999|-27.96
1509546035247|15.179999|24.96|-28.08
1509546035379|17.58|24.3|-27.48
1509546035511|21.84|22.439999|-26.34
1509546035643|24.96|19.859999|-25.74
1509546035775|26.88|17.46|-26.4
1509546035909|26.699999|16.8|-27.359999
1509546036039|23.519999|18.0|-29.519999
1509546036171|19.74|19.56|-31.619999
1509546036304|16.26|20.279999|-33.719997
1509546036435|13.38|19.8|-36.0
1509546036567|10.2|18.539999|-37.739998
1509546036699|7.62|17.039999|-39.42
1509546036831|3.78|15.78|-40.02
1509546036963|-0.24|13.32|-40.559998
1509546037095|-3.84|11.46|-40.68
1509546037227|-4.8599997|11.28|-40.379997
1509546037359|-1.38|13.259999|-39.0
1509546037491|2.1599998|16.32|-37.8
1509546037623|3.72|18.3|-37.44
1509546037754|1.68|16.74|-37.32
1509546037886|-4.44|12.78|-38.46
1509546038019|-9.179999|9.179999|-39.3
1509546038151|-9.54|8.16|-39.6
1509546038283|-6.3599997|9.9|-39.3
1509546038414|0.48|11.88|-38.94
1509546038547|8.099999|14.04|-37.68
1509546038679|14.28|15.36|-35.76
1509546038811|18.72|16.38|-34.02
1509546038943|20.76|18.0|-32.579998
1509546039075|21.72|19.26|-31.74
1509546039206|22.08|20.76|-30.84
1509546039339|21.9|22.619999|-29.64
1509546039470|20.76|25.199999|-28.08
1509546039604|19.98|28.14|-26.34
1509546039736|20.64|28.38|-25.619999
1509546039866|22.98|27.0|-25.38
1509546039999|25.859999|24.779999|-25.26
1509546040130|26.88|23.64|-25.92
1509546040263|25.859999|24.18|-26.34
1509546040395|23.58|25.32|-27.3
1509546040527|21.0|25.32|-28.92
1509546040659|19.5|24.359999|-29.939999
1509546040791|18.18|23.939999|-30.179998
1509546040923|18.539999|22.619999|-30.3
1509546041054|19.5|21.539999|-30.0
1509546041186|20.76|19.68|-29.82
1509546041319|20.34|17.94|-31.26
1509546041451|16.8|17.699999|-33.239998
1509546041583|12.12|17.1|-35.219997
1509546041715|5.3399997|15.179999|-38.1
1509546041847|-0.06|9.96|-39.96
1509546041979|-4.2599998|1.68|-40.559998
1509546042111|-5.94|-7.2599998|-40.739998
1509546042243|-5.64|-15.0|-39.239998
1509546042376|-4.02|-21.0|-37.079998
1509546042507|-2.3999999|-24.48|-35.7
1509546042638|-2.28|-26.279999|-34.44
1509546042774|-1.26|-27.539999|-34.2
1509546042904|-0.35999998|-28.5|-33.78
1509546043035|1.38|-29.039999|-33.0
1509546043167|3.78|-30.3|-31.5
1509546043299|6.8999996|-31.38|-29.519999
1509546043432|9.059999|-31.8|-28.38
1509546043563|9.48|-32.52|-27.359999
1509546043695|10.0199995|-32.28|-26.939999
1509546043827|8.46|-31.14|-28.38
1509546043959|7.98|-30.72|-28.92
1509546044091|6.72|-29.939999|-29.76
1509546044223|4.7999997|-30.0|-29.699999
1509546044354|3.72|-31.199999|-28.56
1509546044487|0.78|-31.5|-28.08
1509546044619|0.12|-32.04|-27.3
1509546044751|-0.53999996|-32.34|-27.24
1509546044883|-2.28|-31.8|-27.24
1509546045015|-3.6|-31.14|-27.599998
1509546045147|-4.2599998|-30.179998|-28.14
1509546045279|-4.3199997|-28.859999|-29.16
1509546045411|-3.36|-28.56|-29.699999
1509546045543|-2.34|-28.8|-29.76
1509546045680|-1.9799999|-28.439999|-29.939999
1509546045809|-1.92|-28.26|-29.939999
1509546045939|-1.92|-28.199999|-29.64
1509546046072|-0.9|-27.779999|-29.76
