1509546012523|59
1509546012727|39
1509546012929|14
1509546013134|11
1509546013744|8
1509546014359|5
1509546014564|2
1509546014975|5
1509546015384|2
1509546015593|0
1509546019062|2
1509546019267|0
1509546020290|8
1509546020496|22
1509546020701|11
1509546021110|8
1509546021315|11
1509546021522|14
1509546021729|82
1509546021930|96
1509546022136|87
1509546022342|93
1509546022547|76
1509546022754|65
1509546022958|59
1509546023164|8
1509546023380|17
1509546023580|11
1509546023778|8
1509546023983|19
1509546024191|45
1509546024395|22
1509546024600|8
1509546025010|5
1509546025218|2
1509546025433|5
1509546025633|2
1509546026045|0
1509546026248|2
1509546026452|0
1509546035234|2
1509546036865|5
1509546037274|8
1509546040960|5
1509546041363|8
1509546041567|28
1509546041773|45
1509546041983|11
1509546042194|8
1509546043821|22
1509546044028|31
1509546044232|36
1509546044444|79
1509546044641|96
1509546044847|79
1509546045052|102
1509546045262|110
1509546045460|119
1509546045666|110
1509546045875|107
1509546046078|110
