1509323206558|98
1509323206759|92
1509323206962|107
1509323207174|115
1509323207370|123
1509323207571|130
1509323207775|132
1509323207979|136
1509323208193|143
1509323208398|112
1509323208602|140
1509323208806|146
1509323209013|141
1509323209221|139
1509323209421|159
1509323209624|191
1509323209827|204
1509323210031|196
1509323210235|190
1509323210438|183
1509323210649|182
1509323210856|187
1509323211056|192
1509323211257|203
1509323211462|191
1509323211666|195
1509323211871|192
1509323212074|164
1509323212281|166
1509323212485|154
1509323212688|166
1509323212893|205
1509323213100|235
1509323213305|246
1509323213509|225
1509323213713|221
1509323213918|216
1509323214124|244
1509323214329|231
1509323214533|258
1509323214741|259
1509323214943|257
1509323215153|281
1509323215356|265
1509323215559|259
1509323215758|267
1509323215963|279
1509323216167|278
1509323216371|303
1509323216575|287
1509323216778|267
1509323216984|275
1509323217187|284
1509323217391|277
1509323217594|259
1509323217799|277
1509323218005|279
1509323218206|269
1509323218410|260
1509323218616|259
1509323218821|226
1509323219028|268
1509323219236|270
1509323219443|273
1509323219647|276
1509323219861|281
1509323220065|280
1509323220271|279
1509323220480|241
1509323220685|250
1509323220886|255
1509323221085|249
1509323221290|259
1509323221494|260
1509323221699|256
1509323221902|250
1509323222106|253
1509323222310|249
1509323222513|246
1509323222717|274
1509323222923|276
1509323223127|277
1509323223331|275
1509323223542|278
1509323223941|263
1509323224147|281
1509323224351|282
