1509546052739|-2.75131|2.6151068|9.057531
1509546052870|-2.8057916|2.6832085|9.01667
1509546053003|-2.901134|2.75131|8.962189
1509546053134|-3.0645783|2.8057916|8.894087
1509546053266|-3.296124|2.8466525|8.798745
1509546053400|-3.7319753|2.5606253|8.703402
1509546053531|-4.167826|1.920469|8.676161
1509546053665|-4.4947147|1.3892754|8.608059
1509546053795|-4.8488436|0.8172208|8.499097
1509546053927|-5.2302136|0.14982383|8.308412
1509546054059|-5.4617596|-0.53119355|8.131348
1509546054190|-5.597963|-1.1304889|7.9815235
1509546054323|-5.720546|-1.648062|7.804459
1509546054456|-5.938472|-2.1792555|7.504812
1509546054588|-6.101916|-2.6832085|7.191543
1509546054718|-6.2108784|-3.1463003|6.9191365
1509546054850|-6.26536|-3.5549107|6.6603503
1509546054983|-6.3198414|-3.718355|6.524146
1509546055115|-6.387943|-3.677494|6.469665
1509546055247|-6.4151835|-3.6230123|6.483285
1509546055380|-6.428804|-3.5821512|6.483285
1509546055510|-6.4560447|-3.609392|6.4560447
1509546055643|-6.6194887|-3.5549107|6.3198414
1509546055775|-6.7965536|-3.4731886|6.1563973
1509546055906|-6.8782754|-3.4323275|6.101916
1509546056039|-6.905516|-3.214402|6.1836376
1509546056177|-6.851035|-2.8466525|6.4151835
1509546056303|-6.565007|-2.2882183|6.932757
1509546056434|-6.0882955|-1.6616825|7.518432
1509546056566|-5.50262|-1.0215261|8.063246
1509546056699|-4.944186|-0.53119355|8.458236
1509546056831|-4.426613|0.16344418|8.757884
1509546056965|-3.7319753|0.8853226|9.030291
1509546057095|-2.8466525|1.6889231|9.234595
1509546057230|-1.6753027|2.4925234|9.343558
1509546057358|-0.46309182|3.13268|9.289077
1509546057491|0.4086104|3.3914666|9.207355
1509546057622|1.0896277|3.2688832|9.193734
1509546057755|1.5527196|3.1599207|9.166493
1509546057887|1.8523673|3.0373375|9.139253
1509546058019|2.0294318|2.860273|9.166493
1509546058154|2.1383946|2.6559677|9.207355
1509546058283|2.3018386|2.5197642|9.193734
1509546058415|2.5742457|2.4108014|9.152873
1509546058547|2.819412|2.2473574|9.125632
1509546058679|2.9828563|2.0566726|9.125632
1509546058810|3.1735408|1.9068487|9.084772
1509546058943|3.2825036|1.838747|9.057531
1509546059075|3.2280223|1.8523673|9.071152
1509546059207|3.010097|1.920469|9.139253
1509546059338|2.7921712|1.9749503|9.193734
1509546059470|2.6968286|2.0158114|9.220975
1509546059604|2.6832085|2.0430522|9.207355
1509546059734|2.6832085|2.0430522|9.220975
1509546059867|2.6559677|2.0430522|9.220975
1509546059999|2.6014864|1.9885707|9.248216
1509546060130|2.3018386|1.9613299|9.329938
1509546060263|1.5118586|1.9613299|9.493382
1509546060395|0.6401563|1.920469|9.602345
1509546060526|0.13620347|1.7978858|9.643206
1509546060658|0.12258312|1.4982383|9.697687
1509546060791|0.21792556|1.2394516|9.738548
1509546060922|-0.4086104|0.96704465|9.752169
1509546061055|-1.56634|0.7627395|9.656826
1509546061194|-2.901134|0.62653595|9.357179
1509546061318|-4.2223077|0.42223078|8.853226
1509546061451|-5.202973|0.21792556|8.322032
1509546061583|-6.1563973|0.21792556|7.641015
1509546061715|-6.810174|0.13620347|7.06896
1509546061848|-7.232404|0.0|6.6331096
1509546061978|-7.641015|-0.12258312|6.1700177
1509546062111|-8.185829|-0.16344418|5.4208984
1509546062242|-8.6353|-0.2043052|4.658159
1509546062375|-8.880466|-0.14982383|4.195067
1509546062508|-8.948568|-0.10896278|4.031623
1509546062638|-8.812365|-0.08172209|4.31765
1509546062776|-8.703402|-0.08172209|4.535576
1509546062903|-8.744264|0.068101734|4.467474
1509546063035|-8.703402|0.13620347|4.5491962
1509546063167|-8.417375|0.14982383|5.0531487
1509546063298|-8.117727|0.23154591|5.50262
1509546063431|-7.7772183|0.43585113|5.9657125
1509546063563|-7.354988|0.57205456|6.469665
1509546063696|-6.782933|0.6401563|7.06896
1509546063828|-6.360702|0.7627395|7.43671
1509546063958|-6.1563973|0.8172208|7.600154
1509546064090|-6.033814|0.8036005|7.695496
1509546064223|-5.938472|0.7899802|7.7772183
1509546064356|-5.6252036|0.74911916|8.008764
1509546064487|-5.175732|0.7218784|8.308412
1509546064618|-4.821603|0.70825803|8.512717
1509546064751|-4.590057|0.70825803|8.64892
1509546064883|-4.508335|0.6810174|8.689781
1509546065013|-4.4947147|0.6401563|8.703402
1509546065145|-4.5219555|0.57205456|8.689781
1509546065279|-4.5491962|0.46309182|8.689781
1509546065411|-4.5491962|0.3405087|8.689781
1509546065543|-4.440233|0.29964766|8.744264
1509546065674|-4.3448906|0.36774936|8.798745
1509546065807|-4.195067|0.50395286|8.853226
1509546065938|-3.9907618|0.6537767|8.948568
1509546066070|-3.8136973|0.7354987|9.01667
1509546066212|-3.7047346|0.7627395|9.057531
1509546066334|-3.5821512|0.83084124|9.0983925
1509546066466|-3.3778462|0.92618364|9.166493
1509546066597|-3.1599207|0.98066497|9.248216
1509546066731|-3.0237172|0.99428535|9.289077
1509546066862|-2.9964767|1.0215261|9.289077
1509546066995|-2.9964767|1.0215261|9.289077
1509546067127|-2.9828563|1.0351465|9.289077
1509546067259|-2.9828563|1.0351465|9.289077
1509546067396|-3.0645783|0.91256326|9.275456
1509546067523|-3.214402|0.7354987|9.248216
1509546067655|-3.296124|0.62653595|9.220975
1509546067788|-3.3097444|0.5448139|9.220975
1509546067918|-3.4187074|0.44947144|9.193734
1509546068050|-3.7319753|0.29964766|9.071152
1509546068183|-3.9362803|0.19068487|8.989429
1509546068315|-4.0861044|0.12258312|8.921328
1509546068447|-4.2904096|0.095342435|8.825985
1509546068580|-4.630918|0.08172209|8.66254
1509546068711|-4.930566|0.068101734|8.4854765
1509546068849|-5.1076303|0.068101734|8.3765135
1509546068975|-5.1893525|0.13620347|8.335652
1509546069107|-5.202973|0.27240694|8.322032
1509546069238|-5.2302136|0.36774936|8.294791
1509546069373|-5.3527966|0.4086104|8.22669
1509546069502|-5.5162406|0.43585113|8.104107
1509546069635|-5.638824|0.44947144|8.022385
1509546069766|-5.7069254|0.44947144|7.9815235
1509546069899|-5.7477865|0.43585113|7.9406624
1509546070030|-5.693305|0.31326798|7.9951434
1509546070161|-5.4617596|0.17706451|8.158588
1509546070294|-5.2710743|0.08172209|8.281172
1509546070427|-5.1484914|0.0|8.362893
1509546070559|-5.0667696|-0.12258312|8.403754
1509546070691|-5.0395284|-0.21792556|8.417375
1509546070822|-5.0122876|-0.25878662|8.430995
1509546070955|-4.985047|-0.27240694|8.444615
1509546071087|-4.807983|-0.13620347|8.553578
1509546071219|-4.562816|0.040861044|8.689781
1509546071350|-4.358511|0.21792556|8.798745
1509546071483|-4.2086873|0.42223078|8.853226
1509546071616|-4.167826|0.5992953|8.866846
1509546071746|-4.167826|0.70825803|8.853226
1509546071878|-4.2223077|0.7763598|8.825985
1509546072011|-4.2223077|0.8172208|8.825985
1509546072142|-4.2223077|0.87170225|8.812365
1509546072275|-4.2086873|0.8853226|8.825985
1509546072407|-4.235928|0.8580819|8.812365
1509546072539|-4.3448906|0.7218784|8.771504
1509546072670|-4.508335|0.46309182|8.703402
1509546072803|-4.658159|0.16344418|8.6353
1509546072934|-4.780742|-0.068101734|8.567199
1509546073066|-4.862464|-0.24516624|8.526338
1509546073198|-4.8760843|-0.31326798|8.512717
1509546073331|-4.821603|-0.35412902|8.539958
1509546073463|-4.739881|-0.4086104|8.580819
1509546073595|-4.658159|-0.47671217|8.621679
1509546073728|-4.630918|-0.55843425|8.6353
1509546073859|-4.630918|-0.57205456|8.6353
1509546073991|-4.69902|-0.5448139|8.594439
1509546074126|-4.739881|-0.53119355|8.580819
1509546074255|-4.7262607|-0.47671217|8.580819
1509546074387|-4.6853995|-0.25878662|8.621679
1509546074519|-4.590057|0.0|8.676161
1509546074651|-4.467474|0.14982383|8.744264
1509546074783|-4.358511|0.25878662|8.785125
1509546074916|-4.31765|0.47671217|8.798745
1509546075048|-4.263169|0.7763598|8.812365
1509546075179|-4.195067|1.0760074|8.812365
1509546075312|-4.0861044|1.334794|8.825985
1509546075443|-3.7455957|1.5390993|8.948568
1509546075575|-3.3097444|1.7297841|9.084772
1509546075708|-3.050958|1.838747|9.152873
1509546075839|-2.9556153|1.879608|9.166493
1509546075971|-2.9556153|1.8932283|9.166493
1509546076102|-3.1054392|1.7978858|9.139253
1509546076235|-3.3369853|1.6616825|9.084772
1509546076366|-3.445948|1.4982383|9.071152
1509546076498|-3.5140495|1.3075534|9.071152
1509546076638|-3.5412903|1.0760074|9.084772
1509546076762|-3.5412903|0.8580819|9.112013
1509546076895|-3.5412903|0.667397|9.125632
1509546077027|-3.5957716|0.51757324|9.125632
1509546077158|-3.759216|0.3949901|9.057531
1509546077290|-3.9499006|0.21792556|8.989429
1509546077423|-4.031623|0.027240695|8.948568
1509546077556|-4.0588636|-0.14982383|8.934948
1509546077690|-4.072484|-0.32688835|8.921328
1509546077819|-4.0452433|-0.47671217|8.934948
1509546077955|-4.031623|-0.5992953|8.921328
1509546078083|-4.031623|-0.7218784|8.921328
1509546078215|-4.1269655|-0.83084124|8.866846
1509546078347|-4.276789|-0.92618364|8.785125
1509546078479|-4.358511|-1.0079057|8.730643
1509546078611|-4.372132|-1.0623871|8.730643
1509546078742|-4.31765|-1.0760074|8.744264
1509546078874|-4.1814466|-1.0487667|8.812365
1509546079007|-4.072484|-0.98066497|8.880466
1509546079139|-3.9499006|-0.8172208|8.948568
1509546079270|-3.8545582|-0.5992953|9.00305
1509546079403|-3.7864566|-0.36774936|9.043911
1509546079535|-3.6911142|-0.19068487|9.0983925
1509546079667|-3.5821512|-0.05448139|9.139253
1509546079799|-3.5140495|0.10896278|9.166493
1509546079931|-3.5957716|0.24516624|9.125632
1509546080063|-3.8954194|0.28602728|9.00305
1509546080195|-4.140586|0.29964766|8.894087
1509546080334|-4.372132|0.31326798|8.785125
1509546080459|-4.5219555|0.32688835|8.703402
