1509582967874|60
1509582968275|63
1509582968481|64
1509582968685|65
1509582968893|64
1509582969106|60
1509582969514|62
1509582969728|105
1509582969934|121
1509582970138|94
1509582970344|85
1509582970547|81
1509582970758|88
1509582970957|74
1509582971161|131
1509582971366|134
1509582971571|34
1509582971777|102
1509582971983|87
1509582972189|102
1509582972395|56
1509582972609|51
1509582972810|62
1509582973010|73
1509582973214|65
1509582973420|82
1509582973626|36
1509582973832|37
1509582974042|99
1509582974247|102
1509582974660|93
1509582974862|96
1509582975069|90
1509582975274|102
1509582975480|104
1509582975684|33
1509582976094|34
1509582976308|32
1509582976706|33
1509582976911|31
1509582977115|30
1509582977322|31
1509582977528|30
1509582977736|104
1509582977939|33
1509582978144|37
1509582978355|34
1509582978555|35
1509582978759|34
1509582979171|35
1509582979377|31
1509582979586|104
1509582979789|102
1509582979994|93
1509582980406|104
1509582980608|30
1509582980820|104
1509582981228|31
1509582981433|33
1509582981644|31
1509582981849|30
1509582982053|33
1509582982259|31
1509582982466|104
1509582982673|102
1509582982878|96
1509582983292|102
1509582983491|31
1509582983697|104
1509582983912|30
1509582984526|33
1509582984734|36
1509582984942|32
1509582985141|31
1509582985554|102
1509582985756|33
1509582986166|32
1509582986372|82
1509582986592|87
1509582986798|45
1509582987012|79
1509582987219|62
1509582987422|30
1509582987628|41
1509582987835|33
1509582988040|30
1509582988245|36
1509582988459|37
1509582988658|34
1509582988866|36
1509582989275|40
1509582989481|42
1509582989687|40
1509582989891|41
1509582990192|33
1509582990315|99
1509582990507|32
1509582990709|34
1509582990913|99
1509582991322|104
1509582991531|31
1509582991739|32
1509582991939|33
1509582992143|30
1509582992348|33
1509582992556|31
1509582992760|104
1509582992966|30
1509582993378|104
1509582993589|102
1509582993789|104
1509582993991|31
1509582994196|102
1509582994606|31
1509582994810|59
1509582995017|68
1509582995222|33
1509582995428|104
1509582995637|102
1509582995847|87
1509582996042|30
1509582996249|93
1509582996456|68
1509582996662|51
1509582996868|99
1509582997075|67
1509582997280|77
1509582997694|101
1509582997894|123
1509582998103|131
1509582998305|143
1509582998512|147
1509582998718|146
1509582998924|140
1509582999128|134
1509582999335|137
1509582999539|135
1509582999742|139
1509582999952|138
1509583000156|135
1509583000356|136
1509583000562|128
1509583000766|120
1509583000969|113
1509583001376|111
1509583001583|105
1509583001787|101
1509583001998|105
