1509581089985|-1.8523673|0.05448139|-1.293933
1509581090121|-2.587866|0.28602728|-1.2394516
1509581090251|-1.0215261|-0.29964766|-0.7218784
1509581090381|-2.3699405|0.57205456|-0.87170225
1509581090515|-7.763598|0.3949901|-0.939804
1509581090646|8.19945|-5.1484914|1.7706451
1509581090778|13.892755|-3.0237172|1.6889231
1509581090910|2.070293|1.9068487|-0.5448139
1509581091042|1.8659877|3.010097|-1.9340893
1509581091175|3.5549107|2.4789033|-0.84446156
1509581091306|2.4789033|1.1168685|-0.35412902
1509581091438|0.91256326|0.8989429|0.08172209
1509581091570|3.4595683|0.3405087|0.5448139
1509581091702|5.5571017|0.84446156|-0.3949901
1509581091835|1.6208212|-2.1111538|0.040861044
1509581091967|-4.4538536|-2.9964767|-1.7706451
1509581092098|-4.7126403|-1.3484143|-0.43585113
1509581092231|-2.6151068|-0.6810174|-0.5448139
1509581092362|1.8659877|1.7706451|-1.0079057
1509581092495|5.434519|3.3642259|-1.1849703
1509581092626|-1.4028958|0.7763598|-1.1441091
1509581092758|-3.800077|0.4086104|-2.75131
1509581092890|-3.4323275|-1.0215261|-0.7763598
1509581093028|0.25878662|-1.0896277|-0.21792556
1509581093155|4.7126403|0.7218784|0.7763598
1509581093287|3.8136973|0.74911916|-0.23154591
1509581093418|-0.23154591|-0.96704465|-0.8989429
1509581093551|1.4982383|-1.4573771|0.8853226
1509581093683|3.9090397|0.667397|-0.095342435
1509581093814|-0.068101734|-0.92618364|-0.24516624
1509581093946|0.32688835|-2.3563201|1.4709975
1509581094078|8.417375|1.8932283|-1.1168685
1509581094210|5.407278|-1.1713499|-2.2882183
1509581094343|-12.176591|-9.847511|1.2530719
1509581094475|-4.7262607|-8.962189|0.027240695
1509581094607|15.7996025|2.5333848|-7.3277473
1509581094742|-5.366417|-5.89761|-6.782933
1509581094883|0.8580819|-2.0158114|1.9749503
1509581095002|8.512717|6.1563973|-6.1836376
1509581095134|-9.929234|-4.7943625|-4.004382
1509581095266|6.7148314|-4.235928|-3.2007816
1509581095398|5.802268|4.0588636|-6.891896
1509581095531|-8.894087|-0.25878662|0.6810174
1509581095663|1.1849703|5.1621118|-2.1247742
1509581095794|-0.23154591|3.8273177|-2.7649305
1509581095927|-12.666923|-3.2825036|1.0215261
1509581096059|8.458236|5.9657125|-5.325556
1509581096190|-9.929234|-0.7763598|0.91256326
1509581096323|0.13620347|3.7455957|-5.025908
1509581096454|2.4516625|2.969236|0.51757324
1509581096587|-4.739881|-4.1269655|0.0
1509581096718|-0.5448139|-2.8875136|-2.3018386
1509581096851|5.6252036|2.7785509|-3.5004294
1509581096982|0.91256326|0.667397|-0.83084124
1509581097114|-0.46309182|0.83084124|-3.52767
1509581097247|-3.4731886|2.3018386|1.2666924
1509581097378|-1.334794|0.6537767|-1.7161638
1509581097510|-0.14982383|-1.6889231|3.963521
1509581097644|-9.357179|3.6230123|-3.8136973
1509581097773|2.1520147|-1.8659877|0.58567494
1509581097911|-9.316318|3.486809|-4.276789
1509581098038|-4.154206|-3.0237172|1.375655
1509581098171|11.454712|-1.3620348|2.6968286
1509581098304|-9.302697|-4.7126403|-1.7842655
1509581098434|-9.152873|-2.3426998|-0.19068487
1509581098567|3.840938|2.7649305|-2.7785509
1509581098698|4.5764365|1.9885707|-2.6151068
1509581098830|2.3290794|0.83084124|1.8932283
1509581098968|-3.5549107|1.3892754|0.61291564
1509581099096|-4.7535014|0.28602728|-2.9147542
1509581099226|17.352322|-2.9964767|-1.8115062
1509581099358|13.075533|-7.4911914|-5.4617596
1509581099490|-12.476238|-4.944186|6.0474343
1509581099623|9.01667|-2.2745981|-3.2416425
1509581099756|16.303556|-4.004382|-15.595298
1509581099886|-10.079057|-4.4947147|5.2302136
1509581100018|0.53119355|0.87170225|0.3405087
1509581100151|6.8782754|2.192876|-11.972286
1509581100288|-6.6603503|-0.16344418|2.3699405
1509581100414|-3.5140495|-2.4380422|5.652444
1509581100546|5.025908|4.0588636|-10.61025
1509581100678|-2.070293|1.2258313|-2.4925234
1509581100811|-8.090487|-2.2064962|6.6603503
1509581100942|4.508335|1.6208212|-8.512717
1509581101074|-0.10896278|0.32688835|-1.4437568
1509581101207|-5.1893525|1.3211737|3.568531
1509581101341|1.9749503|1.1849703|-3.4323275
1509581101470|-3.5004294|1.2122109|-2.9828563
1509581101603|-2.6832085|-2.8875136|0.8989429
1509581101734|1.0079057|-0.6946377|2.6014864
1509581101866|-6.4560447|-5.979333|8.117727
1509581101998|-5.298315|-5.8295083|2.5742457
1509581102131|12.299174|-2.4380422|-22.228407
1509581102262|-1.5799603|-5.3527966|-3.3778462
1509581102393|-8.676161|-0.8989429|3.8681786
1509581102526|10.760075|-1.0623871|-15.785982
1509581102657|-2.7649305|-0.013620348|-1.293933
1509581102793|-2.6014864|3.5549107|-0.50395286
1509581102922|0.5448139|1.3892754|0.29964766
1509581103054|-1.7706451|3.9226599|0.4086104
1509581103187|9.438901|0.29964766|-16.153732
1509581103319|0.8036005|-1.2530719|-0.42223078
1509581103450|-3.2688832|1.7161638|3.4323275
1509581103583|0.53119355|1.7842655|-1.4165161
1509581103714|0.05448139|1.6616825|-1.4709975
1509581103848|-6.020194|-1.2666924|-0.24516624
1509581103978|4.8488436|-3.323365|3.0237172
1509581104110|4.9986672|-2.628727|-2.6968286
1509581104242|-6.932757|-0.6401563|2.083913
1509581104375|0.3949901|-2.6559677|-0.91256326
1509581104507|3.4595683|-3.0373375|1.4573771
1509581104638|0.44947144|-2.669588|1.1441091
1509581104771|-5.1076303|-3.405087|1.3075534
1509581104902|-5.9657125|-1.1032481|1.9885707
1509581105045|-1.2666924|-5.5571017|2.73769
1509581105165|10.3242235|-2.083913|-2.1792555
1509581105298|-10.392325|-4.276789|0.95342433
1509581105431|-7.0825806|-1.2530719|2.3563201
1509581105562|8.022385|-0.8036005|-3.568531
1509581105694|-1.6753027|-1.3211737|-2.3699405
1509581105826|-9.874752|-2.4516625|5.366417
1509581105960|1.5935806|-1.6344416|1.5118586
1509581106090|2.628727|0.87170225|-3.7047346
1509581106223|-6.469665|4.2904096|-0.32688835
1509581106361|-1.0215261|-0.19068487|0.10896278
1509581106488|-5.2302136|0.95342433|2.4925234
1509581106618|8.539958|1.1441091|-6.9872384
1509581106752|-1.2803127|-4.971427|-2.5061438
1509581106896|-6.3198414|0.10896278|1.2122109
1509581107016|-0.42223078|-0.42223078|1.607201
1509581107146|-4.6172976|3.2007816|-2.6832085
1509581107277|6.932757|1.0079057|-1.9613299
1509581107410|-2.3426998|1.6889231|1.6616825
1509581107542|0.0|2.5061438|-2.2064962
1509581107675|-1.2258313|1.8932283|0.13620347
1509581107807|0.7218784|2.6151068|-3.214402
1509581107938|-0.31326798|2.233737|-0.96704465
1509581108080|0.25878662|2.3290794|-2.165635
1509581108202|-1.1985906|1.920469|-0.5448139
1509581108334|-3.5957716|1.1441091|1.8523673
1509581108466|10.392325|-1.3211737|-5.0122876
1509581108598|5.4617596|-5.89761|-7.6546354
1509581108730|-5.257454|-0.53119355|3.1190596
1509581108862|1.2258313|-1.6753027|-0.50395286
1509581108995|-1.7570248|0.31326798|0.05448139
1509581109126|-0.2043052|-0.8172208|0.96704465
1509581109260|-1.6616825|0.84446156|-0.8853226
1509581109390|0.08172209|0.24516624|-1.7842655
1509581109523|-2.383561|0.3405087|-0.70825803
1509581109654|-1.4437568|0.7218784|-1.2803127
1509581109786|-2.233737|0.5992953|0.013620348
1509581109917|-6.687591|-0.61291564|2.9147542
1509581110051|8.22669|-2.1383946|-6.0882955
1509581110182|8.240311|-4.8488436|-10.038196
1509581110313|-3.0645783|1.7025435|2.0294318
1509581110446|0.38136974|1.4709975|-3.2688832
1509581110580|-0.068101734|3.4323275|-1.4165161
1509581110711|13.593107|-2.2473574|-17.256979
1509581110843|-1.7842655|-5.0122876|-2.1247742
1509581110974|-4.33127|-1.1441091|2.941995
1509581111107|0.24516624|-0.05448139|-3.4187074
1509581111238|-1.6889231|-0.4086104|0.7763598
1509581111371|-0.29964766|-2.5742457|-1.6344416
1509581111502|-5.448139|-5.5571017|8.689781
1509581111635|-0.14982383|-2.0158114|-2.8330321
1509581111766|-3.6366327|-2.3018386|0.19068487
1509581111899|-3.9771414|-2.669588|4.69902
1509581112030|0.040861044|-1.2122109|-1.9885707
1509581112163|-2.819412|-0.43585113|0.21792556
1509581112294|-2.3018386|-2.7785509|2.4380422
1509581112428|-0.95342433|0.7218784|-0.5992953
1509581112558|-0.667397|0.6946377|0.6946377
1509581112692|0.24516624|1.4982383|-1.648062
1509581112822|-0.05448139|2.0294318|-0.57205456
1509581112954|0.4086104|2.2201166|-2.3426998
1509581113086|-0.7218784|2.3018386|-1.0760074
1509581113218|0.7218784|1.7297841|-2.4108014
1509581113351|0.08172209|1.334794|-0.29964766
1509581113482|0.7627395|0.939804|-0.8853226
1509581113615|0.19068487|1.0215261|-0.27240694
1509581113745|0.8853226|1.0215261|-2.2745981
1509581113878|0.27240694|0.12258312|0.42223078
1509581114010|0.23154591|-0.42223078|-0.29964766
1509581114151|-0.23154591|-0.6946377|0.47671217
1509581114273|0.38136974|-1.1168685|0.32688835
1509581114405|-0.2043052|-0.7763598|1.1168685
1509581114537|0.24516624|-0.3949901|-0.74911916
1509581114671|0.05448139|-0.35412902|0.16344418
1509581114802|-0.2043052|-0.32688835|-0.095342435
1509581114934|-0.6946377|-0.040861044|-0.095342435
1509581115065|-0.61291564|-0.2043052|0.17706451
1509581115198|-0.29964766|-0.08172209|0.28602728
1509581115330|-0.57205456|-0.13620347|0.013620348
1509581115463|0.08172209|0.08172209|0.013620348
1509581115594|-0.095342435|-0.29964766|-0.10896278
1509581115727|0.25878662|0.027240695|0.08172209
1509581115858|-0.040861044|-0.50395286|-0.14982383
1509581115990|0.44947144|-0.27240694|0.23154591
1509581116122|0.068101734|-0.6401563|-0.05448139
1509581116254|-0.27240694|-0.38136974|0.8989429
1509581116386|0.17706451|-0.6946377|-0.25878662
1509581116519|-0.13620347|-0.5448139|0.8989429
1509581116650|-0.040861044|0.0|-1.5390993
1509581116783|-0.027240695|-0.49033248|0.8853226
1509581116914|0.013620348|0.0|-1.4028958
1509581117047|0.0|-0.62653595|0.50395286
1509581117177|-0.42223078|-0.49033248|-0.31326798
1509581117310|0.27240694|-0.25878662|0.6537767
1509581117443|-0.23154591|-0.6401563|0.095342435
1509581117575|0.47671217|0.068101734|0.42223078
1509581117705|0.027240695|-0.25878662|-0.31326798
1509581117839|0.62653595|0.43585113|-1.2122109
1509581117971|-0.29964766|-0.6537767|1.1032481
1509581118102|0.5992953|0.21792556|-0.57205456
1509581118235|-0.19068487|-0.19068487|0.7218784
1509581118366|0.6401563|0.4086104|-0.92618364
1509581118497|-0.12258312|-0.10896278|0.27240694
1509581118633|0.51757324|0.44947144|-0.8853226
1509581118762|0.16344418|-0.42223078|0.29964766
1509581118896|0.5448139|0.43585113|-0.8853226
1509581119026|0.25878662|-0.5992953|0.38136974
1509581119160|0.19068487|0.13620347|0.50395286
1509581119290|0.027240695|-0.62653595|0.6810174
1509581119424|0.27240694|0.6401563|0.17706451
1509581119554|0.7218784|-0.040861044|-0.10896278
1509581119688|0.27240694|0.6810174|0.05448139
1509581119817|0.7899802|0.4086104|-2.192876
1509581119950|0.013620348|0.57205456|0.32688835
1509581120082|0.57205456|0.23154591|-1.484618
1509581120215|-0.040861044|0.12258312|0.17706451
1509581120345|0.51757324|-0.13620347|-1.2258313
1509581120478|-0.28602728|-0.08172209|0.7218784
1509581120609|0.42223078|0.0|-1.920469
1509581120744|-0.57205456|-0.32688835|1.0351465
1509581120874|0.08172209|-0.62653595|-1.484618
1509581121007|-0.95342433|-1.4301364|1.1985906
1509581121138|-0.25878662|-1.1032481|-0.44947144
1509581121269|-0.667397|-1.2803127|1.0079057
1509581121402|-0.05448139|-0.87170225|-0.51757324
1509581121536|-0.70825803|-0.5448139|0.5448139
1509581121666|-0.35412902|-0.05448139|-1.3620348
1509581121799|-0.31326798|-0.2043052|0.24516624
1509581121930|0.16344418|-0.49033248|-0.8989429
1509581122063|-0.31326798|0.24516624|0.0
1509581122194|0.19068487|-0.55843425|-0.29964766
1509581122327|-0.29964766|0.27240694|0.5992953
1509581122457|0.19068487|-0.29964766|-0.3949901
1509581122591|-0.013620348|0.43585113|0.28602728
1509581122722|0.31326798|0.47671217|-1.5799603
1509581122856|0.13620347|0.7354987|0.068101734
1509581122987|0.3405087|0.84446156|-2.2609777
1509581123117|-0.35412902|0.21792556|0.92618364
1509581123250|0.35412902|0.8853226|-2.165635
1509581123382|-0.4086104|-0.4086104|0.8580819
1509581123516|0.31326798|0.2043052|-0.42223078
1509581123646|0.040861044|-0.84446156|0.32688835
1509581123778|-0.42223078|-0.32688835|0.5448139
1509581123912|-0.29964766|-0.91256326|-0.667397
1509581124043|-0.91256326|-0.7218784|1.5527196
1509581124174|0.27240694|-0.14982383|-1.3892754
1509581124311|-0.29964766|-0.49033248|0.667397
1509581124437|0.53119355|0.29964766|-1.1713499
1509581124571|-0.44947144|-0.7627395|1.3075534
1509581124702|0.095342435|0.17706451|0.027240695
1509581124837|0.6810174|-0.55843425|-0.51757324
1509581124965|0.57205456|0.2043052|0.28602728
1509581125097|0.36774936|0.13620347|-0.8036005
1509581125231|-0.28602728|0.667397|0.05448139
1509581125363|2.0430522|-0.7354987|-0.095342435
1509581125495|2.7240696|-1.0079057|-0.013620348
1509581125627|1.1304889|-0.23154591|-0.10896278
1509581125757|1.2530719|-0.53119355|0.095342435
