1509581193406|18.359999|26.82|-14.88
1509581193539|18.18|27.48|-14.46
1509581193671|19.26|28.14|-13.32
1509581193803|20.64|28.32|-13.799999
1509581193935|23.039999|27.9|-13.62
1509581194067|25.38|27.3|-11.219999
1509581194199|25.859999|26.16|-9.12
1509581194331|25.8|25.38|-7.2
1509581194463|24.48|25.019999|-5.16
1509581194596|22.92|24.96|-5.46
1509581194727|22.5|25.8|-4.44
1509581194859|22.74|26.58|-3.1799998
1509581194991|22.14|26.939999|-2.1599998
1509581195124|21.9|27.3|-1.62
1509581195255|20.76|27.18|-3.0
1509581195387|20.1|27.24|-3.6
1509581195519|20.52|27.3|-2.7
1509581195651|20.939999|27.3|-3.24
1509581195783|20.82|28.019999|-2.8799999
1509581195915|20.82|28.26|-2.1
1509581196047|20.58|28.8|-3.4199998
1509581196179|20.16|28.8|-4.5
1509581196311|20.22|28.26|-5.16
1509581196443|20.4|27.539999|-6.3599997
1509581196575|20.58|27.06|-6.72
1509581196707|20.34|27.3|-6.06
1509581196839|20.76|27.3|-6.2999997
1509581196972|20.58|28.14|-6.48
1509581197103|20.76|28.32|-6.96
1509581197237|21.06|28.56|-7.56
1509581197367|21.18|29.46|-7.56
1509581197499|21.9|29.699999|-8.34
1509581197631|22.26|30.359999|-9.0
1509581197764|22.32|29.88|-10.5
1509581197899|21.96|26.76|-12.599999
1509581198027|20.52|23.82|-13.5
1509581198159|18.18|20.699999|-14.219999
1509581198291|16.14|18.779999|-14.099999
1509581198423|15.299999|19.26|-14.4
1509581198555|15.299999|19.68|-14.639999
1509581198687|16.14|19.859999|-15.0
1509581198819|17.58|21.06|-15.059999
1509581198951|18.66|21.0|-15.299999
1509581199083|19.38|21.72|-15.36
1509581199215|20.699999|22.8|-15.179999
1509581199347|21.84|22.8|-14.7
1509581199479|23.16|22.56|-14.04
1509581199611|23.699999|21.6|-13.139999
1509581199743|24.3|19.8|-12.059999
1509581199875|24.84|18.72|-11.639999
1509581200007|26.22|19.859999|-10.92
1509581200139|27.779999|23.039999|-9.0
1509581200271|28.619999|27.119999|-6.18
1509581200403|28.26|31.74|-5.22
1509581200535|26.76|35.76|-4.02
1509581200667|25.859999|38.579998|-4.92
1509581200799|25.08|41.82|-7.62
1509581200931|25.32|43.32|-10.2
1509581201064|25.859999|43.2|-13.74
1509581201195|25.8|41.399998|-17.64
1509581201327|25.32|38.16|-21.06
1509581201459|24.72|35.1|-22.439999
1509581201591|23.34|32.82|-22.859999
1509581201723|21.96|31.619999|-22.14
1509581201855|20.82|31.74|-21.3
1509581201990|19.859999|33.059998|-19.859999
1509581202119|19.32|36.18|-17.52
1509581202251|19.439999|41.04|-15.24
1509581202383|20.939999|46.02|-12.48
1509581202515|22.32|49.86|-11.16
1509581202647|24.539999|51.78|-10.2
1509581202779|26.34|52.32|-9.96
1509581202911|27.18|51.12|-9.719999
1509581203043|28.14|50.579998|-9.24
1509581203175|27.72|50.76|-9.9
1509581203307|26.76|51.36|-12.24
1509581203439|25.14|50.82|-15.839999
1509581203571|23.279999|49.559998|-18.779999
1509581203703|22.08|46.8|-21.24
1509581203835|20.82|43.92|-20.52
1509581203967|19.98|43.62|-18.359999
1509581204099|19.26|45.239998|-15.599999
1509581204231|18.9|48.3|-12.96
1509581204363|20.46|50.7|-11.58
1509581204495|21.96|50.219997|-10.62
1509581204627|24.06|46.379997|-10.5
1509581204759|25.98|40.92|-9.059999
1509581204898|26.34|34.5|-7.14
1509581205026|27.18|27.84|-6.18
1509581205156|26.519999|21.66|-5.58
1509581205288|24.96|16.02|-6.66
1509581205419|23.22|11.5199995|-8.099999
1509581205551|20.64|9.48|-9.48
1509581205684|19.14|8.4|-10.5
1509581205815|18.539999|7.56|-10.8
1509581205947|18.48|5.8199997|-11.4
1509581206080|18.84|4.3199997|-12.36
1509581206211|19.14|2.7|-14.5199995
1509581206343|19.14|1.5|-18.72
1509581206475|19.38|2.76|-22.68
1509581206607|19.619999|5.7599998|-25.08
1509581206739|19.439999|11.219999|-24.96
1509581206872|19.32|17.76|-22.32
1509581207003|19.439999|22.8|-19.98
1509581207135|19.8|25.8|-18.6
1509581207267|21.42|26.82|-18.3
1509581207399|23.1|26.16|-18.72
1509581207531|24.06|24.3|-18.66
1509581207663|24.42|21.359999|-17.94
1509581207795|23.22|18.779999|-17.4
1509581207927|21.48|17.52|-16.68
1509581208059|19.199999|17.34|-15.42
1509581208191|16.68|18.42|-14.7
1509581208324|14.5199995|19.5|-14.4
1509581208455|12.54|19.8|-13.799999
1509581208588|11.34|20.22|-13.86
1509581208719|10.26|20.34|-13.86
1509581208851|10.8|20.64|-12.9
1509581208983|11.4|21.42|-12.84
1509581209115|12.96|21.539999|-10.92
1509581209247|15.42|21.3|-9.059999
1509581209379|17.16|20.64|-7.68
1509581209511|19.08|18.6|-6.18
1509581209643|20.58|17.46|-6.24
1509581209775|20.64|17.82|-6.0
1509581209907|20.64|18.119999|-5.8199997
1509581210039|20.58|20.34|-5.52
1509581210171|20.34|22.439999|-5.58
1509581210303|21.0|23.82|-5.46
1509581210435|21.3|25.38|-5.52
1509581210567|21.72|26.22|-5.7
1509581210699|21.18|26.939999|-6.06
1509581210831|20.34|27.06|-7.74
1509581210963|19.32|26.58|-9.059999
1509581211095|18.24|25.199999|-11.28
1509581211228|17.039999|23.82|-12.179999
1509581211359|16.26|22.92|-12.66
1509581211492|15.599999|21.359999|-13.679999
1509581211623|15.0|20.699999|-13.38
1509581211755|15.0|19.5|-14.58
1509581211887|14.94|18.42|-13.92
1509581212019|14.94|17.16|-13.259999
1509581212151|14.099999|16.02|-13.259999
1509581212283|13.62|16.619999|-12.0
1509581212415|12.48|17.34|-12.179999
1509581212546|10.8|19.92|-11.82
1509581212679|9.84|22.619999|-11.34
1509581212811|8.34|23.16|-11.4
1509581212943|7.14|23.279999|-11.099999
1509581213075|6.48|22.14|-11.28
1509581213207|5.64|21.3|-11.16
1509581213339|5.22|20.58|-11.5199995
1509581213471|4.2|19.98|-12.3
1509581213603|2.76|19.74|-12.42
1509581213735|1.56|18.42|-13.08
1509581213868|-0.06|17.76|-12.84
1509581213999|-0.9|16.74|-12.48
1509581214131|-1.4399999|15.54|-12.599999
1509581214263|-2.6399999|14.58|-12.24
1509581214395|-3.3|13.5|-12.12
1509581214527|-4.5|12.78|-11.58
1509581214659|-6.06|11.639999|-11.219999
1509581214791|-6.8999996|10.5|-10.8
1509581214923|-8.099999|9.599999|-10.44
1509581215056|-9.059999|8.22|-9.84
1509581215188|-9.599999|7.14|-8.82
1509581215320|-10.559999|6.18|-7.68
1509581215451|-11.46|4.62|-6.48
1509581215584|-12.059999|3.3|-6.12
1509581215715|-13.139999|1.4399999|-5.46
1509581215847|-14.16|0.0|-5.1
1509581215979|-14.639999|-1.26|-4.56
1509581216111|-14.88|-2.34|-3.9599998
1509581216244|-14.82|-2.58|-3.9599998
1509581216375|-14.34|-3.12|-3.9599998
1509581216507|-14.46|-3.4199998|-3.54
1509581216640|-15.299999|-4.44|-3.0
1509581216771|-15.78|-5.4|-2.6399999
1509581216903|-16.26|-6.72|-1.38
1509581217035|-16.38|-7.3799996|-1.02
1509581217167|-15.66|-7.44|-0.84
1509581217299|-15.24|-7.68|-0.59999996
1509581217431|-14.88|-6.8399997|-0.9
1509581217563|-14.82|-6.48|-1.3199999
1509581217700|-15.36|-6.48|-1.3199999
1509581217827|-15.839999|-6.24|-1.0799999
1509581217960|-16.56|-6.42|-0.9
1509581218091|-16.8|-7.08|-0.84
1509581218223|-16.44|-7.08|-1.02
1509581218355|-15.599999|-7.3199997|-0.71999997
1509581218488|-15.24|-7.3199997|-0.24
1509581218619|-14.82|-6.42|0.42
1509581218752|-14.88|-5.58|0.9
1509581218883|-15.179999|-4.62|0.96
1509581219016|-15.719999|-3.8999999|0.48
1509581219147|-16.32|-3.6|0.65999997
1509581219279|-16.619999|-3.4199998|0.48
1509581219411|-16.8|-3.0|0.17999999
1509581219543|-16.44|-3.0|-0.12
1509581219674|-16.02|-3.12|-0.59999996
1509581219807|-15.299999|-3.1799998|-1.3199999
1509581219939|-14.82|-3.3|-1.92
1509581220071|-14.5199995|-3.12|-1.92
1509581220203|-14.5199995|-2.6399999|-2.46
1509581220337|-15.12|-2.46|-2.28
1509581220467|-15.299999|-2.1|-2.22
1509581220599|-15.179999|-1.68|-2.76
1509581220731|-14.7|-1.5|-3.0
1509581220863|-14.46|-1.0799999|-3.12
1509581220995|-14.639999|-0.65999997|-3.24
1509581221130|-14.4|-0.24|-3.6
1509581221259|-14.4|0.0|-4.44
1509581221391|-14.04|0.06|-4.8599997
1509581221523|-13.259999|-0.24|-5.3399997
1509581221655|-12.78|-0.42|-5.58
1509581221787|-12.42|0.17999999|-4.98
1509581221919|-12.42|0.48|-5.16
1509581222051|-13.2|0.65999997|-5.16
1509581222183|-13.2|0.71999997|-4.92
1509581222316|-13.62|0.24|-4.92
1509581222447|-13.259999|-0.06|-5.1
1509581222580|-13.08|-0.29999998|-4.92
1509581222712|-13.62|-0.71999997|-4.56
1509581222843|-13.5|-1.0799999|-3.84
1509581222975|-13.98|-1.14|-3.54
1509581223107|-14.04|-1.0799999|-3.6599998
1509581223239|-14.04|-1.14|-3.78
1509581223371|-14.46|-1.68|-3.8999999
1509581223503|-14.58|-1.92|-3.72
1509581223635|-14.7|-2.28|-3.1799998
1509581223767|-15.42|-2.3999999|-2.82
1509581223899|-15.42|-2.58|-2.46
1509581224031|-15.54|-2.9399998|-2.7
1509581224163|-15.299999|-3.6599998|-2.46
1509581224295|-14.58|-4.08|-2.34
1509581224427|-14.5199995|-4.2599998|-2.52
1509581224559|-14.16|-4.56|-1.4399999
1509581224691|-14.16|-4.8599997|-1.86
1509581224823|-13.62|-5.22|-2.34
1509581224955|-13.139999|-5.22|-2.7
1509581225089|-13.32|-5.16|-3.4199998
1509581225220|-13.32|-4.68|-3.12
1509581225351|-13.799999|-4.44|-2.7
1509581225483|-14.16|-4.68|-2.1
1509581225615|-15.0|-4.74|-1.56
1509581225747|-15.96|-5.16|-0.59999996
1509581225879|-16.8|-5.1|0.42
1509581226011|-17.699999|-4.74|1.14
1509581226143|-17.76|-4.62|1.74
1509581226275|-17.94|-4.38|1.8
1509581226407|-18.119999|-4.5|1.8
1509581226539|-18.3|-4.68|1.74
1509581226671|-18.359999|-4.7999997|1.68
1509581226803|-18.119999|-4.92|1.9799999
1509581226935|-17.76|-5.1|1.92
1509581227067|-17.4|-5.1|2.34
1509581227199|-17.22|-4.92|2.58
1509581227331|-17.4|-4.68|2.58
1509581227463|-17.34|-5.04|3.12
1509581227595|-17.64|-4.74|3.3
1509581227727|-17.82|-4.92|3.24
1509581227859|-17.46|-5.22|3.06
1509581227991|-17.58|-5.1|2.76
1509581228123|-17.58|-5.4|2.58
1509581228260|-17.4|-5.52|3.24
1509581228388|-17.58|-5.22|3.36
1509581228520|-17.94|-4.8599997|3.8999999
1509581228651|-17.52|-4.68|3.8999999
1509581228783|-17.64|-4.62|4.08
1509581228915|-18.0|-4.92|4.08
1509581229047|-18.0|-4.92|4.14
1509581229180|-18.42|-4.98|4.3199997
1509581229311|-18.42|-5.1|3.54
1509581229443|-18.359999|-5.16|3.9599998
1509581229580|-18.539999|-5.16|3.1799998
1509581229707|-18.539999|-5.2799997|3.24
1509581229842|-18.539999|-4.8599997|3.6
1509581229971|-18.48|-4.56|3.3
1509581230105|-18.3|-4.44|3.3
1509581230236|-18.48|-4.56|2.9399998
1509581230367|-18.48|-4.8599997|2.9399998
1509581230499|-18.119999|-4.8599997|3.0
1509581230633|-18.119999|-5.22|3.0
1509581230763|-17.94|-5.04|3.1799998
1509581230895|-17.82|-4.74|3.3
1509581231027|-18.3|-4.3199997|3.24
1509581231159|-18.359999|-3.9599998|3.3
1509581231292|-18.48|-3.6599998|3.72
1509581231423|-18.72|-3.6|3.78
1509581231555|-18.66|-3.84|3.78
1509581231690|-18.539999|-4.08|4.02
1509581231819|-18.539999|-4.2|3.78
1509581231951|-18.539999|-4.44|3.54
1509581232083|-18.6|-4.44|3.72
1509581232215|-18.72|-3.8999999|3.54
1509581232347|-18.66|-3.84|3.0
1509581232479|-18.48|-3.6599998|2.9399998
1509581232611|-18.06|-3.8999999|2.28
1509581232743|-17.58|-4.98|1.68
1509581232875|-17.039999|-5.7|0.71999997
1509581233008|-16.26|-6.2999997|-0.29999998
1509581233140|-15.78|-6.42|-1.0799999
1509581233275|-15.12|-6.2999997|-1.62
1509581233403|-14.759999|-6.06|-1.38
1509581233535|-14.82|-6.3599997|-1.56
1509581233667|-15.059999|-6.2999997|-1.14
1509581233800|-15.36|-6.0|-0.9
1509581233932|-15.179999|-5.64|-0.9
1509581234064|-15.059999|-6.0|-1.3199999
1509581234195|-14.82|-6.3599997|-1.4399999
1509581234330|-14.4|-6.8399997|-1.4399999
1509581234459|-14.58|-7.5|-1.3199999
1509581234591|-14.28|-6.8999996|-1.0799999
1509581234723|-14.099999|-7.02|-1.8
1509581234855|-14.099999|-6.7799997|-1.92
1509581234987|-13.799999|-6.24|-2.8799999
1509581235119|-13.5|-6.12|-3.36
1509581235251|-13.38|-5.94|-3.0
1509581235383|-13.0199995|-5.8199997|-3.1799998
1509581235515|-13.0199995|-5.7|-2.8799999
1509581235647|-12.78|-5.8799996|-2.82
1509581235779|-13.08|-6.06|-3.48
1509581235911|-13.08|-5.7|-3.78
1509581236043|-13.259999|-5.8799996|-3.9599998
1509581236175|-13.98|-5.16|-4.5
1509581236310|-13.5|-4.74|-4.2599998
1509581236439|-13.5|-4.74|-4.74
1509581236571|-13.62|-4.7999997|-4.62
1509581236703|-13.62|-5.3399997|-4.14
1509581236836|-14.16|-4.7999997|-4.02
1509581236967|-15.179999|-4.62|-3.54
1509581237099|-14.58|-4.2|-4.02
1509581237231|-14.58|-3.72|-4.2
1509581237363|-13.86|-3.72|-4.74
1509581237495|-12.96|-3.48|-4.74
1509581237627|-13.2|-3.48|-4.56
1509581237762|-12.54|-3.36|-4.7999997
1509581237891|-12.84|-3.24|-4.74
1509581238023|-12.66|-3.3|-5.22
1509581238155|-12.42|-3.06|-5.3399997
1509581238287|-12.9|-3.48|-5.2799997
1509581238419|-13.08|-3.06|-4.62
1509581238551|-13.44|-3.12|-4.3199997
1509581238682|-13.679999|-2.9399998|-4.3199997
1509581238815|-13.2|-2.34|-4.14
1509581238947|-13.2|-2.28|-4.8599997
1509581239079|-13.5|-2.22|-4.8599997
1509581239212|-13.5|-2.1599998|-4.56
1509581239343|-14.28|-2.3999999|-4.56
1509581239475|-14.639999|-2.82|-4.2
1509581239607|-14.639999|-2.82|-4.2
1509581239739|-15.059999|-3.12|-4.3199997
1509581239872|-15.059999|-3.1799998|-4.3199997
1509581240004|-15.059999|-3.36|-4.2599998
1509581240135|-14.7|-3.48|-4.2599998
1509581240267|-14.5199995|-3.6599998|-4.56
1509581240399|-14.46|-3.78|-4.44
1509581240531|-14.099999|-3.78|-4.5
1509581240663|-14.46|-3.8999999|-4.3199997
1509581240794|-13.98|-4.2|-4.2
1509581240927|-13.5|-4.2|-4.14
1509581241059|-13.799999|-4.38|-4.2599998
1509581241191|-13.32|-4.38|-4.56
1509581241323|-13.62|-4.2|-4.2599998
1509581241455|-13.559999|-4.2|-4.5
1509581241589|-13.259999|-3.8999999|-4.3199997
1509581241721|-13.559999|-3.8999999|-4.02
1509581241851|-13.86|-3.8999999|-4.14
1509581241983|-13.92|-3.72|-4.14
1509581242115|-13.559999|-3.6599998|-3.8999999
1509581242247|-13.74|-4.02|-3.8999999
1509581242379|-13.139999|-3.84|-4.2
1509581242511|-13.74|-3.9599998|-4.02
1509581242643|-14.28|-4.2|-4.44
1509581242778|-14.34|-4.02|-4.5
1509581242908|-14.94|-4.08|-4.2599998
1509581243044|-14.94|-4.5|-4.56
1509581243171|-14.94|-4.68|-4.2599998
1509581243303|-14.7|-4.8599997|-4.2
1509581243435|-14.5199995|-4.98|-4.5
1509581243568|-14.4|-4.8599997|-4.5
1509581243698|-13.98|-4.8599997|-4.5
1509581243831|-14.16|-4.5|-4.2599998
1509581243963|-14.219999|-4.38|-3.78
1509581244100|-14.34|-4.5|-3.6599998
1509581244227|-15.0|-4.3199997|-3.78
1509581244359|-15.12|-4.56|-3.9599998
1509581244491|-15.12|-4.56|-3.8999999
1509581244623|-14.7|-4.5|-3.72
1509581244755|-14.7|-4.7999997|-3.72
1509581244888|-15.0|-4.68|-3.78
1509581245019|-14.5199995|-4.68|-3.78
1509581245152|-14.94|-4.38|-3.9599998
1509581245283|-15.12|-4.2599998|-3.54
1509581245416|-15.299999|-4.44|-3.12
1509581245547|-16.14|-4.44|-2.3999999
1509581245679|-16.199999|-4.68|-1.3199999
1509581245811|-16.8|-4.5|-0.29999998
1509581245943|-17.1|-4.38|0.17999999
1509581246075|-17.58|-4.5|0.59999996
1509581246207|-18.3|-4.38|0.71999997
1509581246339|-18.18|-4.5|0.96
1509581246472|-18.06|-4.2|1.4399999
1509581246603|-18.24|-4.02|1.62
1509581246737|-18.42|-4.02|1.8
1509581246867|-18.539999|-4.2|1.68
1509581247000|-18.9|-4.14|1.92
1509581247131|-18.779999|-4.14|2.04
1509581247264|-18.779999|-4.14|2.22
1509581247395|-18.9|-4.14|2.22
1509581247527|-18.9|-4.68|1.68
1509581247659|-19.14|-4.68|1.5
1509581247791|-19.08|-4.7999997|0.78
1509581247923|-18.96|-4.62|0.59999996
1509581248056|-19.08|-4.3199997|0.42
1509581248187|-18.48|-4.56|-0.12
1509581248321|-18.24|-4.56|-0.29999998
1509581248451|-18.119999|-4.5|-0.9
1509581248583|-17.52|-4.5|-1.4399999
1509581248715|-17.88|-4.5|-1.3199999
1509581248847|-18.06|-4.38|-0.65999997
1509581248979|-18.0|-4.56|-0.35999998
1509581249111|-18.18|-4.98|0.17999999
1509581249243|-17.58|-4.8599997|0.17999999
1509581249375|-16.98|-4.92|-0.42
1509581249507|-16.98|-5.1|-0.59999996
1509581249640|-17.16|-4.98|-0.78
1509581249771|-17.22|-4.8599997|-0.9
1509581249903|-17.82|-4.7999997|-1.14
1509581250035|-17.52|-5.04|-1.14
1509581250167|-17.58|-4.92|-1.14
1509581250299|-18.119999|-5.04|-1.4399999
1509581250431|-18.119999|-5.04|-1.62
1509581250563|-18.18|-5.04|-1.92
1509581250695|-17.58|-5.16|-2.22
1509581250827|-16.98|-4.74|-2.22
1509581250959|-17.16|-4.38|-2.46
1509581251091|-17.4|-3.9599998|-2.34
1509581251223|-17.94|-3.6599998|-2.1599998
1509581251355|-18.3|-3.8999999|-2.58
1509581251488|-17.94|-4.7999997|-1.92
1509581251619|-18.06|-4.7999997|-1.9799999
1509581251752|-18.0|-5.1|-2.1599998
1509581251883|-18.0|-5.1|-2.1599998
1509581252015|-18.18|-4.68|-2.3999999
1509581252146|-18.06|-4.38|-2.7
1509581252280|-17.699999|-4.2|-2.9399998
1509581252411|-17.279999|-4.38|-2.58
1509581252544|-16.92|-4.3199997|-2.34
1509581252675|-16.859999|-4.44|-2.1599998
1509581252807|-17.039999|-3.8999999|-2.34
1509581252938|-17.58|-3.8999999|-2.3999999
1509581253071|-17.76|-4.02|-2.9399998
1509581253203|-17.46|-4.44|-3.0
1509581253335|-17.22|-4.98|-2.7
1509581253467|-16.92|-4.98|-2.82
1509581253599|-17.16|-4.7999997|-2.6399999
1509581253732|-17.52|-4.2599998|-2.58
1509581253863|-17.279999|-4.5|-2.7
1509581253995|-17.46|-4.38|-2.3999999
1509581254127|-17.16|-4.2|-2.46
1509581254260|-17.279999|-4.38|-2.1
1509581254391|-17.94|-4.14|-1.92
1509581254526|-17.94|-4.5|-1.62
1509581254655|-18.18|-4.7999997|-1.14
1509581254787|-17.94|-5.04|-0.59999996
1509581254919|-17.82|-5.22|-0.24
1509581255051|-18.0|-4.8599997|-0.17999999
1509581255183|-18.0|-5.22|0.42
1509581255315|-18.539999|-5.22|0.29999998
1509581255447|-18.72|-5.2799997|0.78
1509581255579|-18.779999|-5.4|0.65999997
1509581255711|-18.72|-4.74|0.35999998
1509581255843|-18.72|-4.74|0.35999998
1509581255975|-18.66|-4.62|0.24
1509581256107|-18.66|-4.62|0.24
1509581256239|-18.72|-4.7999997|0.59999996
1509581256373|-18.6|-4.74|0.42
1509581256503|-18.6|-4.8599997|-0.12
1509581256635|-18.6|-4.92|0.24
1509581256767|-18.6|-4.92|0.35999998
1509581256899|-18.6|-5.04|-0.12
1509581257032|-18.539999|-5.52|-0.53999996
1509581257163|-18.359999|-5.58|-1.26
1509581257295|-18.6|-5.8799996|-2.1
1509581257427|-18.72|-5.3399997|-1.62
1509581257559|-19.02|-5.16|-0.78
1509581257691|-19.32|-5.3399997|-0.59999996
1509581257823|-19.5|-5.04|0.0
1509581257955|-20.039999|-5.7|0.71999997
1509581258088|-20.52|-5.22|1.5
1509581258219|-21.539999|-4.7999997|2.6399999
1509581258352|-22.26|-4.7999997|3.3
1509581258483|-22.5|-4.56|3.24
1509581258615|-22.68|-4.74|2.6399999
1509581258746|-22.14|-4.56|2.34
