1509581043655|43.62|-2.1|1.68
1509581043785|43.62|-1.4399999|1.14
1509581043917|43.62|-0.17999999|-0.29999998
1509581044049|43.68|1.4399999|-1.92
1509581044181|43.559998|3.06|-3.36
1509581044316|43.26|4.98|-4.2599998
1509581044445|43.32|6.2999997|-4.62
1509581044577|43.559998|7.68|-4.56
1509581044709|43.5|8.34|-4.92
1509581044841|43.32|8.88|-5.04
1509581044973|43.26|9.48|-4.68
1509581045105|42.78|7.7999997|-3.12
1509581045237|41.7|5.46|0.24
1509581045369|40.26|1.86|3.0
1509581045501|39.18|-0.53999996|3.12
1509581045633|38.46|-0.17999999|1.5
1509581045765|38.34|1.9799999|-2.28
1509581045897|39.12|5.46|-5.58
1509581046029|39.0|8.22|-7.14
1509581046162|38.34|10.32|-8.58
1509581046293|38.34|12.0|-9.96
1509581046425|37.44|13.44|-11.16
1509581046557|37.14|13.92|-11.28
1509581046690|37.44|14.7|-10.62
1509581046821|37.68|15.839999|-9.24
1509581046953|38.94|17.22|-7.14
1509581047085|39.239998|20.4|-4.74
1509581047217|38.64|23.34|-3.48
1509581047349|38.7|24.6|-2.46
1509581047481|37.92|24.779999|-2.8799999
1509581047613|37.739998|23.279999|-4.44
1509581047745|37.86|21.48|-4.68
1509581047877|37.079998|21.359999|-4.68
1509581048009|36.6|21.72|-4.2
1509581048141|36.12|22.02|-3.48
1509581048273|35.94|22.38|-3.78
1509581048405|35.7|21.96|-4.68
1509581048537|35.219997|21.119999|-5.04
1509581048668|35.219997|20.52|-5.8799996
1509581048801|35.34|19.8|-6.3599997
1509581048933|35.64|18.66|-6.18
1509581049067|36.96|17.34|-6.3599997
1509581049197|38.1|15.9|-6.42
1509581049329|39.239998|14.099999|-6.54
1509581049461|40.68|11.7|-7.2599998
1509581049593|41.46|8.7|-8.04
1509581049726|42.18|4.02|-7.7999997
1509581049857|42.6|-2.34|-7.44
1509581049989|41.94|-8.94|-4.8599997
1509581050128|42.12|-12.66|-4.98
1509581050253|42.54|-9.24|-8.04
1509581050385|42.78|-1.9799999|-11.219999
1509581050517|44.1|5.8799996|-16.14
1509581050649|44.7|11.88|-17.699999
1509581050781|44.7|12.66|-16.44
1509581050916|45.48|11.58|-15.059999
1509581051048|45.84|10.98|-13.259999
1509581051177|45.899998|10.559999|-12.179999
1509581051309|46.98|10.38|-10.5
1509581051440|47.039997|9.9|-7.68
1509581051573|47.16|9.24|-4.44
1509581051705|47.16|7.98|-1.62
1509581051837|46.68|6.2999997|0.48
1509581051970|46.8|5.04|1.1999999
1509581052101|47.82|4.5|0.06
1509581052234|49.079998|4.7999997|-0.59999996
1509581052365|50.28|6.18|-0.84
1509581052497|50.94|7.56|-0.24
1509581052630|51.059998|8.76|2.04
1509581052761|50.76|10.62|4.38
1509581052893|49.02|12.719999|2.1
1509581053025|45.48|17.699999|-2.7
1509581053157|40.92|23.46|-8.76
1509581053289|34.92|28.68|-15.96
1509581053421|29.699999|33.78|-18.779999
1509581053553|23.46|37.62|-19.8
1509581053685|16.02|40.739998|-20.46
1509581053817|9.66|43.739998|-19.92
1509581053949|3.9599998|45.84|-19.8
1509581054081|1.5|45.84|-19.92
1509581054213|0.29999998|45.84|-19.859999
1509581054345|0.17999999|45.84|-19.92
1509581054477|-0.06|45.84|-19.92
1509581054610|-0.06|46.079998|-19.859999
1509581054741|-0.06|45.84|-19.92
1509581054873|-0.42|46.44|-19.8
1509581055009|-0.12|46.44|-19.92
1509581055137|-0.42|46.98|-19.8
1509581055271|0.29999998|46.8|-19.8
1509581055401|-0.06|46.02|-19.98
1509581055534|-0.29999998|45.539997|-19.98
1509581055665|0.06|44.76|-20.16
1509581055798|0.12|44.579998|-20.1
1509581055929|1.14|44.46|-19.98
1509581056061|1.5|44.28|-19.92
1509581056193|1.62|44.1|-19.68
1509581056324|1.56|44.219997|-19.38
1509581056457|1.26|44.219997|-18.9
1509581056589|0.84|44.399998|-18.9
1509581056721|0.29999998|44.52|-18.84
1509581056854|0.29999998|44.7|-19.08
1509581056985|0.29999998|45.12|-19.56
1509581057117|0.29999998|44.82|-19.68
1509581057250|0.65999997|44.46|-20.1
1509581057381|0.65999997|43.68|-19.92
1509581057513|0.65999997|43.079998|-19.619999
1509581057645|1.02|43.26|-19.56
1509581057777|1.02|43.32|-19.32
1509581057909|0.9|43.8|-19.56
1509581058041|0.24|43.739998|-19.74
1509581058173|0.24|43.5|-19.74
1509581058307|0.29999998|43.44|-19.92
1509581058437|-0.35999998|43.44|-19.92
1509581058570|-0.48|43.5|-20.1
1509581058701|-0.78|43.5|-19.98
1509581058833|-1.1999999|43.2|-19.92
1509581058965|-0.9|43.739998|-19.859999
1509581059097|-0.48|44.04|-19.68
1509581059229|-0.53999996|44.46|-18.96
1509581059361|-0.53999996|45.0|-18.9
1509581059499|-0.24|45.059998|-19.08
1509581059625|0.12|45.12|-18.9
1509581059757|0.24|44.879997|-19.619999
1509581059889|0.29999998|44.76|-19.439999
1509581060021|0.0|44.16|-19.38
1509581060153|0.0|43.98|-19.56
1509581060285|0.29999998|44.1|-19.439999
1509581060417|-0.12|44.1|-19.619999
1509581060549|0.17999999|44.46|-19.619999
1509581060681|-0.48|44.46|-19.56
1509581060814|-0.78|43.8|-19.619999
1509581060945|-0.78|43.8|-19.68
1509581061077|-0.78|43.68|-19.68
1509581061209|-0.35999998|43.68|-19.68
1509581061342|0.06|43.98|-19.56
1509581061472|0.71999997|44.1|-19.619999
1509581061605|0.84|44.1|-19.619999
1509581061738|1.0799999|44.1|-19.32
1509581061869|1.02|43.98|-19.199999
1509581062001|1.14|43.92|-19.08
1509581062133|1.26|43.92|-18.9
1509581062265|1.26|43.8|-19.199999
1509581062397|1.26|43.5|-18.9
1509581062529|1.4399999|43.2|-18.9
1509581062661|1.38|43.2|-18.84
1509581062793|1.4399999|43.14|-18.66
1509581062925|1.1999999|43.44|-19.02
1509581063057|0.9|43.559998|-18.539999
1509581063189|1.3199999|43.559998|-18.06
1509581063321|1.8|43.92|-17.88
1509581063453|2.52|44.879997|-17.58
1509581063585|2.46|46.02|-17.4
1509581063717|1.1999999|46.44|-17.699999
1509581063849|0.0|46.44|-17.699999
1509581063981|-0.48|45.42|-17.58
1509581064113|-0.48|44.04|-17.88
1509581064245|0.24|43.2|-17.76
1509581064377|0.96|42.84|-17.76
1509581064509|0.9|43.079998|-17.64
1509581064641|1.02|43.5|-17.279999
1509581064781|1.0799999|43.86|-17.039999
1509581064905|1.74|44.52|-16.74
1509581065037|2.28|44.879997|-16.92
1509581065169|2.34|45.3|-17.16
1509581065301|2.28|45.96|-17.16
1509581065433|1.3199999|46.32|-17.1
1509581065565|0.96|46.559998|-16.859999
1509581065697|0.84|46.8|-16.56
1509581065829|0.84|46.739998|-16.14
1509581065961|0.78|46.559998|-15.9
1509581066093|0.59999996|46.739998|-15.839999
1509581066225|0.53999996|46.68|-15.36
1509581066357|0.53999996|47.16|-15.48
1509581066489|0.17999999|47.52|-15.599999
1509581066621|-0.17999999|47.7|-15.66
1509581066754|-0.53999996|48.0|-15.96
1509581066887|-0.84|48.0|-15.96
1509581067017|-0.53999996|48.0|-16.08
1509581067149|-0.84|48.0|-15.66
1509581067281|-0.96|47.82|-15.66
1509581067414|-0.59999996|47.94|-15.36
1509581067545|-0.96|48.36|-15.0
1509581067677|-0.59999996|48.539997|-15.179999
1509581067809|-0.9|49.02|-15.36
1509581067941|-1.1999999|48.719997|-15.9
1509581068073|-0.84|48.48|-16.08
1509581068205|-0.78|48.36|-16.32
1509581068337|-0.53999996|48.0|-16.14
1509581068469|-0.53999996|48.0|-16.199999
1509581068601|-0.53999996|48.059998|-16.5
1509581068734|-1.1999999|48.36|-16.44
1509581068865|-0.78|48.36|-16.619999
1509581068997|-0.42|48.48|-16.5
1509581069129|-0.84|48.6|-16.38
1509581069261|0.06|48.12|-16.619999
1509581069394|-0.65999997|47.7|-16.44
1509581069525|-1.38|47.94|-16.26
1509581069657|-1.02|48.0|-16.26
1509581069789|-1.74|48.18|-15.719999
1509581069921|-1.3199999|48.719997|-16.02
1509581070053|-1.3199999|48.36|-16.199999
1509581070185|-1.56|47.879997|-16.32
1509581070317|-1.56|48.12|-16.619999
1509581070450|-1.14|48.48|-16.26
1509581070581|-1.1999999|48.3|-16.08
1509581070713|-1.3199999|48.48|-15.839999
1509581070845|-1.3199999|48.42|-15.9
1509581070977|-2.22|48.239998|-15.719999
1509581071109|-2.1599998|48.6|-15.719999
1509581071241|-1.74|48.78|-15.9
1509581071373|-1.8|48.899998|-15.9
1509581071505|-1.38|48.66|-16.08
1509581071637|-1.5|48.42|-16.32
1509581071769|-1.5|48.36|-16.38
1509581071902|-1.38|48.12|-16.74
1509581072033|-1.62|47.94|-16.74
1509581072165|-1.62|48.12|-16.74
1509581072297|-1.9799999|48.42|-16.619999
1509581072429|-2.1599998|48.42|-16.14
1509581072561|-2.1599998|48.719997|-15.96
1509581072693|-1.74|48.78|-15.78
1509581072825|-1.74|49.02|-15.96
1509581072957|-1.56|48.719997|-15.9
1509581073090|-1.74|48.719997|-16.199999
1509581073221|-1.74|48.36|-16.32
1509581073353|-1.38|47.94|-16.199999
1509581073486|-1.02|48.42|-16.44
1509581073617|-0.84|48.0|-16.74
1509581073749|-0.84|47.879997|-16.619999
1509581073881|-0.84|48.059998|-16.619999
1509581074013|-0.84|47.879997|-16.32
1509581074145|-0.84|47.879997|-16.08
1509581074277|-0.84|48.239998|-16.199999
1509581074409|-1.26|47.82|-15.9
1509581074541|-1.26|47.879997|-16.199999
1509581074673|-1.38|48.0|-16.199999
1509581074805|-1.74|48.12|-16.199999
1509581074937|-1.3199999|48.239998|-16.199999
1509581075069|-1.62|48.42|-15.78
1509581075201|-1.8|48.36|-15.599999
1509581075333|-1.4399999|48.3|-15.66
1509581075465|-1.4399999|48.66|-15.96
1509581075597|-1.14|48.66|-16.199999
1509581075729|-0.9|48.899998|-16.44
1509581075861|-1.1999999|48.899998|-16.44
