1509418844995|0.14832939|0.004873429|-0.32380202|0.9344126
1509418845118|0.1430627|-0.039950825|-0.38153657|0.9123414
1509418845230|0.14938423|-0.1035928|-0.43633488|0.8812291
1509418845354|0.12388768|-0.12462583|-0.5194989|0.83620644
1509418845471|0.11846547|-0.12589423|-0.5889368|0.7894745
1509418845594|0.10168017|-0.1338226|-0.6610512|0.73127556
1509418845707|0.077066764|-0.15440789|-0.7472739|0.6417169
1509418845832|0.07911577|-0.19403954|-0.7811156|0.5881733
1509418845956|0.07038677|-0.21861961|-0.80502224|0.54698294
1509418846071|0.068601936|-0.24646088|-0.80494845|0.5353586
1509418846188|0.05918195|-0.25193515|-0.811734|0.52355903
1509418846310|0.059228163|-0.23304081|-0.8251287|0.51122075
1509418846430|0.053749263|-0.2285852|-0.8243816|0.515029
1509418846549|0.035948724|-0.23265435|-0.8186977|0.52374965
1509418846676|0.036371388|-0.224078|-0.80445635|0.5489228
1509418846798|0.048989747|-0.20754802|-0.78581125|0.5805381
1509418846912|0.064244434|-0.21287796|-0.7391532|0.63577366
1509418847029|0.079122804|-0.2015225|-0.68814147|0.6925241
1509418847152|0.09146001|-0.17942856|-0.624181|0.75487655
1509418847268|0.122229055|-0.14836968|-0.58213896|0.79003847
1509418847388|0.13401467|-0.15201348|-0.5574203|0.8051177
1509418847513|0.14596418|-0.16052559|-0.5660795|0.7952861
1509418847630|0.16436814|-0.15818007|-0.5979369|0.7683968
1509418847751|0.15019129|-0.13742393|-0.6373682|0.7431817
1509418847876|0.11296119|-0.133053|-0.6328438|0.75435096
1509418847998|0.10211944|-0.12755743|-0.61831623|0.768756
1509418848115|0.114597306|-0.14695585|-0.5833379|0.79056203
1509418848231|0.1112758|-0.13586496|-0.57068557|0.8021698
1509418848350|0.11443714|-0.17284848|-0.5236261|0.8263433
1509418848480|0.106753685|-0.14232293|-0.5384938|0.82363355
1509418848588|0.0972855|-0.16096893|-0.5477266|0.8152424
1509418848710|0.10674307|-0.16104025|-0.5884428|0.78511596
1509418848833|0.088595584|-0.13889503|-0.651987|0.7401162
1509418848955|0.07770497|-0.15302408|-0.6999683|0.69324595
1509418849072|0.08194811|-0.17509943|-0.75136536|0.63093174
1509418849192|0.09806432|-0.20859368|-0.7991623|0.5551681
1509418849318|0.08130066|-0.20181401|-0.8775959|0.42718464
1509418849434|0.025013072|-0.22547844|-0.9420589|0.2471009
1509418849551|-0.042293936|-0.19014513|-0.9805491|0.024072528
1509418849670|0.09540704|0.15165013|0.9677177|0.17726304
1509418849795|0.10900452|0.13923316|0.91525966|0.3619832
1509418849913|0.11777705|0.13367732|0.8446621|0.5047821
1509418850028|0.12138355|0.13672057|0.783091|0.5944258
1509418850155|0.13848343|0.13081436|0.7675638|0.6120096
1509418850270|0.1483233|0.13493252|0.7528916|0.6268554
1509418850390|0.14221819|0.14231837|0.7458163|0.63504136
1509418850517|0.15072441|0.14644094|0.72953147|0.65086174
1509418850637|0.14917073|0.13452251|0.6896709|0.69570524
1509418850751|0.13342524|0.11428109|0.6310444|0.7555928
1509418850873|0.14462048|0.06319869|0.5827214|0.7971992
1509418850995|0.145271|0.012816342|0.50092065|0.8531181
1509418851115|0.13437359|0.006551583|0.43512028|0.89026463
1509418851235|0.12346693|0.047289375|0.42984664|0.89316934
1509418851356|0.12508593|0.075349696|0.4418562|0.8851209
1509418851471|0.16241017|0.06830564|0.37949932|0.9082607
1509418851592|0.14847328|0.04231835|0.25613505|0.9542325
1509418851712|0.12719537|0.011076567|0.1510025|0.98025346
1509418851836|0.13530284|-0.0015962987|0.098832875|0.98586136
1509418851950|0.15223785|-0.0032766538|0.089599855|0.98426867
1509418852076|0.1574826|0.0016547408|0.06922802|0.98509085
1509418852191|0.13096322|0.0024847742|0.08337044|0.98787236
1509418852320|0.11623256|-0.03507125|0.07997875|0.98937523
1509418852436|0.12734863|-0.048997264|0.031164516|0.9901567
1509418852552|0.1138279|-0.04246125|-0.032403987|0.99206364
1509418852669|0.11022512|-0.018700577|-0.07843214|0.9906307
1509418852788|0.10323983|-0.004517299|-0.14907862|0.9834108
1509418852913|0.08554078|0.014369724|-0.23855214|0.96724826
