1509498988602|-13.32|5.8799996|-40.44
1509498988733|-13.2|6.8399997|-40.26
1509498988865|-12.78|8.76|-39.96
1509498988997|-10.98|11.4|-38.94
1509498989129|-6.66|14.04|-37.68
1509498989262|2.04|16.32|-35.579998
1509498989393|12.42|18.06|-31.019999
1509498989525|22.98|17.039999|-27.119999
1509498989657|29.939999|14.4|-23.34
1509498989789|35.579998|11.5199995|-15.42
1509498989921|34.2|12.059999|-5.16
1509498990052|25.32|16.38|6.2999997
1509498990185|12.3|22.56|16.26
1509498990317|-4.68|26.46|22.56
1509498990449|-16.32|26.82|24.539999
1509498990581|-19.619999|26.58|24.119999
1509498990713|-16.44|27.42|24.9
1509498990845|-5.52|29.519999|25.26
1509498990977|7.7999997|28.56|24.9
1509498991109|17.46|28.14|24.06
1509498991241|16.68|29.039999|22.74
1509498991373|5.3399997|27.18|21.6
1509498991505|-9.66|26.039999|21.779999
1509498991637|-22.8|24.84|22.14
1509498991769|-23.4|23.58|23.1
1509498991901|-12.3|26.519999|21.539999
1509498992033|4.02|26.82|18.72
1509498992165|18.96|27.96|15.719999
1509498992297|23.1|29.099998|14.04
1509498992429|11.58|24.96|15.54
1509498992561|-5.58|22.439999|17.64
1509498992693|-21.3|20.52|20.16
1509498992825|-26.099998|19.439999|20.22
1509498992957|-16.619999|24.66|18.06
1509498993089|-2.34|29.76|16.98
1509498993221|11.4|32.399998|16.68
1509498993353|14.7|33.36|16.08
1509498993486|5.4|30.179998|16.859999
1509498993617|-9.24|25.019999|18.119999
1509498993749|-23.82|22.92|17.88
1509498993881|-27.779999|22.14|19.32
1509498994013|-16.14|25.38|18.96
1509498994144|0.65999997|29.76|16.8
1509498994276|17.039999|30.9|15.839999
1509498994409|21.3|32.579998|15.42
1509498994541|9.3|29.699999|16.08
1509498994672|-8.58|26.519999|17.22
1509498994805|-25.859999|27.0|17.699999
1509498994937|-28.5|27.06|16.68
1509498995069|-16.26|30.9|15.0
1509498995201|1.92|34.86|6.6
1509498995333|12.66|37.5|-4.56
1509498995465|12.599999|37.32|-13.0199995
1509498995597|4.2|34.86|-24.0
1509498995729|-7.74|35.399998|-28.199999
1509498995861|-14.099999|34.92|-27.84
1509498995993|-20.52|30.539999|-25.38
1509498996125|-24.9|29.519999|-12.3
1509498996256|-17.64|31.859999|-1.9799999
1509498996388|-6.3599997|32.52|6.3599997
1509498996523|8.04|35.52|13.44
1509498996653|16.14|40.26|10.44
1509498996786|6.24|39.42|9.719999
1509498996919|-8.46|37.079998|11.5199995
1509498997049|-18.48|37.98|10.0199995
1509498997181|-16.38|35.82|11.58
1509498997313|-3.78|33.239998|15.059999
1509498997445|9.36|33.48|18.119999
1509498997577|14.099999|34.2|17.64
1509498997710|4.7999997|33.42|13.679999
1509498997841|-11.759999|29.279999|9.3
1509498997973|-25.859999|27.9|3.0
1509498998105|-29.16|26.88|1.02
1509498998237|-15.66|25.38|4.98
1509498998370|1.74|27.3|8.88
1509498998503|16.26|28.859999|12.719999
1509498998633|17.64|29.82|15.0
1509498998764|4.2599998|31.08|13.62
1509498998900|-12.54|31.199999|11.28
1509498999029|-26.58|31.74|8.82
1509498999161|-25.26|31.439999|9.0
1509498999293|-11.58|30.72|10.38
1509498999425|6.96|31.32|10.86
1509498999556|20.039999|33.66|10.2
1509498999690|18.18|34.92|8.4
1509498999821|2.8799999|35.34|7.68
1509498999953|-16.14|34.26|9.059999
1509499000085|-28.74|32.76|10.98
1509499000217|-21.779999|31.859999|12.599999
1509499000350|-3.54|29.46|12.96
1509499000481|16.92|29.58|11.7
1509499000613|28.74|33.36|9.54
1509499000745|18.24|33.12|9.66
1509499000877|-2.28|32.52|11.16
1509499001009|-23.76|28.38|13.2
1509499001141|-34.02|24.66|16.26
1509499001274|-23.34|24.72|17.76
1509499001406|-3.6599998|25.08|20.1
1509499001537|16.5|30.48|20.4
1509499001669|26.34|32.82|20.64
1509499001807|15.059999|30.72|20.46
1509499001933|-3.4199998|28.859999|18.84
1509499002065|-21.66|24.42|18.96
1509499002197|-29.88|22.08|19.619999
1509499002328|-20.4|23.34|20.52
1509499002461|-3.1799998|25.439999|20.82
1509499002593|13.92|29.64|19.859999
1509499002725|23.46|30.599998|18.119999
1509499002857|15.96|28.32|17.64
1509499002989|1.26|25.8|17.94
1509499003121|-13.32|21.24|20.82
1509499003253|-20.279999|15.54|27.0
1509499003384|-17.52|7.9199996|32.64
1509499003517|-16.38|1.5|35.04
1509499003649|-16.92|-2.8799999|33.78
1509499003781|-22.5|-5.46|27.72
1509499003913|-27.119999|-0.96|18.84
1509499004045|-28.92|5.3399997|13.32
1509499004177|-29.46|6.48|13.74
1509499004309|-27.06|0.17999999|18.539999
1509499004440|-24.119999|-12.24|23.4
1509499004572|-19.92|-23.039999|28.439999
1509499004705|-19.199999|-27.84|28.619999
1509499004838|-24.66|-19.68|22.26
1509499004968|-30.24|-5.3399997|18.24
1509499005100|-35.16|9.719999|12.059999
1509499005234|-37.739998|21.0|7.5
1509499005364|-37.5|17.52|10.98
1509499005496|-35.7|4.3199997|16.08
1509499005629|-28.56|-13.92|20.82
1509499005761|-18.18|-29.22|26.16
1509499005893|-13.08|-36.96|28.8
1509499006024|-17.1|-25.859999|26.46
1509499006157|-25.019999|-7.5|23.939999
1509499006289|-34.68|10.74|19.619999
1509499006420|-40.62|21.18|17.34
1509499006553|-37.02|11.759999|19.74
1509499006686|-31.74|-6.0|21.96
1509499006817|-22.14|-24.06|25.26
1509499006949|-15.96|-34.38|26.46
1509499007081|-19.74|-28.92|23.699999
1509499007212|-25.38|-11.16|20.52
1509499007345|-34.92|6.48|16.8
1509499007477|-40.26|17.82|14.28
1509499007609|-37.02|12.12|16.92
1509499007741|-30.24|-4.98|19.68
1509499007872|-18.779999|-22.199999|22.619999
1509499008005|-10.0199995|-33.96|25.619999
1509499008137|-11.04|-30.119999|24.24
1509499008269|-17.94|-14.639999|22.619999
1509499008401|-28.8|2.28|20.46
1509499008533|-37.02|13.2|18.66
1509499008665|-30.96|9.48|22.38
1509499008797|-19.26|-2.8799999|26.76
1509499008929|-7.2599998|-16.5|30.48
1509499009061|3.54|-24.96|33.96
1509499009193|0.84|-21.359999|33.6
1509499009324|-9.059999|-11.82|32.82
1509499009457|-20.039999|-1.38|32.7
1509499009589|-26.76|5.58|31.8
1509499009722|-25.98|3.8999999|28.68
1509499009853|-18.42|-8.94|24.359999
1509499009985|-7.8599997|-22.859999|20.58
1509499010118|-3.54|-33.42|16.5
1509499010249|-7.44|-29.64|13.2
1509499010381|-14.099999|-14.58|13.2
1509499010514|-24.66|1.38|11.94
1509499010645|-33.239998|10.98|11.16
1509499010776|-32.34|3.4199998|12.36
1509499010909|-27.48|-12.9|12.059999
1509499011041|-16.98|-30.0|13.0199995
1509499011173|-7.02|-41.28|13.74
1509499011305|-8.58|-40.92|12.96
1509499011438|-16.5|-23.1|10.679999
1509499011569|-25.439999|-2.7|8.82
1509499011701|-32.04|18.119999|5.8199997
1509499011833|-34.62|24.359999|3.84
1509499011966|-31.74|8.28|5.7
1509499012097|-25.98|-13.259999|6.96
1509499012229|-16.26|-34.079998|9.36
1509499012361|-8.88|-42.899998|11.5199995
1509499012493|-14.759999|-34.5|11.16
1509499012625|-25.08|-15.839999|9.36
1509499012758|-39.0|1.1999999|7.5
1509499012889|-46.44|11.04|5.7599998
1509499013021|-40.739998|3.06|6.8399997
1509499013153|-30.119999|-14.7|9.84
1509499013285|-15.78|-30.3|13.559999
1509499013417|-6.7799997|-39.48|18.539999
1509499013549|-9.179999|-33.36|20.76
1509499013682|-19.92|-19.74|21.24
1509499013813|-33.899998|-6.8399997|20.52
1509499013945|-40.2|1.14|19.32
1509499014077|-37.26|-3.12|20.4
1509499014209|-27.0|-15.24|21.779999
1509499014341|-15.78|-27.42|23.519999
1509499014473|-8.04|-35.04|24.359999
1509499014605|-11.099999|-31.14|22.26
1509499014737|-20.76|-18.96|20.52
1509499014869|-31.08|-5.4|17.279999
1509499015004|-39.66|5.46|14.04
1509499015133|-39.42|5.4|13.5
1509499015265|-33.66|-5.46|14.16
1509499015397|-24.42|-18.96|16.38
1509499015529|-15.36|-29.76|18.48
1509499015662|-13.259999|-31.14|19.26
1509499015793|-18.48|-21.6|18.539999
1509499015925|-27.18|-8.76|15.839999
1509499016057|-35.219997|1.92|13.38
1509499016189|-36.36|3.84|12.78
1509499016321|-32.82|-4.7999997|13.92
1509499016453|-25.439999|-16.199999|18.96
1509499016585|-19.98|-25.74|22.74
1509499016717|-20.1|-26.76|24.18
1509499016850|-23.039999|-15.54|23.4
1509499016980|-30.0|-2.9399998|19.5
1509499017113|-35.88|7.3199997|17.64
1509499017246|-34.98|8.5199995|19.92
1509499017377|-30.179998|-1.74|22.92
1509499017509|-21.72|-14.34|26.22
1509499017641|-16.02|-23.88|27.96
1509499017773|-15.839999|-22.92|26.58
1509499017905|-19.68|-12.42|24.779999
1509499018037|-26.699999|1.26|22.68
1509499018170|-30.3|12.36|20.82
1509499018301|-32.04|12.36|18.6
1509499018433|-28.38|-0.53999996|17.279999
1509499018565|-21.3|-16.5|17.1
1509499018697|-16.26|-30.179998|17.64
1509499018829|-17.34|-30.179998|16.5
1509499018962|-22.68|-16.68|14.46
1509499019093|-30.48|0.12|11.5199995
1509499019225|-37.32|14.7|8.04
1509499019357|-37.5|15.12|7.2
1509499019489|-35.219997|3.0|9.179999
1509499019621|-28.74|-13.38|13.44
1509499019754|-19.74|-26.76|19.619999
1509499019888|-14.099999|-33.36|23.88
1509499020017|-16.68|-25.26|24.779999
1509499020149|-24.539999|-11.16|22.56
1509499020281|-33.059998|1.62|18.3
1509499020413|-38.52|8.76|16.38
1509499020544|-35.7|0.9|16.44
1509499020677|-28.56|-13.62|18.539999
1509499020809|-21.539999|-28.26|20.52
1509499020941|-18.24|-34.68|21.0
1509499021073|-21.539999|-27.599998|20.279999
1509499021205|-29.519999|-13.32|16.859999
1509499021337|-37.98|0.9|13.38
1509499021469|-42.12|9.24|10.559999
1509499021601|-41.76|6.2999997|9.84
1509499021733|-37.5|-7.68|8.639999
1509499021865|-25.619999|-22.56|2.3999999
1509499021997|-8.4|-32.16|-4.8599997
1509499022129|10.26|-34.44|-13.98
1509499022261|25.8|-28.26|-20.76
1509499022393|35.34|-18.9|-21.48
1509499022525|39.66|-11.04|-21.539999
1509499022657|39.78|-5.16|-22.859999
1509499022789|38.04|-0.84|-25.38
1509499022922|33.719997|2.6399999|-29.099998
1509499023052|27.48|5.8799996|-33.84
1509499023185|20.279999|9.719999|-37.2
1509499023318|12.719999|13.139999|-39.239998
1509499023449|4.98|15.12|-40.5
