1509422177415|1021.2642
1509422177549|1021.24774
1509422177681|1021.24774
1509422177818|1021.2409
1509422177948|1021.22394
1509422178082|1021.25793
1509422178222|1021.24725
1509422178348|1021.2404
1509422178484|1021.2574
1509422178615|1021.24817
1509422178750|1021.254
1509422178887|1021.25574
1509422179015|1021.28705
1509422179150|1021.2892
1509422179282|1021.2892
1509422179419|1021.2395
1509422179551|1021.231
1509422179683|1021.2286
1509422179816|1021.2329
1509422179949|1021.3127
1509422180083|1021.232
1509422180218|1021.2429
1509422180350|1021.23364
1509422180483|1021.248
1509422180623|1021.3078
1509422180752|1021.3078
1509422180882|1021.2492
1509422181023|1021.2458
1509422181151|1021.24164
1509422181283|1021.2662
1509422181419|1021.29333
1509422181550|1021.2526
1509422181682|1021.23566
1509422181823|1021.2407
1509422181954|1021.256
1509422182082|1021.2492
1509422182217|1021.2492
1509422182352|1021.256
1509422182484|1021.2407
1509422182617|1021.24316
1509422182749|1021.24994
1509422182883|1021.25507
1509422183020|1021.2945
1509422183164|1021.27075
1509422183282|1021.24774
1509422183417|1021.25287
1509422183555|1021.2359
1509422183687|1021.2359
1509422183820|1021.2349
1509422183950|1021.2672
1509422184084|1021.22906
1509422184221|1021.2214
1509422184360|1021.2308
1509422184489|1021.2349
1509422184617|1021.2337
1509422184752|1021.25653
1509422184891|1021.2514
1509422185017|1021.231
1509422185153|1021.248
1509422185285|1021.248
1509422185422|1021.24554
1509422185558|1021.24634
1509422185684|1021.26666
1509422185817|1021.265
1509422185950|1021.25745
1509422186084|1021.26086
1509422186217|1021.2541
1509422186351|1021.2897
1509422186487|1021.2922
1509422186625|1021.27423
1509422186753|1021.27423
1509422186884|1021.25824
1509422187021|1021.2522
1509422187150|1021.259
1509422187286|1021.2607
1509422187418|1021.2182
1509422187552|1021.217
1509422187685|1021.2182
1509422187825|1021.22845
1509422187955|1021.24243
1509422188085|1021.24414
1509422188217|1021.24414
1509422188351|1021.22546
1509422188484|1021.23566
1509422188623|1021.2305
1509422188752|1021.2466
1509422188884|1021.28314
1509422189018|1021.25726
1509422189154|1021.2492
1509422189285|1021.25385
1509422189418|1021.25385
1509422189554|1021.2475
1509422189686|1021.28314
1509422189824|1021.28314
1509422189951|1021.2713
1509422190085|1021.25555
1509422190222|1021.26404
1509422190352|1021.25726
1509422190486|1021.26575
1509422190618|1021.2895
1509422190752|1021.25653
1509422190894|1021.27594
1509422191018|1021.26575
1509422191152|1021.28314
1509422191286|1021.28314
1509422191420|1021.2815
1509422191557|1021.2526
1509422191684|1021.2526
1509422191821|1021.2475
1509422191953|1021.26404
1509422192085|1021.29333
1509422192219|1021.25604
1509422192351|1021.2454
1509422192487|1021.2522
1509422192626|1021.25433
1509422192756|1021.25433
1509422192885|1021.2803
1509422193021|1021.26666
1509422193152|1021.2497
1509422193287|1021.23444
1509422193420|1021.22595
1509422193552|1021.2337
1509422193685|1021.27856
1509422193818|1021.24896
1509422193956|1021.2303
1509422194086|1021.2303
1509422194223|1021.2235
1509422194352|1021.2235
1509422194494|1021.2429
1509422194622|1021.26917
1509422194752|1021.2335
1509422194886|1021.2099
1509422195030|1021.215
1509422195152|1021.2252
1509422195287|1021.24725
1509422195419|1021.25024
1509422195553|1021.2332
1509422195686|1021.22986
1509422195827|1021.22986
1509422195952|1021.22906
1509422196086|1021.2325
1509422196223|1021.24603
1509422196352|1021.2349
1509422196486|1021.2248
1509422196619|1021.23157
1509422196753|1021.22815
1509422196886|1021.232
1509422197019|1021.2977
1509422197153|1021.26886
1509422197288|1021.26886
1509422197427|1021.24005
1509422197553|1021.24347
1509422197686|1021.22644
1509422197821|1021.23663
1509422197954|1021.2507
1509422198086|1021.2129
1509422198221|1021.2061
1509422198353|1021.21796
1509422198491|1021.2112
1509422198628|1021.24725
1509422198755|1021.24725
1509422198886|1021.27106
1509422199024|1021.26044
1509422199161|1021.2519
1509422199286|1021.2664
1509422199420|1021.257
1509422199554|1021.2536
1509422199687|1021.24945
1509422199827|1021.2647
1509422199963|1021.2444
1509422200088|1021.26984
1509422200221|1021.24603
1509422200353|1021.24603
1509422200486|1021.2427
1509422200626|1021.2444
1509422200754|1021.26135
1509422200887|1021.2427
1509422201022|1021.22986
1509422201154|1021.2325
1509422201290|1021.2325
1509422201420|1021.24603
1509422201554|1021.26984
1509422201688|1021.263
1509422201820|1021.263
1509422201953|1021.24603
1509422202092|1021.27155
1509422202225|1021.25964
1509422202354|1021.247
1509422202488|1021.2572
1509422202621|1021.2487
1509422202754|1021.25507
1509422202887|1021.2572
1509422203021|1021.2686
1509422203155|1021.26013
1509422203290|1021.26013
1509422203424|1021.27075
1509422203554|1021.2674
1509422203687|1021.27374
1509422203821|1021.31146
1509422203955|1021.27924
1509422204086|1021.2805
1509422204222|1021.27203
1509422204355|1021.26447
1509422204489|1021.2875
1509422204624|1021.29083
1509422204762|1021.2654
1509422204888|1021.2654
1509422205020|1021.2586
1509422205154|1021.2497
1509422205288|1021.2599
1509422205423|1021.2497
1509422205554|1021.2531
1509422205688|1021.2514
1509422205829|1021.2484
1509422205956|1021.25476
