1509508604670|-6.891896|-6.810174|1.525479
1509508604801|-7.300506|-6.115536|2.3563201
1509508604934|-7.641015|-5.1484914|3.3642259
1509508605065|-7.6546354|-4.072484|4.6036773
1509508605197|-7.2732654|-2.941995|5.89761
1509508605329|-6.782933|-1.2122109|6.9872384
1509508605461|-5.9657125|1.1168685|7.722737
1509508605593|-4.767122|2.9283745|8.063246
1509508605726|-3.9226599|3.840938|8.144968
1509508605865|-3.3506055|4.2495484|8.185829
1509508605989|-3.3914666|3.840938|8.3765135
1509508606121|-4.6445384|2.4380422|8.294791
1509508606253|-6.2789803|0.8853226|7.4911914
1509508606389|-7.477571|-0.7354987|6.306221
1509508606517|-8.267551|-2.3290794|4.739881
1509508606648|-8.390134|-3.9226599|3.2280223
1509508606794|-8.049625|-5.2302136|2.0294318
1509508606913|-7.559293|-6.142777|1.2122109
1509508607047|-6.973618|-6.864655|0.57205456
1509508607177|-6.428804|-7.409469|-0.28602728
1509508607309|-6.0474343|-7.681876|-0.7899802
1509508607443|-5.952092|-7.7091165|-1.0896277
1509508607573|-6.0065737|-7.641015|-1.293933
1509508607707|-6.020194|-7.600154|-1.4165161
1509508607839|-5.924851|-7.7091165|-1.3075534
1509508607971|-5.734166|-7.8725605|-1.1577295
1509508608101|-5.3800373|-8.131348|-1.0079057
1509508608234|-5.1893525|-8.281172|-0.8580819
1509508608366|-5.1621118|-8.308412|-0.7763598
1509508608497|-5.4208984|-8.144968|-0.7218784
1509508608630|-5.6796846|-7.9542828|-0.70825803
1509508608762|-5.8431287|-7.8453197|-0.667397
1509508608895|-5.7750273|-7.8998013|-0.61291564
1509508609025|-5.529861|-8.090487|-0.36774936
1509508609158|-5.339176|-8.22669|-0.095342435
1509508609297|-5.3119354|-8.240311|0.0
1509508609424|-5.5571017|-8.076866|-0.12258312
1509508609553|-5.815888|-7.886181|-0.24516624
1509508609684|-5.9929533|-7.7499776|-0.29964766
1509508609817|-5.9657125|-7.763598|-0.36774936
1509508609950|-5.720546|-7.9542828|-0.42223078
1509508610082|-5.393657|-8.172209|-0.50395286
1509508610213|-5.257454|-8.253931|-0.57205456
1509508610345|-5.434519|-8.131348|-0.6810174
1509508610477|-5.693305|-7.9406624|-0.74911916
1509508610610|-5.9112306|-7.7908387|-0.7218784
1509508610742|-6.0065737|-7.722737|-0.74911916
1509508610874|-5.802268|-7.8725605|-0.7763598
1509508611005|-5.448139|-8.117727|-0.7354987
1509508611138|-5.257454|-8.253931|-0.70825803
1509508611270|-5.407278|-8.144968|-0.7354987
1509508611402|-5.761407|-7.8998013|-0.7218784
1509508611534|-6.0882955|-7.668256|-0.51757324
1509508611666|-6.2244987|-7.572913|-0.28602728
1509508611806|-6.020194|-7.736357|-0.13620347
1509508611928|-5.6796846|-7.9951434|-0.027240695
1509508612062|-5.4617596|-8.144968|0.068101734
1509508612193|-5.5571017|-8.076866|0.12258312
1509508612332|-5.693305|-7.9815235|0.16344418
1509508612459|-5.938472|-7.7908387|0.38136974
1509508612590|-6.115536|-7.641015|0.5448139
1509508612722|-6.0610547|-7.681876|0.5992953
1509508612854|-5.761407|-7.9134216|0.61291564
1509508612984|-5.434519|-8.131348|0.667397
1509508613117|-5.339176|-8.21307|0.50395286
1509508613249|-5.4890003|-8.117727|0.19068487
1509508613381|-5.8431287|-7.8725605|0.027240695
1509508613514|-6.0610547|-7.7091165|0.013620348
1509508613645|-6.0065737|-7.7499776|-0.027240695
1509508613777|-5.6660643|-8.008764|-0.10896278
1509508613908|-5.407278|-8.172209|-0.12258312
1509508614040|-5.2710743|-8.267551|-0.32688835
1509508614174|-5.2438335|-8.267551|-0.55843425
1509508614306|-5.50262|-8.076866|-0.7218784
1509508614441|-5.7477865|-7.8998013|-0.8036005
1509508614568|-5.8295083|-7.8317|-0.84446156
1509508614702|-5.6660643|-7.9406624|-0.91256326
1509508614834|-5.3800373|-8.144968|-0.92618364
1509508614965|-5.134871|-8.308412|-0.8853226
1509508615096|-5.1484914|-8.294791|-0.91256326
1509508615230|-5.2846947|-8.185829|-1.0351465
1509508615362|-5.5162406|-8.022385|-1.1441091
1509508615493|-5.7069254|-7.886181|-1.1577295
1509508615626|-5.7886477|-7.8317|-1.1304889
1509508615759|-5.652444|-7.927042|-1.1441091
1509508615892|-5.257454|-8.19945|-1.1713499
1509508616024|-4.944186|-8.390134|-1.1577295
1509508616154|-4.835223|-8.458236|-1.1168685
1509508616286|-4.8897047|-8.417375|-1.1577295
1509508616418|-5.09401|-8.281172|-1.2530719
1509508616550|-5.298315|-8.144968|-1.293933
1509508616681|-5.366417|-8.117727|-1.1441091
1509508616813|-5.325556|-8.19945|-0.83084124
1509508616946|-5.2710743|-8.240311|-0.62653595
1509508617077|-5.434519|-8.144968|-0.58567494
1509508617212|-5.5571017|-8.076866|-0.31326798
1509508617343|-5.47538|-8.131348|0.14982383
1509508617475|-5.4208984|-8.117727|0.8853226
1509508617613|-5.339176|-7.9951434|1.9340893
1509508617739|-5.325556|-7.668256|3.010097
1509508617870|-5.1893525|-7.137062|4.276789
1509508618000|-4.835223|-6.5377665|5.4890003
1509508618134|-4.2086873|-5.7477865|6.742072
1509508618266|-3.1054392|-4.276789|8.267551
1509508618398|-1.8932283|-2.083913|9.39804
1509508618531|-0.87170225|-0.08172209|9.779409
1509508618673|0.14982383|1.0623871|9.752169
1509508618794|0.61291564|1.7842655|9.629586
1509508618926|0.08172209|1.9477097|9.615966
1509508619057|-0.7899802|1.6889231|9.629586
1509508619190|-1.5935806|1.0487667|9.629586
1509508619322|-1.2122109|-0.3405087|9.738548
1509508619455|1.2803127|-2.2064962|9.466142
1509508619586|4.0861044|-3.7455957|8.090487
1509508619718|5.979333|-4.6445384|6.2244987
1509508619849|6.932757|-5.570722|4.099725
1509508619980|7.06896|-6.483285|2.0430522
1509508620112|6.701211|-7.1234417|0.50395286
1509508620244|6.115536|-7.6273947|-0.55843425
1509508620377|5.652444|-7.9134216|-1.2394516
1509508620509|5.652444|-7.7908387|-1.838747
1509508620648|5.9112306|-7.4911914|-2.2201166
1509508620774|6.306221|-7.1643023|-2.2064962
1509508620906|6.551387|-6.9872384|-2.070293
1509508621037|6.565007|-6.973618|-2.070293
1509508621169|6.3470817|-7.1643023|-2.083913
1509508621302|5.938472|-7.477571|-2.192876
1509508621434|5.6660643|-7.668256|-2.2745981
1509508621566|5.693305|-7.641015|-2.2745981
1509508621699|5.9929533|-7.4230895|-2.2201166
1509508621830|6.3198414|-7.1643023|-2.1383946
1509508621962|6.4969053|-7.028099|-2.0975335
1509508622097|6.4424243|-7.06896|-2.1247742
1509508622226|6.1291566|-7.314126|-2.192876
1509508622358|5.7750273|-7.5865335|-2.2473574
1509508622490|5.638824|-7.681876|-2.2609777
1509508622621|5.8431287|-7.572913|-2.1111538
1509508622754|6.142777|-7.3958488|-1.9068487
1509508622885|6.360702|-7.2460246|-1.7434045
1509508623017|6.428804|-7.2051635|-1.5935806
1509508623150|6.1836376|-7.43671|-1.56634
1509508623283|5.802268|-7.736357|-1.56634
1509508623414|5.597963|-7.886181|-1.56634
1509508623545|5.734166|-7.804459|-1.484618
1509508623681|5.979333|-7.641015|-1.3484143
1509508623810|6.2517395|-7.4503303|-1.1985906
1509508623941|6.3470817|-7.3822284|-1.0760074
1509508624074|6.1836376|-7.532052|-1.0215261
1509508624205|5.815888|-7.804459|-1.1304889
1509508624337|5.5843425|-7.9542828|-1.2530719
1509508624470|5.5843425|-7.9406624|-1.3075534
1509508624601|5.7886477|-7.804459|-1.2258313
1509508624732|6.020194|-7.641015|-1.1304889
1509508624864|6.142777|-7.559293|-1.0487667
1509508624998|6.074675|-7.6273947|-1.0079057
1509508625130|5.720546|-7.8725605|-1.0896277
1509508625262|5.434519|-8.063246|-1.2258313
1509508625394|5.366417|-8.104107|-1.2394516
1509508625528|5.5843425|-7.967903|-1.1032481
1509508625658|5.924851|-7.7499776|-0.98066497
1509508625790|6.115536|-7.600154|-0.91256326
1509508625922|6.0474343|-7.6546354|-0.91256326
1509508626054|5.734166|-7.8725605|-1.0351465
1509508626185|5.448139|-8.049625|-1.2122109
1509508626317|5.407278|-8.063246|-1.2803127
1509508626450|5.6252036|-7.927042|-1.1713499
1509508626582|5.88399|-7.763598|-0.99428535
1509508626713|6.0882955|-7.6273947|-0.8580819
1509508626846|6.101916|-7.6273947|-0.7627395
1509508626978|5.8703694|-7.7908387|-0.87170225
1509508627110|5.5571017|-7.9815235|-1.1168685
1509508627241|5.393657|-8.076866|-1.2666924
1509508627373|5.5571017|-7.967903|-1.2803127
1509508627505|5.88399|-7.7499776|-1.1577295
1509508627637|6.1700177|-7.532052|-1.0351465
1509508627770|6.2789803|-7.4639506|-0.95342433
1509508627902|6.0882955|-7.6137743|-1.0079057
1509508628033|5.734166|-7.8453197|-1.2258313
1509508628165|5.4890003|-7.9951434|-1.375655
1509508628297|5.5571017|-7.9406624|-1.4301364
1509508628431|5.856749|-7.736357|-1.375655
1509508628562|6.1700177|-7.504812|-1.2394516
1509508628707|6.3334613|-7.3822284|-1.1577295
1509508628826|6.1700177|-7.532052|-1.1168685
1509508628961|5.8295083|-7.7772183|-1.1713499
1509508629089|5.5434813|-7.967903|-1.2803127
1509508629222|5.5571017|-7.9542828|-1.3484143
1509508629353|5.802268|-7.763598|-1.3892754
1509508629485|6.115536|-7.532052|-1.3484143
1509508629618|6.2789803|-7.409469|-1.293933
1509508629750|6.2108784|-7.4639506|-1.2666924
1509508629882|5.924851|-7.695496|-1.293933
1509508630014|5.638824|-7.886181|-1.3892754
1509508630146|5.570722|-7.927042|-1.4437568
1509508630279|5.7886477|-7.7772183|-1.3892754
1509508630410|6.074675|-7.559293|-1.3620348
1509508630541|6.2517395|-7.4230895|-1.3484143
1509508630674|6.2108784|-7.4639506|-1.3211737
1509508630807|5.9657125|-7.668256|-1.3075534
1509508630939|5.6796846|-7.8725605|-1.3211737
1509508631068|5.5843425|-7.9406624|-1.3620348
1509508631201|5.7477865|-7.804459|-1.4301364
1509508631333|6.0474343|-7.572913|-1.4437568
1509508631465|6.2517395|-7.409469|-1.4437568
1509508631597|6.2517395|-7.409469|-1.4437568
1509508631730|5.979333|-7.6137743|-1.484618
1509508631862|5.6660643|-7.8317|-1.5935806
1509508631995|5.5571017|-7.886181|-1.6753027
1509508632126|5.7477865|-7.736357|-1.7297841
1509508632258|6.0065737|-7.5456724|-1.7434045
1509508632393|6.1563973|-7.409469|-1.7570248
1509508632522|6.0882955|-7.477571|-1.7570248
1509508632653|5.856749|-7.6546354|-1.7434045
1509508632786|5.5843425|-7.85894|-1.7161638
1509508632918|5.5162406|-7.9134216|-1.7297841
1509508633048|5.7069254|-7.763598|-1.7434045
1509508633181|5.952092|-7.572913|-1.7706451
1509508633314|6.142777|-7.409469|-1.7842655
1509508633451|6.101916|-7.4503303|-1.7978858
1509508633578|5.8431287|-7.6546354|-1.7706451
1509508633710|5.5843425|-7.8725605|-1.7161638
1509508633849|5.529861|-7.8998013|-1.7025435
1509508633973|5.734166|-7.7499776|-1.7025435
1509508634105|5.9929533|-7.559293|-1.7025435
1509508634237|6.1291566|-7.4503303|-1.7025435
1509508634370|6.074675|-7.504812|-1.6753027
1509508634502|5.815888|-7.7091165|-1.648062
1509508634634|5.5571017|-7.8998013|-1.648062
1509508634765|5.529861|-7.9134216|-1.6616825
1509508634898|5.720546|-7.763598|-1.7297841
1509508635030|5.9657125|-7.559293|-1.7570248
1509508635166|6.101916|-7.4503303|-1.7706451
1509508635294|5.979333|-7.5456724|-1.7978858
1509508635426|5.734166|-7.736357|-1.7842655
1509508635558|5.5434813|-7.886181|-1.7842655
1509508635689|5.5843425|-7.8453197|-1.7978858
1509508635822|5.815888|-7.681876|-1.7978858
1509508635954|6.033814|-7.504812|-1.7978858
1509508636087|6.115536|-7.43671|-1.7978858
1509508636219|5.9657125|-7.572913|-1.7297841
1509508636350|5.734166|-7.763598|-1.7025435
1509508636481|5.5571017|-7.8998013|-1.648062
1509508636614|5.652444|-7.85894|-1.5390993
1509508636746|5.89761|-7.695496|-1.4165161
1509508636880|6.1563973|-7.4911914|-1.375655
1509508637010|6.3470817|-7.3413677|-1.3620348
1509508637141|6.4424243|-7.259645|-1.3211737
1509508637273|6.387943|-7.3413677|-1.1577295
1509508637407|6.2517395|-7.504812|-0.7899802
1509508637537|6.1836376|-7.600154|-0.16344418
1509508637670|6.3470817|-7.43671|0.51757324
1509508637802|6.851035|-6.9191365|1.1304889
1509508637934|7.3277473|-6.0882955|2.2609777
1509508638065|7.477571|-4.985047|3.9226599
1509508638198|6.8782754|-3.9362803|5.761407
1509508638330|5.339176|-2.315459|7.8998013
1509508638462|3.050958|0.013620348|9.329938
1509508638594|1.1713499|2.0430522|9.520623
1509508638729|0.095342435|3.214402|9.275456
1509508638857|-0.3405087|3.7728362|9.057531
1509508638989|-0.3949901|4.072484|8.921328
1509508639121|-0.13620347|4.358511|8.798745
1509508639254|0.05448139|4.5491962|8.689781
1509508639386|0.013620348|4.69902|8.621679
1509508639517|-0.17706451|4.7262607|8.594439
1509508639650|-0.50395286|4.658159|8.621679
1509508639782|-0.7899802|4.590057|8.6353
1509508639912|-0.87170225|4.5491962|8.64892
1509508640045|-0.87170225|4.535576|8.66254
1509508640179|-0.87170225|4.508335|8.676161
1509508640321|-0.8853226|4.467474|8.689781
1509508640442|-0.98066497|4.426613|8.703402
1509508640574|-1.1985906|4.385752|8.703402
1509508640706|-1.4165161|4.358511|8.676161
1509508640837|-1.4709975|4.31765|8.689781
1509508640970|-1.4437568|4.2904096|8.703402
1509508641102|-1.3892754|4.2495484|8.744264
1509508641234|-1.375655|4.2223077|8.757884
1509508641366|-1.4028958|4.1814466|8.771504
1509508641497|-1.4982383|4.1269655|8.771504
