1509425348892|1023.46124
1509425349026|1023.43744
1509425349160|1023.43744
1509425349299|1023.4379
1509425349428|1023.4345
1509425349559|1023.4329
1509425349693|1023.4659
1509425349835|1023.4472
1509425349961|1023.4556
1509425350093|1023.4692
1509425350225|1023.4395
1509425350366|1023.4311
1509425350498|1023.45685
1509425350626|1023.45685
1509425350761|1023.4671
1509425350897|1023.4476
1509425351026|1023.43304
1509425351160|1023.45
1509425351293|1023.4483
1509425351427|1023.4296
1509425351567|1023.4318
1509425351694|1023.4488
1509425351826|1023.4567
1509425351969|1023.4318
1509425352095|1023.4161
1509425352229|1023.4161
1509425352363|1023.43304
1509425352493|1023.45
1509425352626|1023.4432
1509425352762|1023.43353
1509425352899|1023.4589
1509425353027|1023.46234
1509425353160|1023.43695
1509425353293|1023.43097
1509425353431|1023.47076
1509425353561|1023.43524
1509425353697|1023.43524
1509425353827|1023.4234
1509425353971|1023.43854
1509425354094|1023.4522
1509425354227|1023.4399
1509425354361|1023.44147
1509425354494|1023.45087
1509425354626|1023.4703
1509425354761|1023.4399
1509425354895|1023.4432
1509425355028|1023.456
1509425355166|1023.456
1509425355293|1023.4493
1509425355430|1023.4366
1509425355562|1023.43146
1509425355693|1023.4349
1509425355828|1023.44586
1509425355965|1023.4163
1509425356097|1023.4095
1509425356228|1023.42426
1509425356363|1023.4361
1509425356494|1023.41583
1509425356627|1023.41583
1509425356761|1023.41583
1509425356894|1023.42426
1509425357030|1023.44
1509425357164|1023.4344
1509425357295|1023.4344
1509425357428|1023.4388
1509425357569|1023.44037
1509425357700|1023.43536
1509425357828|1023.4268
1509425357962|1023.4329
1509425358094|1023.43915
1509425358231|1023.43915
1509425358361|1023.43414
1509425358501|1023.42487
1509425358627|1023.43085
1509425358764|1023.43427
1509425358900|1023.4067
1509425359028|1023.40326
1509425359161|1023.42365
1509425359296|1023.43756
1509425359433|1023.4207
1509425359562|1023.4185
1509425359697|1023.4185
1509425359832|1023.4228
1509425359967|1023.4482
1509425360095|1023.4178
1509425360229|1023.42535
1509425360367|1023.4439
1509425360495|1023.45917
1509425360631|1023.4329
1509425360770|1023.4305
1509425360894|1023.4406
1509425361029|1023.4406
1509425361164|1023.42706
1509425361296|1023.42706
1509425361431|1023.4305
1509425361562|1023.4445
1509425361696|1023.45465
1509425361828|1023.4488
1509425361969|1023.4416
1509425362097|1023.4483
1509425362228|1023.4611
1509425362364|1023.4594
1509425362502|1023.44586
1509425362630|1023.4467
1509425362763|1023.4467
1509425362895|1023.45135
1509425363032|1023.44635
1509425363163|1023.44293
1509425363296|1023.4683
1509425363431|1023.4654
1509425363571|1023.45355
1509425363697|1023.4527
1509425363829|1023.4604
1509425363963|1023.4362
1509425364096|1023.43036
1509425364242|1023.43036
1509425364368|1023.44977
1509425364496|1023.4676
1509425364631|1023.45575
1509425364772|1023.4427
1509425364897|1023.4511
1509425365029|1023.48505
1509425365162|1023.4528
1509425365297|1023.441
1509425365433|1023.44525
1509425365562|1023.4622
1509425365700|1023.4368
1509425365829|1023.4368
1509425365967|1023.4216
1509425366097|1023.44867
1509425366230|1023.45807
1509425366363|1023.4327
1509425366497|1023.42755
1509425366640|1023.4423
1509425366771|1023.44745
1509425366898|1023.4128
1509425367029|1023.42633
1509425367167|1023.45685
1509425367308|1023.45685
1509425367429|1023.4737
1509425367564|1023.46954
1509425367697|1023.47296
1509425367830|1023.4793
1509425367967|1023.4926
1509425368096|1023.4876
1509425368232|1023.4808
1509425368365|1023.48883
1509425368498|1023.47687
1509425368630|1023.47687
1509425368764|1023.47687
1509425368896|1023.4786
1509425369033|1023.48126
1509425369163|1023.4753
1509425369299|1023.46844
1509425369431|1023.45844
1509425369571|1023.46515
1509425369700|1023.4495
1509425369830|1023.4334
1509425369964|1023.44196
1509425370098|1023.455
1509425370236|1023.455
1509425370364|1023.4339
1509425370499|1023.4356
1509425370632|1023.4466
1509425370770|1023.45856
1509425370907|1023.4382
1509425371030|1023.42975
1509425371163|1023.4462
1509425371297|1023.45905
1509425371430|1023.4362
1509425371565|1023.4357
1509425371698|1023.4451
1509425371831|1023.4451
1509425371972|1023.45184
1509425372098|1023.4393
1509425372239|1023.4393
1509425372363|1023.4528
1509425372497|1023.46075
1509425372639|1023.4455
1509425372768|1023.4489
1509425372898|1023.4549
1509425373031|1023.466
1509425373170|1023.4571
1509425373299|1023.4571
1509425373431|1023.4478
1509425373565|1023.4537
1509425373698|1023.4648
1509425373831|1023.4466
1509425373970|1023.4483
1509425374099|1023.4484
1509425374232|1023.45807
1509425374368|1023.4505
1509425374502|1023.45807
1509425374631|1023.4505
1509425374767|1023.4505
1509425374898|1023.46405
1509425375032|1023.45514
1509425375165|1023.4544
1509425375298|1023.4587
1509425375432|1023.44293
1509425375571|1023.44464
1509425375699|1023.4395
1509425375832|1023.44635
1509425375968|1023.4582
1509425376103|1023.44806
1509425376236|1023.4405
1509425376368|1023.4405
1509425376499|1023.45404
1509425376639|1023.4506
1509425376777|1023.45404
1509425376902|1023.4499
1509425377037|1023.4566
1509425377165|1023.4748
1509425377299|1023.4494
1509425377437|1023.46
1509425377566|1023.46124
1509425377703|1023.4753
1509425377832|1023.4753
1509425377978|1023.46796
1509425378102|1023.4638
1509425378232|1023.4681
1509425378366|1023.4749
1509425378499|1023.48334
1509425378636|1023.4754
1509425378765|1023.4787
1509425378898|1023.4842
1509425379033|1023.4775
1509425379169|1023.46405
1509425379299|1023.46405
1509425379432|1023.4649
1509425379565|1023.46747
1509425379700|1023.4598
1509425379832|1023.4522
1509425379977|1023.45856
1509425380099|1023.4611
1509425380232|1023.462
1509425380366|1023.4488
1509425380502|1023.4556
1509425380633|1023.4616
1509425380766|1023.4565
1509425380901|1023.4565
1509425381043|1023.4565
1509425381166|1023.4472
1509425381302|1023.4456
1509425381434|1023.4484
1509425381570|1023.446
1509425381704|1023.46124
1509425381833|1023.46124
1509425381967|1023.45026
1509425382100|1023.44183
1509425382233|1023.4588
1509425382368|1023.4588
1509425382500|1023.4605
1509425382636|1023.44135
1509425382768|1023.4456
1509425382899|1023.45416
1509425383039|1023.4677
1509425383167|1023.46515
1509425383302|1023.4533
1509425383436|1023.45966
1509425383569|1023.46466
1509425383700|1023.44696
1509425383834|1023.44696
1509425383972|1023.43854
1509425384100|1023.4445
1509425384234|1023.4445
1509425384366|1023.42755
1509425384500|1023.41864
1509425384633|1023.4255
1509425384766|1023.4467
1509425384904|1023.4517
1509425385033|1023.4644
