1509149334710|0.3405087|-0.040861044|9.80665
1509149334842|0.36774936|-0.027240695|9.80665
1509149334973|0.35412902|-0.027240695|9.80665
1509149335105|0.35412902|-0.040861044|9.80665
1509149335238|0.35412902|-0.040861044|9.80665
1509149335369|0.35412902|-0.040861044|9.80665
1509149335501|0.35412902|-0.05448139|9.80665
1509149335633|0.35412902|-0.05448139|9.80665
1509149335766|0.35412902|-0.05448139|9.80665
1509149335898|0.35412902|-0.068101734|9.80665
1509149336030|0.35412902|-0.068101734|9.80665
1509149336160|0.35412902|-0.068101734|9.80665
1509149336293|0.35412902|-0.068101734|9.80665
1509149336427|0.35412902|-0.068101734|9.80665
1509149336557|0.35412902|-0.068101734|9.80665
1509149336689|0.35412902|-0.068101734|9.80665
1509149336822|0.35412902|-0.068101734|9.80665
1509149336953|0.35412902|-0.068101734|9.80665
1509149337085|0.3405087|-0.068101734|9.80665
1509149337217|0.3405087|-0.068101734|9.80665
1509149337349|0.32688835|-0.068101734|9.80665
1509149337482|0.32688835|-0.068101734|9.80665
1509149337613|0.31326798|-0.08172209|9.80665
1509149337746|0.31326798|-0.08172209|9.80665
1509149337877|0.31326798|-0.068101734|9.80665
1509149338009|0.32688835|-0.08172209|9.80665
1509149338144|0.31326798|-0.068101734|9.80665
1509149338273|0.3405087|-0.08172209|9.80665
1509149338406|0.3405087|-0.08172209|9.80665
1509149338537|0.3405087|-0.08172209|9.80665
1509149338669|0.3405087|-0.08172209|9.80665
1509149338800|0.3405087|-0.08172209|9.80665
1509149338934|0.3405087|-0.068101734|9.80665
1509149339065|0.32688835|-0.08172209|9.80665
1509149339197|0.32688835|-0.068101734|9.80665
1509149339328|0.32688835|-0.068101734|9.80665
1509149339461|0.3405087|-0.068101734|9.80665
1509149339593|0.32688835|-0.068101734|9.80665
1509149339724|0.32688835|-0.068101734|9.80665
1509149339856|0.32688835|-0.068101734|9.80665
1509149339989|0.32688835|-0.068101734|9.80665
1509149340120|0.32688835|-0.068101734|9.80665
1509149340317|0.32688835|-0.068101734|9.80665
1509149340450|0.32688835|-0.068101734|9.80665
1509149340584|0.32688835|-0.068101734|9.80665
1509149340715|0.32688835|-0.068101734|9.80665
1509149340847|0.32688835|-0.068101734|9.80665
1509149340979|0.31326798|-0.068101734|9.80665
1509149341110|0.31326798|-0.068101734|9.80665
1509149341197|0.29964766|-0.068101734|9.80665
1509149341309|0.29964766|-0.05448139|9.80665
1509149341440|0.29964766|-0.05448139|9.80665
1509149341572|0.29964766|-0.05448139|9.80665
1509149341704|0.29964766|-0.05448139|9.80665
1509149341837|0.29964766|-0.05448139|9.80665
1509149341969|0.29964766|-0.040861044|9.80665
1509149342101|0.29964766|-0.040861044|9.80665
1509149342234|0.29964766|-0.040861044|9.80665
1509149342365|0.28602728|-0.040861044|9.80665
1509149342498|0.27240694|-0.05448139|9.80665
1509149342629|0.27240694|-0.05448139|9.80665
1509149342762|0.27240694|-0.05448139|9.80665
1509149342894|0.27240694|-0.05448139|9.80665
1509149343026|0.27240694|-0.05448139|9.80665
1509149343158|0.25878662|-0.040861044|9.80665
1509149343290|0.25878662|-0.027240695|9.80665
1509149343428|0.24516624|-0.027240695|9.80665
