1509580013208|-1.0215261|-0.068101734|-0.040861044
1509580013329|0.3405087|-0.99428535|1.1168685
1509580013460|1.1441091|0.027240695|-0.7354987
1509580013592|-0.36774936|-0.013620348|0.61291564
1509580013724|0.027240695|-0.068101734|-0.36774936
1509580013857|-0.31326798|0.24516624|0.013620348
1509580013988|-0.31326798|-0.10896278|-0.8172208
1509580014120|0.50395286|0.6946377|-0.3405087
1509580014253|1.5799603|-0.13620347|0.47671217
1509580014384|0.58567494|0.6401563|-1.7297841
1509580014516|0.29964766|-0.8853226|0.095342435
1509580014649|0.0|-0.87170225|0.667397
1509580014782|0.0|-0.17706451|-1.4573771
1509580014912|1.7025435|-0.98066497|0.939804
1509580015044|1.3892754|0.25878662|-0.61291564
1509580015177|0.23154591|0.013620348|0.25878662
1509580015308|0.24516624|0.19068487|-0.6537767
1509580015443|-0.068101734|-0.095342435|0.6537767
1509580015574|0.19068487|0.4086104|-0.35412902
1509580015704|2.070293|-0.32688835|-0.5992953
1509580015838|0.98066497|-0.44947144|0.42223078
1509580015968|-1.0487667|0.7627395|-2.901134
1509580016107|-2.5061438|0.27240694|0.62653595
1509580016233|0.47671217|0.92618364|-1.6344416
1509580016365|1.7842655|0.31326798|-1.375655
1509580016498|2.6423473|0.6401563|-1.1168685
1509580016628|2.0566726|0.6810174|0.62653595
1509580016761|0.83084124|0.28602728|0.16344418
1509580016892|0.38136974|0.6810174|0.6401563
1509580017024|-0.068101734|-0.05448139|-0.027240695
1509580017157|1.879608|-0.3405087|-0.3949901
1509580017288|2.587866|0.2043052|-0.47671217
1509580017420|2.2745981|-0.7218784|-0.46309182
1509580017552|-0.21792556|-0.4086104|-0.44947144
1509580017693|-0.3405087|-0.3405087|-0.939804
1509580017817|-0.62653595|-1.0215261|2.8738933
1509580017950|0.8853226|-0.91256326|0.040861044
1509580018081|0.027240695|0.58567494|-2.587866
1509580018214|2.3563201|-0.57205456|1.1713499
1509580018344|-0.24516624|-0.99428535|0.28602728
1509580018476|-1.9885707|1.0896277|-3.5412903
1509580018608|-2.2882183|0.98066497|-0.8580819
1509580018740|-0.8172208|0.46309182|0.42223078
1509580018874|-0.939804|2.6151068|-0.61291564
1509580019004|-1.6753027|3.4595683|1.2803127
1509580019135|0.50395286|0.83084124|-3.7319753
1509580019268|1.6889231|-2.901134|-3.1735408
1509580019400|0.5992953|-2.315459|2.969236
1509580019532|2.6559677|-0.16344418|-1.5935806
1509580019665|0.43585113|2.192876|-2.0975335
1509580019799|2.233737|0.05448139|1.4165161
1509580019929|-2.383561|0.92618364|-1.5527196
1509580020059|1.9613299|-0.068101734|-0.58567494
1509580020193|0.19068487|-0.95342433|-0.47671217
1509580020324|1.3211737|-0.24516624|0.46309182
1509580020458|0.29964766|-0.14982383|0.92618364
1509580020589|-1.5527196|-0.19068487|-1.2803127
1509580020720|1.1441091|-0.14982383|1.0623871
1509580020855|0.027240695|0.51757324|-0.6946377
1509580020985|-2.9283745|0.62653595|1.484618
1509580021116|0.32688835|0.46309182|-1.1849703
1509580021248|-2.8057916|0.8172208|-2.083913
1509580021381|-0.53119355|-1.1032481|1.0623871
1509580021514|-2.669588|0.32688835|-0.3405087
1509580021644|1.1304889|0.013620348|-0.6401563
1509580021776|-0.36774936|-0.61291564|2.6423473
1509580021908|1.838747|0.53119355|-1.2666924
1509580022040|0.08172209|0.6537767|-2.2745981
1509580022172|-0.49033248|-0.57205456|-1.5390993
1509580022311|0.51757324|0.013620348|-1.525479
1509580022436|1.3075534|-0.38136974|0.6401563
1509580022568|0.8853226|0.068101734|-0.8580819
1509580022701|-1.1032481|1.7025435|-0.5992953
1509580022836|0.6810174|-0.8853226|-0.70825803
1509580022965|-1.2258313|0.49033248|-1.7161638
1509580023098|-0.667397|0.44947144|-1.2122109
1509580023228|-0.013620348|-0.6946377|-2.5061438
1509580023361|-0.44947144|-1.0896277|-1.0760074
1509580023492|-0.7627395|0.46309182|-0.939804
1509580023624|-0.95342433|0.7627395|-1.1985906
1509580023756|-1.2803127|-2.0294318|0.61291564
1509580023888|0.55843425|0.62653595|-1.0896277
1509580024021|-0.8853226|-0.667397|1.0351465
1509580024152|0.17706451|-1.1168685|-1.7434045
1509580024284|-3.214402|1.7570248|-3.6230123
1509580024416|2.2064962|-1.4709975|0.939804
1509580024548|0.8580819|-0.027240695|-0.7627395
1509580024681|0.3405087|-0.17706451|0.08172209
1509580024812|1.8523673|0.05448139|-2.4789033
1509580024944|-1.838747|0.027240695|-0.6810174
1509580025076|-0.068101734|0.7763598|-3.1599207
1509580025208|-1.7842655|0.8172208|-1.9613299
1509580025340|0.53119355|-1.1441091|3.3778462
1509580025472|-0.2043052|0.4086104|-2.165635
1509580025604|-0.8172208|-0.32688835|0.95342433
1509580025736|1.5118586|-2.315459|-0.10896278
1509580025871|-0.55843425|-0.12258312|-2.0430522
1509580026000|-2.2745981|0.46309182|0.83084124
1509580026132|0.42223078|-0.96704465|-0.7218784
1509580026265|-0.7899802|0.095342435|-1.9885707
1509580026397|1.7570248|-0.6810174|0.24516624
1509580026528|1.2394516|-0.95342433|-0.96704465
1509580026661|0.38136974|-1.5935806|0.87170225
1509580026793|-0.5448139|0.87170225|-0.23154591
1509580026924|-0.62653595|-0.8580819|1.6344416
1509580027056|-0.83084124|0.21792556|0.38136974
1509580027188|0.12258312|0.068101734|-3.0781987
1509580027320|1.8523673|-0.98066497|-2.6832085
1509580027452|-0.3949901|-1.3075534|0.23154591
1509580027584|0.8580819|0.17706451|-1.5390993
1509580027716|-0.5448139|0.27240694|-1.4437568
1509580027848|-2.315459|-0.25878662|4.9169455
1509580027986|1.2803127|-1.1032481|-1.8115062
1509580028113|3.445948|-2.1792555|5.0531487
1509580028250|2.2609777|-0.87170225|-4.0588636
1509580028377|2.669588|-2.0430522|3.3642259
1509580028508|-0.47671217|1.5527196|-3.2007816
1509580028640|0.16344418|-0.8853226|-4.739881
1509580028772|-1.2258313|0.55843425|0.27240694
1509580028910|0.50395286|0.19068487|-1.7025435
1509580029036|3.0237172|-1.0896277|-0.28602728
1509580029168|0.3405087|-0.38136974|0.74911916
1509580029307|1.5118586|0.53119355|-4.3040295
1509580029436|-1.5799603|-1.56634|1.7025435
1509580029565|-5.393657|-1.0079057|0.42223078
1509580029696|1.3211737|-1.4982383|0.35412902
1509580029828|0.61291564|-1.4573771|0.068101734
1509580029960|-3.3369853|-0.6401563|1.0079057
1509580030096|-1.8251265|1.4301364|0.87170225
1509580030224|-1.648062|0.6946377|-1.3892754
1509580030356|-3.8136973|0.50395286|0.42223078
1509580030488|-1.0079057|1.1168685|-0.50395286
1509580030620|-0.55843425|0.16344418|0.14982383
1509580030753|1.3211737|-0.62653595|-2.0430522
1509580030884|-2.75131|2.0294318|0.35412902
1509580031016|-0.8036005|0.70825803|-2.4244218
1509580031148|-1.525479|-0.36774936|2.0430522
1509580031280|1.6208212|0.027240695|-2.8330321
1509580031412|1.7025435|-0.83084124|1.5799603
1509580031544|2.1247742|-0.58567494|1.7842655
1509580031676|-0.53119355|0.5448139|-4.4538536
1509580031809|0.23154591|-1.4437568|1.2122109
1509580031940|-1.920469|-0.7627395|-3.8545582
1509580032077|0.57205456|1.3075534|0.6810174
1509580032204|0.95342433|-0.10896278|-1.1441091
1509580032336|-2.2882183|1.0351465|0.027240695
1509580032469|-2.465283|2.0566726|0.05448139
1509580032600|-3.5004294|0.7899802|-0.70825803
1509580032732|-1.4028958|0.62653595|1.293933
1509580032864|1.7706451|1.9885707|-1.6616825
1509580032998|-0.51757324|-1.0760074|-1.1168685
1509580033128|0.25878662|1.375655|2.6968286
1509580033260|0.6946377|2.0566726|-3.7728362
1509580033392|-1.1441091|0.62653595|0.36774936
1509580033524|-1.1304889|1.293933|-1.56634
1509580033663|0.667397|0.53119355|-0.7899802
1509580033788|0.16344418|0.027240695|-0.10896278
1509580033920|2.8466525|0.939804|-2.1111538
1509580034052|2.8057916|-0.24516624|-1.607201
1509580034189|0.24516624|-1.8523673|0.21792556
1509580034316|0.6537767|-2.0566726|2.5197642
1509580034449|1.607201|-3.3642259|2.4108014
1509580034580|0.70825803|-2.969236|-0.8580819
1509580034712|0.50395286|0.14982383|-0.35412902
1509580034844|-2.1792555|-2.1383946|1.6753027
1509580034976|-1.9340893|-0.46309182|1.375655
1509580035108|-0.7763598|0.36774936|-0.57205456
1509580035240|0.667397|-2.4925234|-0.29964766
1509580035372|-0.58567494|0.36774936|-0.35412902
1509580035505|-0.8036005|0.70825803|-0.44947144
1509580035636|-0.51757324|-0.96704465|0.74911916
1509580035768|-1.6344416|-0.068101734|0.91256326
1509580035900|3.5957716|-0.31326798|0.28602728
1509580036034|-1.2258313|-1.0487667|0.7354987
1509580036167|2.3426998|1.1304889|-1.3211737
1509580036296|-0.47671217|0.21792556|2.233737
1509580036428|1.9068487|-0.38136974|-0.58567494
1509580036561|0.96704465|-0.3405087|0.8989429
1509580036692|-1.2394516|-0.068101734|0.42223078
1509580036824|-1.9613299|-0.040861044|2.0975335
1509580036955|-0.6537767|1.375655|-0.6810174
1509580037088|-3.8136973|-0.14982383|1.920469
1509580037220|-0.83084124|1.484618|-0.2043052
1509580037352|-3.6638737|0.31326798|-1.6753027
1509580037484|-3.4187074|1.1985906|0.35412902
1509580037616|-0.91256326|1.293933|-0.7627395
1509580037748|-2.3426998|1.3211737|-1.525479
1509580037881|-0.99428535|-0.667397|-1.8932283
1509580038012|-2.1520147|1.1577295|-0.8580819
1509580038144|1.2530719|-0.040861044|-1.4165161
1509580038276|2.165635|-0.040861044|-1.2258313
1509580038409|1.0079057|1.0079057|-0.7354987
1509580038541|4.0861044|-0.095342435|-0.5448139
1509580038676|1.1441091|-2.002191|-2.6014864
1509580038804|-1.484618|2.4516625|-0.87170225
1509580038936|-0.12258312|0.25878662|-0.70825803
1509580039074|0.3405087|1.525479|-1.648062
1509580039200|0.6946377|0.8036005|-1.375655
1509580039332|-0.8853226|0.667397|-1.1032481
1509580039471|-2.0294318|0.47671217|-1.5799603
1509580039600|-0.5448139|0.0|0.095342435
1509580039727|-0.8853226|0.31326798|-0.83084124
1509580039861|0.068101734|-0.23154591|0.87170225
1509580039992|-1.9477097|-0.46309182|-1.5390993
1509580040124|-0.70825803|-1.0351465|0.8172208
1509580040256|-1.3892754|-0.14982383|-0.8989429
1509580040390|5.734166|-5.924851|2.3290794
1509580040521|3.1463003|-1.3620348|4.9578066
1509580040652|3.3097444|-2.2745981|1.7706451
1509580040784|3.7728362|-1.8523673|0.12258312
1509580040918|-0.3405087|-0.96704465|0.95342433
1509580041049|-1.4301364|0.51757324|-0.6401563
1509580041182|-0.92618364|1.8251265|-2.3426998
1509580041312|-0.70825803|1.7434045|-1.2122109
1509580041444|-0.84446156|0.61291564|-1.5118586
1509580041576|-2.2473574|1.7025435|-1.4437568
1509580041708|-1.6208212|1.607201|-1.7570248
1509580041841|-2.3563201|1.6616825|-2.2609777
1509580041972|-0.38136974|1.7434045|-1.9340893
1509580042103|-0.58567494|1.1577295|-0.58567494
1509580042236|-1.2803127|0.36774936|-1.4437568
1509580042368|-1.9477097|0.23154591|-1.0760074
1509580042501|-1.1849703|-0.32688835|-0.35412902
1509580042633|-1.2666924|-0.13620347|-1.0487667
1509580042764|2.0430522|-0.12258312|0.55843425
1509580042897|3.718355|-6.469665|1.0215261
1509580043028|4.2086873|-4.6445384|3.1599207
1509580043159|4.235928|-5.638824|2.1792555
1509580043292|1.9340893|-2.0158114|1.0487667
1509580043424|1.484618|-0.49033248|3.0237172
1509580043556|1.9885707|-2.2473574|-0.7218784
1509580043688|0.6401563|-1.1713499|-1.2258313
1509580043820|0.4086104|-1.2122109|-1.2258313
1509580043952|1.4165161|-1.1849703|0.87170225
1509580044084|0.4086104|1.9885707|-3.1735408
1509580044216|-0.42223078|-0.25878662|0.47671217
1509580044349|-3.8545582|0.7627395|-0.8172208
1509580044482|-1.5935806|2.4108014|1.2530719
1509580044612|-0.42223078|0.87170225|1.1713499
1509580044744|-3.9499006|3.1599207|-2.165635
1509580044875|-1.8251265|2.4108014|-4.33127
1509580045008|-2.1520147|1.7842655|-3.6638737
1509580045141|-3.5957716|1.9613299|-3.3642259
1509580045272|-1.9340893|1.8115062|-2.4925234
1509580045404|-1.648062|1.5935806|-2.3018386
1509580045536|0.50395286|0.50395286|-1.1304889
1509580045671|-1.8932283|0.87170225|-0.7763598
1509580045800|-1.9613299|0.16344418|-0.87170225
1509580045933|-0.62653595|0.62653595|-0.939804
1509580046065|0.42223078|-0.095342435|-1.4709975
1509580046197|1.2122109|-0.3949901|-0.068101734
1509580046328|-0.58567494|0.24516624|-0.32688835
1509580046461|-0.50395286|-1.4437568|2.070293
1509580046592|-0.49033248|-0.12258312|-1.9749503
1509580046724|-1.1713499|-2.0294318|1.2122109
1509580046855|-1.1713499|-0.44947144|-1.838747
1509580046991|2.860273|-3.9907618|1.3892754
1509580047120|4.195067|-5.89761|2.669588
1509580047252|3.445948|-3.609392|3.4323275
1509580047392|3.5004294|-5.0531487|5.2165933
1509580047516|0.58567494|-2.669588|1.6344416
1509580047648|4.4947147|-0.96704465|0.19068487
1509580047781|-0.6810174|-1.9613299|1.9613299
1509580047912|0.4086104|-1.4437568|-1.3484143
1509580048044|2.8875136|-2.7649305|-0.47671217
1509580048177|0.96704465|-1.2530719|-0.44947144
1509580048308|3.0373375|0.53119355|-2.669588
1509580048441|-1.1304889|-0.8853226|-0.3949901
1509580048572|0.35412902|-1.56634|0.57205456
1509580048704|0.53119355|1.7842655|0.7627395
1509580048837|0.8172208|-2.1247742|2.6151068
1509580048969|0.70825803|1.6753027|-3.759216
1509580049100|0.47671217|-1.4709975|2.5333848
1509580049233|-0.6810174|-1.4709975|-2.3426998
1509580049366|-0.92618364|1.9340893|-1.1032481
1509580049498|-0.50395286|-1.1713499|0.013620348
1509580049628|1.6208212|1.4709975|-2.6423473
1509580049760|-1.375655|-0.25878662|-1.0351465
1509580049892|-1.0896277|-1.1713499|-1.56634
1509580050024|-0.10896278|0.74911916|-0.040861044
1509580050156|0.92618364|-0.4086104|1.0215261
1509580050288|2.233737|-0.8989429|3.840938
1509580050420|-2.2473574|2.1247742|-5.2710743
1509580050552|-0.10896278|-0.36774936|4.2495484
1509580050686|-2.2473574|1.7434045|0.040861044
1509580050816|3.7047346|-1.484618|1.5390993
1509580050951|1.0896277|0.49033248|-0.939804
1509580051081|-0.24516624|0.8036005|0.939804
1509580051213|-1.2258313|0.939804|-2.75131
1509580051344|-1.4301364|0.3405087|-2.5742457
1509580051476|0.3949901|-0.6946377|-0.05448139
1509580051608|0.70825803|-2.4108014|-1.3211737
1509580051740|0.0|1.2666924|0.23154591
1509580051875|-1.56634|0.3949901|-4.33127
1509580052004|-1.3892754|-0.42223078|-1.5118586
1509580052136|-0.19068487|0.7354987|-1.7434045
1509580052271|-1.1441091|-2.0975335|0.53119355
1509580052400|-0.17706451|0.55843425|-2.4925234
1509580052533|-0.2043052|0.068101734|-1.9885707
1509580052667|-0.8989429|-1.1849703|-3.7864566
1509580052797|0.7899802|-0.3949901|-0.7763598
1509580052927|-0.17706451|-0.95342433|1.2666924
1509580053060|0.21792556|0.36774936|-2.628727
1509580053192|-0.14982383|0.84446156|-3.405087
1509580053331|-2.2609777|-0.040861044|-2.315459
1509580053456|0.095342435|-0.46309182|1.920469
1509580053588|1.0760074|-0.19068487|-2.1520147
1509580053721|0.4086104|-1.1441091|2.6832085
1509580053854|-2.6014864|3.1871612|-5.2438335
1509580053984|3.296124|-3.050958|2.3563201
1509580054117|-0.8580819|0.040861044|-3.4323275
1509580054251|1.1441091|-1.1849703|3.759216
1509580054381|-0.3405087|-0.13620347|-2.8330321
1509580054512|0.6946377|-0.32688835|4.6445384
1509580054650|-2.7921712|-0.16344418|-1.920469
1509580054776|-1.7570248|-1.2803127|3.486809
1509580054908|-0.31326798|1.2394516|-1.9885707
1509580055041|0.3949901|-1.334794|2.4380422
1509580055172|0.91256326|2.3290794|-1.920469
1509580055305|-1.2666924|0.667397|0.29964766
1509580055436|-0.13620347|0.013620348|-2.2064962
1509580055568|1.1032481|0.5992953|3.6911142
1509580055701|0.92618364|0.068101734|-0.2043052
1509580055833|2.0158114|-0.62653595|2.3563201
1509580055969|0.3949901|1.8659877|-2.5061438
1509580056096|1.7842655|-1.8932283|1.4165161
1509580056228|0.13620347|1.0896277|-1.4982383
1509580056360|2.860273|-1.9068487|0.99428535
1509580056492|0.49033248|-0.7627395|-2.0430522
1509580056624|1.4982383|-0.87170225|-0.23154591
1509580056758|-1.6616825|-0.44947144|-2.860273
1509580056888|-1.1032481|-1.3211737|0.74911916
1509580057020|-1.8115062|0.24516624|-0.35412902
1509580057152|-0.027240695|-1.5118586|2.7649305
1509580057284|-1.1304889|2.5606253|-1.1168685
1509580057416|0.57205456|-0.99428535|2.9828563
1509580057549|-2.5606253|-0.57205456|-2.819412
1509580057681|0.6401563|-0.99428535|1.9885707
1509580057817|-1.2530719|0.28602728|-0.98066497
1509580057945|0.55843425|-0.35412902|-3.3097444
1509580058076|-1.9885707|2.2745981|-3.5140495
1509580058208|0.0|-0.74911916|0.23154591
1509580058340|-2.2882183|1.8115062|-2.73769
1509580058472|3.3778462|-0.12258312|0.068101734
1509580058605|-0.24516624|1.2258313|-1.9477097
1509580058736|1.1849703|-0.013620348|-0.29964766
1509580058868|-0.83084124|1.0896277|-2.2882183
1509580059001|0.47671217|-2.1383946|4.2086873
1509580059137|0.74911916|-0.12258312|0.43585113
1509580059265|0.0|-2.0430522|4.3993726
1509580059396|-0.7899802|2.5742457|-3.0918188
1509580059530|0.91256326|-0.7763598|1.2530719
1509580059660|-3.52767|0.51757324|-1.293933
1509580059791|-3.3506055|1.9613299|-0.040861044
1509580059927|-3.4731886|2.7921712|-1.375655
1509580060056|-1.4982383|1.4028958|1.2530719
1509580060188|-3.6911142|3.0237172|-1.920469
1509580060320|-5.0122876|2.4789033|-1.1168685
1509580060452|-4.31765|1.4301364|-0.53119355
1509580060584|-2.2609777|1.4573771|-3.486809
1509580060716|1.3211737|-1.4709975|3.2825036
1509580060850|2.8330321|-0.43585113|-0.98066497
1509580060982|2.3426998|-0.7627395|-3.0373375
1509580061113|0.84446156|-1.879608|-1.7706451
1509580061244|1.4982383|-1.838747|-0.08172209
1509580061382|2.1792555|-3.5412903|0.7899802
1509580061508|3.8954194|-5.3800373|2.3699405
1509580061640|0.3949901|0.4086104|-2.315459
1509580061772|3.1735408|-1.3075534|-0.10896278
1509580061904|0.70825803|-1.4437568|-1.6889231
1509580062045|2.3290794|-0.87170225|-2.6014864
1509580062168|1.9613299|-1.607201|-1.2666924
1509580062301|0.040861044|-0.96704465|4.426613
1509580062439|-0.068101734|0.24516624|-2.6014864
1509580062564|1.6616825|-1.5935806|2.233737
1509580062697|-0.6537767|1.0079057|-1.1985906
1509580062829|2.3018386|-0.92618364|-2.002191
1509580062961|0.87170225|-0.61291564|-1.0623871
1509580063092|1.7706451|0.040861044|0.87170225
1509580063224|1.4982383|-0.25878662|-2.4925234
1509580063356|-0.38136974|-1.7706451|3.1871612
1509580063488|-1.1849703|0.08172209|-1.0079057
1509580063620|0.068101734|0.46309182|1.3075534
1509580063751|-0.42223078|-0.58567494|-1.9340893
1509580063884|0.12258312|2.233737|-3.1735408
1509580064016|-1.484618|-0.27240694|0.51757324
1509580064148|-2.5061438|-1.9613299|-1.3484143
1509580064280|-0.5448139|-0.28602728|4.072484
1509580064413|-0.040861044|0.57205456|-3.2825036
1509580064544|2.6014864|-1.3620348|4.8897047
1509580064676|-3.9499006|2.2745981|-5.597963
1509580064810|-0.23154591|-0.05448139|4.167826
1509580064940|-0.87170225|-0.14982383|0.095342435
1509580065072|1.1304889|-0.8853226|2.0294318
1509580065204|0.027240695|-0.31326798|-0.5448139
1509580065336|1.7978858|-0.939804|5.339176
1509580065468|-0.35412902|1.334794|-5.3800373
1509580065602|-0.44947144|0.46309182|-3.0645783
1509580065732|-1.2530719|-0.7354987|-1.838747
1509580065866|0.16344418|1.1168685|-1.2530719
1509580065996|1.7297841|-0.23154591|-3.010097
1509580066127|1.2258313|0.8580819|1.4709975
1509580066260|-0.42223078|2.8466525|-2.4108014
1509580066394|0.24516624|-0.6537767|-0.6537767
1509580066525|-0.21792556|1.0079057|-1.8659877
1509580066656|0.17706451|0.24516624|0.8853226
1509580066788|2.547005|-3.609392|2.9147542
1509580066921|0.28602728|-1.0487667|-0.08172209
1509580067052|1.1304889|-0.17706451|-3.0781987
1509580067184|-1.8523673|0.8989429|1.3211737
1509580067316|0.3949901|-0.040861044|-0.17706451
1509580067448|-1.4165161|1.4573771|0.4086104
1509580067581|-1.0487667|-1.1849703|1.9749503
1509580067713|-1.484618|1.2122109|-0.53119355
1509580067844|-0.50395286|-0.23154591|0.5992953
1509580067975|-0.5448139|-1.1985906|0.87170225
1509580068107|-0.8580819|-1.607201|1.5935806
1509580068240|0.49033248|-1.1849703|-2.465283
1509580068373|-1.7978858|-0.92618364|0.095342435
1509580068504|-1.4709975|-0.98066497|2.73769
1509580068636|-0.98066497|-0.23154591|-0.27240694
1509580068768|-1.920469|0.5448139|0.36774936
1509580068902|-1.4165161|0.13620347|-0.2043052
1509580069033|-0.8853226|-0.13620347|0.51757324
1509580069165|-1.0760074|-0.62653595|-0.4086104
1509580069296|-0.23154591|0.16344418|-0.14982383
