1509425432295|0.013081312|-0.028089285|-1.2107935
1509425432398|-0.24483287|0.5224941|0.4216118
1509425432518|0.8040743|-0.42172718|1.9604406
1509425432637|-1.0242016|-0.24241924|1.8650856
1509425432757|-0.694767|-0.102853775|-0.5154848
1509425432879|0.92417634|0.78932786|-0.9419842
1509425432997|-0.16602731|1.3924932|-0.03972435
1509425433116|0.6412607|0.16280222|2.411728
1509425433239|-0.19501746|-1.008091|-0.0051555634
1509425433355|-1.9052868|-0.8848047|-1.982089
1509425433477|-0.37922883|0.03463316|-0.6428356
1509425433600|0.8718833|1.59692|-0.59362555
1509425433720|-0.05484116|1.1794477|3.004695
1509425433840|-1.8654549|-2.9034839|1.0585814
1509425433960|-1.5829237|-1.4767442|-2.1240711
1509425434079|-0.35592604|1.680645|-3.2965088
1509425434199|2.7011907|1.9501956|1.9832964
1509425434318|2.2409804|-1.7836275|4.6112795
1509425434438|-1.4421618|-1.2635295|-1.0360861
1509425434560|-3.4613233|-1.6353045|-0.28076935
1509425434678|-0.55147505|0.7257881|-2.1137414
1509425434797|2.4748878|1.7119908|-2.0272045
1509425434917|3.6919458|-0.013948917|4.5244083
1509425435039|-2.3602343|-1.3798845|-0.8415499
1509425435157|-2.0105646|-1.2031744|-0.950819
1509425435282|0.057264805|2.093506|-3.2824097
1509425435400|2.795088|2.8738432|1.4204407
1509425435519|0.8018303|-0.6890917|4.8994493
1509425435643|0.1315167|-2.0962393|-2.0758018
1509425435763|0.06741333|-2.1528401|-1.6100788
1509425435879|-1.4201722|0.27921247|-2.4500933
1509425435998|-0.6432053|1.7461822|2.0155506
1509425436119|0.897022|-0.61665726|5.3358507
1509425436241|-1.4895761|-1.7105234|-2.1351233
1509425436363|0.18072867|-0.5300982|-2.4974089
1509425436480|0.80441046|1.2518516|-0.91717815
1509425436597|-0.026527166|2.354546|1.9402418
1509425436720|1.3222141|-2.169267|1.7584486
1509425436839|-0.429554|-1.2888069|-2.096427
1509425436960|-0.82940745|-0.049595118|-1.0723667
1509425437079|-1.0629709|0.84748363|-0.5183039
1509425437201|2.986455|1.2606931|0.7433424
1509425437318|3.7103999|-3.6944413|3.8262424
1509425437448|-2.2573934|-1.5451074|-1.5518141
1509425437559|-3.6795933|1.0547626|-2.1381607
1509425437681|-0.075446844|2.655955|-1.4026861
1509425437801|4.2494116|-0.47536397|5.6841335
1509425437920|2.784231|-2.3877597|-2.2181978
1509425438037|-0.15325022|-1.592432|-1.4868155
1509425438161|-4.5343437|0.53848696|-0.35674858
1509425438279|-0.76076674|-0.5510762|0.8557663
1509425438398|1.1239688|2.1045299|0.15436935
1509425438520|2.2901735|-2.0336008|3.042306
1509425438637|-2.437814|-0.856977|-1.0086393
1509425438759|-0.28035593|0.8068681|-3.7357712
1509425438889|3.7672486|1.6680586|1.0869198
1509425439010|0.24481201|0.77972484|4.9850035
1509425439121|-0.10476184|-1.4169526|-1.6897793
1509425439245|-1.2960436|-1.1662307|-2.0947075
1509425439358|-2.3407314|-0.2872944|-1.7288666
1509425439486|0.2027247|0.7241812|-0.696476
1509425439603|1.5630221|-0.1348331|5.160063
1509425439721|-2.0708637|-1.0248752|0.08091068
1509425439845|-1.5991809|-0.9566343|-2.9546328
1509425439962|0.4138534|1.1933451|-2.4535322
1509425440077|2.121102|2.0146828|3.3404865
1509425440197|2.0395997|-0.6038437|2.6416225
1509425440319|-0.47570133|-1.3181579|-1.3885689
1509425440444|-1.3025935|-0.8051524|-2.1512203
1509425440563|-0.19875455|-0.9851632|-0.7524719
1509425440684|0.8114774|1.0269799|2.3311691
1509425440808|-1.0235095|-2.7255878|3.166088
1509425440919|-1.5508192|-0.21766329|-1.9879065
1509425441039|0.65540814|0.84604716|-2.2447615
1509425441160|1.6596655|0.7718382|0.842823
1509425441288|-0.23953795|1.2472615|2.8549166
1509425441401|1.0579331|-1.2092845|0.10023403
1509425441525|-0.41810238|-1.246069|-2.5266151
1509425441642|-1.559135|-0.17941308|-1.0766373
1509425441757|0.33334768|0.79352784|-0.63171196
1509425441880|1.644217|1.541732|4.194314
1509425442009|-0.8738773|-2.543081|-0.3530264
1509425442124|-0.39634013|-0.60783076|-2.88661
1509425442246|0.88317704|1.4310522|-2.1852655
1509425442362|1.7454412|1.3703299|2.7892056
1509425442484|-0.37311268|-0.8442056|4.0081053
1509425442601|0.07026243|-0.91762805|-3.0948105
1509425442721|-0.2102983|-1.1683259|-1.6584044
1509425442840|-1.3253837|0.16251254|-1.5370655
1509425442963|0.2721609|1.0840709|1.4740372
1509425443083|0.7801976|0.81777394|3.6502142
1509425443200|-2.4421153|-1.9732754|-1.4388943
1509425443321|-0.200629|-1.3960702|-2.3499098
1509425443441|0.92532146|1.3012841|-1.816534
1509425443559|2.0545993|2.137859|2.6513329
1509425443680|0.81244576|-0.117206335|4.016947
1509425443799|0.3143084|-2.282872|-2.615757
1509425443920|-1.3097215|-1.3970926|-1.8284082
1509425444041|-2.2367284|0.057493925|-1.1124439
1509425444159|0.3233304|0.9455223|0.74813175
1509425444282|0.06028509|-1.2072877|5.1097
1509425444404|-3.3285034|-0.5517452|-2.2713928
1509425444523|0.45426023|0.056951284|-1.7661743
1509425444640|1.6072719|1.5921767|-0.27127552
1509425444766|0.93674636|1.6092184|3.0973148
1509425444889|1.3211064|-1.6198025|0.4988737
1509425445001|-0.72034395|-1.2093167|-1.7877922
1509425445117|-0.90092456|-0.00977397|-1.4288073
1509425445239|0.27749938|-0.43038583|1.1231794
1509425445367|-0.38802457|0.54929733|0.91470623
1509425445479|-0.6398773|-2.0706234|1.6644516
1509425445604|-1.1678774|-0.44247746|-1.2635727
1509425445720|0.2387886|1.225436|-1.3948717
1509425445842|1.4201903|1.5084183|0.3632307
1509425445960|0.42498243|-0.48042917|2.969882
1509425446079|-0.5700271|-0.6832733|-1.1129589
1509425446200|-0.3885045|-1.3156507|-1.6242704
1509425446321|0.03978467|0.7577536|-1.7202864
1509425446446|0.640116|1.5097499|0.59963703
1509425446561|0.6312337|0.6310873|3.0223255
1509425446684|-1.672632|-2.264997|-1.1467409
1509425446803|-0.288126|-0.90494776|-1.4114046
1509425446919|-0.65099907|0.9496579|-2.6282978
1509425447040|1.953548|2.5203705|1.5176668
1509425447164|2.2559013|0.26147413|4.161871
1509425447281|2.1803744|-2.3154547|-2.5646658
1509425447403|-0.90910983|-1.5280628|-0.7862301
1509425447523|-1.9132977|-0.32438993|-2.160636
1509425447643|-0.7986753|1.2153552|0.8092365
1509425447761|0.9398546|-0.86677206|5.7548513
1509425447885|-4.907919|-0.746361|-0.7825756
1509425448005|-1.0245428|-1.1577363|-1.6584148
1509425448124|0.45510077|1.80918|-2.3522282
1509425448240|2.6795259|2.3086708|2.8630495
1509425448366|2.3299634|-3.139295|3.9460468
1509425448486|0.97914946|-1.3008442|-3.2736502
1509425448606|-1.1437467|-0.90610003|-1.7849922
1509425448721|-0.77798307|-0.0039806366|-1.1618252
1509425448841|0.28977752|1.6033709|0.44953442
1509425448963|0.015173912|-2.12215|5.2840834
1509425449083|-4.440924|-0.52269244|-2.744048
1509425449203|-0.34568596|-0.27020836|-2.459629
1509425449320|2.5984015|1.7236996|0.39828873
1509425449444|1.7361127|1.913105|4.2305975
1509425449562|2.7496984|-2.8683217|-0.5725193
1509425449695|0.9845557|-1.8451228|-1.6722183
1509425449809|-1.4551927|-0.6551237|-1.5501642
1509425449924|-1.1373638|0.14712596|-0.013798714
1509425450041|-0.100608945|2.1834478|1.0668297
1509425450161|-0.6141646|-2.1618733|1.8044796
1509425450290|-2.1627626|-1.1413856|-1.3646622
1509425450406|0.16056192|-0.076203585|-2.078764
1509425450521|4.301894|2.3864536|-0.7110691
1509425450639|0.7548173|0.9856931|6.5841074
1509425450762|0.02075304|-1.6226132|-0.86658764
1509425450880|0.975991|-1.4170015|-3.1092443
1509425450999|-1.3123852|-0.8873565|-1.3171644
1509425451133|0.20678872|0.40041256|-0.7232857
1509425451240|1.8285564|1.8459871|1.4024925
1509425451360|1.8011016|-1.6586224|4.069274
1509425451488|-3.726863|-1.1237676|-0.8250742
1509425451613|0.455873|-0.42777205|-1.3459082
1509425451724|-0.257555|0.06264043|-0.4948225
1509425451843|0.04198003|0.84152627|-1.309823
1509425451960|0.8573599|2.274617|1.3628922
1509425452084|1.4804645|-2.9126837|4.285925
1509425452205|-1.6769531|-1.7751479|-1.6077843
1509425452319|-2.347657|-0.50335836|-1.7550344
1509425452443|-1.1997292|0.059957504|-0.9369631
1509425452561|0.5415276|1.7886658|1.0661411
1509425452682|0.62102044|-0.049949884|5.528946
1509425452814|-2.4929695|-1.3811488|-1.5613346
1509425452920|-0.027546525|-1.192128|-3.0655947
1509425453045|1.1839908|1.3982351|-1.4348822
1509425453161|0.99514335|2.3613176|2.1478348
1509425453281|0.65938026|-1.2229657|4.336748
1509425453405|-0.36981988|-2.254624|-1.5681419
1509425453520|-3.4695294|0.16853523|-2.8653612
1509425453642|-1.510797|0.5038414|-0.27784634
1509425453763|0.7627454|1.0784807|1.1849508
1509425453886|1.017511|0.3080902|3.582346
1509425454008|-2.5217805|-1.91253|-0.115421295
1509425454126|-1.7188878|-0.27436447|-2.6481905
1509425454247|0.5417402|1.8354639|-2.1481419
1509425454364|1.4784313|1.6497195|1.63025
1509425454488|0.33644223|-0.6755314|5.282542
1509425454605|-0.055123806|-1.0177748|-2.792163
1509425454726|-0.5521983|-1.5282128|-1.2336483
1509425454841|-0.7388927|0.7126095|-2.532895
1509425454965|1.1006669|1.5177956|1.1616888
1509425455087|0.49214494|0.46454644|2.8721266
1509425455204|-2.664041|-1.7900498|-0.8348026
1509425455326|-0.70207405|-1.2849615|-1.3313074
1509425455441|1.3869082|1.490346|-1.9702082
1509425455561|2.4899187|2.2664742|1.5245047
1509425455684|-0.051704645|0.34893477|4.1122904
1509425455802|-0.013788104|-1.71996|-1.8734007
1509425455924|-0.6343852|-2.0841312|-1.1328812
1509425456041|-2.6581833|-0.38886738|-1.205801
1509425456170|-0.7506696|0.18523026|-1.2253494
1509425456282|2.8821526|1.4335841|2.8764257
1509425456404|-0.22371936|-1.3986287|0.924572
1509425456536|0.23356092|-0.7220659|-2.8090887
1509425456641|2.0338588|0.9832082|-2.399644
1509425456765|0.46138048|1.5233014|1.8436699
1509425456885|-0.90102565|-0.41102195|4.601591
1509425457003|-1.5715806|-1.5844507|-1.9026489
1509425457122|-0.18510556|-1.2348688|-2.2163382
1509425457250|-2.1485486|-0.5941384|-0.46192837
1509425457363|1.17764|0.7089217|0.3423357
1509425457488|2.2702188|0.518363|6.699959
1509425457610|-2.6118717|-1.380106|-0.6511431
1509425457728|-0.15999842|-0.45577168|-3.9750166
1509425457849|1.6130122|1.52618|-1.0414915
1509425457971|-0.066432714|2.1195073|3.809801
1509425458083|0.17689967|-1.263761|1.8615646
1509425458203|0.6172457|-1.4154825|-0.5102329
1509425458338|-1.0768784|-1.0845804|-1.4376507
1509425458451|0.009846345|-0.50125575|-0.9138727
1509425458563|2.1654725|1.2071395|1.4048414
1509425458686|-1.6667193|-1.3906131|2.500636
1509425458809|-0.79168546|-0.5926471|-1.5376482
1509425458922|0.6039401|1.1927912|-1.2964373
1509425459045|0.0033023357|-0.24646616|-0.34851265
1509425459162|0.48752475|1.944592|0.67415714
1509425459289|1.3160577|-1.2323718|-1.0331907
1509425459406|0.45445585|-1.141171|-0.52485085
1509425459522|-0.7989867|-0.21646643|-0.52080345
1509425459642|-0.05732417|0.8233459|0.79769135
1509425459766|1.0086279|1.2105868|1.4027872
1509425459882|0.7490731|-1.7718077|2.0822172
1509425460001|-1.2213557|-0.94791675|-0.23832703
1509425460122|-0.66050744|-0.4887147|-4.303317
1509425460250|-0.25093985|2.4695227|-0.24073029
1509425460362|1.5071062|2.429344|4.510332
1509425460482|2.2604272|-1.2028334|-2.024684
1509425460611|2.101564|-1.9598699|-2.1304836
1509425460728|-0.15662104|-0.8567276|-0.021530151
1509425460846|-0.6777085|1.982728|0.6083393
1509425460961|-0.14846635|-1.0733975|4.748785
1509425461088|-2.66439|-2.279065|-0.6841116
1509425461204|-2.017077|-0.31911826|-3.3381996
1509425461322|1.3349152|1.4281987|-2.8442001
1509425461450|2.272545|1.2891494|2.7297993
1509425461562|-1.0082812|-2.9154177|4.620021
1509425461686|-1.4283669|-1.0431023|-3.5362988
1509425461802|-0.14123774|0.033590436|-0.8030062
1509425461922|-0.94883037|0.4891348|-0.45772457
1509425462041|1.4999709|1.0817631|0.10791874
1509425462164|2.196683|-2.373481|4.8051186
1509425462282|-4.963025|-0.9784992|-2.056346
1509425462403|-1.8995483|-0.7752296|-2.3273687
1509425462529|1.5456717|2.5395637|-1.1023064
1509425462645|2.5235033|1.7848167|4.1715345
1509425462763|1.0264785|-2.460004|0.8393507
1509425462887|-0.1934104|-1.2031977|-1.9431086
1509425463009|-1.1219351|-1.4617581|-2.084528
1509425463127|-1.0659939|-0.38119006|-2.0848246
1509425463245|0.55787456|0.69816065|1.9859619
1509425463362|-0.10106921|-2.5207837|5.4384995
1509425463482|-3.3071911|-0.6221173|-2.956173
1509425463601|0.2147119|2.8380067|0.3225584
1509425463722|3.556611|-0.48457122|3.8380766
1509425463844|-0.026198462|-0.8009434|-0.6313162
1509425463961|1.182448|-2.3079834|-2.047351
1509425464081|-0.7233708|-0.6215973|-0.2107315
1509425464209|-0.9873364|-0.42242336|-0.9912672
1509425464347|0.35973278|0.4867239|0.20876122
1509425464442|-0.63204247|0.11361027|1.0043669
1509425464562|-0.32503247|-0.90646124|-1.169074
1509425464682|0.7171964|0.14798188|-0.8847141
1509425464804|0.61947083|0.70815206|-0.13387299
1509425464921|0.16865203|1.2001595|0.98647404
1509425465042|-0.3107679|-0.25257206|1.2604284
1509425465161|1.6523564|-1.3339458|-3.46317
1509425465283|0.036237895|-0.67486143|-1.6889458
1509425465402|-0.81981266|0.267837|0.6805668
1509425465522|0.6302327|-0.08924096|2.8821
1509425465642|-1.5870965|-0.94547564|1.8291483
1509425465761|-1.2368959|-0.41273046|-0.79642487
1509425465883|0.41531003|0.13144433|-0.21147728
1509425466002|-0.15531051|1.1884078|-0.14908409
1509425466122|-0.5592444|1.2361714|0.42153645
1509425466242|-0.83593416|-0.6826844|1.7561779
1509425466362|0.48092216|-1.1441875|-0.96013165
1509425466482|0.2988341|0.33335984|-1.7279882
1509425466602|0.09044433|1.1578057|-0.68510723
1509425466723|0.40377176|5.0640106E-4|2.4855156
1509425466842|-0.60407186|-0.6819593|0.690073
1509425466963|-0.9726348|-1.2481408|-1.3809719
1509425467082|0.2971449|-0.14804566|-0.66667366
1509425467202|0.006840825|1.8221233|-0.5463629
1509425467322|0.19664502|0.89959276|0.8178196
1509425467443|-0.6852591|-0.7893852|2.5645323
1509425467562|1.4038086|-1.3201044|-1.7952776
1509425467681|0.68039197|-0.6548686|-0.2809887
1509425467802|-0.268569|0.1659261|-0.7345352
1509425467922|1.2236826|0.43154812|-0.67404747
1509425468042|-0.013170958|0.021343708|2.2284527
1509425468165|-2.0354338|-1.9613776|-0.16983795
1509425468282|-0.99484587|-0.27916646|-1.2266569
1509425468402|-0.19198048|1.1643457|-1.3272104
1509425468522|-0.43264818|1.4943235|-0.06281757
1509425468643|0.9922306|0.82534003|1.6110201
1509425468762|2.0230823|-1.6917429|0.19092941
1509425468882|-0.16393518|-1.0614507|-1.0961571
1509425469003|-0.01816836|0.6200421|-1.5752974
1509425469123|0.05403143|0.7678292|0.45868778
1509425469244|-0.027539134|0.44603944|1.6865654
1509425469365|-1.0437727|-1.7616189|-0.07066727
1509425469483|0.18480384|-0.36084104|-0.9570255
1509425469603|0.67950124|1.3626947|-1.1552725
1509425469725|0.4639837|1.4192228|1.1330948
1509425469843|-1.41311|0.4900458|2.9922924
1509425469963|1.2789998|-1.3038156|-0.8228512
1509425470083|0.75262886|-0.8798611|-1.468317
1509425470204|0.12964734|0.46495366|-1.1952972
1509425470323|0.54222935|0.7319858|1.0408888
1509425470443|-1.2517807|-0.41641808|2.2436438
1509425470563|-0.9241605|-1.4784482|-1.554326
1509425470683|0.32599178|0.29892087|-0.90576935
1509425470803|0.04220563|1.1170683|-1.1688747
1509425470923|0.1269275|0.9392185|1.0733662
1509425471043|-0.21445844|-0.6684873|2.6465902
1509425471165|0.86889195|-0.76412416|-1.08603
1509425471283|0.62289536|-0.91449094|-1.7467537
1509425471403|0.44940794|0.42912936|-0.8437586
1509425471526|-0.31648883|0.6911249|2.3656044
1509425471645|-1.010065|-0.39481473|1.1934175
1509425471764|-1.2530674|-1.408144|-2.0074377
1509425471883|0.1669388|0.008807421|-1.0639849
1509425472005|0.51603|1.304672|-0.19892406
1509425472123|-0.24075001|1.1512787|0.44804
1509425472243|-0.23028868|-0.16895318|1.4370508
1509425472364|0.8957491|-0.64321136|-1.0186119
1509425472484|-0.28465933|-0.8872688|-1.1703243
1509425472605|0.112998605|-0.025801659|-0.61899185
1509425472723|0.19105867|0.5294175|1.8105412
1509425472845|-0.8324686|-0.2647648|1.4439135
1509425472966|-1.0621327|-1.1341763|-0.83946514
1509425473084|0.1478616|-0.023787498|-2.2412777
1509425473204|0.2554263|1.3095207|-0.8165903
1509425473323|0.46279073|1.4103613|1.8112736
1509425473444|1.3211013|-0.6170528|1.6799717
1509425473564|0.13176215|-1.3466327|-1.2111998
1509425473685|-0.84079766|-0.3316319|-1.6458025
1509425473804|0.6596208|0.12706876|0.5149622
1509425473923|0.93012625|1.241024|0.35869122
1509425474044|-1.0555592|-1.1400187|3.3390799
1509425474164|-0.89154744|-1.1436286|-1.1306324
1509425474283|0.43032914|-0.076622486|-2.2245016
1509425474404|0.0037252903|1.1465015|-0.6748743
1509425474524|-0.41512138|1.1593022|1.4543238
1509425474643|0.22947931|-0.5424118|0.87161255
1509425474764|0.667428|-1.2604842|-0.33884716
1509425474884|-0.71329176|-0.44836187|-1.2253437
1509425475004|0.859493|0.5675502|-0.9583912
1509425475123|0.24964178|1.2063794|1.1183195
1509425475244|-1.1676906|-0.6997819|1.370512
1509425475364|-0.8587289|-0.93314123|-0.8791294
1509425475485|0.53522325|-0.29196215|-0.98635674
1509425475606|0.4178912|0.7903452|-1.4952021
1509425475724|0.28435314|1.4406924|1.4255276
1509425475850|1.0891205|-0.058977127|0.8333149
1509425475966|0.0762732|-1.107522|0.28726387
1509425476084|-1.0172529|-0.6687808|-1.4096832
1509425476205|-1.1761335|0.52495813|-1.0216188
1509425476324|1.1996962|0.4935937|0.8995409
1509425476445|-0.23731393|0.26998854|1.6754122
1509425476569|-0.7647401|-1.266437|-0.31905842
1509425476685|0.036815763|-0.3040719|-0.74291515
1509425476804|0.5281967|0.9304652|-1.857482
1509425476924|0.36269903|1.1326652|0.8483672
