1509546084747|-13.2|-29.64|-36.0
1509546084879|-13.679999|-29.64|-35.399998
1509546085011|-16.02|-29.099998|-34.559998
1509546085143|-17.039999|-28.38|-34.32
1509546085275|-17.76|-28.26|-33.899998
1509546085407|-17.46|-28.019999|-33.899998
1509546085539|-15.48|-28.859999|-34.559998
1509546085670|-13.86|-29.46|-34.92
1509546085803|-13.559999|-30.42|-34.62
1509546085935|-11.219999|-31.74|-34.32
1509546086067|-11.28|-32.88|-33.239998
1509546086202|-12.78|-33.96|-31.92
1509546086331|-11.099999|-34.86|-31.439999
1509546086463|-11.099999|-35.82|-30.359999
1509546086594|-10.139999|-37.14|-29.099998
1509546086727|-7.08|-38.34|-28.619999
1509546086859|-5.1|-39.059998|-28.619999
1509546086991|-4.92|-39.059998|-28.8
1509546087123|-3.6|-38.04|-29.64
1509546087254|-1.56|-36.899998|-30.48
1509546087387|-2.82|-36.899998|-29.16
1509546087519|-1.26|-37.5|-27.84
1509546087651|2.58|-37.62|-26.16
1509546087783|4.14|-38.1|-22.26
1509546087916|7.68|-37.38|-19.98
1509546088047|10.62|-36.48|-17.58
1509546088179|11.82|-35.82|-15.42
1509546088311|12.48|-35.46|-14.46
1509546088443|12.96|-35.28|-13.44
1509546088575|15.48|-34.02|-11.639999
1509546088706|16.56|-33.0|-10.26
1509546088839|17.4|-31.859999|-9.599999
1509546088971|19.68|-30.359999|-8.88
1509546089103|20.22|-29.64|-9.12
1509546089235|19.619999|-30.599998|-9.599999
1509546089366|19.08|-32.04|-9.059999
1509546089499|18.119999|-33.78|-8.88
1509546089631|17.88|-34.8|-7.98
1509546089763|18.48|-34.559998|-6.3599997
1509546089895|19.68|-33.239998|-4.62
1509546090027|21.539999|-31.679998|-2.28
1509546090158|21.359999|-30.9|-0.59999996
1509546090291|19.8|-30.539999|-0.84
1509546090422|18.359999|-30.359999|-1.26
1509546090555|17.699999|-29.34|-2.58
1509546090687|18.24|-28.08|-3.3
1509546090819|20.34|-27.3|-2.76
1509546090954|24.06|-25.8|0.17999999
1509546091082|26.519999|-25.26|2.82
1509546091215|26.46|-28.199999|3.12
1509546091347|24.72|-31.859999|2.1599998
1509546091479|21.96|-36.12|-2.22
1509546091611|20.46|-39.66|-5.64
1509546091743|19.5|-40.92|-8.46
1509546091875|19.859999|-41.16|-9.48
1509546092007|20.64|-41.28|-9.48
1509546092139|17.58|-42.239998|-11.82
1509546092271|17.88|-41.76|-11.88
1509546092403|19.619999|-40.5|-13.2
1509546092534|19.08|-40.26|-15.42
1509546092667|21.3|-39.84|-15.66
1509546092799|20.699999|-40.379997|-17.039999
1509546092931|21.06|-40.559998|-16.56
1509546093062|19.74|-41.1|-16.74
1509546093195|16.08|-42.54|-16.68
1509546093327|12.719999|-43.44|-17.16
1509546093460|5.64|-45.059998|-17.94
1509546093591|3.6599998|-45.539997|-17.76
1509546093723|-0.12|-44.399998|-17.4
1509546093854|-0.24|-43.32|-17.1
1509546093987|-0.9|-42.66|-16.74
1509546094119|-1.8|-42.48|-16.56
1509546094251|0.12|-42.059998|-17.46
1509546094382|-4.14|-41.399998|-18.0
1509546094515|-2.76|-40.44|-20.039999
1509546094647|-5.94|-39.059998|-21.48
1509546094779|-6.54|-39.239998|-22.439999
1509546094911|-2.76|-39.78|-23.46
1509546095043|-3.4199998|-40.68|-23.34
1509546095175|-3.0|-40.92|-24.42
1509546095307|-3.48|-39.3|-26.699999
1509546095439|-4.7999997|-37.92|-28.8
1509546095573|-3.9599998|-36.239998|-30.72
1509546095703|-1.02|-35.28|-31.619999
1509546095835|2.34|-36.059998|-30.24
1509546095967|7.2|-35.579998|-28.5
1509546096099|13.0199995|-34.02|-27.42
1509546096231|18.779999|-32.04|-26.699999
1509546096363|22.26|-29.82|-27.18
1509546096495|23.34|-27.48|-29.519999
1509546096627|23.039999|-26.58|-30.96
1509546096762|22.68|-25.56|-31.679998
1509546096891|24.539999|-26.34|-28.92
1509546097023|27.359999|-27.48|-25.019999
1509546097155|30.0|-25.859999|-23.64
1509546097287|32.16|-25.14|-22.26
1509546097419|31.56|-24.72|-23.88
1509546097551|28.26|-23.82|-27.779999
1509546097683|24.9|-26.699999|-28.32
1509546097814|22.199999|-29.279999|-28.5
1509546097947|21.84|-30.48|-27.06
1509546098079|24.3|-31.859999|-23.279999
1509546098212|27.359999|-31.439999|-20.699999
1509546098343|28.98|-30.24|-19.98
1509546098475|27.84|-28.859999|-21.9
1509546098606|24.84|-28.619999|-24.66
1509546098739|20.4|-29.939999|-27.06
1509546098871|17.94|-32.04|-27.539999
1509546099003|18.18|-33.66|-26.22
1509546099135|20.46|-34.02|-24.359999
1509546099267|23.1|-33.36|-23.16
1509546099399|23.58|-32.579998|-23.16
1509546099531|19.74|-32.219997|-24.18
1509546099662|13.559999|-29.4|-27.66
1509546099795|7.3199997|-21.6|-33.12
1509546099927|3.54|-18.72|-36.3
1509546100059|4.2599998|-17.699999|-35.76
1509546100190|8.04|-20.699999|-31.08
1509546100323|11.219999|-27.48|-25.8
1509546100455|12.3|-30.0|-22.199999
1509546100587|11.219999|-30.779999|-22.32
1509546100719|7.3199997|-31.14|-23.58
1509546100851|3.6599998|-33.18|-23.46
1509546100983|2.22|-35.76|-22.32
1509546101114|4.2599998|-37.86|-19.619999
1509546101247|6.24|-40.02|-19.08
1509546101379|7.3199997|-41.28|-19.08
1509546101511|5.3399997|-41.1|-19.68
1509546101643|-0.48|-38.16|-23.22
1509546101774|-5.8799996|-34.8|-25.08
1509546101907|-8.28|-31.92|-25.98
1509546102039|-6.6|-29.939999|-26.46
1509546102171|-1.92|-29.64|-25.08
1509546102303|4.62|-28.74|-23.88
1509546102435|10.2|-28.019999|-22.98
1509546102567|13.38|-26.46|-23.46
1509546102698|13.799999|-26.279999|-24.779999
1509546102831|14.16|-27.66|-25.38
1509546102963|14.88|-28.74|-25.74
1509546103094|17.039999|-29.88|-24.66
1509546103227|20.88|-30.9|-22.439999
1509546103359|24.3|-30.3|-21.06
1509546103491|26.4|-30.0|-20.82
1509546103623|24.84|-30.72|-21.539999
1509546103755|21.84|-31.32|-23.039999
1509546103887|17.88|-32.1|-24.48
1509546104019|15.599999|-33.059998|-24.84
1509546104150|15.78|-33.84|-23.519999
1509546104283|16.92|-34.2|-22.38
1509546104415|18.48|-35.34|-20.16
1509546104547|19.38|-36.42|-17.94
1509546104679|18.48|-36.66|-18.3
1509546104811|16.68|-37.38|-18.359999
1509546104943|14.4|-38.219997|-17.82
1509546105074|12.54|-38.34|-18.24
1509546105207|13.08|-38.16|-17.039999
1509546105338|14.88|-37.2|-15.54
1509546105471|18.539999|-35.219997|-15.299999
1509546105603|21.72|-32.64|-14.88
1509546105735|22.74|-30.84|-16.8
1509546105869|23.22|-30.119999|-19.14
1509546105999|23.4|-30.539999|-21.119999
1509546106131|24.72|-31.56|-22.32
1509546106263|29.82|-31.08|-20.88
1509546106395|36.239998|-29.279999|-18.539999
1509546106527|42.059998|-26.34|-17.34
1509546106659|45.239998|-26.699999|-16.98
1509546106791|43.62|-28.98|-19.199999
1509546106923|39.3|-32.52|-22.619999
1509546107055|34.38|-37.079998|-24.3
1509546107187|31.019999|-39.0|-25.08
1509546107319|28.56|-38.82|-25.68
1509546107451|27.599998|-38.219997|-25.92
1509546107583|26.939999|-37.2|-27.66
1509546107715|24.66|-36.54|-30.06
1509546107847|21.9|-36.78|-31.5
1509546107979|18.6|-37.98|-32.399998
1509546108111|16.44|-39.84|-32.1
1509546108243|15.78|-40.92|-31.019999
1509546108375|16.44|-41.94|-30.0
1509546108507|16.98|-41.04|-30.359999
1509546108639|15.54|-39.54|-31.98
1509546108771|11.82|-37.98|-34.68
1509546108903|6.54|-36.36|-36.719997
1509546109035|2.04|-35.579998|-37.86
1509546109167|-1.74|-36.0|-36.78
1509546109299|-2.6399999|-36.6|-35.04
1509546109431|-1.56|-37.26|-34.079998
1509546109563|-0.29999998|-37.86|-33.059998
1509546109695|-0.59999996|-36.96|-33.78
1509546109827|-2.8799999|-35.16|-35.34
1509546109960|-6.06|-32.16|-36.899998
1509546110091|-9.719999|-30.119999|-37.86
1509546110223|-11.28|-30.06|-37.38
1509546110357|-9.78|-31.38|-36.48
1509546110487|-6.8999996|-33.239998|-35.1
1509546110619|-3.54|-34.32|-34.68
1509546110751|-1.68|-33.3|-35.399998
1509546110883|-3.8999999|-30.0|-36.6
1509546111016|-6.8999996|-28.08|-37.8
1509546111147|-10.0199995|-28.019999|-37.26
1509546111279|-10.8|-28.439999|-37.079998
1509546111411|-8.7|-31.14|-35.94
1509546111543|-6.48|-32.76|-35.399998
1509546111675|-4.38|-32.7|-36.059998
1509546111807|-5.1|-31.199999|-36.719997
1509546111939|-7.2599998|-28.68|-38.1
1509546112071|-8.46|-28.26|-38.34
1509546112203|-8.7|-28.92|-38.34
1509546112335|-5.52|-31.56|-37.2
1509546112466|-0.29999998|-34.62|-35.219997
1509546112599|3.1799998|-35.64|-34.86
1509546112731|4.08|-34.62|-35.16
1509546112863|0.96|-31.5|-37.5
1509546112995|-3.8999999|-28.68|-39.6
1509546113126|-8.16|-27.3|-40.26
1509546113259|-8.22|-27.779999|-39.96
1509546113391|-5.4|-30.42|-38.04
1509546113523|-2.04|-32.52|-36.84
1509546113655|-0.06|-32.94|-36.66
1509546113787|-2.3999999|-31.199999|-37.5
1509546113919|-5.46|-27.84|-39.42
1509546114051|-7.56|-26.46|-39.96
1509546114183|-6.96|-26.699999|-39.36
1509546114315|-4.3199997|-28.439999|-38.1
1509546114447|-1.38|-30.48|-36.78
1509546114578|0.0|-30.48|-36.66
1509546114710|-2.8799999|-28.92|-36.899998
1509546114843|-7.3799996|-26.58|-37.38
1509546114975|-12.54|-25.439999|-36.66
1509546115107|-16.199999|-25.5|-35.94
1509546115239|-15.96|-27.3|-34.739998
1509546115371|-13.259999|-30.06|-33.12
1509546115503|-9.96|-32.28|-32.579998
1509546115635|-8.04|-33.48|-31.98
1509546115767|-7.5|-33.66|-32.34
1509546115898|-7.9199996|-33.239998|-32.82
1509546116031|-9.24|-32.82|-33.059998
1509546116163|-9.66|-32.64|-33.18
1509546116295|-9.599999|-32.579998|-33.84
1509546116427|-9.78|-32.16|-34.739998
1509546116559|-9.12|-32.1|-35.52
1509546116691|-9.12|-31.859999|-35.88
1509546116822|-9.599999|-32.28|-35.219997
1509546116955|-10.44|-32.7|-34.8
