1509425432296|8857
1509425432616|10470
1509425432960|11655
1509425433280|8552
1509425433621|5769
1509425433946|6837
1509425434279|6623
1509425434614|6821
1509425434946|6859
1509425435285|6832
1509425435613|5926
1509425435950|5636
1509425436280|5296
1509425436616|5474
1509425436947|5358
1509425437289|5495
1509425437614|5660
1509425437947|5122
1509425438280|4743
1509425438613|5849
1509425438949|6978
1509425439280|8017
1509425439621|9331
1509425439946|7277
1509425440283|10719
1509425440612|10737
1509425440947|8191
1509425441286|8720
1509425441614|12203
1509425441948|12205
1509425442281|11445
1509425442618|15689
1509425442946|14579
1509425443280|16823
1509425443615|13935
1509425443946|13894
1509425444283|9603
1509425444621|10293
1509425444947|8832
1509425445286|9057
1509425445613|6621
1509425445945|6720
1509425446279|5810
1509425446614|6128
1509425446945|5839
1509425447281|5866
1509425447611|5763
1509425447950|6193
1509425448288|6800
1509425448622|8847
1509425448945|12336
1509425449279|11922
1509425449612|16235
1509425449949|16490
1509425450288|14791
1509425450614|17807
1509425450948|18440
1509425451278|13960
1509425451621|20549
1509425451948|19695
1509425452286|15765
1509425452612|12979
1509425452945|17344
1509425453278|12748
1509425453611|20704
1509425453957|25160
1509425454281|13638
1509425454622|19767
1509425454946|16598
1509425455279|16981
1509425455614|13863
1509425455949|22785
1509425456282|16205
1509425456614|13815
1509425456950|17274
1509425457278|13027
1509425457613|19063
1509425457944|10105
1509425458279|16622
1509425458613|16908
1509425458946|18791
1509425459283|12079
1509425459613|12261
1509425459945|19472
1509425460278|10810
1509425460614|19862
1509425460945|19901
1509425461278|26614
1509425461612|21084
1509425461944|28104
1509425462278|29257
1509425462616|27938
1509425462949|22124
1509425463278|17476
1509425463610|23939
1509425463943|18046
1509425464277|13376
1509425464611|12378
1509425464944|13016
1509425465278|15369
1509425465610|32768
1509425465943|32768
1509425466276|32768
1509425466611|32768
1509425466943|32768
1509425467278|32768
1509425467610|32768
1509425467944|32768
1509425468276|23385
1509425468610|23521
1509425468944|17914
1509425469276|18291
1509425469610|18939
1509425469943|21123
1509425470277|16969
1509425470610|19339
1509425470943|26834
1509425471277|21214
1509425471610|18163
1509425471943|14677
1509425472276|17475
1509425472610|22506
1509425472944|21131
1509425473277|17264
1509425473610|17210
1509425473943|21979
1509425474276|15436
1509425474609|14762
1509425474944|11747
1509425475276|9735
1509425475609|9338
1509425475943|11221
1509425476276|13215
1509425476610|12670
1509425476943|11158
