1509548167988|-8.594439|-0.21792556|4.7262607
1509548168123|-8.539958|-0.19068487|4.835223
1509548168254|-8.512717|-0.17706451|4.8760843
1509548168385|-8.512717|-0.17706451|4.8760843
1509548168517|-8.512717|-0.17706451|4.8760843
1509548168648|-8.512717|-0.17706451|4.8760843
1509548168781|-8.512717|-0.17706451|4.8760843
1509548168913|-8.512717|-0.17706451|4.8760843
1509548169046|-8.512717|-0.17706451|4.8760843
1509548169178|-8.512717|-0.17706451|4.8897047
1509548169309|-8.499097|-0.16344418|4.903325
1509548169442|-8.4854765|-0.16344418|4.930566
1509548169574|-8.4854765|-0.16344418|4.930566
1509548169706|-8.4854765|-0.16344418|4.944186
1509548169837|-8.4854765|-0.16344418|4.944186
1509548169969|-8.471856|-0.16344418|4.944186
1509548170102|-8.471856|-0.16344418|4.9578066
1509548170234|-8.471856|-0.16344418|4.9578066
1509548170366|-8.471856|-0.16344418|4.9578066
1509548170498|-8.471856|-0.14982383|4.9578066
1509548170629|-8.471856|-0.14982383|4.9578066
1509548170765|-8.471856|-0.14982383|4.9578066
1509548170893|-8.471856|-0.14982383|4.9578066
1509548171025|-8.471856|-0.14982383|4.944186
1509548171158|-8.471856|-0.14982383|4.944186
1509548171289|-8.471856|-0.16344418|4.944186
1509548171420|-8.471856|-0.16344418|4.944186
1509548171552|-8.471856|-0.16344418|4.944186
1509548171686|-8.471856|-0.14982383|4.944186
1509548171818|-8.471856|-0.14982383|4.944186
1509548171949|-8.471856|-0.16344418|4.944186
1509548172081|-8.471856|-0.16344418|4.944186
1509548172213|-8.471856|-0.16344418|4.944186
1509548172344|-8.471856|-0.16344418|4.944186
1509548172477|-8.471856|-0.16344418|4.944186
1509548172610|-8.471856|-0.16344418|4.944186
1509548172742|-8.471856|-0.16344418|4.944186
1509548172874|-8.471856|-0.16344418|4.944186
1509548173012|-8.471856|-0.16344418|4.944186
1509548173137|-8.471856|-0.16344418|4.9578066
1509548173269|-8.471856|-0.16344418|4.9578066
1509548173402|-8.471856|-0.16344418|4.9578066
1509548173534|-8.471856|-0.16344418|4.9578066
1509548173666|-8.471856|-0.16344418|4.9578066
1509548173798|-8.471856|-0.16344418|4.9578066
1509548173929|-8.471856|-0.16344418|4.9578066
1509548174062|-8.471856|-0.16344418|4.9578066
1509548174194|-8.471856|-0.16344418|4.9578066
1509548174326|-8.471856|-0.16344418|4.9578066
1509548174460|-8.471856|-0.16344418|4.9578066
1509548174589|-8.471856|-0.16344418|4.9578066
1509548174721|-8.471856|-0.16344418|4.9578066
1509548174853|-8.471856|-0.16344418|4.9578066
1509548174987|-8.471856|-0.16344418|4.9578066
1509548175118|-8.471856|-0.14982383|4.9578066
1509548175250|-8.471856|-0.14982383|4.9578066
1509548175381|-8.471856|-0.17706451|4.9578066
1509548175513|-8.471856|-0.17706451|4.9578066
1509548175646|-8.471856|-0.17706451|4.9578066
1509548175778|-8.471856|-0.17706451|4.9578066
1509548175909|-8.471856|-0.17706451|4.9578066
1509548176041|-8.471856|-0.17706451|4.9578066
1509548176174|-8.471856|-0.17706451|4.9578066
1509548176306|-8.471856|-0.17706451|4.9578066
1509548176438|-8.471856|-0.17706451|4.9578066
1509548176569|-8.471856|-0.17706451|4.9578066
1509548176702|-8.471856|-0.17706451|4.9578066
1509548176834|-8.471856|-0.17706451|4.9578066
1509548176966|-8.471856|-0.17706451|4.9578066
1509548177098|-8.471856|-0.17706451|4.9578066
1509548177230|-8.471856|-0.16344418|4.9578066
1509548177362|-8.471856|-0.16344418|4.9578066
1509548177494|-8.471856|-0.16344418|4.9578066
1509548177625|-8.471856|-0.16344418|4.9578066
1509548177757|-8.471856|-0.16344418|4.9578066
1509548177890|-8.471856|-0.16344418|4.9578066
1509548178032|-8.471856|-0.16344418|4.9578066
1509548178154|-8.471856|-0.16344418|4.9578066
1509548178286|-8.471856|-0.16344418|4.9578066
1509548178417|-8.471856|-0.16344418|4.9578066
1509548178549|-8.471856|-0.16344418|4.9578066
1509548178682|-8.471856|-0.16344418|4.9578066
1509548178814|-8.471856|-0.16344418|4.9578066
1509548178946|-8.471856|-0.16344418|4.9578066
1509548179078|-8.471856|-0.16344418|4.9578066
1509548179210|-8.471856|-0.16344418|4.9578066
1509548179341|-8.471856|-0.16344418|4.9578066
1509548179474|-8.471856|-0.16344418|4.9578066
1509548179606|-8.471856|-0.16344418|4.9578066
1509548179738|-8.471856|-0.16344418|4.9578066
1509548179869|-8.471856|-0.16344418|4.9578066
1509548180003|-8.471856|-0.16344418|4.9578066
1509548180133|-8.471856|-0.14982383|4.9578066
1509548180266|-8.471856|-0.14982383|4.9578066
1509548180398|-8.471856|-0.14982383|4.944186
1509548180529|-8.471856|-0.14982383|4.9578066
1509548180662|-8.471856|-0.14982383|4.944186
1509548180795|-8.471856|-0.14982383|4.944186
1509548180925|-8.471856|-0.14982383|4.944186
1509548181057|-8.471856|-0.14982383|4.944186
1509548181190|-8.471856|-0.14982383|4.944186
1509548181321|-8.471856|-0.14982383|4.9578066
1509548181453|-8.471856|-0.14982383|4.9578066
1509548181585|-8.471856|-0.14982383|4.9578066
1509548181717|-8.471856|-0.14982383|4.9578066
1509548181849|-8.471856|-0.14982383|4.9578066
1509548181981|-8.471856|-0.14982383|4.9578066
1509548182114|-8.471856|-0.14982383|4.9578066
1509548182246|-8.471856|-0.14982383|4.9578066
1509548182384|-8.471856|-0.14982383|4.9578066
1509548182510|-8.471856|-0.14982383|4.944186
1509548182641|-8.471856|-0.14982383|4.944186
1509548182774|-8.471856|-0.16344418|4.944186
1509548182906|-8.471856|-0.16344418|4.944186
1509548183046|-8.471856|-0.16344418|4.944186
1509548183168|-8.471856|-0.16344418|4.944186
1509548183302|-8.471856|-0.16344418|4.944186
1509548183434|-8.471856|-0.16344418|4.944186
1509548183566|-8.471856|-0.16344418|4.944186
1509548183704|-8.471856|-0.16344418|4.944186
1509548183829|-8.471856|-0.16344418|4.944186
1509548183962|-8.471856|-0.16344418|4.944186
1509548184094|-8.471856|-0.16344418|4.944186
1509548184226|-8.471856|-0.16344418|4.944186
1509548184358|-8.471856|-0.16344418|4.944186
1509548184490|-8.471856|-0.16344418|4.944186
1509548184628|-8.471856|-0.16344418|4.944186
1509548184754|-8.471856|-0.16344418|4.944186
1509548184885|-8.471856|-0.16344418|4.944186
1509548185018|-8.471856|-0.16344418|4.944186
1509548185150|-8.471856|-0.16344418|4.944186
1509548185281|-8.471856|-0.16344418|4.944186
1509548185414|-8.471856|-0.16344418|4.944186
1509548185546|-8.471856|-0.16344418|4.944186
1509548185677|-8.471856|-0.16344418|4.944186
1509548185810|-8.471856|-0.16344418|4.944186
1509548185941|-8.471856|-0.16344418|4.944186
1509548186073|-8.471856|-0.16344418|4.944186
1509548186205|-8.471856|-0.16344418|4.944186
1509548186338|-8.471856|-0.16344418|4.944186
1509548186469|-8.471856|-0.16344418|4.944186
1509548186601|-8.471856|-0.16344418|4.944186
1509548186734|-8.471856|-0.14982383|4.9578066
1509548186866|-8.471856|-0.14982383|4.9578066
1509548186997|-8.471856|-0.14982383|4.9578066
1509548187130|-8.471856|-0.14982383|4.9578066
1509548187262|-8.471856|-0.14982383|4.9578066
1509548187393|-8.471856|-0.14982383|4.9578066
1509548187525|-8.471856|-0.14982383|4.9578066
1509548187658|-8.471856|-0.14982383|4.9578066
1509548187789|-8.471856|-0.16344418|4.9578066
1509548187922|-8.471856|-0.16344418|4.9578066
1509548188059|-8.471856|-0.16344418|4.9578066
1509548188185|-8.471856|-0.16344418|4.9578066
1509548188318|-8.471856|-0.16344418|4.9578066
1509548188450|-8.471856|-0.16344418|4.9578066
1509548188581|-8.471856|-0.16344418|4.9578066
1509548188713|-8.471856|-0.16344418|4.9578066
1509548188846|-8.471856|-0.16344418|4.9578066
1509548188978|-8.471856|-0.16344418|4.9578066
1509548189110|-8.471856|-0.16344418|4.9578066
1509548189241|-8.471856|-0.16344418|4.9578066
1509548189374|-8.471856|-0.16344418|4.9578066
1509548189506|-8.471856|-0.16344418|4.9578066
1509548189636|-8.471856|-0.16344418|4.9578066
1509548189769|-8.471856|-0.16344418|4.9578066
1509548189902|-8.471856|-0.16344418|4.9578066
1509548190034|-8.471856|-0.16344418|4.9578066
1509548190165|-8.471856|-0.16344418|4.9578066
1509548190297|-8.471856|-0.16344418|4.9578066
1509548190429|-8.471856|-0.16344418|4.9578066
1509548190561|-8.471856|-0.16344418|4.9578066
1509548190694|-8.471856|-0.16344418|4.9578066
1509548190825|-8.471856|-0.16344418|4.9578066
1509548190957|-8.471856|-0.16344418|4.9578066
1509548191090|-8.471856|-0.16344418|4.9578066
1509548191221|-8.471856|-0.16344418|4.9578066
1509548191354|-8.471856|-0.16344418|4.9578066
1509548191486|-8.471856|-0.16344418|4.9578066
1509548191617|-8.471856|-0.16344418|4.9578066
1509548191749|-8.471856|-0.16344418|4.9578066
1509548191881|-8.471856|-0.16344418|4.9578066
1509548192014|-8.471856|-0.16344418|4.9578066
1509548192146|-8.471856|-0.16344418|4.9578066
1509548192277|-8.471856|-0.16344418|4.9578066
1509548192410|-8.471856|-0.14982383|4.9578066
1509548192540|-8.471856|-0.14982383|4.9578066
1509548192677|-8.471856|-0.14982383|4.9578066
1509548192805|-8.471856|-0.16344418|4.9578066
1509548192938|-8.471856|-0.16344418|4.9578066
1509548193076|-8.471856|-0.16344418|4.9578066
1509548193202|-8.471856|-0.16344418|4.9578066
1509548193334|-8.471856|-0.16344418|4.9578066
1509548193466|-8.471856|-0.16344418|4.9578066
1509548193598|-8.471856|-0.16344418|4.9578066
1509548193729|-8.471856|-0.16344418|4.9578066
1509548193861|-8.471856|-0.16344418|4.9578066
1509548193994|-8.471856|-0.16344418|4.9578066
1509548194126|-8.471856|-0.16344418|4.9578066
1509548194257|-8.471856|-0.16344418|4.9578066
1509548194389|-8.471856|-0.16344418|4.9578066
1509548194521|-8.471856|-0.16344418|4.9578066
1509548194654|-8.471856|-0.16344418|4.9578066
1509548194786|-8.471856|-0.16344418|4.9578066
1509548194918|-8.4854765|-0.14982383|4.944186
1509548195050|-8.4854765|-0.14982383|4.944186
1509548195181|-8.4854765|-0.14982383|4.944186
1509548195314|-8.4854765|-0.14982383|4.944186
1509548195446|-8.4854765|-0.14982383|4.944186
1509548195577|-8.4854765|-0.14982383|4.944186
1509548195712|-8.4854765|-0.14982383|4.944186
1509548195841|-8.4854765|-0.14982383|4.944186
1509548195974|-8.4854765|-0.14982383|4.944186
1509548196106|-8.471856|-0.14982383|4.944186
1509548196240|-8.471856|-0.14982383|4.944186
1509548196369|-8.471856|-0.14982383|4.944186
1509548196502|-8.471856|-0.14982383|4.944186
1509548196634|-8.471856|-0.14982383|4.944186
1509548196765|-8.471856|-0.16344418|4.944186
1509548196897|-8.471856|-0.16344418|4.944186
1509548197030|-8.471856|-0.16344418|4.944186
1509548197161|-8.471856|-0.16344418|4.944186
1509548197293|-8.471856|-0.16344418|4.944186
1509548197426|-8.471856|-0.16344418|4.9578066
1509548197558|-8.471856|-0.16344418|4.9578066
1509548197689|-8.471856|-0.14982383|4.9578066
1509548197821|-8.471856|-0.14982383|4.9578066
1509548197954|-8.471856|-0.14982383|4.9578066
1509548198092|-8.471856|-0.14982383|4.9578066
1509548198217|-8.471856|-0.14982383|4.9578066
1509548198350|-8.471856|-0.14982383|4.9578066
1509548198481|-8.471856|-0.14982383|4.9578066
1509548198614|-8.471856|-0.14982383|4.9578066
1509548198746|-8.471856|-0.16344418|4.9578066
1509548198877|-8.471856|-0.16344418|4.9578066
1509548199009|-8.471856|-0.16344418|4.9578066
1509548199141|-8.471856|-0.16344418|4.9578066
1509548199274|-8.471856|-0.16344418|4.9578066
1509548199406|-8.471856|-0.16344418|4.944186
1509548199538|-8.471856|-0.16344418|4.944186
1509548199669|-8.471856|-0.16344418|4.944186
1509548199802|-8.471856|-0.16344418|4.944186
1509548199934|-8.471856|-0.16344418|4.944186
1509548200066|-8.471856|-0.16344418|4.944186
1509548200197|-8.471856|-0.16344418|4.944186
1509548200329|-8.471856|-0.14982383|4.944186
1509548200462|-8.471856|-0.14982383|4.944186
1509548200594|-8.471856|-0.14982383|4.944186
1509548200726|-8.471856|-0.14982383|4.944186
1509548200857|-8.471856|-0.14982383|4.944186
1509548200989|-8.471856|-0.14982383|4.944186
1509548201121|-8.471856|-0.14982383|4.944186
1509548201253|-8.471856|-0.14982383|4.944186
1509548201385|-8.471856|-0.14982383|4.944186
1509548201517|-8.471856|-0.14982383|4.944186
1509548201650|-8.471856|-0.14982383|4.944186
1509548201782|-8.471856|-0.14982383|4.944186
1509548201913|-8.471856|-0.14982383|4.944186
1509548202046|-8.471856|-0.14982383|4.944186
1509548202177|-8.471856|-0.14982383|4.944186
1509548202310|-8.471856|-0.14982383|4.944186
1509548202441|-8.471856|-0.14982383|4.944186
1509548202574|-8.471856|-0.14982383|4.944186
1509548202706|-8.471856|-0.14982383|4.944186
1509548202845|-8.471856|-0.14982383|4.944186
1509548202968|-8.471856|-0.14982383|4.944186
1509548203106|-8.471856|-0.14982383|4.944186
1509548203233|-8.471856|-0.14982383|4.944186
1509548203366|-8.471856|-0.14982383|4.944186
1509548203498|-8.471856|-0.14982383|4.944186
1509548203630|-8.471856|-0.14982383|4.944186
1509548203761|-8.471856|-0.14982383|4.944186
1509548203893|-8.471856|-0.14982383|4.944186
