1510206347348|0.03992787|-0.038168184|0.75148773|0.6574307
1510206347458|0.09276701|-0.03359648|0.7487787|0.65543574
1510206347573|0.1295629|-0.0018485477|0.75344855|0.64461255
1510206347690|0.124210276|0.021247184|0.7597738|0.63785905
1510206347804|0.14486897|-0.015696526|0.7501724|0.6449868
1510206347921|0.15768091|-0.060416877|0.7500971|0.6394067
1510206348033|0.17103659|-0.070361815|0.7596731|0.62345207
1510206348148|0.16848391|-0.0851935|0.75784826|0.6245168
1510206348263|0.18040276|-0.09230485|0.7457054|0.634711
1510206348377|0.19647904|-0.091723256|0.7400292|0.6366629
1510206348492|0.18825777|-0.09492051|0.7410393|0.63750285
1510206348607|0.18694296|-0.09644827|0.74194056|0.6366116
1510206348723|0.17990413|-0.09827276|0.74298006|0.63714796
1510206348839|0.16377755|-0.105083585|0.7382825|0.6458121
1510206348953|0.15615201|-0.10921363|0.73598075|0.6496316
1510206349067|0.1550182|-0.109200835|0.7340569|0.6520775
1510206349185|0.1576817|-0.1075543|0.729117|0.6572343
1510206349299|0.16276087|-0.10328114|0.7269887|0.6590367
1510206349412|0.16377316|-0.101938665|0.7253338|0.66081595
1510206349530|0.15562342|-0.108441405|0.72385126|0.6633711
1510206349644|0.15726896|-0.11228862|0.72187215|0.66449857
1510206349759|0.1678751|-0.11910611|0.71030337|0.67312765
1510206349873|0.17101167|-0.12362821|0.700924|0.6813051
1510206349989|0.17423017|-0.12441857|0.6977604|0.6835893
1510206350105|0.17661133|-0.122724496|0.69292593|0.6881866
1510206350218|0.1876072|-0.12404798|0.6793619|0.69848627
1510206350334|0.20394064|-0.122470826|0.6647369|0.7081906
1510206350449|0.22024463|-0.12396423|0.65662265|0.7106137
1510206350563|0.21473959|-0.13021107|0.6569361|0.71089166
1510206350679|0.19946125|-0.1377624|0.6593654|0.71166986
1510206350794|0.20498516|-0.14189576|0.66708124|0.70203227
1510206350909|0.19293317|-0.13835344|0.68136245|0.6923729
1510206351022|0.16462636|-0.13318627|0.70568687|0.67614025
1510206351139|0.12741502|-0.124891646|0.7387443|0.6499418
1510206351252|0.12745792|-0.091771916|0.7426293|0.6510255
1510206351369|0.13456802|-0.076944485|0.72897536|0.66675776
1510206351483|0.11362763|-0.053440366|0.72636735|0.67573917
1510206351600|0.12468546|-0.078218445|0.7207522|0.6773859
1510206351713|0.1685902|-0.056558177|0.7312604|0.658511
1510206351830|0.15041348|-0.047452576|0.73391527|0.66067576
1510206351943|0.17523772|-0.049410935|0.7318975|0.65664023
1510206352059|0.1604194|-0.03077704|0.7334786|0.65979356
1510206352174|0.1443686|-0.03353735|0.7358656|0.66070783
1510206352290|0.15162207|-0.02871026|0.74078363|0.6537783
1510206352403|0.14903018|-0.03628608|0.74671483|0.64721733
1510206352520|0.20191127|-0.06033254|0.7406986|0.6379321
1510206352634|0.1849002|-0.07427672|0.7396235|0.6428468
1510206352749|0.18230702|-0.07662378|0.7352332|0.64832485
1510206352864|0.18755965|-0.07474955|0.7336289|0.6488624
1510206352979|0.18790543|-0.07392484|0.73481166|0.64751714
1510206353095|0.18279019|-0.078365624|0.7349513|0.6483002
1510206353209|0.18204872|-0.07610053|0.73436373|0.6494435
1510206353323|0.17908494|-0.083643585|0.73204345|0.65195453
1510206353440|0.18820594|-0.074474566|0.730829|0.6518597
1510206353555|0.18679085|-0.06802108|0.72999567|0.6539026
1510206353669|0.18370835|-0.06030276|0.73105794|0.65434635
1510206353785|0.17762454|-0.0427172|0.73298454|0.6552544
1510206353899|0.1255379|-0.04985135|0.7319926|0.6677888
1510206354014|0.16532193|-0.044589795|0.7359199|0.65505904
1510206354130|0.14743614|-0.038431007|0.73796743|0.65741134
1510206354246|0.16021213|-0.032144886|0.7318845|0.6615466
1510206354359|0.14400749|0.0023134586|0.72193515|0.6768058
1510206354473|0.11109767|-0.03582474|0.7050666|0.6994676
1510206354592|0.12259082|-0.009446063|0.7121353|0.6911914
1510206354703|0.09934574|-0.018921312|0.7277454|0.6783502
1510206354820|0.13747112|-0.04155908|0.73030996|0.6678487
1510206354935|0.15784593|-0.049448904|0.736356|0.6560635
1510206355049|0.13014996|-0.058080792|0.739957|0.65738213
1510206355165|0.14916399|-0.054082856|0.7289763|0.6658969
1510206355281|0.1583201|-0.04692993|0.7238322|0.6699248
1510206355395|0.15745878|-0.052937966|0.72084016|0.6728995
1510206355510|0.14572996|-0.081538126|0.7203857|0.6731707
1510206355624|0.16313243|-0.08048844|0.7222185|0.66731536
1510206355739|0.13858463|-0.0702519|0.722235|0.67397
1510206355854|0.15893006|-0.0610705|0.7200018|0.6727622
1510206355969|0.13882928|-0.060494225|0.7168511|0.6805816
1510206356083|0.14372256|-0.071515866|0.71821684|0.6770479
1510206356199|0.1643712|-0.064685985|0.71889657|0.6722987
1510206356314|0.14798035|-0.042211976|0.718444|0.6783496
1510206356430|0.15351826|-0.06442031|0.7209362|0.6727058
1510206356544|0.17898181|-0.046315216|0.71816087|0.6708691
1510206356659|0.15165003|-0.0563435|0.71719086|0.67783844
1510206356773|0.16293101|-0.066972695|0.71784925|0.6735433
1510206356891|0.15956745|-0.0715893|0.7202378|0.67132014
1510206357005|0.19599922|-0.07180637|0.73225063|0.648257
1510206357122|0.18734975|-0.07357727|0.73956585|0.6422841
1510206357234|0.16003735|-0.06137537|0.74725837|0.64204836
1510206357351|0.12405147|-0.0113619035|0.7766716|0.61746526
1510206357464|0.08220864|0.011213137|0.7974875|0.5976033
1510206357582|0.092316575|-0.003095989|0.79630864|0.59779644
1510206357695|0.09014855|-0.011501266|0.7999778|0.59310746
1510206357809|0.086607896|-0.002070642|0.7941963|0.60145414
1510206357925|0.08511102|-5.882005E-4|0.7956299|0.59977394
1510206358040|0.10953857|-0.0030024995|0.79168445|0.6010225
1510206358155|0.119239874|-0.02450237|0.7730692|0.62253153
1510206358270|0.12073039|-0.029576434|0.77106076|0.62451154
1510206358385|0.11675068|-0.021965183|0.77641064|0.6189292
1510206358502|0.07900794|-0.01200726|0.79104346|0.6065178
1510206358616|0.065911636|-0.0044082874|0.7994697|0.5970632
1510206358731|0.07775122|-0.011101891|0.79724145|0.5985295
1510206358844|0.08921949|-0.02586508|0.7701191|0.6311002
1510206358959|0.087483056|-0.02835603|0.7785955|0.6207509
1510206359076|0.08018027|-0.044615377|0.7814896|0.61713415
1510206359191|0.09031874|-0.06032677|0.7778136|0.6190389
1510206359306|0.09658975|-0.057838086|0.7869405|0.60667104
1510206359421|0.10247474|-0.059493814|0.7894448|0.60227597
1510206359537|0.10715783|-0.058689598|0.78804296|0.6033747
1510206359650|0.10134545|-0.055626974|0.7850631|0.6085316
1510206359765|0.10766669|-0.051972013|0.78065604|0.61341906
1510206359881|0.11204143|-0.019035995|0.7753772|0.621188
1510206359995|0.12346189|-0.033943754|0.76537454|0.63071924
1510206360110|0.15293258|-0.025897304|0.7631777|0.6272964
1510206360226|0.16176853|-0.03074941|0.7639578|0.62390214
1510206360341|0.1880761|-0.056907654|0.76165605|0.61746985
1510206360455|0.21402656|-0.07944292|0.75531316|0.6143155
1510206360571|0.19062653|-0.08141128|0.7530937|0.6244066
1510206360687|0.2056804|-0.092708535|0.74193496|0.6313741
1510206360801|0.19222523|-0.095164716|0.74223244|0.6348891
1510206360916|0.18079688|-0.1014359|0.74253976|0.6369128
1510206361031|0.16391252|-0.10701991|0.7391389|0.644479
1510206361147|0.16011141|-0.106458776|0.7337252|0.6516734
1510206361260|0.14053328|-0.10055815|0.73182046|0.65922475
1510206361375|0.10749147|-0.122635365|0.72180563|0.6726089
1510206361491|0.10880718|-0.17218472|0.6834944|0.7009628
1510206361605|0.17438008|-0.15752912|0.67414606|0.7002166
1510206361721|0.1883061|-0.16269177|0.6699367|0.6994691
1510206361836|0.18315452|-0.16850747|0.6693817|0.69999135
1510206361951|0.20672636|-0.17448318|0.66871345|0.69256204
1510206362067|0.20960487|-0.17252609|0.6682901|0.6925958
1510206362180|0.18834022|-0.17110148|0.6700868|0.6973062
1510206362295|0.21234927|-0.17729051|0.68423235|0.6747607
1510206362411|0.2577771|-0.17802514|0.70392114|0.63745826
1510206362527|0.29958183|-0.16230483|0.7191541|0.6055784
1510206362642|0.26979023|-0.15737619|0.72835803|0.6098693
1510206362759|0.2397923|-0.15617073|0.73065007|0.6198877
1510206362872|0.22782068|-0.15472643|0.7239082|0.63254595
1510206362987|0.20560639|-0.15862277|0.7146291|0.6495153
1510206363101|0.2073566|-0.13992393|0.72431564|0.6424884
1510206363216|0.1983945|-0.09800153|0.74260837|0.63211405
1510206363333|0.18533051|-0.059238005|0.7557738|0.6252595
1510206363447|0.19356292|-0.07416406|0.754486|0.622723
1510206363561|0.20800106|-0.06913309|0.7561638|0.6165813
1510206363675|0.21293464|-0.07128094|0.75534606|0.61565423
1510206363792|0.22681531|-0.075921044|0.7560549|0.6092387
1510206363908|0.235652|-0.07736316|0.7574652|0.6039284
1510206364022|0.23084183|-0.07053763|0.7571199|0.6070469
1510206364137|0.24457335|-0.07517548|0.76064616|0.5966154
1510206364251|0.20645809|-0.06736947|0.76869696|0.6016156
1510206364367|0.2139852|-0.06968152|0.7665121|0.60150975
1510206364481|0.19354123|-0.07192592|0.76795|0.60631776
1510206364596|0.20052715|-0.065578125|0.7668745|0.6061286
1510206364711|0.20018974|-0.06379294|0.766849|0.60646284
1510206364827|0.19200163|-0.07647762|0.76258725|0.6129823
1510206364941|0.19400148|-0.07230112|0.76444227|0.610544
1510206365056|0.18830134|-0.08513324|0.7570287|0.6198407
1510206365171|0.17186108|-0.13553788|0.74233395|0.6332721
1510206365287|0.14524056|-0.16589339|0.75028443|0.62326384
1510206365402|0.12579796|-0.16603523|0.75152683|0.62595093
1510206365516|0.14739451|-0.14584176|0.75877345|0.61746895
1510206365631|0.13622499|-0.16439128|0.75062|0.6252902
1510206365746|0.15094583|-0.15832153|0.7537649|0.6196677
1510206365863|0.12757936|-0.1601763|0.74993944|0.6290135
1510206365976|0.12579764|-0.15540373|0.75334156|0.62649906
1510206366094|0.12086056|-0.11560554|0.7701897|0.61549646
1510206366206|0.12364326|-0.06963733|0.7782978|0.6116498
1510206366321|0.15458824|-0.071734615|0.7745916|0.6090685
1510206366438|0.1950603|-0.055667702|0.76996005|0.60499096
1510206366552|0.19258714|-0.041643493|0.7662362|0.61160296
1510206366666|0.19295485|-0.0524196|0.7623092|0.6155528
1510206366782|0.21487565|-0.049328826|0.76567876|0.6042608
1510206366898|0.22009686|-0.054307934|0.76575065|0.60185874
1510206367012|0.19971015|-0.058099005|0.76856613|0.6050177
1510206367128|0.2077855|-0.044203095|0.76472294|0.6083339
1510206367241|0.1822799|-0.03509181|0.7618897|0.6205374
1510206367357|0.16450997|-0.0434419|0.76248276|0.624235
1510206367474|0.18385033|-0.0382415|0.7563551|0.62662876
1510206367586|0.17021777|-0.033668727|0.7541536|0.63335985
1510206367702|0.16117072|-0.025431342|0.7543571|0.63586366
1510206367818|0.14794578|-0.040600915|0.75281626|0.64010257
1510206367933|0.14496502|-0.04931136|0.75155795|0.64164954
1510206368047|0.14322257|-0.055951227|0.75060815|0.64260733
1510206368164|0.1394046|-0.057629365|0.750188|0.64378816
1510206368278|0.14983702|-0.061071333|0.7471134|0.644702
1510206368393|0.13986449|-0.057366308|0.7499197|0.6440244
1510206368509|0.13014194|-0.05558001|0.74933094|0.64689803
1510206368625|0.14842348|-0.06445217|0.74516964|0.64694566
1510206368738|0.119434014|-0.066540815|0.7493134|0.64794844
1510206368852|0.12028051|-0.085690744|0.7478407|0.6472434
1510206368970|0.110065475|-0.114868864|0.7509206|0.6409439
1510206369083|0.16090018|-0.14361908|0.7529407|0.6217435
1510206369202|0.18002877|-0.1666266|0.74482757|0.62052965
1510206369313|0.17938057|-0.16881584|0.7338576|0.6330694
1510206369430|0.15138301|-0.17132492|0.73120964|0.6427001
1510206369543|0.11580186|-0.17573515|0.74107903|0.6375806
1510206369660|0.13179019|-0.15363365|0.74489117|0.63573986
1510206369772|0.123928726|-0.15227571|0.7480284|0.63396156
1510206369888|0.13374417|-0.14213608|0.7503182|0.63161093
1510206370003|0.13324292|-0.14280409|0.75050247|0.6313473
