1509548545641|-0.013620348|-0.013620348|-0.08172209
1509548545772|0.0|0.0|-0.08172209
1509548545904|0.0|-0.013620348|-0.05448139
1509548546036|0.0|-0.013620348|-0.05448139
1509548546169|0.027240695|-0.013620348|-0.05448139
1509548546301|0.027240695|-0.013620348|-0.05448139
1509548546433|0.013620348|-0.013620348|-0.05448139
1509548546565|0.013620348|0.013620348|-0.068101734
1509548546697|-0.013620348|0.0|-0.068101734
1509548546829|-0.013620348|0.0|-0.08172209
1509548546961|-0.013620348|0.0|-0.05448139
1509548547092|-0.013620348|0.013620348|-0.040861044
1509548547225|-0.013620348|0.013620348|-0.05448139
1509548547356|0.013620348|-0.013620348|-0.05448139
1509548547489|0.013620348|0.013620348|-0.05448139
1509548547620|0.0|0.0|-0.068101734
1509548547754|0.0|-0.013620348|-0.08172209
1509548547885|-0.013620348|0.013620348|-0.068101734
1509548548016|0.0|0.0|-0.08172209
1509548548154|0.013620348|-0.013620348|-0.05448139
1509548548281|0.013620348|-0.013620348|-0.08172209
1509548548413|-0.013620348|-0.013620348|-0.05448139
1509548548546|0.013620348|-0.013620348|-0.05448139
1509548548677|0.0|-0.013620348|-0.05448139
1509548548809|-0.013620348|-0.013620348|-0.068101734
1509548548940|0.0|-0.013620348|-0.08172209
1509548549073|-0.013620348|-0.013620348|-0.05448139
1509548549205|0.013620348|-0.013620348|-0.068101734
1509548549337|0.013620348|-0.013620348|-0.08172209
1509548549469|-0.013620348|-0.013620348|-0.08172209
1509548549600|-0.068101734|-0.013620348|-0.040861044
1509548549733|-0.05448139|-0.013620348|-0.05448139
1509548549865|0.013620348|-0.013620348|-0.08172209
1509548549997|0.040861044|-0.013620348|-0.12258312
1509548550128|-0.10896278|0.0|-0.05448139
1509548550261|0.027240695|-0.013620348|-0.068101734
1509548550392|0.027240695|-0.013620348|-0.08172209
1509548550525|0.013620348|-0.013620348|-0.10896278
1509548550671|-0.068101734|-0.013620348|-0.013620348
1509548550789|-0.05448139|-0.013620348|-0.14982383
1509548550921|0.013620348|0.0|-0.08172209
1509548551053|0.027240695|0.0|-0.095342435
1509548551185|0.0|0.0|-0.05448139
1509548551317|0.0|0.027240695|-0.05448139
1509548551449|-0.013620348|0.0|-0.095342435
1509548551581|0.0|0.0|-0.10896278
1509548551713|0.013620348|-0.013620348|-0.040861044
1509548551845|0.013620348|0.013620348|-0.05448139
1509548551977|0.013620348|0.0|-0.05448139
1509548552109|0.027240695|0.0|-0.05448139
1509548552240|0.013620348|0.013620348|-0.08172209
1509548552376|0.040861044|0.013620348|-0.08172209
1509548552505|0.013620348|0.013620348|-0.08172209
1509548552637|0.0|0.013620348|-0.05448139
1509548552769|0.027240695|0.0|-0.068101734
1509548552901|0.027240695|0.013620348|-0.08172209
1509548553033|0.0|0.013620348|-0.05448139
1509548553165|0.0|0.013620348|-0.08172209
1509548553297|0.0|0.013620348|-0.05448139
1509548553433|0.0|0.013620348|-0.068101734
1509548553561|0.0|0.013620348|-0.068101734
1509548553693|0.0|-0.013620348|-0.027240695
1509548553825|-0.013620348|-0.013620348|-0.05448139
1509548553956|-0.013620348|-0.013620348|-0.068101734
1509548554092|0.013620348|-0.013620348|-0.05448139
1509548554221|0.013620348|-0.013620348|-0.08172209
1509548554352|-0.013620348|-0.013620348|-0.05448139
1509548554485|-0.013620348|0.013620348|-0.068101734
1509548554617|0.013620348|0.0|-0.08172209
1509548554749|0.013620348|0.0|0.0
1509548554880|0.0|-0.027240695|-0.095342435
1509548555012|0.0|-0.013620348|-0.08172209
1509548555145|0.013620348|-0.027240695|-0.040861044
1509548555277|-0.013620348|-0.027240695|-0.08172209
1509548555409|0.013620348|-0.027240695|-0.05448139
1509548555541|0.013620348|-0.027240695|-0.040861044
1509548555673|0.013620348|-0.027240695|-0.040861044
1509548555805|-0.013620348|0.0|-0.068101734
1509548555937|0.0|0.0|-0.08172209
1509548556068|-0.040861044|0.0|-0.05448139
1509548556201|-0.040861044|0.0|-0.14982383
1509548556338|0.013620348|-0.013620348|-0.17706451
1509548556465|-0.08172209|0.013620348|0.013620348
1509548556597|0.08172209|-0.027240695|-0.095342435
1509548556729|0.013620348|-0.013620348|-0.027240695
1509548556861|-0.040861044|-0.013620348|-0.05448139
1509548556992|-0.013620348|0.027240695|-0.068101734
1509548557125|0.027240695|0.013620348|0.013620348
1509548557257|-0.040861044|0.013620348|-0.05448139
1509548557389|-0.013620348|0.0|-0.095342435
1509548557521|0.0|0.027240695|-0.040861044
1509548557653|-0.013620348|0.027240695|-0.05448139
1509548557785|0.0|0.0|-0.08172209
1509548557956|-0.013620348|0.027240695|-0.08172209
1509548558050|-0.013620348|0.013620348|-0.05448139
1509548558181|0.0|-0.013620348|-0.068101734
1509548558314|0.0|-0.013620348|-0.095342435
1509548558444|0.0|-0.013620348|-0.040861044
1509548558577|0.0|-0.013620348|-0.13620347
1509548558709|0.0|0.013620348|-0.05448139
1509548558841|0.0|0.0|-0.08172209
1509548558973|-0.013620348|0.0|-0.21792556
1509548559105|0.0|0.0|-0.027240695
1509548559237|0.0|-0.013620348|0.0
1509548559369|0.0|-0.013620348|-0.068101734
1509548559501|0.0|0.0|-0.10896278
1509548559633|0.027240695|-0.013620348|-0.05448139
1509548559765|0.013620348|0.0|-0.08172209
1509548559897|0.013620348|0.0|-0.068101734
1509548560028|0.0|-0.027240695|-0.05448139
1509548560161|0.0|-0.027240695|-0.068101734
1509548560297|0.013620348|-0.013620348|-0.068101734
1509548560425|0.013620348|-0.013620348|-0.08172209
1509548560558|0.0|0.0|-0.068101734
1509548560720|0.027240695|-0.013620348|-0.068101734
1509548560820|0.013620348|-0.013620348|-0.05448139
1509548560965|0.0|-0.013620348|-0.068101734
1509548561084|0.027240695|-0.013620348|-0.05448139
1509548561216|0.013620348|-0.013620348|-0.040861044
1509548561349|0.0|-0.013620348|-0.08172209
1509548561481|0.0|0.013620348|-0.05448139
1509548561613|0.0|0.013620348|-0.05448139
1509548561745|0.0|0.013620348|-0.05448139
1509548561877|0.0|0.013620348|-0.05448139
1509548562011|-0.013620348|0.013620348|-0.05448139
1509548562141|0.013620348|0.013620348|-0.05448139
1509548562273|0.027240695|0.013620348|-0.08172209
1509548562405|-0.027240695|0.0|-0.05448139
1509548562536|0.0|0.013620348|-0.08172209
1509548562669|0.013620348|0.0|-0.040861044
1509548562801|0.0|0.0|-0.08172209
1509548563053|0.013620348|-0.013620348|-0.08172209
1509548563196|0.013620348|0.0|-0.14982383
1509548563328|0.0|-0.013620348|-0.05448139
1509548563461|0.0|0.0|-0.05448139
1509548563595|0.0|0.0|-0.05448139
1509548563725|0.0|0.0|-0.05448139
1509548563857|0.0|-0.013620348|-0.05448139
1509548563989|0.0|0.013620348|-0.068101734
1509548564121|0.013620348|0.013620348|-0.068101734
1509548564253|0.0|0.013620348|-0.040861044
1509548564384|0.0|-0.013620348|-0.08172209
1509548564517|0.027240695|0.013620348|0.013620348
1509548564649|-0.013620348|0.027240695|-0.040861044
1509548564781|-0.027240695|0.013620348|-0.040861044
1509548564912|0.0|-0.013620348|-0.040861044
1509548565045|0.0|0.0|-0.068101734
1509548565177|0.0|-0.013620348|-0.08172209
1509548565309|0.0|0.013620348|-0.10896278
1509548565441|0.0|0.0|-0.05448139
1509548565573|0.027240695|0.0|-0.040861044
1509548565728|0.0|0.0|-0.08172209
1509548565837|0.0|0.0|-0.05448139
1509548565969|0.013620348|0.0|-0.08172209
1509548566101|0.013620348|-0.013620348|-0.040861044
1509548566233|0.0|0.013620348|-0.08172209
1509548566365|0.013620348|0.0|-0.08172209
1509548566497|-0.013620348|0.0|-0.095342435
1509548566629|0.0|0.0|-0.05448139
1509548566761|-0.027240695|0.0|-0.013620348
1509548566893|0.0|0.0|-0.08172209
1509548567026|0.05448139|-0.027240695|-0.027240695
1509548567157|0.013620348|-0.013620348|-0.08172209
1509548567289|-0.013620348|0.013620348|-0.05448139
1509548567421|-0.027240695|-0.013620348|-0.040861044
1509548567552|-0.013620348|0.013620348|-0.040861044
1509548567685|0.0|0.0|-0.08172209
1509548567817|0.0|0.0|-0.05448139
1509548568265|0.0|0.0|-0.08172209
1509548568410|-0.040861044|0.013620348|-0.28602728
1509548568542|0.013620348|-0.013620348|0.0
1509548568675|-0.013620348|-0.013620348|-0.05448139
1509548568807|0.013620348|0.013620348|-0.08172209
1509548568939|0.013620348|0.013620348|-0.05448139
1509548569071|0.013620348|0.013620348|-0.10896278
1509548569203|0.013620348|0.013620348|-0.040861044
1509548569335|0.013620348|-0.013620348|-0.027240695
1509548569467|-0.027240695|0.027240695|-0.05448139
1509548569599|-0.013620348|0.013620348|-0.05448139
1509548569731|-0.027240695|-0.013620348|-0.013620348
1509548569863|0.0|0.013620348|-0.10896278
1509548569995|0.027240695|-0.027240695|0.027240695
1509548570127|0.013620348|0.0|-0.05448139
1509548570259|0.0|0.013620348|-0.068101734
1509548570390|0.040861044|-0.013620348|-0.013620348
1509548570523|0.013620348|-0.013620348|-0.08172209
1509548570655|0.013620348|-0.013620348|-0.08172209
1509548570787|0.013620348|-0.013620348|-0.05448139
1509548570919|0.013620348|-0.013620348|-0.05448139
1509548571054|0.0|-0.013620348|-0.05448139
1509548571183|0.027240695|-0.013620348|-0.05448139
1509548571318|0.027240695|0.013620348|-0.05448139
1509548571447|0.013620348|0.0|-0.05448139
1509548571579|0.0|0.0|-0.068101734
1509548571711|0.0|0.0|-0.05448139
1509548571843|0.0|0.0|-0.05448139
1509548571975|0.0|-0.013620348|-0.05448139
1509548572107|0.0|-0.013620348|-0.05448139
1509548572238|0.0|-0.013620348|-0.05448139
1509548572371|0.0|-0.013620348|-0.068101734
1509548572503|0.0|-0.013620348|-0.05448139
1509548572635|0.0|0.0|-0.05448139
1509548572770|0.0|0.0|-0.068101734
1509548572898|0.0|0.0|-0.068101734
1509548573116|0.0|0.0|-0.068101734
1509548573228|0.0|-0.013620348|-0.05448139
1509548573360|0.013620348|-0.027240695|-0.05448139
1509548573493|0.013620348|-0.013620348|-0.05448139
1509548573624|0.013620348|0.0|-0.068101734
1509548573757|0.027240695|0.0|-0.08172209
1509548573889|0.013620348|-0.027240695|-0.05448139
1509548574021|0.013620348|0.0|-0.05448139
1509548574153|0.013620348|-0.013620348|-0.068101734
1509548574284|0.013620348|0.0|-0.068101734
1509548574417|0.027240695|0.0|-0.05448139
1509548574549|0.013620348|0.0|-0.05448139
1509548574684|0.013620348|0.0|-0.05448139
1509548574813|0.0|0.0|-0.05448139
1509548574945|0.0|0.0|-0.05448139
1509548575079|0.013620348|0.0|-0.05448139
1509548575209|0.013620348|0.0|-0.068101734
1509548575341|0.0|0.0|-0.068101734
1509548575473|0.0|0.0|-0.05448139
1509548575605|0.0|0.0|-0.05448139
1509548575770|0.013620348|0.0|-0.05448139
1509548575868|0.0|0.0|-0.05448139
1509548576001|-0.027240695|0.027240695|-0.013620348
1509548576132|-0.027240695|0.027240695|-0.08172209
1509548576265|-0.027240695|0.013620348|-0.013620348
1509548576397|-0.040861044|0.013620348|-0.013620348
1509548576528|-0.040861044|0.013620348|-0.027240695
1509548576660|0.0|-0.013620348|-0.040861044
1509548576794|0.0|0.0|-0.08172209
1509548576924|0.013620348|0.0|-0.05448139
1509548577056|0.013620348|-0.013620348|-0.05448139
1509548577189|0.013620348|-0.013620348|-0.08172209
1509548577326|0.013620348|-0.013620348|-0.05448139
1509548577453|0.027240695|-0.013620348|-0.08172209
1509548577585|0.013620348|-0.013620348|-0.05448139
1509548577717|0.013620348|-0.013620348|-0.05448139
1509548577849|0.027240695|-0.013620348|-0.068101734
1509548577981|0.027240695|-0.013620348|-0.08172209
1509548578302|0.013620348|-0.013620348|-0.040861044
1509548578442|0.013620348|0.0|-0.05448139
1509548578578|0.0|0.013620348|-0.027240695
1509548578707|0.0|0.027240695|-0.040861044
1509548578838|0.0|0.027240695|-0.040861044
1509548578970|0.0|0.013620348|-0.013620348
1509548579103|-0.013620348|0.013620348|-0.027240695
1509548579235|-0.013620348|0.027240695|-0.040861044
1509548579367|0.013620348|0.0|-0.05448139
1509548579499|0.013620348|-0.013620348|-0.05448139
1509548579631|0.0|-0.027240695|-0.068101734
1509548579763|0.013620348|0.0|-0.08172209
1509548579906|0.013620348|-0.013620348|-0.040861044
1509548580026|0.013620348|-0.027240695|-0.05448139
1509548580158|0.027240695|-0.013620348|-0.068101734
1509548580291|0.013620348|-0.013620348|-0.05448139
1509548580424|0.013620348|-0.013620348|-0.068101734
1509548580556|0.013620348|-0.013620348|-0.068101734
1509548580687|0.013620348|-0.013620348|-0.068101734
1509548580818|0.0|-0.027240695|-0.068101734
