1509087099579|42.59491|-29.406738|-46.42334
1509087099663|41.645813|-29.49524|-45.8786
1509087099772|38.378906|-31.274414|-45.803833
1509087099857|38.36975|-30.529785|-46.75598
1509087100004|37.138367|-31.208801|-47.251892
1509087100120|36.776733|-30.395508|-47.042847
1509087100273|36.13739|-31.285095|-46.366882
1509087100387|36.213684|-30.104065|-47.413635
1509087100503|35.742188|-31.513977|-47.624207
1509087100656|35.31189|-30.625916|-49.098206
1509087100739|36.027527|-30.259705|-47.59369
1509087100848|36.50055|-31.047058|-48.173523
1509087100930|35.07843|-30.413818|-48.060608
1509087101048|36.039734|-31.126404|-48.47412
1509087101196|34.658813|-31.201172|-46.41266
1509087101281|36.63025|-31.655884|-47.972107
1509087101396|35.076904|-31.34613|-46.853638
1509087101504|35.24475|-30.88379|-48.28186
1509087101656|34.754944|-31.124878|-48.18573
1509087101773|30.690002|-31.17218|-46.949768
1509087101928|23.942566|-33.595276|-46.95282
1509087102040|16.94336|-36.502075|-45.20111
1509087102124|15.010071|-36.92169|-43.258667
1509087102206|12.664795|-37.861633|-40.730286
1509087102309|11.595154|-39.5813|-40.763855
1509087102394|12.072754|-38.497925|-42.34619
1509087102503|14.0625|-38.442993|-41.775513
1509087102658|15.795898|-35.40497|-42.49115
1509087102744|16.54358|-33.692932|-44.0979
1509087102857|18.928528|-31.010437|-44.82727
1509087103004|19.119263|-30.310059|-45.854187
1509087103119|20.97168|-28.15857|-46.75598
1509087103201|21.099854|-28.367615|-46.10138
1509087103319|22.392273|-27.46582|-46.588135
