1509149323934|71.58|25.439999|-28.68
1509149324018|72.54|25.859999|-29.46
1509149324152|71.46|26.34|-30.96
1509149324280|72.78|25.199999|-32.7
1509149324412|76.5|22.32|-32.28
1509149324544|77.22|22.199999|-30.66
1509149324676|78.0|22.439999|-28.56
1509149324807|75.9|24.42|-27.9
1509149324940|72.84|26.88|-29.16
1509149325072|72.36|26.279999|-31.56
1509149325203|73.56|25.199999|-33.0
1509149325336|75.72|24.0|-32.82
1509149325467|77.88|22.26|-32.04
1509149325603|76.92|23.279999|-30.48
1509149325732|73.74|25.019999|-30.48
1509149325864|72.78|25.8|-31.5
1509149325996|71.1|27.3|-32.579998
1509149326127|70.979996|26.34|-34.92
1509149326259|74.1|23.58|-35.64
1509149326392|74.939995|22.32|-33.96
1509149326524|75.72|21.42|-32.04
1509149326656|75.479996|22.08|-29.34
1509149326788|73.799995|23.939999|-28.619999
1509149326920|73.56|24.42|-29.22
1509149327052|74.1|24.6|-29.699999
1509149327184|75.54|24.779999|-30.179998
1509149327315|76.5|24.24|-29.939999
1509149327447|76.74|24.359999|-29.22
1509149327580|75.9|25.32|-29.58
1509149327712|75.06|26.099998|-30.539999
1509149327847|73.08|27.48|-33.3
1509149327976|71.28|27.119999|-37.14
1509149328108|72.18|24.9|-39.719997
1509149328240|73.56|22.8|-39.719997
1509149328372|75.479996|21.18|-36.54
1509149328504|77.64|21.119999|-31.98
1509149328636|77.34|22.859999|-28.98
1509149328768|75.96|24.06|-28.98
1509149328900|76.32|24.119999|-30.539999
1509149329031|75.54|24.72|-32.1
1509149329164|75.6|24.48|-32.88
1509149329295|75.96|24.539999|-32.34
1509149329428|74.64|25.8|-32.28
1509149329560|74.82|25.68|-33.84
1509149329692|75.18|25.32|-34.44
1509149329824|76.2|24.3|-35.94
1509149329956|78.299995|22.56|-35.94
1509149330087|79.799995|21.359999|-33.78
1509149330219|79.979996|21.119999|-31.92
1509149330352|79.38|21.9|-29.16
1509149330483|77.1|24.24|-28.199999
1509149330616|74.64|25.98|-29.939999
1509149330748|73.02|26.64|-32.1
1509149330880|72.42|26.58|-34.92
1509149331012|73.92|23.939999|-36.42
1509149331144|74.7|22.98|-36.0
1509149331275|75.54|22.74|-34.86
1509149331407|76.14|22.56|-34.02
1509149331539|75.72|24.359999|-34.2
1509149331672|76.14|23.519999|-34.92
1509149331803|77.88|22.14|-34.68
