1509546889899|-25.56|-16.02|-28.26
1509546890029|-25.74|-15.96|-28.019999
1509546890164|-25.8|-15.96|-28.019999
1509546890293|-25.859999|-16.199999|-27.84
1509546890425|-25.98|-16.5|-28.199999
1509546890557|-25.56|-16.74|-28.08
1509546890689|-25.439999|-16.56|-27.96
1509546890821|-25.32|-16.44|-27.779999
1509546890959|-25.14|-16.68|-27.48
1509546891085|-25.439999|-16.5|-27.3
1509546891217|-25.56|-16.68|-27.779999
1509546891349|-25.619999|-16.74|-27.96
1509546891481|-25.74|-16.199999|-28.08
1509546891613|-25.68|-16.26|-27.96
1509546891745|-25.859999|-16.32|-27.66
1509546891878|-25.8|-16.74|-28.08
1509546892010|-25.8|-17.039999|-28.08
1509546892141|-25.859999|-17.279999|-28.199999
1509546892273|-25.619999|-17.279999|-28.32
1509546892405|-25.74|-17.039999|-28.439999
1509546892537|-25.619999|-17.039999|-28.439999
1509546892669|-25.56|-16.619999|-28.14
1509546892801|-25.56|-16.92|-27.96
1509546892933|-25.74|-16.92|-27.42
1509546893065|-25.8|-16.92|-27.119999
1509546893198|-26.22|-17.34|-27.18
1509546893329|-26.22|-17.1|-27.42
1509546893461|-26.16|-16.92|-27.539999
1509546893593|-26.4|-16.5|-27.72
1509546893725|-25.98|-16.32|-27.96
1509546893857|-26.22|-16.199999|-27.9
1509546893989|-26.16|-16.5|-27.72
1509546894121|-25.859999|-17.039999|-28.26
1509546894253|-25.859999|-16.92|-28.019999
1509546894385|-25.56|-16.92|-27.72
1509546894517|-25.56|-16.74|-27.539999
1509546894649|-25.439999|-16.32|-27.0
1509546894781|-25.439999|-16.32|-27.18
1509546894913|-25.56|-16.619999|-27.18
1509546895045|-25.439999|-16.619999|-27.18
1509546895177|-25.38|-16.8|-27.3
1509546895310|-25.5|-16.92|-27.539999
1509546895441|-25.619999|-17.1|-27.9
1509546895573|-25.8|-17.16|-27.9
1509546895706|-25.859999|-17.16|-27.9
1509546895837|-25.8|-17.279999|-27.779999
1509546895969|-25.8|-16.98|-28.019999
1509546896101|-25.74|-16.56|-28.199999
1509546896234|-25.74|-16.32|-28.32
1509546896365|-25.619999|-16.02|-28.32
1509546896497|-25.56|-15.96|-27.96
1509546896629|-25.56|-15.96|-28.08
1509546896762|-25.56|-16.199999|-27.779999
1509546896893|-25.8|-16.199999|-27.539999
1509546897025|-25.8|-16.44|-27.72
1509546897157|-25.8|-16.8|-27.42
1509546897289|-25.8|-16.74|-27.539999
1509546897421|-25.439999|-17.279999|-27.48
1509546897553|-25.439999|-17.22|-27.72
1509546897685|-25.5|-17.46|-28.199999
1509546897817|-25.56|-17.58|-28.199999
1509546897949|-25.74|-17.1|-28.5
1509546898081|-25.74|-16.98|-28.14
1509546898213|-25.92|-16.44|-28.14
1509546898345|-25.92|-16.44|-27.779999
1509546898477|-25.8|-16.44|-28.14
1509546898609|-26.039999|-16.44|-27.96
1509546898741|-25.8|-16.56|-28.019999
1509546898874|-25.92|-16.38|-28.38
1509546899005|-26.22|-16.74|-27.66
1509546899137|-26.16|-17.039999|-28.38
1509546899269|-26.039999|-17.22|-27.779999
1509546899401|-25.98|-17.1|-27.66
1509546899533|-25.619999|-16.74|-28.08
1509546899665|-25.56|-16.74|-27.9
1509546899797|-25.619999|-16.38|-28.199999
1509546899929|-25.56|-16.56|-28.019999
1509546900061|-25.619999|-17.22|-28.14
1509546900194|-25.439999|-16.92|-28.019999
1509546900325|-25.38|-17.279999|-27.9
1509546900457|-25.38|-17.279999|-28.019999
1509546900589|-25.619999|-17.16|-27.539999
1509546900721|-25.68|-17.34|-27.359999
1509546900853|-25.859999|-17.16|-27.66
1509546900985|-26.039999|-17.16|-27.779999
1509546901117|-25.74|-16.98|-27.96
1509546901249|-25.74|-16.8|-28.14
1509546901381|-25.56|-16.74|-28.14
1509546901513|-25.439999|-17.1|-27.96
1509546901645|-25.439999|-17.1|-28.14
1509546901781|-25.5|-16.98|-28.14
1509546901910|-25.619999|-17.52|-27.84
1509546902041|-25.619999|-17.34|-27.66
1509546902173|-25.859999|-17.58|-27.48
1509546902305|-26.039999|-17.46|-27.48
1509546902437|-25.74|-16.92|-27.48
1509546902569|-25.74|-16.5|-27.96
1509546902701|-25.56|-15.96|-27.96
1509546902833|-25.38|-16.199999|-27.779999
1509546902965|-25.619999|-16.32|-27.96
1509546903097|-25.56|-16.92|-27.779999
1509546903229|-25.439999|-17.22|-27.66
1509546903360|-25.619999|-17.22|-27.48
1509546903494|-25.68|-17.1|-27.24
1509546903625|-25.8|-16.8|-27.06
1509546903757|-25.92|-16.44|-27.779999
1509546903889|-25.74|-16.8|-28.26
1509546904020|-25.859999|-16.8|-28.199999
1509546904152|-25.98|-17.4|-28.619999
1509546904285|-25.98|-17.76|-28.14
1509546904416|-26.16|-17.52|-27.96
1509546904549|-26.22|-17.52|-28.26
1509546904680|-26.22|-17.039999|-28.019999
1509546904813|-26.22|-17.34|-28.5
1509546904945|-25.98|-17.34|-28.199999
1509546905077|-25.8|-17.52|-28.5
1509546905209|-25.8|-17.52|-28.38
1509546905341|-25.68|-17.46|-28.14
1509546905473|-25.8|-17.46|-28.14
1509546905605|-26.16|-17.46|-27.779999
1509546905737|-26.039999|-17.46|-27.779999
1509546905869|-26.039999|-16.92|-27.48
1509546906001|-25.98|-16.92|-27.48
1509546906133|-25.56|-17.1|-27.539999
1509546906265|-25.56|-17.46|-27.599998
1509546906397|-25.5|-18.119999|-27.9
1509546906529|-25.5|-18.18|-28.08
1509546906662|-25.199999|-17.82|-27.96
1509546906793|-25.199999|-17.4|-28.14
1509546906925|-25.26|-17.279999|-27.66
1509546907057|-25.38|-17.039999|-28.019999
1509546907189|-25.8|-17.22|-27.72
1509546907321|-25.859999|-17.22|-27.9
1509546907454|-26.039999|-16.74|-28.019999
1509546907585|-25.98|-16.92|-27.779999
1509546907717|-25.859999|-16.74|-28.26
1509546907849|-25.859999|-16.56|-28.26
1509546907981|-25.56|-16.68|-28.68
1509546908113|-25.619999|-16.56|-28.68
1509546908245|-25.619999|-16.56|-28.32
1509546908377|-25.8|-16.38|-28.199999
1509546908509|-25.859999|-16.56|-27.96
1509546908641|-25.8|-16.56|-27.96
1509546908773|-25.859999|-16.74|-28.08
1509546908904|-25.5|-17.22|-27.96
1509546909037|-25.56|-16.8|-28.32
1509546909169|-25.439999|-16.8|-28.199999
1509546909301|-25.26|-16.619999|-28.199999
1509546909433|-25.38|-16.32|-28.199999
1509546909565|-25.26|-16.56|-28.08
1509546909697|-25.38|-16.56|-28.26
1509546909829|-25.439999|-16.56|-28.08
1509546909961|-25.56|-16.74|-27.96
1509546910093|-25.74|-16.619999|-27.72
1509546910225|-25.98|-16.859999|-27.48
1509546910357|-26.039999|-16.68|-27.48
1509546910489|-26.039999|-16.92|-27.48
1509546910621|-26.16|-17.1|-27.42
1509546910753|-26.039999|-17.1|-27.359999
1509546910885|-25.98|-17.4|-27.48
1509546911018|-25.98|-17.22|-27.66
1509546911149|-25.8|-17.58|-27.48
1509546911281|-25.859999|-17.46|-27.84
1509546911413|-25.859999|-17.699999|-27.66
1509546911545|-25.98|-17.64|-27.48
1509546911677|-26.22|-17.64|-27.66
1509546911810|-26.039999|-17.46|-27.48
1509546911941|-25.98|-17.22|-27.66
1509546912073|-26.039999|-17.039999|-28.14
1509546912205|-26.039999|-16.74|-28.26
1509546912337|-25.98|-17.1|-28.26
1509546912469|-26.039999|-17.16|-28.26
1509546912601|-25.859999|-17.34|-28.14
1509546912733|-25.5|-17.34|-27.779999
1509546912865|-25.56|-16.98|-28.019999
1509546912997|-25.56|-17.34|-28.199999
1509546913129|-25.08|-17.34|-28.019999
1509546913261|-24.84|-17.94|-27.9
1509546913394|-24.84|-17.76|-27.66
1509546913525|-24.84|-16.92|-27.48
1509546913657|-25.199999|-16.92|-27.66
1509546913789|-25.619999|-16.5|-28.019999
1509546913921|-25.619999|-16.98|-28.199999
1509546914052|-25.68|-17.22|-28.019999
1509546914186|-25.68|-17.039999|-27.9
1509546914317|-25.68|-16.74|-27.66
1509546914449|-25.8|-16.44|-27.3
1509546914581|-25.74|-16.619999|-27.66
1509546914713|-25.74|-16.8|-27.66
1509546914845|-25.74|-16.8|-28.14
1509546914977|-25.859999|-17.1|-28.14
1509546915110|-25.8|-16.8|-27.84
1509546915241|-25.92|-16.44|-28.019999
1509546915373|-25.859999|-16.98|-27.599998
1509546915505|-26.039999|-16.56|-27.96
1509546915644|-26.16|-16.74|-28.26
1509546915769|-26.4|-16.74|-28.199999
1509546915901|-25.98|-16.5|-28.019999
1509546916033|-25.56|-16.56|-27.96
1509546916165|-25.619999|-17.16|-27.66
1509546916297|-25.38|-17.279999|-27.84
1509546916429|-25.859999|-17.279999|-27.96
1509546916561|-25.8|-17.279999|-28.019999
1509546916693|-25.8|-16.74|-27.9
1509546916825|-25.8|-16.92|-27.9
1509546916957|-25.619999|-16.92|-27.779999
1509546917089|-26.16|-17.1|-27.539999
1509546917221|-26.039999|-17.039999|-27.72
1509546917353|-25.98|-17.46|-27.599998
1509546917485|-25.98|-17.4|-27.66
1509546917617|-25.8|-17.039999|-27.779999
1509546917749|-25.8|-16.98|-28.14
1509546917881|-26.039999|-16.44|-27.96
1509546918013|-26.16|-16.32|-27.779999
1509546918145|-26.16|-16.38|-27.66
1509546918277|-26.16|-16.44|-27.3
1509546918409|-25.98|-16.26|-27.48
1509546918541|-26.039999|-16.44|-27.66
1509546918673|-25.68|-16.8|-27.48
1509546918805|-25.859999|-16.56|-27.96
1509546918937|-25.68|-17.16|-27.779999
1509546919068|-25.56|-16.98|-27.96
1509546919201|-25.619999|-16.8|-28.14
1509546919334|-25.439999|-16.74|-27.779999
1509546919465|-25.439999|-16.8|-27.96
1509546919597|-25.56|-16.68|-27.66
1509546919729|-25.68|-16.859999|-27.48
1509546919861|-25.68|-17.039999|-27.66
1509546919993|-25.8|-16.74|-27.66
1509546920125|-25.8|-16.74|-27.779999
1509546920257|-25.619999|-16.619999|-27.72
1509546920389|-25.56|-16.8|-27.24
1509546920521|-25.56|-16.8|-27.06
1509546920653|-25.68|-17.279999|-26.939999
1509546920785|-25.98|-17.4|-27.119999
1509546920917|-26.16|-17.4|-27.24
1509546921049|-26.039999|-17.22|-27.599998
1509546921181|-25.8|-16.68|-27.72
1509546921314|-25.56|-16.68|-27.96
1509546921445|-25.38|-16.68|-27.779999
1509546921577|-25.439999|-16.68|-27.779999
1509546921709|-25.439999|-17.279999|-27.779999
1509546921842|-25.56|-17.34|-27.48
1509546921973|-25.619999|-17.16|-27.779999
1509546922105|-25.56|-17.16|-27.48
1509546922237|-25.56|-17.22|-27.72
1509546922370|-25.56|-17.039999|-28.14
1509546922501|-25.439999|-17.22|-28.14
1509546922633|-25.439999|-17.22|-28.32
1509546922765|-25.439999|-17.039999|-28.74
1509546922897|-25.619999|-17.34|-28.38
1509546923029|-25.98|-17.699999|-28.38
1509546923161|-26.16|-17.52|-27.9
1509546923293|-26.039999|-17.22|-27.42
1509546923425|-25.859999|-17.34|-27.42
1509546923557|-25.619999|-17.16|-27.599998
1509546923689|-25.619999|-17.1|-27.96
1509546923821|-25.26|-17.46|-27.96
