1510206465133|-0.20948792|0.08860779|1.373291E-4
1510206465245|0.051345825|-0.06858826|0.010314941
1510206465361|0.0446167|-0.046798706|0.056137085
1510206465476|0.40524292|-0.21478271|0.3766327
1510206465592|0.45817566|-0.12864685|0.42163086
1510206465707|0.051757812|0.17636108|0.07017517
1510206465822|0.11773682|0.1252594|0.062042236
1510206465936|-0.107681274|0.1918335|-0.012893677
1510206466053|-0.056365967|-0.01524353|-0.045059204
1510206466167|-0.046798706|0.009399414|0.00340271
1510206466282|0.06866455|0.3225708|-0.033050537
1510206466395|-0.11276245|-0.0036315918|-0.011672974
1510206466513|0.007369995|-0.11154175|-0.004333496
1510206466626|0.04055786|0.027114868|0.03475952
1510206466743|-0.05432129|-0.17100525|0.076690674
1510206466858|-0.029693604|-0.011779785|0.050842285
1510206466972|0.10510254|-0.03416443|0.00440979
1510206467087|0.055007935|0.010620117|0.041885376
1510206467202|-0.063079834|0.03729248|-0.03793335
1510206467318|0.004501343|-0.18789673|1.373291E-4
1510206467433|0.046051025|0.053985596|-0.043029785
1510206467546|-0.046188354|-0.048431396|0.070373535
1510206467669|-0.21885681|0.185318|0.06448364
1510206467778|0.029159546|0.13624573|0.03312683
1510206467892|-0.06410217|0.28326416|-0.08843994
1510206468006|0.18045044|-0.1557312|-0.104522705
1510206468123|0.09124756|0.03668213|-0.05177307
1510206468236|0.1769867|0.13665771|0.20619202
1510206468353|-0.0044403076|0.3506775|-0.0037231445
1510206468470|0.19265747|0.25334167|0.24815369
1510206468582|0.15641785|-0.50006104|-0.040786743
1510206468696|0.28572083|-0.1899414|0.14572144
1510206468811|0.32806396|0.11325073|0.29518127
1510206468927|0.08148193|0.121398926|0.005432129
1510206469043|0.024475098|0.044204712|0.087890625
1510206469155|0.26229858|0.11975098|0.119659424
1510206469275|0.33335876|-0.07632446|0.21821594
1510206469388|-0.11968994|-0.30336|0.20315552
1510206469502|-0.040481567|-0.10096741|0.24224854
1510206469616|-0.060440063|-0.04272461|0.07180786
1510206469732|-0.11541748|-0.07203674|-0.101867676
1510206469847|-0.7266846|-0.33003235|-0.29592896
1510206469963|-0.174469|0.13543701|-0.13241577
1510206470079|-0.38542175|-0.36993408|-0.18026733
1510206470196|-0.09831238|0.06925964|-0.07946777
1510206470308|-0.020935059|0.0446167|-0.2554016
1510206470422|-0.27464294|-0.22210693|-0.19248962
1510206470539|-0.34223938|-0.46380615|-0.30020142
1510206470654|-0.92684937|0.3132019|-0.29734802
1510206470766|-0.4631958|0.2594452|-0.36210632
1510206470883|0.3335724|0.02243042|-0.12263489
1510206471000|-0.23840332|0.30648804|-0.14830017
1510206471112|-0.058410645|0.17025757|0.014587402
1510206471228|-0.037628174|0.048095703|-0.0914917
1510206471343|-0.37361145|0.018356323|-0.16967773
1510206471458|-0.34347534|0.29936218|-0.2346344
1510206471572|0.23318481|0.16047668|-0.15359497
1510206471687|0.028335571|0.2207489|0.16526794
1510206471801|-0.24450684|-0.6230469|0.13676453
1510206471917|0.44821167|-0.03479004|0.054092407
1510206472032|0.16781616|0.038528442|0.0027923584
1510206472148|0.18492126|-0.16815186|-0.0438385
1510206472263|-0.020736694|-0.026443481|-0.015945435
1510206472378|0.2470398|-0.24613953|0.042297363
1510206472494|-0.0046539307|-0.14208984|-0.017364502
1510206472608|-0.11785889|0.0034942627|0.024978638
1510206472725|0.41563416|-0.48214722|-0.006576538
1510206472837|0.061325073|0.1146698|-0.010040283
1510206472954|1.1140594|-0.3835907|0.089523315
1510206473067|-0.3070221|0.47956848|0.33407593
1510206473183|0.31932068|0.052352905|0.11802673
1510206473297|0.34599304|0.19102478|0.3190155
1510206473414|0.5577545|-0.09220886|0.21333313
1510206473527|0.33662415|0.5072479|0.27685547
1510206473643|-0.052490234|0.35372925|0.037200928
1510206473758|-0.08589172|0.024871826|-0.21609497
1510206473873|0.47935486|-0.52204895|-0.16133118
1510206473991|-0.35365295|-0.057388306|-0.02897644
1510206474106|-0.08406067|0.22991943|0.028244019
1510206474218|0.32276917|-0.023986816|0.41227722
1510206474333|0.15905762|0.058273315|0.12963867
1510206474447|0.29690552|-0.27342224|0.13371277
1510206474562|0.12913513|0.22177124|0.14918518
1510206474680|0.17799377|-0.26182556|0.35321045
1510206474793|-0.015640259|-0.016464233|0.20314026
1510206474909|-0.011978149|-0.060440063|0.15306091
1510206475024|0.019378662|-0.09118652|0.014190674
1510206475137|0.01083374|-0.13659668|0.019882202
1510206475253|-0.013809204|0.040145874|0.12109375
1510206475369|0.06274414|-0.011779785|-0.107162476
1510206475483|-0.1797638|0.11203003|-0.017578125
1510206475599|0.0934906|0.11303711|0.08605957
1510206475714|-0.049240112|-0.10055542|-0.23829651
1510206475829|0.048080444|-0.16590881|-0.06401062
1510206475944|-0.20846558|0.16435242|-0.09005737
1510206476058|0.07557678|-0.31822205|-0.04057312
1510206476175|-0.33654785|0.056228638|-0.21406555
1510206476289|-0.20256042|-0.042922974|-0.20552063
1510206476403|-0.147995|-0.28157043|0.046157837
1510206476518|-0.008102417|-0.21987915|-0.076416016
1510206476634|-0.09301758|-0.09587097|0.00340271
1510206476749|0.012863159|-0.09262085|-0.057281494
1510206476865|-0.31007385|0.105911255|-0.050354004
1510206476980|0.019577026|0.0155181885|-0.0082092285
1510206477093|-0.011978149|0.14724731|0.008071899
1510206477209|-0.033554077|-0.07632446|-0.017974854
1510206477323|-0.17344666|0.2354126|-0.025100708
1510206477438|0.014282227|0.12220764|0.015411377
1510206477555|-0.042510986|0.010421753|-0.007598877
1510206477670|0.020187378|-0.08833313|0.05369568
1510206477785|-0.01828003|0.0043029785|0.012969971
1510206477898|0.012252808|0.08106995|-0.029586792
1510206478014|-0.003829956|0.017944336|0.05001831
1510206478130|0.11425781|0.069869995|0.073028564
1510206478246|0.030776978|-0.0036315918|0.024780273
1510206478359|-0.032958984|-0.029083252|-0.021438599
1510206478475|-0.10746765|0.14031982|-0.04159546
1510206478590|0.15071106|0.12667847|0.08810425
1510206478705|-0.07244873|-0.009140015|-0.006576538
1510206478820|0.046661377|-0.2886963|0.05836487
1510206478936|0.16537476|-0.023590088|0.009094238
1510206479050|-0.10116577|0.13014221|-0.013900757
1510206479164|0.15519714|-0.08691406|0.00970459
1510206479279|0.13667297|0.06600952|0.0115356445
1510206479393|0.0975647|0.21159363|-0.1639862
1510206479510|0.303833|-0.03579712|0.06712341
1510206479625|0.18289185|0.19224548|0.06060791
1510206479742|0.25456238|0.032409668|-0.05911255
1510206479856|-0.06390381|0.58869934|0.0019683838
1510206479971|-0.22659302|-0.022567749|-0.04119873
1510206480084|-0.11480713|-0.15228271|0.0070648193
1510206480198|0.14868164|-0.35935974|-0.051376343
1510206480314|0.28408813|-0.48988342|-0.041000366
1510206480429|-0.06939697|0.0012512207|-0.017990112
1510206480545|-0.36138916|-0.6595001|-0.18270874
1510206480660|-0.22842407|-0.57987976|-0.2635498
1510206480774|0.13238525|-0.2375946|0.054504395
1510206480891|-0.122543335|-0.03579712|0.018463135
1510206481006|0.17596436|-0.099746704|0.043914795
1510206481122|0.28755188|0.15844727|-0.013305664
1510206481235|0.8265381|0.030166626|0.34954834
1510206481350|0.59928894|0.10774231|0.22677612
1510206481465|0.109375|0.1464386|0.055114746
1510206481581|-0.16896057|0.014282227|-0.06604004
1510206481694|-0.047607422|-0.008926392|-0.018997192
1510206481812|-0.19259644|-0.019104004|-0.011871338
1510206481925|-0.091796875|0.32684326|0.08503723
1510206482039|-0.2876892|0.07740784|-0.11489868
1510206482155|0.032608032|0.2447815|0.15447998
1510206482270|0.15437317|0.50175476|0.1618042
1510206482386|-0.174469|-0.14149475|-0.050964355
1510206482503|-0.16937256|0.0256958|-0.21672058
1510206482617|-0.048828125|0.005126953|0.02619934
1510206482737|-0.094436646|-0.09220886|-0.02368164
1510206482845|0.055419922|-0.14147949|-0.10838318
1510206482960|0.060302734|-0.266922|-0.07885742
1510206483076|0.10774231|0.048706055|-0.035095215
1510206483190|0.12200928|-0.36323547|0.013366699
1510206483305|-0.15797424|0.058059692|-0.016143799
1510206483420|-0.15614319|-0.24980164|-0.07072449
1510206483537|-0.25531006|0.03504944|-0.050369263
1510206483650|-0.123565674|-0.08670044|-0.047698975
1510206483767|-0.2381897|-0.14311218|-0.10145569
1510206483882|0.04788208|-0.22393799|-0.052383423
1510206483995|0.082092285|-0.2699585|-0.009841919
1510206484112|-0.03111267|-0.021957397|-0.032440186
1510206484226|-0.010757446|-0.045776367|-0.010650635
1510206484340|0.106933594|-0.017486572|-0.013702393
1510206484457|-0.13781738|-0.047805786|0.052459717
1510206484572|0.016113281|0.07557678|-0.04750061
1510206484686|-0.16427612|-0.05065918|-0.0049438477
1510206484800|-0.11683655|0.09715271|-0.04750061
1510206484918|-0.11439514|0.043395996|-0.03263855
1510206485032|-0.1015625|-0.025421143|-0.11387634
1510206485146|-0.17671204|0.14785767|-0.16784668
1510206485261|-0.24267578|0.15803528|-0.11633301
1510206485375|-0.06796265|0.017333984|-0.002090454
1510206485490|-0.027252197|0.015304565|-0.08354187
1510206485606|-0.08161926|0.01977539|-0.017562866
1510206485722|-0.03315735|-0.03967285|-0.010848999
1510206485836|0.23745728|-0.21661377|0.044525146
1510206485951|0.13401794|0.06538391|-0.07173157
1510206486067|0.039535522|-0.09057617|-0.022247314
1510206486181|0.042388916|-0.10523987|0.05265808
1510206486297|0.19673157|-0.11256409|0.07751465
1510206486412|0.04095459|-0.19992065|0.0716095
1510206486526|0.45085144|0.21403503|0.17301941
1510206486640|-0.15348816|0.08229065|0.0013580322
1510206486756|-0.002609253|0.058059692|-4.7302246E-4
1510206486872|0.05053711|-0.017684937|0.005630493
1510206486987|0.13157654|-0.004043579|-0.042816162
1510206487103|0.050338745|0.013061523|-0.004333496
1510206487217|0.07333374|-0.079574585|-0.0012817383
1510206487332|-0.007293701|-0.020126343|-0.022460938
1510206487449|0.0692749|0.07292175|-0.023880005
1510206487560|-0.035995483|-0.03010559|0.01499939
1510206487677|0.12159729|0.019989014|0.0070648193
1510206487795|0.04522705|0.0032958984|-0.014312744
1510206487907|0.1199646|-0.0054626465|-4.7302246E-4
1510206488023|0.11894226|0.053985596|-0.028564453
1510206488137|-0.011367798|0.007980347|0.03251648
1510206488252|-0.19767761|-0.20704651|0.04107666
1510206488367|-0.07835388|0.0073547363|0.018051147
1510206488483|-0.021957397|-0.014831543|-0.013717651
1510206488596|0.007369995|0.008987427|-0.0018920898
1510206488713|-0.013809204|-0.028884888|-0.0035247803
1510206488828|0.038513184|-0.004852295|0.00340271
1510206488943|0.011444092|0.022018433|-0.0049438477
1510206489056|-0.03173828|-0.07733154|0.01927185
1510206489171|0.050323486|0.036880493|-0.010650635
1510206489286|-0.014221191|0.055404663|-0.023071289
1510206489404|0.029556274|-0.0030212402|-0.0037231445
1510206489517|0.08882141|0.0041046143|-0.01675415
1510206489634|-0.06410217|-0.042114258|0.01663208
1510206489748|-0.028671265|0.035064697|0.005645752
1510206489863|-0.013809204|0.11975098|0.012359619
1510206489977|0.049316406|0.14419556|-0.033462524
1510206490091|0.1281128|0.14094543|-0.056259155
1510206490207|0.106933594|0.14846802|0.0345459
1510206490322|-0.0042419434|0.18206787|0.15447998
1510206490438|-0.058395386|0.30566406|-0.038131714
1510206490552|-0.06573486|-0.010360718|0.008285522
1510206490669|-0.090774536|-0.24125671|-0.10166931
1510206490784|-0.15409851|-0.19462585|0.082595825
1510206490898|-0.276474|-0.10461426|-0.065216064
1510206491012|-0.5980072|0.14785767|-0.24969482
1510206491128|-0.91993713|0.5933838|-0.02571106
1510206491245|0.36839294|-0.070007324|0.080963135
1510206491357|-0.20133972|0.30973816|-0.058898926
1510206491474|0.024475098|-0.06654358|0.008285522
1510206491589|0.24946594|-0.14657593|0.002380371
1510206491704|0.3213501|-0.20359802|0.038223267
1510206491818|0.24702454|-0.12886047|0.022949219
1510206491933|0.5268097|-0.27871704|0.2558899
1510206492048|0.06376648|-0.27383423|0.13249207
1510206492162|0.09919739|-0.1292572|0.044326782
1510206492277|0.115493774|0.059692383|0.11416626
1510206492391|0.009002686|0.041778564|-0.11856079
1510206492510|-0.07142639|0.06274414|0.042282104
1510206492624|-0.06329346|0.050323486|0.02619934
1510206492740|0.19346619|-0.042922974|-0.07783508
1510206492854|0.0014648438|0.08982849|0.073028564
1510206492968|0.075790405|-0.16163635|0.066726685
1510206493084|0.048294067|-0.1663208|0.2106781
1510206493197|0.037704468|-0.07489014|-0.009429932
1510206493314|-0.19645691|-0.08406067|-0.08558655
1510206493430|-0.38806152|0.16169739|-0.22302246
1510206493544|-0.5132904|0.5654907|-0.24725342
1510206493659|0.28775024|-0.042312622|0.12780762
1510206493774|-0.015029907|0.037704468|-0.04058838
1510206493889|0.019577026|-0.04699707|-0.06175232
1510206494006|-0.05656433|0.27960205|-0.013900757
1510206494118|0.08616638|-0.1386261|-0.024093628
1510206494233|0.215271|-0.045776367|0.011123657
1510206494349|0.028137207|0.0869751|-0.030197144
1510206494463|0.09675598|-0.0024108887|0.0687561
1510206494580|0.24072266|-0.028671265|0.048812866
1510206494693|0.061935425|-0.090774536|0.06712341
1510206494807|0.44169617|-0.105026245|0.10296631
1510206494923|-0.027038574|0.018554688|0.014587402
1510206495038|-0.10482788|0.015304565|0.030883789
1510206495153|0.032211304|-0.030517578|0.033737183
1510206495268|-0.0178833|0.06498718|-0.03100586
1510206495383|-0.16856384|0.060302734|-0.038131714
1510206495498|-0.15634155|-0.048431396|-0.022460938
1510206495615|-0.7093811|0.3486328|-0.22731018
1510206495730|-0.008514404|-0.022155762|0.0687561
1510206495842|0.049102783|-0.02420044|0.04574585
1510206495960|0.37857056|0.008377075|0.07507324
1510206496074|0.68930054|0.3763275|0.15774536
1510206496188|0.12261963|-0.174469|0.46113586
1510206496304|-0.5780487|-0.04109192|-0.21936035
1510206496420|-0.3791046|0.044631958|-0.2688446
1510206496535|-0.30519104|-0.10707092|-0.24685669
1510206496648|-0.42593384|0.30099487|-0.21284485
1510206496765|-0.3334961|-0.30741882|-0.18026733
1510206496879|-0.979187|0.4897461|-0.12428284
1510206496994|0.15153503|-0.12600708|-0.18637085
