1510199391256|-3.8383584|2.8126853|8.574742
1510199391374|-2.6576939|3.0827599|8.922088
1510199391487|-1.4421536|3.3952897|9.086396
1510199391603|-0.124890365|4.0447893|8.9327755
1510199391719|0.7845207|4.1674047|8.842378
1510199391831|0.96155334|4.4028435|8.709809
1510199391947|1.0999697|4.751559|8.507828
1510199392062|1.3179289|4.487056|8.619732
1510199392180|1.1236626|4.354987|8.714463
1510199392293|1.1757102|4.526352|8.619758
1510199392407|1.0269371|4.2340064|8.785726
1510199392522|0.52564347|4.17999|8.855607
1510199392636|0.4981077|4.311454|8.793955
1510199392754|0.34677646|4.124285|8.890468
1510199392868|0.25690544|4.20687|8.854752
1510199392982|0.32646146|4.1078396|8.898846
1510199393097|0.16741514|4.225526|8.848011
1510199393215|0.22647518|4.2198496|8.849404
1510199393329|0.19604437|4.0977483|8.907325
1510199393442|0.23330738|4.3007913|8.810173
1510199393558|1.1353296|4.901739|8.417504
1510199393672|1.7859428|4.653828|8.445275
1510199393788|2.3322246|4.13939|8.578844
1510199393904|2.3285253|3.9725668|8.658353
1510199394017|2.3269255|3.3625925|8.913404
1510199394136|2.6385105|3.7882397|8.652045
1510199394247|2.7716248|3.75318|8.625667
1510199394363|2.6370256|3.4043205|8.810623
1510199394479|2.5621135|3.7634032|8.685779
1510199394592|2.421496|3.247551|8.930855
1510199394709|2.021996|3.7798858|8.820112
1510199394826|2.2136867|3.3760648|8.937123
1510199394937|1.6675056|3.3817797|9.052811
1510199395053|1.5924418|3.5824325|8.98892
1510199395167|1.4952658|3.2751155|9.121853
1510199395283|1.3358896|3.1602266|9.186879
1510199395399|1.233371|3.147953|9.20541
1510199395512|1.0058953|3.4729497|9.115766
1510199395627|1.290913|3.4425251|9.091367
1510199395743|1.4977471|3.2079911|9.145268
1510199395858|1.4902986|3.4284005|9.066172
1510199395974|1.8047382|3.6864479|8.906369
1510199396088|2.0419936|3.5325062|8.917514
1510199396206|1.9375958|3.6975956|8.873776
1510199396318|2.2995033|3.4880805|8.872201
1510199396434|2.3413935|3.585192|8.822395
1510199396548|2.2470427|3.825444|8.745694
1510199396664|2.618484|3.1430502|8.912641
1510199396779|2.754202|3.483217|8.743682
1510199396894|2.9523158|3.477093|8.681247
1510199397010|3.2726038|3.4195287|8.588788
1510199397123|3.5233865|3.401662|8.496165
1510199397238|3.6877024|3.279705|8.47436
1510199397353|3.573597|3.294119|8.517545
1510199397470|3.5474184|3.5233254|8.436373
1510199397584|3.5313785|3.48937|8.45719
1510199397699|3.28819|3.1657395|8.679648
1510199397814|2.4773085|3.4361942|8.844541
1510199397928|2.1178951|2.9775364|9.100505
1510199398044|1.6863326|2.935924|9.203642
1510199398159|1.8332908|3.0477133|9.138976
1510199398276|1.5721481|3.4769032|9.033819
1510199398389|1.2611245|2.635424|9.361331
1510199398504|0.26983204|3.1324112|9.289003
1510199398619|-0.7922862|3.8506804|8.98415
1510199398733|-1.4335506|3.715002|8.961812
1510199398849|-2.1583824|3.2390034|9.001146
1510199398965|-2.503511|2.9664347|9.005726
1510199399081|-2.7201657|2.18739|9.16441
1510199399197|-0.9277735|2.295113|9.489051
1510199399310|-1.8302393|2.4201505|9.325421
1510199399426|-1.673241|1.9573052|9.462538
1510199399539|-1.3871365|2.0161216|9.496394
1510199399655|-1.5159858|2.1681664|9.443051
1510199399771|-1.853784|1.8302375|9.454317
1510199399885|-1.1258239|1.460799|9.631665
1510199399999|-0.13964225|1.206422|9.731158
1510199400113|0.12764035|1.0889919|9.745162
1510199400229|-0.44055465|1.290709|9.711352
1510199400344|-0.85610235|1.7350278|9.613904
1510199400461|-1.2455285|2.3854444|9.4302025
1510199400575|-1.140326|2.2112741|9.485795
1510199400690|-1.2461164|2.4906297|9.40289
1510199400805|-1.1818784|2.4790287|9.414243
1510199400920|-1.2989095|2.707626|9.335523
1510199401040|-0.9009504|2.2038584|9.513237
1510199401149|-1.0196874|2.121438|9.519985
1510199401265|-1.4840938|2.4597268|9.376438
1510199401381|-1.7257404|2.3727336|9.357475
1510199401495|-2.1125932|2.513623|9.240618
1510199401609|-2.144485|2.5694737|9.217884
1510199401726|-1.978767|2.4805686|9.279098
1510199401840|-1.9676644|2.2128372|9.3489065
1510199401957|-1.9063692|2.2423036|9.354583
1510199402071|-2.140821|2.1846004|9.317445
1510199402185|-2.074515|2.1148226|9.348492
1510199402300|-2.1993892|2.085608|9.326484
1510199402415|-2.036918|2.0433526|9.372623
1510199402533|-1.2271314|1.9835819|9.525227
1510199402646|-0.9987456|1.6897559|9.608205
1510199402761|-0.9296157|1.6235245|9.626545
1510199402876|-0.6372202|1.4351543|9.680118
1510199402993|-0.43399048|1.4637951|9.687071
1510199403106|-0.767619|1.5045825|9.660091
1510199403222|-0.9620616|1.9921297|9.55386
1510199403336|-0.7131537|2.0466967|9.564143
1510199403451|-0.6045514|2.193859|9.538966
1510199403567|-0.2733488|2.1141362|9.572153
1510199403680|-0.10720086|1.7199864|9.654043
1510199403795|0.20595136|2.0421727|9.589447
1510199403912|0.84531707|2.1041608|9.540877
1510199404025|1.3572217|2.1391823|9.473766
1510199404146|1.2907015|2.6019256|9.366668
1510199404259|0.9795517|2.4368732|9.448414
1510199404372|1.3689331|1.8761406|9.52767
1510199404485|1.6027473|1.5793698|9.545008
1510199404602|1.6035897|1.7525729|9.514588
1510199404718|1.2436947|1.9489362|9.530229
1510199404831|0.7575679|2.4059198|9.47671
1510199404945|0.45103797|2.6854234|9.421011
1510199405062|0.7217723|2.4901533|9.457726
1510199405182|0.661166|2.6666033|9.413951
1510199405292|0.7596032|2.4009213|9.477815
1510199405408|0.7782302|2.4449356|9.465043
1510199405521|0.7221005|2.7851179|9.375077
1510199405636|1.0755609|2.7019556|9.365522
1510199405752|1.4253879|2.6877017|9.322817
1510199405867|1.3805938|2.7453442|9.312757
1510199405982|1.4734936|2.8078353|9.279831
1510199406097|1.5189337|2.7062094|9.302669
1510199406213|1.6418548|2.5647233|9.32185
1510199406331|1.4769932|2.4101858|9.390414
1510199406445|1.3899716|2.1502857|9.466501
1510199406556|1.7379351|1.991857|9.443647
1510199406673|1.6752716|1.981266|9.45719
1510199406788|1.0084956|1.8602859|9.575629
1510199406904|0.9789908|2.6992686|9.376883
1510199407016|2.1587992|3.1796362|9.022188
1510199407131|2.7324402|3.345011|8.804263
1510199407247|1.7323054|2.2641606|9.383128
1510199407361|1.4619703|1.1150842|9.632737
1510199407482|2.393784|1.9902962|9.299403
1510199407591|2.7226834|2.6243074|9.048226
1510199407707|2.6276524|2.4898396|9.114084
1510199407823|2.0372863|2.3359456|9.303935
1510199407938|2.715527|2.7862368|9.001843
1510199408051|3.739578|3.207002|8.47945
1510199408168|4.0757494|3.1221042|8.355305
1510199408282|4.374521|3.3801737|8.099901
1510199408397|4.049185|3.261285|8.314957
1510199408519|3.8532624|3.3166654|8.38585
1510199408629|3.7003582|3.3397632|8.445337
1510199408742|3.1608968|3.065588|8.762493
1510199408858|2.2417667|2.7539656|9.141146
1510199408973|2.5733855|1.8080915|9.288642
1510199409087|2.6774473|1.3889769|9.33126
1510199409204|2.7728436|1.03213|9.349675
1510199409321|2.817351|1.6110462|9.254051
1510199409437|2.5195663|2.3011677|9.193846
1510199409547|2.5164542|2.3861873|9.173002
1510199409662|2.7458599|2.0093296|9.197458
1510199409779|2.226451|2.155454|9.304155
1510199409892|2.0450258|2.1376176|9.349804
1510199410007|2.6537745|2.2304733|9.173487
1510199410125|2.236969|2.0866544|9.317308
1510199410240|2.198922|2.124199|9.317881
1510199410353|1.9938853|2.4122107|9.293872
1510199410467|1.6504018|2.628033|9.302689
1510199410584|1.4923049|2.7565236|9.292201
1510199410699|1.3984879|2.8805916|9.269133
1510199410813|1.597557|2.9277694|9.222058
1510199410928|1.602125|3.324253|9.085864
1510199411045|1.4910141|3.6645267|8.973211
1510199411159|2.0840511|3.6924753|8.842667
1510199411273|2.2076719|3.4523103|8.90944
1510199411390|1.5359515|3.4886408|9.035521
1510199411503|1.8015069|3.5373316|8.967288
1510199411618|1.832505|4.121661|8.70771
1510199411734|2.4418066|4.373367|8.430991
1510199411849|2.3123739|3.938049|8.678427
1510199411962|3.2849042|4.110578|8.275442
1510199412085|4.84835|4.505066|7.2365923
1510199412193|5.674145|4.870478|6.344518
1510199412309|5.4155693|5.1914654|6.3159084
1510199412425|5.3053555|5.2198687|6.3856525
1510199412538|4.679872|5.3013287|6.7944903
1510199412658|4.665896|5.227313|6.861122
1510199412768|5.313197|5.1293163|6.4521656
1510199412886|4.9524865|5.0644994|6.7818966
1510199412998|4.557737|4.7816215|7.248
1510199413117|4.551482|4.810192|7.2330112
1510199413231|4.951156|4.9337287|6.878573
1510199413346|4.891651|4.9558372|6.905203
1510199413467|4.681535|4.4820867|7.3596554
1510199413574|4.1644497|3.8918698|7.980044
1510199413690|3.668817|3.604363|8.349774
1510199413804|3.4800527|3.7421634|8.369936
1510199413923|3.537443|3.8808289|8.282273
1510199414036|3.7601883|3.8591313|8.193808
1510199414152|3.8594928|3.940326|8.108546
1510199414268|3.8241582|4.04214|8.075105
1510199414389|3.4726627|3.8378797|8.329567
1510199414493|3.4366243|3.9869215|8.274324
1510199414609|3.5059521|4.009844|8.234065
1510199414725|3.6274722|3.9993773|8.18638
1510199414840|3.4626856|3.837517|8.333886
1510199414954|3.1015637|3.8297956|8.478405
1510199415071|3.071651|3.983009|8.41849
1510199415187|3.1488466|3.8561308|8.448989
1510199415300|3.1924062|3.8210013|8.448603
1510199415420|3.1085422|3.9027958|8.442485
1510199415529|3.1015153|3.9963224|8.401214
1510199415644|3.044492|3.9579337|8.440155
1510199415759|2.890828|4.0192404|8.465176
1510199415875|2.85676|4.0528684|8.460708
1510199415992|2.8753057|4.0577135|8.452098
1510199416108|2.7776275|4.136118|8.446757
1510199416221|2.816292|4.1976027|8.403511
1510199416338|2.823555|4.191148|8.404297
1510199416450|2.855039|4.116092|8.430714
1510199416569|2.8870234|4.104407|8.425516
1510199416685|2.762853|4.1582932|8.440713
1510199416799|2.7203078|4.2178364|8.424973
1510199416909|2.8811092|4.031377|8.462717
1510199417027|2.947206|4.0660577|8.423274
1510199417144|2.801741|4.089838|8.461316
1510199417256|2.9000185|4.0458207|8.449356
1510199417370|3.0611842|3.9450643|8.440143
1510199417486|2.9510267|3.8606813|8.518037
1510199417599|2.6286623|3.9371247|8.58834
1510199417714|2.9356167|3.937393|8.488196
1510199417832|3.332214|3.465086|8.547509
1510199417950|3.434984|3.173538|8.6197405
1510199418072|3.458785|2.956306|8.6872
1510199418178|3.4724557|2.9327838|8.689719
1510199418293|3.4416478|3.556055|8.466399
1510199418406|3.569748|3.9540634|8.23363
1510199418520|3.715502|3.90668|8.19166
1510199418637|3.725418|3.6715927|8.295242
1510199418758|4.106384|3.4580438|8.206701
1510199418869|4.188185|3.4592822|8.164733
1510199418983|3.8784914|3.706398|8.209161
1510199419100|3.7974446|3.9979708|8.109626
1510199419211|3.6889367|3.9068804|8.203562
1510199419329|3.8549113|3.7559638|8.19773
1510199419441|3.7874923|3.8849928|8.168972
1510199419555|3.493299|3.931241|8.277233
1510199419674|3.348167|4.212548|8.198451
1510199419793|3.157806|4.304654|8.226092
1510199419903|2.7450855|4.449837|8.296617
1510199420018|2.4474251|4.389876|8.420777
1510199420130|2.3885274|4.1712513|8.547865
1510199420255|2.6278448|3.7874956|8.655617
1510199420373|2.6444852|3.658697|8.705804
1510199420477|2.6414874|3.6043751|8.729342
1510199420591|2.8047104|3.955494|8.523969
1510199420709|3.283935|4.95146|7.8018713
1510199420854|4.129591|5.6944523|6.8330135
1510199420938|4.530182|5.7638583|6.513508
1510199421057|5.24868|5.7024207|6.008672
1510199421169|5.8185315|5.9288273|5.211918
1510199421282|5.61873|5.8221526|5.5410104
1510199421395|5.3868527|5.7909045|5.79807
1510199421512|5.5591397|5.7524543|5.6723566
1510199421627|5.823653|5.8578076|5.285977
1510199421741|5.7399654|5.7429395|5.4992576
1510199421858|5.6369853|5.6657066|5.68283
1510199421983|5.16256|5.3494153|6.395477
1510199422087|4.9754295|4.83422|6.9315085
1510199422206|5.15357|4.737611|6.8677607
1510199422321|5.195496|4.6863523|6.8713393
1510199422432|4.8612323|4.4149337|7.2833486
1510199422546|4.1743827|4.1669436|7.834635
1510199422661|3.806429|3.1778705|8.460651
1510199422781|4.4403405|2.8004622|8.283186
1510199422892|4.9193673|1.3238218|8.379601
1510199423008|4.8683605|2.7256517|8.0647545
1510199423122|4.880784|2.3774529|8.166765
1510199423246|4.956685|1.8708738|8.252362
1510199423352|4.801703|1.8980333|8.337357
1510199423467|4.326482|1.9684212|8.577719
1510199423581|4.3337965|2.1969004|8.518347
1510199423697|4.432455|2.2048972|8.46535
1510199423818|4.661931|2.1585724|8.353283
1510199423930|4.6319914|1.9266448|8.426332
1510199424047|4.2088003|2.5027893|8.496613
1510199424157|4.512597|2.7806528|8.250747
1510199424279|4.8454523|2.546256|8.136864
1510199424387|4.6200814|2.497142|8.281878
1510199424503|4.6322994|2.3817644|8.308993
1510199424631|4.6886616|2.3541152|8.285227
1510199424736|4.865761|2.3539226|8.18253
1510199424847|4.879114|2.5324361|8.121046
1510199424967|4.7670507|2.7002335|8.1335335
1510199425077|4.805205|2.7253711|8.102638
1510199425193|4.7930827|2.4011075|8.211663
1510199425309|4.694551|2.1563015|8.335583
1510199425422|4.8911433|2.068804|8.24422
1510199425538|4.870557|2.193188|8.224232
1510199425658|4.98808|2.4230037|8.088171
1510199425769|4.9386473|2.2248716|8.174968
1510199425885|4.7533927|1.9123993|8.361721
1510199426001|4.8382525|2.1821115|8.246217
1510199426113|4.7064843|1.993357|8.369344
1510199426232|4.506071|1.5334003|8.574054
1510199426342|4.6107497|1.0446867|8.591857
1510199426458|4.2417116|3.1612225|8.257418
1510199426573|4.2888293|3.2939441|8.180848
1510199426689|4.3118305|3.5384912|8.065828
1510199426802|4.2262115|3.5724442|8.096121
1510199426921|4.3767567|3.2534907|8.15041
1510199427033|4.380136|2.9118881|8.276816
1510199427148|4.241042|3.0391648|8.303458
1510199427262|4.536937|3.0118911|8.15568
1510199427380|4.4827065|2.9255795|8.216855
1510199427492|4.335241|3.0495985|8.250819
1510199427609|4.3046117|3.0622594|8.26216
1510199427725|4.3981767|3.0064106|8.233343
1510199427843|4.2105665|3.1834435|8.264817
1510199427957|4.246071|3.1739454|8.250294
1510199428071|4.3530397|3.1674936|8.196854
1510199428183|4.2530813|3.307136|8.194178
1510199428300|4.2485714|3.2819233|8.206644
1510199428414|4.216448|3.2558799|8.2335415
1510199428529|4.2433314|3.250985|8.221655
1510199428643|4.1145935|3.1381896|8.330202
1510199428759|4.034131|3.1355855|8.37044
1510199428877|4.181863|3.1471252|8.293251
1510199428991|4.0133953|3.2247384|8.346503
1510199429109|4.130257|3.261625|8.274851
1510199429224|4.132543|3.3663213|8.2316675
1510199429333|4.15371|3.3416834|8.231053
1510199429450|4.051522|3.4469926|8.238556
1510199429564|4.169522|3.4626455|8.172855
1510199429681|4.2321925|3.418655|8.159149
1510199429796|4.174508|3.3148932|8.231364
1510199429912|3.9335098|3.2631812|8.36956
1510199430025|3.710661|3.3274446|8.445679
1510199430143|3.7713294|3.1595666|8.483195
1510199430257|3.80522|2.780493|8.599974
1510199430370|3.354034|2.2863986|8.927106
1510199430485|2.374699|1.5004307|9.395739
1510199430601|1.6528326|1.8467687|9.488308
1510199430717|1.7003345|2.6480172|9.288016
1510199430830|1.6074415|2.866848|9.239465
1510199430946|1.8303547|3.1353807|9.109861
1510199431066|2.4347148|3.254649|8.924675
1510199431179|2.9612591|3.7772546|8.551824
1510199431294|3.5028355|4.087557|8.197098
1510199431406|4.477468|4.704667|7.3477054
1510199431522|5.6160636|5.0093822|6.28779
1510199431636|6.5169873|5.0179234|5.340384
1510199431751|6.3696|5.0924044|5.4466496
1510199431867|6.041632|4.6645055|6.157228
1510199431979|5.7349114|4.616858|6.4781013
1510199432094|6.3692245|4.7089257|5.7818136
1510199432216|6.7350473|5.0572796|5.0232897
1510199432327|6.7070036|4.931886|5.182951
1510199432440|6.465222|4.870013|5.536629
1510199432558|6.5283327|5.110529|5.237724
1510199432677|6.5056405|4.899802|5.462506
1510199432787|6.456641|4.8736053|5.5434775
1510199432902|6.271189|4.81373|5.8026366
1510199433018|5.565527|4.4446774|6.7409306
1510199433136|4.8927584|3.9045131|7.548913
1510199433255|5.0591874|4.470608|7.1125712
1510199433359|5.714093|4.5606546|6.536051
1510199433480|5.5806255|4.247337|6.854717
1510199433591|5.535944|3.778677|7.1585827
1510199433704|5.4925733|4.190033|6.9602914
1510199433823|5.8233337|4.4903045|6.4881697
1510199433943|5.8397417|4.3176584|6.5898123
1510199434051|5.5611434|3.9353745|7.053857
1510199434166|5.6325345|4.007768|6.95577
1510199434280|5.543581|4.210998|6.9069953
1510199434409|5.165199|4.272533|7.157972
1510199434510|5.2084246|4.172513|7.1855993
1510199434627|5.2547846|3.952846|7.2754817
1510199434746|5.2589674|3.9562833|7.2705894
1510199434859|5.201889|4.1128263|7.2246385
1510199434978|5.1778617|4.110569|7.24316
1510199435087|5.258127|3.9628003|7.2676473
1510199435219|5.2221437|3.8358746|7.361091
1510199435316|5.159407|3.9119012|7.3653193
1510199435432|5.193796|4.120765|7.225937
1510199435545|5.1838684|4.0668178|7.2635317
1510199435661|5.1847906|3.9167974|7.3448644
1510199435778|5.0239096|3.9251456|7.4514403
1510199435894|5.007898|4.0362883|7.4026833
1510199436005|4.9716926|3.9426243|7.4771905
1510199436122|4.9928026|3.8557184|7.5083785
1510199436237|4.9401054|3.8815413|7.529899
1510199436350|4.949766|3.997267|7.462712
1510199436466|5.026283|3.8768823|7.4750686
1510199436584|4.990495|3.8589542|7.5082493
1510199436701|4.947865|4.019284|7.452139
1510199436811|4.958777|3.980596|7.4656396
1510199436930|4.850563|3.8270047|7.615542
1510199437042|4.8311195|3.7969065|7.642916
1510199437157|4.7367325|3.9311447|7.634125
1510199437271|4.875496|3.9790018|7.521135
1510199437386|4.836439|3.7602482|7.657661
1510199437501|4.611845|3.7708914|7.789842
1510199437618|4.554988|3.9648092|7.7267566
1510199437732|4.4280295|3.9710245|7.797045
1510199437846|4.268908|3.5783083|8.071092
1510199437964|4.630339|3.7564745|7.7858367
1510199438080|5.239498|4.5330415|6.940431
1510199438191|5.4403396|4.805137|6.5942206
1510199438306|5.411382|4.5227923|6.8140793
1510199438421|5.8924828|4.5561166|6.378937
1510199438540|5.9773455|4.949275|5.995532
1510199438653|6.044749|4.97717|5.904166
1510199438767|5.420012|4.3729463|6.9044333
1510199438885|4.7193723|3.436312|7.8796997
1510199439000|4.702807|3.305402|7.9453335
1510199439112|4.6784387|3.472822|7.888099
1510199439231|4.716779|3.5690854|7.8220205
1510199439343|4.529605|3.6073635|7.9145427
1510199439458|4.409249|3.66529|7.955787
1510199439573|4.3821454|3.7135367|7.948386
1510199439686|4.389402|3.6850057|7.957655
1510199439803|4.2975593|3.7536814|7.9756656
1510199439917|4.40324|3.6898744|7.9477477
1510199440032|4.4476113|3.5242913|7.998032
1510199440148|4.2914248|3.4433565|8.117718
1510199440262|4.346404|3.560197|8.03767
1510199440377|4.082379|3.346081|8.264885
1510199440492|3.5674388|3.1828413|8.562318
1510199440609|3.400972|3.2678533|8.59796
1510199440724|3.4745352|3.4026785|8.515854
1510199440839|3.2818449|3.3076682|8.628976
1510199440952|3.0749738|3.008464|8.812722
1510199441073|3.3674922|2.3995233|8.8922825
1510199441185|3.34197|1.4995136|9.096873
1510199441297|4.8137918|5.296225|6.704311
1510199441412|5.480722|5.583519|5.912393
1510199441528|5.7038937|4.591327|6.523473
1510199441643|4.911027|2.184506|8.202447
1510199441762|3.5611305|1.0052266|9.081755
1510199441873|2.7599459|0.9711661|9.360017
1510199441993|2.436616|1.7072915|9.344434
1510199442108|0.9549902|2.9054852|9.317539
1510199442218|0.5838732|3.507322|9.139375
1510199442335|1.1123475|4.271118|8.757318
1510199442448|1.463558|3.8761914|8.888393
1510199442566|0.9319612|4.7526135|8.52728
1510199442683|0.86065364|4.5463758|8.646394
1510199442796|1.0785453|4.488339|8.65228
1510199442912|1.1007144|4.632785|8.572988
1510199443029|0.9591021|4.663552|8.573319
1510199443138|1.139419|4.72718|8.516213
1510199443255|1.1522166|4.6082873|8.579422
1510199443369|1.0836076|4.8438706|8.457725
1510199443489|1.1996237|4.3954167|8.683985
1510199443598|0.8844416|4.6437345|8.592083
1510199443713|0.55840546|4.731273|8.571676
1510199443828|0.30693066|4.4868765|8.714592
1510199443943|0.33158794|4.6798744|8.611574
1510199444058|0.4783683|4.715745|8.585063
1510199444175|0.8938241|4.1561594|8.837296
1510199444288|1.0049496|4.018719|8.888777
1510199444404|1.208044|3.9695013|8.885611
1510199444518|1.0962329|3.8419843|8.955881
1510199444636|1.3265216|4.0011|8.854486
1510199444751|1.2633412|3.7850306|8.958119
1510199444872|1.220026|3.683304|9.006397
1510199444988|1.1608379|3.4546804|9.104285
1510199445094|0.6527134|4.454761|8.712029
1510199445210|0.36094427|4.891849|8.491756
1510199445325|0.30235192|4.661623|8.622543
1510199445440|0.48612344|4.8151703|8.529256
1510199445555|0.6860397|4.241766|8.815166
1510199445669|1.2341032|3.901599|8.9120655
1510199445784|1.8290095|4.3926888|8.574927
1510199445899|3.2026336|4.8523774|7.897338
1510199446014|3.9916902|4.891198|7.5041966
1510199446132|4.1998806|4.626542|7.5582066
1510199446244|4.1987815|4.4962134|7.6370597
1510199446359|4.066572|4.6389093|7.6232476
1510199446476|3.934118|4.520155|7.762815
1510199446591|3.8601222|4.4973364|7.8130546
1510199446706|3.6530755|4.7019277|7.79213
1510199446819|3.7027338|4.693451|7.7737813
1510199446938|3.510287|4.7003317|7.858444
1510199447050|3.4945025|4.705614|7.8623176
1510199447164|3.405599|4.706716|7.900576
1510199447279|3.364034|4.87701|7.8146296
1510199447394|3.2482023|4.887964|7.8566775
1510199447511|3.1903553|4.8898644|7.879166
1510199447629|3.095801|4.9122453|7.902927
1510199447744|3.0058863|5.0696845|7.837943
1510199447860|3.077377|5.02959|7.8360305
1510199447973|3.0989494|5.0356884|7.8236012
1510199448086|3.0474975|5.1186023|7.789933
1510199448201|3.0353043|5.1186028|7.794692
1510199448315|3.007727|5.011416|7.874623
1510199448430|2.9097738|4.9324737|7.9607987
1510199448546|2.5632064|5.0944576|7.9778986
1510199448660|2.1044505|4.400736|8.507361
1510199448775|1.5018812|4.18625|8.74014
1510199448892|0.3227682|4.6077423|8.650718
1510199449006|-0.6016282|4.8923655|8.477805
1510199449122|-0.37414026|4.822681|8.53066
1510199449236|-0.026104737|4.500679|8.71284
1510199449350|0.3373588|4.813438|8.537412
1510199449468|0.7338526|4.500387|8.682072
1510199449580|0.97138935|4.402894|8.708692
1510199449699|1.1669185|3.970295|8.890751
1510199449811|1.1804702|4.0206437|8.866302
1510199449926|1.4240028|3.8488553|8.906678
1510199450044|1.4300953|3.5858662|9.014809
1510199450155|1.5623014|3.439087|9.049988
1510199450271|1.6239498|3.2124772|9.122125
1510199450386|1.6259904|3.2821286|9.096932
1510199450502|1.7366936|2.8515537|9.220788
1510199450619|1.8781108|2.720245|9.232733
1510199450732|1.9370683|2.8406637|9.184159
1510199450848|1.942166|2.6873326|9.229118
1510199450963|1.983669|2.7882965|9.190259
1510199451075|2.0285323|2.7802742|9.182892
1510199451190|2.0100586|2.7791452|9.187296
1510199451306|1.9953933|2.8964074|9.154213
1510199451424|1.9283569|2.9287975|9.158273
1510199451538|1.8927099|3.0636795|9.121508
1510199451673|1.7662618|3.2699153|9.0751505
1510199451770|1.5639778|3.6974344|8.947252
1510199451888|1.3840071|3.9061666|8.888013
1510199452007|1.2048202|4.1698103|8.793832
1510199452111|1.2537892|4.3048573|8.721618
1510199452229|1.2643234|4.1341057|8.802331
