1509580229760|-0.1436521|0.7565677|9.653421
1509580229893|-0.05746084|0.6895301|9.749189
1509580230028|-0.047884032|0.7661445|9.595961
1509580230157|-0.16280572|0.6799533|9.710882
1509580230289|0.10534488|0.59376204|9.730036
1509580230427|-0.12449849|0.61291564|9.653421
1509580230553|-0.05746084|0.60333884|9.682152
1509580230685|0.009576807|0.62249243|9.720459
1509580230817|-0.05746084|0.6799533|9.720459
1509580230949|-0.047884032|0.5554548|9.710882
1509580231081|-0.076614454|0.6895301|9.749189
1509580231213|0.02873042|0.641646|9.739613
1509580231345|0.076614454|0.58418524|9.701305
1509580231477|-0.21068975|0.7469909|9.624691
1509580231608|0.047884032|0.61291564|9.77792
1509580231741|-0.047884032|0.6607997|9.720459
1509580231873|-0.08619126|0.641646|9.672575
1509580232011|0.076614454|0.63206923|9.720459
1509580232140|0.05746084|0.63206923|9.701305
1509580232269|-0.05746084|0.60333884|9.720459
1509580232401|-0.05746084|0.6703765|9.701305
1509580232533|0.33518824|0.61291564|9.950302
1509580232665|0.047884032|0.5363012|9.691729
1509580232797|0.047884032|0.63206923|9.710882
1509580232929|0.095768064|0.59376204|9.739613
1509580233061|-0.009576807|0.6895301|9.691729
1509580233193|0.0|0.7086837|9.662998
1509580233325|-0.05746084|0.7469909|9.662998
1509580233457|0.095768064|0.6703765|9.710882
1509580233591|0.076614454|0.6512229|9.691729
1509580233721|-0.019153614|0.7182605|9.672575
1509580233860|0.05746084|0.641646|9.691729
1509580233987|0.076614454|0.6703765|9.787497
1509580234117|0.047884032|0.60333884|9.710882
1509580234249|-0.009576807|0.6991069|9.691729
1509580234381|0.06703765|0.6512229|9.739613
1509580234513|0.02873042|0.61291564|9.691729
1509580234645|0.095768064|0.63206923|9.720459
1509580234777|0.095768064|0.63206923|9.701305
1509580234910|0.10534488|0.62249243|9.710882
1509580235040|0.076614454|0.641646|9.720459
1509580235175|0.11492168|0.58418524|9.701305
1509580235310|0.06703765|0.6703765|9.701305
1509580235444|0.1436521|0.6512229|9.730036
1509580235570|0.06703765|0.6895301|9.730036
1509580235706|0.1436521|0.641646|9.720459
1509580235833|0.095768064|0.6703765|9.710882
1509580235965|0.18195933|0.6607997|9.691729
1509580236097|0.11492168|0.6703765|9.682152
1509580236229|0.1340753|0.6799533|9.691729
1509580236361|0.17238252|0.6895301|9.730036
1509580236493|0.17238252|0.7182605|9.749189
1509580236630|0.19153613|0.7182605|9.730036
1509580236757|0.18195933|0.6991069|9.720459
1509580236889|0.19153613|0.7278373|9.710882
1509580237021|0.21068975|0.6799533|9.682152
1509580237159|0.24899697|0.6799533|9.701305
1509580237285|0.2681506|0.6703765|9.710882
1509580237417|0.29688102|0.6991069|9.691729
1509580237549|0.31603462|0.6703765|9.710882
1509580237682|0.2873042|0.6607997|9.691729
1509580237813|0.31603462|0.6607997|9.710882
1509580237945|0.2873042|0.6895301|9.672575
1509580238077|0.22026655|0.7086837|9.691729
1509580238210|0.24899697|0.6895301|9.710882
1509580238341|0.25857377|0.7278373|9.710882
1509580238478|0.29688102|0.6799533|9.730036
1509580238605|0.24899697|0.6703765|9.720459
1509580238739|0.25857377|0.6895301|9.730036
1509580238870|0.2681506|0.7469909|9.701305
1509580239001|0.33518824|0.7278373|9.701305
1509580239133|0.31603462|0.6991069|9.691729
1509580239265|0.36391866|0.6895301|9.691729
1509580239397|0.32561144|0.7182605|9.691729
1509580239529|0.41180268|0.7086837|9.710882
1509580239668|0.40222588|0.7086837|9.710882
1509580239793|0.4405331|0.7374141|9.701305
1509580239925|0.49799395|0.7086837|9.691729
1509580240061|0.39264908|0.7278373|9.682152
1509580240190|0.50757074|0.6895301|9.730036
1509580240322|0.40222588|0.6991069|9.691729
1509580240460|0.40222588|0.7469909|9.672575
1509580240585|0.37349546|0.6991069|9.691729
1509580240717|0.4405331|0.7374141|9.682152
1509580240849|0.45010993|0.6799533|9.672575
1509580240981|0.35434186|0.7086837|9.682152
1509580241113|0.4309563|0.7757214|9.710882
1509580241245|0.45968673|0.7757214|9.691729
1509580241377|0.48841715|0.7374141|9.672575
1509580241509|0.46926352|0.6895301|9.682152
1509580241641|0.46926352|0.7374141|9.672575
1509580241773|0.46926352|0.7278373|9.682152
1509580241905|0.5650316|0.7278373|9.720459
1509580242040|0.5650316|0.6991069|9.710882
1509580242170|0.5554548|0.7278373|9.701305
1509580242301|0.51714754|0.6799533|9.672575
1509580242433|0.46926352|0.6991069|9.682152
1509580242565|0.48841715|0.6991069|9.701305
1509580242697|0.45010993|0.7469909|9.730036
1509580242828|0.45010993|0.7086837|9.701305
1509580242961|0.60333884|0.641646|9.720459
1509580243093|0.5554548|0.7374141|9.701305
1509580243228|0.5554548|0.6895301|9.691729
1509580243360|0.545878|0.7086837|9.691729
1509580243489|0.58418524|0.6895301|9.691729
1509580243625|0.641646|0.6799533|9.701305
1509580243760|0.6703765|0.6607997|9.691729
1509580243887|0.6895301|0.6512229|9.672575
1509580244017|0.6607997|0.63206923|9.672575
1509580244149|0.7086837|0.641646|9.672575
1509580244281|0.6895301|0.63206923|9.691729
1509580244413|0.6895301|0.63206923|9.691729
1509580244545|0.6799533|0.6703765|9.682152
1509580244677|0.7182605|0.60333884|9.701305
1509580244809|0.5554548|0.6703765|9.682152
1509580244941|0.7086837|0.61291564|9.701305
1509580245078|0.61291564|0.6607997|9.682152
1509580245205|0.6512229|0.7182605|9.682152
1509580245340|0.6607997|0.6991069|9.682152
1509580245469|0.80445176|0.6607997|9.682152
1509580245601|0.49799395|0.7086837|9.557653
1509580245733|0.6895301|0.63206923|9.701305
1509580245865|0.641646|0.63206923|9.653421
1509580245997|0.60333884|0.6895301|9.691729
1509580246129|0.7086837|0.5554548|9.691729
1509580246261|0.545878|0.63206923|9.595961
1509580246393|0.38307226|0.6703765|9.720459
1509580246525|0.7469909|0.49799395|9.883265
1509580246669|0.41180268|0.6512229|9.662998
1509580246788|0.5650316|0.62249243|9.710882
1509580246922|0.61291564|0.5363012|9.710882
1509580247053|0.61291564|0.58418524|9.682152
1509580247185|0.51714754|0.58418524|9.701305
1509580247317|0.58418524|0.58418524|9.701305
1509580247449|0.60333884|0.63206923|9.701305
1509580247581|0.63206923|0.58418524|9.720459
1509580247713|0.60333884|0.58418524|9.691729
1509580247845|0.60333884|0.61291564|9.691729
1509580247977|0.62249243|0.5746084|9.710882
1509580248110|0.6512229|0.59376204|9.701305
1509580248251|0.61291564|0.59376204|9.701305
1509580248373|0.6512229|0.59376204|9.730036
1509580248510|0.62249243|0.5746084|9.701305
1509580248640|0.60333884|0.5650316|9.720459
1509580248770|0.5554548|0.61291564|9.701305
1509580248901|0.49799395|0.63206923|9.701305
1509580249033|0.5267244|0.61291564|9.691729
1509580249165|0.5746084|0.59376204|9.691729
1509580249297|0.545878|0.6703765|9.710882
1509580249429|0.58418524|0.60333884|9.710882
1509580249561|0.5267244|0.60333884|9.701305
1509580249694|0.5267244|0.641646|9.710882
1509580249825|0.5554548|0.6607997|9.720459
1509580249960|0.58418524|0.641646|9.720459
1509580250091|0.545878|0.62249243|9.701305
1509580250221|0.545878|0.641646|9.682152
1509580250360|0.5267244|0.7086837|9.682152
