1509528061641|0.06703765|-0.076614454|9.758766
1509528061767|0.076614454|-0.076614454|9.758766
1509528061849|0.076614454|-0.076614454|9.749189
1509528061981|0.076614454|-0.076614454|9.749189
1509528062113|0.076614454|-0.08619126|9.768343
1509528062247|0.076614454|-0.08619126|9.768343
1509528062345|0.08619126|-0.076614454|9.758766
1509528062443|0.08619126|-0.095768064|9.749189
1509528062575|0.076614454|-0.06703765|9.768343
1509528062709|0.08619126|-0.10534488|9.749189
1509528062839|0.08619126|-0.095768064|9.749189
1509528062973|0.10534488|-0.11492168|9.749189
1509528063103|0.095768064|-0.095768064|9.749189
1509528063235|0.095768064|-0.095768064|9.749189
1509528063367|0.08619126|-0.095768064|9.749189
1509528063499|0.08619126|-0.095768064|9.749189
1509528063631|0.08619126|-0.095768064|9.749189
1509528063774|0.08619126|-0.076614454|9.768343
1509528063895|0.08619126|-0.08619126|9.768343
1509528064027|0.076614454|-0.095768064|9.758766
1509528064159|0.06703765|-0.076614454|9.730036
1509528064291|0.095768064|-0.11492168|9.758766
1509528064423|0.095768064|-0.095768064|9.749189
1509528064555|0.095768064|-0.10534488|9.77792
1509528064687|0.076614454|-0.08619126|9.768343
1509528064824|0.076614454|-0.095768064|9.768343
1509528064951|0.05746084|-0.076614454|9.787497
1509528065083|0.05746084|-0.05746084|9.77792
1509528065215|0.05746084|-0.05746084|9.77792
1509528065347|0.05746084|-0.05746084|9.77792
1509528065479|0.076614454|-0.076614454|9.797073
1509528065611|0.06703765|-0.076614454|9.768343
1509528065764|0.095768064|-0.076614454|9.758766
1509528065876|0.076614454|-0.076614454|9.77792
1509528066007|0.076614454|-0.076614454|9.758766
1509528066148|0.095768064|-0.11492168|9.77792
1509528066271|0.076614454|-0.08619126|9.816227
1509528066403|0.076614454|-0.08619126|9.739613
1509528066535|0.08619126|-0.08619126|9.749189
1509528066726|0.1340753|-0.095768064|9.768343
1509528066866|0.076614454|-0.08619126|9.77792
1509528066999|0.095768064|-0.08619126|9.768343
1509528067129|0.095768064|-0.10534488|9.768343
1509528067261|0.08619126|-0.08619126|9.768343
1509528067393|0.076614454|-0.08619126|9.768343
1509528067525|0.10534488|-0.08619126|9.787497
1509528067657|0.095768064|-0.10534488|9.768343
1509528067765|0.10534488|-0.095768064|9.77792
1509528067888|0.095768064|-0.095768064|9.797073
1509528067987|0.08619126|-0.095768064|9.749189
1509528068119|0.10534488|-0.095768064|9.758766
1509528068251|0.10534488|-0.095768064|9.758766
1509528068384|0.10534488|-0.095768064|9.758766
1509528068515|0.095768064|-0.095768064|9.77792
1509528068648|0.095768064|-0.10534488|9.749189
1509528068780|0.095768064|-0.10534488|9.749189
1509528068911|0.05746084|-0.08619126|9.749189
1509528069043|0.076614454|-0.08619126|9.739613
1509528069175|0.076614454|-0.08619126|9.768343
1509528069307|0.076614454|-0.095768064|9.768343
1509528069439|0.076614454|-0.095768064|9.768343
1509528069571|0.076614454|-0.095768064|9.749189
1509528069703|0.076614454|-0.076614454|9.768343
1509528069835|0.076614454|-0.076614454|9.768343
1509528069967|0.095768064|-0.08619126|9.768343
1509528070163|0.095768064|-0.08619126|9.758766
1509528070303|0.08619126|-0.095768064|9.749189
1509528070446|0.08619126|-0.095768064|9.749189
1509528070561|0.08619126|-0.095768064|9.749189
1509528070693|0.08619126|-0.095768064|9.749189
1509528070776|0.095768064|-0.08619126|9.758766
1509528070897|0.076614454|-0.08619126|9.749189
1509528071025|0.095768064|-0.095768064|9.768343
1509528071155|0.095768064|-0.076614454|9.758766
1509528071287|0.08619126|-0.076614454|9.739613
1509528071424|0.08619126|-0.076614454|9.768343
1509528071552|0.076614454|-0.08619126|9.758766
1509528071684|0.06703765|-0.06703765|9.768343
1509528071817|0.06703765|-0.06703765|9.758766
1509528071948|0.047884032|-0.047884032|9.787497
1509528072079|0.047884032|-0.05746084|9.749189
1509528072215|0.047884032|-0.05746084|9.77792
1509528072343|0.076614454|-0.076614454|9.749189
1509528072475|0.076614454|-0.076614454|9.758766
1509528072608|0.076614454|-0.076614454|9.758766
1509528072739|0.095768064|-0.095768064|9.739613
1509528072871|0.08619126|-0.076614454|9.758766
1509528073005|0.08619126|-0.08619126|9.749189
1509528073136|0.08619126|-0.08619126|9.749189
1509528073267|0.08619126|-0.08619126|9.739613
1509528073400|0.06703765|-0.08619126|9.758766
1509528073532|0.08619126|-0.08619126|9.758766
1509528073664|0.076614454|-0.08619126|9.749189
1509528073795|0.095768064|-0.08619126|9.749189
1509528073928|0.095768064|-0.08619126|9.749189
1509528074060|0.08619126|-0.08619126|9.749189
1509528074191|0.08619126|-0.095768064|9.749189
1509528074323|0.10534488|-0.076614454|9.749189
1509528074456|0.095768064|-0.076614454|9.749189
1509528074588|0.076614454|-0.08619126|9.80665
1509528074720|0.095768064|-0.08619126|9.739613
1509528074854|0.12449849|-0.08619126|9.643845
1509528074984|0.076614454|-0.06703765|9.739613
1509528075116|0.095768064|-0.076614454|9.758766
1509528075253|0.095768064|-0.076614454|9.749189
1509528075379|-0.019153614|-0.095768064|9.749189
1509528075511|0.095768064|-0.10534488|9.739613
1509528075644|0.095768064|-0.076614454|9.758766
1509528075776|0.076614454|-0.095768064|9.749189
1509528075908|0.076614454|-0.076614454|9.730036
1509528076040|0.076614454|-0.08619126|9.749189
1509528076172|0.095768064|-0.08619126|9.730036
1509528076303|0.08619126|-0.08619126|9.749189
1509528076435|0.08619126|-0.08619126|9.749189
1509528076572|0.08619126|-0.08619126|9.749189
1509528076700|0.08619126|-0.08619126|9.749189
1509528076832|0.08619126|-0.08619126|9.730036
1509528076964|0.10534488|-0.08619126|9.710882
1509528077096|0.095768064|-0.08619126|9.739613
1509528077228|0.11492168|-0.10534488|9.710882
1509528077360|0.10534488|-0.08619126|9.749189
1509528077492|0.10534488|-0.08619126|9.730036
1509528077624|0.08619126|-0.08619126|9.749189
1509528077755|0.08619126|-0.08619126|9.739613
1509528077887|0.08619126|-0.08619126|9.720459
1509528078019|0.08619126|-0.10534488|9.739613
1509528078151|0.08619126|-0.08619126|9.77792
1509528078283|0.10534488|-0.11492168|9.749189
1509528078415|0.076614454|-0.095768064|9.739613
1509528078548|0.076614454|-0.095768064|9.739613
1509528078680|0.095768064|-0.095768064|9.739613
1509528078813|0.076614454|-0.095768064|9.749189
1509528078944|0.095768064|-0.095768064|9.739613
1509528079076|0.076614454|-0.095768064|9.739613
1509528079208|0.095768064|-0.095768064|9.739613
1509528079340|0.076614454|-0.095768064|9.730036
1509528079473|0.076614454|-0.095768064|9.730036
1509528079605|0.076614454|-0.06703765|9.749189
1509528079736|0.076614454|-0.06703765|9.749189
1509528079867|0.06703765|-0.047884032|9.768343
1509528080000|0.08619126|-0.076614454|9.730036
1509528080132|0.08619126|-0.095768064|9.720459
1509528080265|0.08619126|-0.095768064|9.739613
1509528080396|0.076614454|-0.095768064|9.739613
1509528080528|0.076614454|-0.095768064|9.739613
1509528080663|0.076614454|-0.076614454|9.739613
1509528080792|0.076614454|-0.08619126|9.739613
1509528080924|0.095768064|-0.08619126|9.720459
1509528081056|0.095768064|-0.10534488|9.739613
1509528081188|0.095768064|-0.08619126|9.739613
