1509512757517|0.02873042|9.471462|2.0398598
1509512757646|0.019153614|9.481039|2.0494366
1509512757778|0.019153614|9.471462|2.0494366
1509512757910|0.019153614|9.471462|2.0398598
1509512758042|0.019153614|9.471462|2.0398598
1509512758174|0.019153614|9.471462|2.0398598
1509512758306|0.019153614|9.471462|2.0398598
1509512758438|0.038307227|9.471462|2.0398598
1509512758573|0.038307227|9.461885|2.0398598
1509512758702|0.038307227|9.461885|2.0398598
1509512758834|0.038307227|9.461885|2.0398598
1509512758966|0.02873042|9.461885|2.0398598
1509512759099|0.02873042|9.461885|2.0398598
1509512759230|0.02873042|9.461885|2.0398598
1509512759362|0.02873042|9.461885|2.0398598
1509512759494|0.02873042|9.481039|2.0590134
1509512759626|0.019153614|9.500193|2.0590134
1509512759758|0.019153614|9.461885|2.0398598
1509512759890|0.038307227|9.461885|2.0398598
1509512760022|0.02873042|9.461885|2.0398598
1509512760155|0.02873042|9.481039|2.030283
1509512760288|0.02873042|9.471462|2.0494366
1509512760421|0.02873042|9.452309|2.0494366
1509512760550|0.02873042|9.471462|2.0398598
1509512760682|0.02873042|9.471462|2.0398598
1509512760814|0.02873042|9.461885|2.0398598
1509512760946|0.02873042|9.461885|2.0398598
1509512761078|0.02873042|9.452309|2.0398598
1509512761210|0.02873042|9.452309|2.0398598
1509512761342|0.009576807|9.490616|2.0590134
1509512761474|0.009576807|9.471462|2.0398598
1509512761606|0.02873042|9.471462|2.0398598
1509512761737|0.02873042|9.461885|2.0398598
1509512761870|0.02873042|9.461885|2.0398598
1509512762006|0.02873042|9.461885|2.0398598
1509512762134|0.02873042|9.461885|2.030283
1509512762266|0.02873042|9.461885|2.030283
1509512762398|0.02873042|9.461885|2.030283
1509512762533|0.02873042|9.461885|2.030283
1509512762662|0.02873042|9.461885|2.0494366
1509512762794|0.02873042|9.461885|2.0398598
1509512762926|0.02873042|9.461885|2.0398598
1509512763058|0.02873042|9.461885|2.0398598
1509512763190|0.02873042|9.461885|2.030283
1509512763323|0.02873042|9.461885|2.030283
1509512763454|0.02873042|9.461885|2.030283
1509512763585|0.009576807|9.481039|2.0590134
1509512763718|0.009576807|9.500193|2.0494366
1509512763850|0.009576807|9.500193|2.0685902
1509512763982|0.02873042|9.452309|2.030283
1509512764114|0.019153614|9.471462|2.0494366
1509512764246|0.038307227|9.471462|2.0494366
1509512764378|0.02873042|9.452309|2.030283
1509512764510|0.02873042|9.471462|2.030283
1509512764642|0.02873042|9.461885|2.030283
1509512764774|0.02873042|9.461885|2.030283
1509512764906|0.02873042|9.461885|2.030283
1509512765038|0.02873042|9.461885|2.0494366
1509512765169|0.019153614|9.461885|2.0398598
1509512765306|0.019153614|9.481039|2.0398598
1509512765434|0.019153614|9.461885|2.0398598
1509512765566|0.019153614|9.500193|2.0685902
1509512765698|0.0|9.500193|2.0685902
1509512765830|0.019153614|9.471462|2.0494366
1509512765962|0.019153614|9.471462|2.0494366
1509512766093|0.009576807|9.490616|2.0685902
1509512766226|0.02873042|9.452309|2.0207062
1509512766358|0.047884032|9.452309|2.0207062
1509512766489|0.038307227|9.452309|2.0398598
1509512766623|0.038307227|9.471462|2.0398598
1509512766754|0.038307227|9.461885|2.0207062
1509512766886|0.038307227|9.461885|2.030283
1509512767018|0.038307227|9.461885|2.030283
1509512767150|0.038307227|9.461885|2.030283
1509512767282|0.038307227|9.452309|2.030283
1509512767414|0.038307227|9.452309|2.030283
1509512767546|0.038307227|9.471462|2.030283
1509512767679|0.038307227|9.461885|2.030283
1509512767810|0.038307227|9.452309|2.030283
1509512767942|0.038307227|9.452309|2.030283
1509512768074|0.038307227|9.452309|2.030283
1509512768205|0.038307227|9.471462|2.030283
1509512768338|0.038307227|9.461885|2.0494366
1509512768473|0.038307227|9.461885|2.030283
1509512768601|0.038307227|9.461885|2.030283
1509512768734|0.038307227|9.461885|2.0207062
1509512768866|0.038307227|9.461885|2.0398598
1509512768998|0.038307227|9.461885|2.0398598
1509512769130|0.019153614|9.461885|2.0398598
1509512769262|0.038307227|9.461885|2.0398598
1509512769394|0.038307227|9.461885|2.0398598
1509512769526|0.019153614|9.461885|2.0398598
1509512769658|0.019153614|9.481039|2.0398598
1509512769790|0.019153614|9.471462|2.030283
1509512769922|0.019153614|9.471462|2.0494366
1509512770054|0.038307227|9.471462|2.0494366
1509512770189|0.02873042|9.461885|2.030283
1509512770318|0.02873042|9.461885|2.030283
1509512770450|0.02873042|9.452309|2.030283
1509512770582|0.02873042|9.452309|2.030283
1509512770714|0.02873042|9.452309|2.030283
1509512770846|0.02873042|9.471462|2.0494366
1509512770978|0.019153614|9.471462|2.0494366
1509512771110|0.038307227|9.471462|2.0398598
1509512771242|0.038307227|9.461885|2.0398598
1509512771374|0.038307227|9.452309|2.0398598
1509512771506|0.038307227|9.452309|2.0398598
1509512771637|0.038307227|9.452309|2.0398598
1509512771773|0.038307227|9.471462|2.0398598
1509512771913|0.038307227|9.471462|2.030283
1509512772034|0.038307227|9.452309|2.030283
1509512772166|0.038307227|9.471462|2.030283
1509512772298|0.038307227|9.452309|2.0207062
1509512772432|0.038307227|9.452309|2.0207062
1509512772562|0.038307227|9.452309|2.0398598
1509512772693|0.038307227|9.452309|2.030283
1509512772827|0.038307227|9.452309|2.030283
1509512772958|0.038307227|9.452309|2.030283
1509512773090|0.038307227|9.471462|2.0494366
1509512773222|0.038307227|9.471462|2.0398598
1509512773354|0.019153614|9.471462|2.030283
1509512773485|0.038307227|9.471462|2.030283
1509512773618|0.02873042|9.471462|2.030283
1509512773750|0.02873042|9.471462|2.0494366
1509512773882|0.02873042|9.461885|2.0398598
1509512774014|0.02873042|9.461885|2.0398598
1509512774146|0.02873042|9.461885|2.0398598
1509512774278|0.02873042|9.452309|2.030283
1509512774410|0.02873042|9.471462|2.030283
1509512774542|0.019153614|9.471462|2.030283
1509512774674|0.038307227|9.471462|2.0494366
1509512774806|0.02873042|9.481039|2.0494366
1509512774940|0.02873042|9.471462|2.0494366
1509512775069|0.02873042|9.471462|2.0494366
1509512775202|0.02873042|9.461885|2.030283
1509512775334|0.02873042|9.461885|2.030283
1509512775466|0.047884032|9.442732|2.030283
1509512775599|0.038307227|9.461885|2.030283
1509512775731|0.038307227|9.461885|2.0207062
1509512775862|0.038307227|9.461885|2.0207062
1509512775994|0.038307227|9.461885|2.0398598
1509512776126|0.038307227|9.461885|2.0398598
1509512776258|0.038307227|9.461885|2.0398598
1509512776391|0.038307227|9.461885|2.030283
1509512776523|0.038307227|9.442732|2.030283
1509512776654|0.038307227|9.461885|2.030283
1509512776789|0.02873042|9.452309|2.030283
1509512776918|0.02873042|9.452309|2.0207062
1509512777050|0.02873042|9.452309|2.0398598
1509512777182|0.019153614|9.481039|2.0398598
1509512777314|0.019153614|9.481039|2.0590134
1509512777446|0.038307227|9.452309|2.030283
1509512777578|0.038307227|9.452309|2.030283
1509512777710|0.038307227|9.452309|2.030283
1509512777842|0.038307227|9.471462|2.030283
1509512777974|0.038307227|9.471462|2.030283
1509512778106|0.038307227|9.461885|2.030283
1509512778240|0.019153614|9.461885|2.030283
1509512778372|0.038307227|9.461885|2.030283
1509512778502|0.02873042|9.461885|2.0494366
1509512778634|0.02873042|9.461885|2.030283
1509512778766|0.02873042|9.452309|2.030283
1509512778901|0.02873042|9.471462|2.030283
1509512779030|0.047884032|9.442732|2.030283
1509512779162|0.02873042|9.442732|2.030283
1509512779294|0.02873042|9.461885|2.030283
1509512779426|0.02873042|9.461885|2.0494366
1509512779558|0.02873042|9.461885|2.0398598
1509512779690|0.02873042|9.461885|2.0398598
1509512779822|0.02873042|9.461885|2.0398598
1509512779953|0.02873042|9.461885|2.0398598
1509512780085|0.02873042|9.461885|2.0398598
1509512780218|0.02873042|9.452309|2.0398598
1509512780350|0.02873042|9.452309|2.0398598
1509512780482|0.019153614|9.471462|2.0398598
1509512780616|0.019153614|9.471462|2.0398598
1509512780746|0.038307227|9.452309|2.0398598
1509512780878|0.009576807|9.490616|2.0590134
1509512781010|0.009576807|9.490616|2.0590134
1509512781142|0.02873042|9.471462|2.0494366
1509512781274|0.02873042|9.452309|2.0398598
1509512781406|0.02873042|9.471462|2.0398598
1509512781538|0.02873042|9.442732|2.0207062
1509512781669|0.02873042|9.461885|2.0398598
1509512781802|0.02873042|9.442732|2.030283
1509512781934|0.02873042|9.461885|2.030283
1509512782066|0.02873042|9.452309|2.030283
1509512782197|0.019153614|9.471462|2.030283
1509512782330|0.038307227|9.461885|2.030283
1509512782461|0.038307227|9.461885|2.0207062
1509512782594|0.038307227|9.461885|2.0398598
1509512782726|0.038307227|9.461885|2.0398598
1509512782858|0.019153614|9.461885|2.0398598
1509512782990|0.038307227|9.461885|2.0398598
1509512783123|0.038307227|9.452309|2.030283
1509512783253|0.038307227|9.452309|2.0494366
1509512783385|0.038307227|9.452309|2.0398598
1509512783518|0.038307227|9.452309|2.0398598
1509512783650|0.038307227|9.452309|2.0398598
1509512783782|0.038307227|9.452309|2.0398598
1509512783914|0.038307227|9.452309|2.0398598
1509512784046|0.038307227|9.442732|2.0398598
1509512784178|0.02873042|9.442732|2.0398598
1509512784310|0.047884032|9.461885|2.0398598
1509512784442|0.038307227|9.461885|2.0398598
1509512784574|0.038307227|9.461885|2.0207062
1509512784707|0.038307227|9.452309|2.0398598
1509512784838|0.02873042|9.452309|2.0398598
1509512784970|0.02873042|9.442732|2.0398598
1509512785102|0.02873042|9.461885|2.0207062
1509512785234|0.02873042|9.461885|2.0207062
1509512785366|0.02873042|9.461885|2.0207062
1509512785499|0.02873042|9.461885|2.0207062
1509512785630|0.02873042|9.461885|2.0398598
1509512785762|0.02873042|9.461885|2.0398598
1509512785894|0.02873042|9.461885|2.0398598
1509512786026|0.02873042|9.461885|2.0207062
1509512786158|0.02873042|9.461885|2.0398598
1509512786290|0.019153614|9.461885|2.0398598
1509512786424|0.038307227|9.461885|2.0398598
1509512786556|0.038307227|9.461885|2.0398598
1509512786686|0.038307227|9.461885|2.0398598
1509512786818|0.038307227|9.461885|2.0398598
1509512786950|0.02873042|9.481039|2.0398598
1509512787082|0.02873042|9.461885|2.030283
1509512787214|0.02873042|9.461885|2.0207062
1509512787346|0.02873042|9.452309|2.0398598
1509512787478|0.02873042|9.452309|2.0398598
1509512787610|0.02873042|9.452309|2.0398598
1509512787742|0.02873042|9.442732|2.030283
1509512787874|0.02873042|9.461885|2.030283
1509512788005|0.02873042|9.461885|2.030283
1509512788138|0.02873042|9.461885|2.030283
1509512788269|0.02873042|9.461885|2.0207062
1509512788402|0.047884032|9.442732|2.0207062
1509512788534|0.047884032|9.442732|2.0207062
1509512788666|0.038307227|9.461885|2.0398598
1509512788799|0.038307227|9.461885|2.0398598
1509512788930|0.038307227|9.461885|2.030283
1509512789062|0.038307227|9.461885|2.0494366
1509512789194|0.038307227|9.461885|2.0398598
1509512789326|0.038307227|9.452309|2.0398598
1509512789458|0.038307227|9.471462|2.0398598
1509512789590|0.038307227|9.461885|2.0398598
1509512789723|0.038307227|9.452309|2.0398598
1509512789857|0.02873042|9.452309|2.0398598
1509512789986|0.02873042|9.452309|2.0398598
