1510206465112|1018.14575
1510206465233|1018.1515
1510206465392|1018.1577
1510206465515|1018.1718
1510206465634|1018.1848
1510206465715|1018.2031
1510206465833|1018.1543
1510206465994|1018.1426
1510206466112|1018.1428
1510206466234|1018.12726
1510206466392|1018.15063
1510206466513|1018.11536
1510206466633|1018.15405
1510206466795|1018.1467
1510206466913|1018.15607
1510206467033|1018.1271
1510206467194|1018.1565
1510206467316|1018.1427
1510206467433|1018.1441
1510206467593|1018.1101
1510206467713|1018.1163
1510206467796|1018.1189
1510206467912|1018.14966
1510206468035|1018.16516
1510206468195|1018.1775
1510206468312|1018.1603
1510206468395|1018.1858
1510206468512|1018.0946
1510206468594|1018.10913
1510206468714|1018.0961
1510206468833|1018.07837
1510206468914|1018.1028
1510206469032|1018.1161
1510206469115|1018.1251
1510206469233|1018.13904
1510206469393|1018.1101
1510206469513|1018.1283
1510206469594|1018.13354
1510206469713|1018.14825
1510206469833|1018.1411
1510206469994|1018.1377
1510206470113|1018.11725
1510206470197|1018.11743
1510206470313|1018.13367
1510206470438|1018.12585
1510206470593|1018.11475
1510206470713|1018.12823
1510206470836|1018.11365
1510206470996|1018.1636
1510206471113|1018.14014
1510206471238|1018.1243
1510206471354|1018.1216
1510206471513|1018.0897
1510206471594|1018.0884
1510206471713|1018.10626
1510206471834|1018.1111
1510206471993|1018.1118
1510206472115|1018.1841
1510206472233|1018.16394
1510206472354|1018.1345
1510206472513|1018.11365
1510206472634|1018.1349
1510206472794|1018.19727
1510206472914|1018.1769
1510206473033|1018.2409
1510206473115|1018.2523
1510206473234|1018.2092
1510206473393|1018.1565
1510206473514|1018.1211
1510206473635|1018.0508
1510206473794|1018.1072
1510206473914|1018.13214
1510206474035|1018.1021
1510206474194|1018.1636
1510206474314|1018.1702
1510206474395|1018.21387
1510206474514|1018.11957
1510206474637|1018.1209
1510206474797|1018.1157
1510206474914|1018.13293
1510206474995|1018.1052
1510206475114|1018.15436
1510206475235|1018.16003
1510206475394|1018.1399
1510206475514|1018.11084
1510206475634|1018.1549
1510206475716|1018.11865
1510206475834|1018.0841
1510206475915|1018.10364
1510206476034|1018.09033
1510206476194|1018.1706
1510206476316|1018.0533
1510206476434|1018.0643
1510206476515|1018.0917
1510206476635|1018.1047
1510206476794|1018.1111
1510206476915|1018.1262
1510206476996|1018.1155
1510206477115|1018.1016
1510206477235|1018.12823
1510206477396|1018.1577
1510206477516|1018.0979
1510206477597|1018.08374
1510206477716|1018.11163
1510206477837|1018.1197
1510206477996|1018.1411
1510206478115|1018.1472
1510206478197|1018.1421
1510206478316|1018.26404
1510206478436|1018.0666
1510206478594|1018.0803
1510206478716|1018.14294
1510206478836|1018.1535
1510206478955|1018.1135
1510206479036|1018.1382
1510206479155|1018.1096
1510206479237|1018.13007
1510206479355|1018.10767
1510206479436|1018.1388
1510206479595|1018.1355
1510206479717|1018.1488
1510206479837|1018.13983
1510206479995|1018.1233
1510206480115|1018.1124
1510206480239|1018.0765
1510206480395|1018.17896
1510206480515|1018.15497
1510206480636|1018.08624
1510206480795|1018.07324
1510206480916|1018.0803
1510206481038|1018.1121
1510206481155|1018.13794
1510206481237|1018.1671
1510206481395|1018.18506
1510206481515|1018.14075
1510206481598|1018.10156
1510206481716|1018.10815
1510206481835|1018.1287
1510206481917|1018.1416
1510206482036|1018.1226
1510206482157|1018.1199
1510206482316|1018.1554
1510206482436|1018.109
1510206482518|1018.09924
1510206482639|1018.09845
1510206482797|1018.10254
1510206482916|1018.09406
1510206482997|1018.1301
1510206483118|1018.1034
1510206483237|1018.1166
1510206483397|1018.1438
1510206483517|1018.11865
1510206483636|1018.1268
1510206483798|1018.13965
1510206483917|1018.1242
1510206484037|1018.1241
1510206484197|1018.1223
1510206484317|1018.12396
1510206484398|1018.11816
1510206484516|1018.11536
1510206484636|1018.1194
1510206484717|1018.1411
1510206484837|1018.1226
1510206484918|1018.1124
1510206485036|1018.11224
1510206485160|1018.11597
1510206485316|1018.1226
1510206485398|1018.12134
1510206485518|1018.1184
1510206485636|1018.1272
1510206485717|1018.116
1510206485837|1018.1189
1510206485997|1018.1321
1510206486118|1018.1162
1510206486237|1018.1151
1510206486397|1018.1355
1510206486517|1018.1585
1510206486638|1018.12805
1510206486757|1018.12646
1510206486918|1018.1362
1510206487038|1018.1262
1510206487158|1018.12085
1510206487317|1018.1239
1510206487398|1018.1196
1510206487516|1018.1226
1510206487598|1018.1304
1510206487716|1018.14294
1510206487838|1018.1361
1510206487996|1018.14014
1510206488117|1018.1189
1510206488237|1018.1046
1510206488399|1018.1304
1510206488517|1018.09235
1510206488598|1018.10156
1510206488718|1018.12646
1510206488838|1018.12994
1510206488999|1018.1421
1510206489118|1018.12305
1510206489237|1018.1107
1510206489318|1018.13025
1510206489437|1018.10474
1510206489518|1018.1185
1510206489638|1018.13965
1510206489798|1018.1304
1510206489917|1018.1236
1510206489999|1018.145
1510206490118|1018.1322
1510206490237|1018.12256
1510206490318|1018.1109
1510206490439|1018.1217
1510206490598|1018.1196
1510206490718|1018.1035
1510206490839|1018.11487
1510206490999|1018.0891
1510206491119|1018.0896
1510206491238|1018.12286
1510206491319|1018.1394
1510206491438|1018.1481
1510206491600|1018.12036
1510206491719|1018.13824
1510206491800|1018.1294
1510206491920|1018.12726
1510206492038|1018.1304
1510206492120|1018.12555
1510206492239|1018.16003
1510206492397|1018.126
1510206492521|1018.1329
1510206492638|1018.1362
1510206492798|1018.13477
1510206492919|1018.1465
1510206493040|1018.12067
1510206493199|1018.1726
1510206493321|1018.15045
1510206493439|1018.08386
1510206493598|1018.0596
1510206493718|1018.1088
1510206493839|1018.1659
1510206494001|1018.1072
1510206494119|1018.1321
1510206494240|1018.1392
1510206494398|1018.1455
1510206494518|1018.13525
1510206494600|1018.1211
1510206494718|1018.1473
1510206494800|1018.12476
1510206494919|1018.1627
1510206495040|1018.1383
1510206495199|1018.10815
1510206495319|1018.1509
1510206495439|1018.1185
1510206495599|1018.12646
1510206495719|1018.1485
1510206495840|1018.13434
1510206496000|1018.1189
1510206496120|1018.1384
1510206496238|1018.1382
1510206496319|1018.15906
1510206496439|1018.08746
1510206496520|1018.1064
1510206496638|1018.11774
1510206496720|1018.13196
1510206496840|1018.1551
1510206497000|1018.09863
