1510206185411|31.68602|-25.040054|-10.826492
1510206185561|32.12204|-25.4879|-10.98671
1510206185661|32.034683|-25.426102|-11.407089
1510206185811|31.571579|-25.589752|-11.224365
1510206185969|31.681824|-26.275253|-9.523773
1510206186061|31.380844|-27.33345|-8.359146
1510206186161|31.085587|-27.48375|-8.163452
1510206186311|30.469131|-27.402878|-8.180237
1510206186411|31.093597|-27.191544|-8.000565
1510206186561|31.207275|-27.409744|-8.093643
1510206186663|30.813599|-27.649689|-8.582687
1510206186810|30.875397|-27.666092|-9.547806
1510206186960|30.53093|-27.090073|-9.822845
1510206187060|30.411148|-27.217102|-10.812378
1510206187162|30.826187|-26.948929|-11.399078
1510206187311|31.730652|-26.601791|-10.90126
1510206187410|31.930542|-26.95961|-10.790253
1510206187612|32.089615|-26.401901|-10.658646
1510206187761|32.172012|-25.926208|-11.544037
1510206187861|31.72226|-25.746918|-11.479187
1510206187961|31.929398|-25.872803|-11.276627
1510206188110|31.707764|-26.222229|-11.272812
1510206188212|31.69403|-26.155472|-11.159897
1510206188361|32.0652|-25.344849|-11.060715
1510206188461|32.484055|-24.946213|-10.578537
1510206188562|32.574463|-25.015259|-10.129929
1510206188661|32.78618|-25.265503|-9.798813
1510206188811|32.517624|-25.370026|-9.8629
1510206188960|31.67038|-25.78888|-10.86998
1510206189111|31.927109|-25.77362|-11.085129
1510206189210|31.520844|-25.635147|-11.074066
1510206189360|31.1409|-25.782776|-10.731888
1510206189462|31.009293|-26.479721|-10.652542
1510206189611|30.785751|-27.257538|-10.764694
1510206189759|30.103302|-28.07846|-11.048889
1510206189861|30.107117|-27.784348|-11.088181
1510206189961|30.378342|-27.161407|-10.918808
1510206190111|31.442642|-26.71814|-10.8680725
1510206190209|31.691742|-26.739502|-9.575653
1510206190360|31.378555|-26.66397|-8.698273
1510206190460|31.206131|-26.389313|-8.63266
1510206190611|31.433105|-26.250458|-8.991241
1510206190760|32.491684|-25.039673|-9.409714
1510206190860|32.33986|-24.68605|-9.196472
1510206190960|33.024597|-24.140167|-9.685898
1510206191110|33.575058|-23.454666|-10.928726
1510206191212|33.576202|-23.302841|-11.400986
1510206191361|33.530807|-23.222351|-12.835312
1510206191461|32.757187|-22.511292|-13.481522
1510206191616|32.41234|-21.84105|-13.640213
1510206191759|33.021927|-19.795609|-13.985443
1510206191859|33.75435|-19.034576|-14.398956
1510206191959|33.987045|-16.684341|-16.487885
1510206192109|33.784485|-14.728928|-19.910812
1510206192209|33.39348|-13.710022|-21.223068
1510206192359|33.989334|-14.726257|-19.934464
1510206192460|34.51538|-16.396713|-18.089294
1510206192609|34.43222|-16.576004|-17.217636
1510206192759|33.9756|-15.785599|-15.681076
1510206192859|33.808136|-15.980911|-15.314484
1510206192960|34.60121|-16.454315|-15.787125
1510206193110|35.681534|-17.152405|-16.04271
1510206193210|35.81543|-17.043304|-15.655899
1510206193361|35.964203|-16.796875|-15.905762
1510206193460|36.405945|-17.362595|-14.947128
1510206193611|36.209488|-18.366241|-14.043045
1510206193760|35.849|-21.372223|-11.424255
1510206193860|36.257935|-22.021866|-10.211563
1510206193960|36.528778|-22.836304|-8.149338
1510206194109|36.117172|-23.331833|-6.7070007
1510206194208|35.958862|-23.986435|-6.113434
1510206194359|35.028458|-24.726105|-6.4044952
1510206194458|34.334946|-25.816727|-6.333542
1510206194609|34.077454|-26.471329|-5.9329987
1510206194758|31.710434|-28.197098|-6.034088
1510206194858|31.337357|-28.23944|-6.1985016
1510206194959|31.783295|-27.198029|-6.0806274
1510206195108|32.82814|-26.633453|-4.760742
1510206195209|34.002686|-26.831436|-3.1822205
1510206195359|34.69925|-26.614761|-3.56102
1510206195460|34.18808|-26.070786|-3.319931
1510206195608|34.235764|-25.746918|-2.5688171
1510206195759|34.500504|-26.007462|-3.232193
1510206195859|34.51996|-26.689148|-3.6575317
1510206195960|34.734344|-27.039719|-3.901291
1510206196109|34.692764|-26.530075|-3.7639618
1510206196210|35.18524|-26.128769|-3.0269623
1510206196359|35.26573|-26.05896|-3.1570435
1510206196460|35.18181|-26.031494|-3.477478
1510206196608|34.78737|-26.132965|-3.3016205
1510206196759|33.683395|-26.095963|-2.999115
1510206196859|34.096527|-26.142883|-3.094101
1510206196962|34.791565|-26.739883|-2.8491974
1510206197108|34.7023|-26.074219|-3.2299042
1510206197208|34.55124|-25.39711|-4.7657013
1510206197358|34.774017|-25.063705|-5.3092957
1510206197458|34.469223|-24.136734|-4.499817
1510206197609|34.41887|-24.20044|-4.0416718
1510206197759|33.9859|-24.892044|-4.6577454
1510206197858|34.430313|-25.294876|-4.124069
1510206197959|35.35652|-25.82779|-3.1097412
1510206198109|35.607147|-25.992203|-3.0776978
1510206198208|35.614777|-26.034927|-3.6956787
1510206198359|34.944153|-25.924301|-3.886032
1510206198458|34.875107|-25.909042|-4.489517
1510206198610|35.33554|-25.865555|-5.023575
1510206198758|35.467148|-25.624466|-5.3409576
1510206198858|35.308075|-25.43106|-4.793167
1510206198958|34.886932|-25.112152|-4.310608
1510206199108|35.177994|-24.838638|-5.1605225
1510206199211|35.762405|-24.570847|-5.7876587
1510206199358|36.26442|-24.50409|-6.1782837
1510206199459|36.62224|-24.410248|-6.162262
1510206199609|36.222076|-24.108124|-5.7964325
1510206199757|36.040115|-24.139404|-5.744934
1510206199858|35.857773|-23.630142|-6.538391
1510206199957|35.204697|-22.30606|-7.4806213
1510206200108|35.287476|-22.724915|-7.849121
1510206200207|35.717773|-23.199081|-7.7941895
1510206200357|35.507202|-22.382355|-7.6099396
1510206200457|34.490967|-21.76323|-7.1014404
1510206200607|34.895325|-22.278976|-6.7871094
1510206200758|36.50551|-24.240112|-6.46286
1510206200858|36.471558|-24.35112|-6.875992
1510206200957|35.996246|-24.070358|-6.251526
1510206201108|35.798264|-24.544907|-5.944824
1510206201209|35.583496|-25.400162|-6.4605713
1510206201358|35.580063|-25.214005|-5.9165955
1510206201460|35.25009|-24.47548|-5.2238464
1510206201607|35.17227|-24.507904|-5.1769257
1510206201758|35.744476|-24.71695|-5.757904
1510206201856|35.593414|-24.46518|-5.527878
1510206201958|35.040283|-24.26529|-5.0460815
1510206202108|35.82115|-24.486923|-4.619217
1510206202208|36.346054|-24.606705|-4.421997
1510206202357|36.231613|-24.625778|-3.9409637
1510206202458|36.084366|-24.361038|-4.439163
1510206202608|35.886|-23.591232|-5.096817
1510206202758|35.13794|-22.537994|-6.975937
1510206202858|34.82895|-22.832108|-7.1804047
1510206202958|34.222794|-23.374557|-7.6236725
1510206203106|34.462738|-23.336792|-7.790756
1510206203207|35.09178|-22.348785|-6.9431305
1510206203356|35.240173|-21.865082|-7.049942
1510206203458|35.474777|-22.381592|-6.9423676
1510206203608|35.552597|-22.949219|-6.7432404
1510206203757|35.51216|-23.214722|-6.6192627
1510206203859|36.058807|-22.885132|-6.4971924
1510206203958|36.019897|-22.698975|-6.30455
1510206204108|35.478592|-22.481537|-5.9978485
1510206204206|35.881424|-22.445297|-6.183243
1510206204359|35.427856|-22.285461|-6.752014
1510206204457|35.121918|-22.367477|-6.9984436
1510206204607|35.28328|-22.409058|-6.9652557
1510206204757|35.478973|-22.577286|-6.8138123
1510206204857|35.39276|-22.690964|-6.774521
1510206204956|35.183716|-22.975159|-6.334305
1510206205106|34.993744|-22.00203|-5.7209015
1510206205206|35.44197|-21.75827|-5.690384
1510206205356|35.528946|-22.905731|-6.622696
1510206205459|35.468674|-23.522186|-7.0098877
1510206205606|35.35652|-23.36464|-6.6150665
1510206205758|35.360718|-22.76764|-7.0163727
1510206205857|35.393143|-22.05658|-7.817459
1510206205956|35.2211|-20.74585|-9.575272
1510206206110|35.033417|-19.786072|-10.861588
1510206206206|34.87625|-19.314957|-11.278534
1510206206356|34.7435|-19.851303|-11.720276
1510206206456|34.680176|-20.10727|-11.994553
1510206206608|34.77745|-20.08171|-12.278748
1510206206756|34.85489|-20.236588|-12.46376
1510206206856|34.840775|-20.244598|-12.3909
1510206206955|34.792328|-20.558548|-11.997604
1510206207107|34.453964|-21.495056|-10.583878
1510206207207|34.288406|-22.010422|-9.0271
1510206207357|34.41391|-22.12143|-8.067322
1510206207456|34.42192|-22.774506|-7.744217
1510206207605|34.69391|-22.76001|-7.3143005
1510206207757|35.040283|-22.794342|-6.6192627
1510206207856|35.00824|-23.158646|-6.9828033
1510206207957|34.812164|-23.132324|-6.404114
1510206208106|34.493637|-22.867203|-6.642151
1510206208206|33.76503|-23.19374|-7.0976257
1510206208355|33.85811|-22.915268|-6.6013336
1510206208456|34.52034|-23.002243|-6.9374084
1510206208605|34.700394|-23.578644|-6.8077087
1510206208755|34.790802|-25.119019|-4.2613983
1510206208858|35.002136|-25.453568|-3.77388
1510206208957|35.998154|-26.002121|-3.1982422
1510206209109|35.47821|-25.621033|-3.2852173
1510206209206|35.308838|-25.146103|-3.6567688
1510206209355|35.20317|-25.178528|-4.6222687
1510206209455|35.112762|-24.73259|-4.9110413
1510206209609|35.23979|-24.470901|-4.914093
1510206209755|35.463715|-23.52562|-6.529236
1510206209855|35.747147|-22.773361|-7.3444366
1510206209955|36.17401|-20.394135|-10.108185
1510206210105|35.88829|-17.753983|-12.965393
1510206210205|36.11641|-16.208649|-15.31868
1510206210356|36.10344|-15.739059|-17.126083
1510206210456|36.04355|-15.471268|-18.286896
1510206210605|36.126328|-15.340424|-18.839645
1510206210758|36.022568|-15.4361725|-17.787552
1510206210856|35.995102|-15.568924|-17.401886
1510206210955|36.327362|-15.34996|-17.007065
1510206211106|36.676407|-15.199661|-16.699219
1510206211206|36.592865|-16.1026|-15.764236
1510206211356|36.125183|-17.560577|-13.814926
1510206211454|36.330032|-18.221664|-11.907959
1510206211606|36.623383|-18.570328|-10.960388
1510206211755|36.047363|-19.871902|-9.375
1510206211855|36.034393|-20.48111|-9.257507
1510206211956|35.569763|-21.807098|-8.520508
1510206212105|35.181046|-22.19925|-7.49588
1510206212206|35.274887|-22.42012|-5.889511
1510206212355|34.635544|-23.731232|-5.335617
1510206212456|34.067917|-25.294495|-5.791092
1510206212605|33.80623|-25.651932|-5.354309
1510206212754|32.302094|-26.79863|-4.4101715
1510206212857|31.744385|-27.266312|-4.6237946
1510206212954|30.944443|-28.059387|-4.459381
1510206213105|30.782318|-28.674698|-3.8265228
1510206213205|30.339813|-29.049301|-3.0158997
1510206213356|30.641174|-28.894424|-2.2411346
1510206213455|30.688095|-28.938675|-1.5518188
1510206213607|30.231094|-29.062271|-1.1043549
1510206213755|30.386353|-28.878021|-0.8708954
1510206213855|30.791092|-28.650284|-1.070404
1510206213956|31.90155|-27.368927|-1.020813
1510206214104|32.719803|-26.452637|-1.2561798
1510206214204|33.298492|-26.044464|-1.2237549
1510206214354|33.748627|-25.430298|-0.23345947
1510206214454|33.060837|-25.437164|-0.75035095
1510206214604|32.57866|-25.79422|-1.076889
1510206214754|32.44133|-26.301193|-1.1642456
1510206214854|32.409286|-26.194763|-1.5872955
1510206214953|32.595825|-25.956345|-2.3742676
1510206215104|33.24623|-25.043869|-3.4687042
1510206215204|34.127426|-23.063278|-5.275345
1510206215356|34.223175|-22.639847|-7.4760437
1510206215455|34.778595|-22.824097|-8.485413
1510206215603|35.141754|-22.540283|-8.752441
1510206215755|35.341644|-20.861053|-9.786606
1510206215856|35.65712|-19.885254|-10.671234
