1510206574817|1018.11255
1510206574936|1018.09454
1510206575017|1018.12085
1510206575138|1018.15607
1510206575257|1018.19366
1510206575417|1018.1985
1510206575535|1018.2687
1510206575657|1018.08826
1510206575738|1018.0753
1510206575855|1018.1659
1510206575936|1018.12646
1510206576017|1018.11646
1510206576137|1018.15796
1510206576257|1018.1651
1510206576418|1018.1052
1510206576537|1018.167
1510206576655|1018.1568
1510206576737|1018.13855
1510206576856|1018.1243
1510206576939|1018.10016
1510206577057|1018.1303
1510206577139|1018.1699
1510206577259|1018.1992
1510206577417|1018.1106
1510206577539|1018.10614
1510206577656|1018.10236
1510206577738|1018.1238
1510206577857|1018.14905
1510206578016|1018.1279
1510206578137|1018.13086
1510206578220|1018.1218
1510206578336|1018.1188
1510206578459|1018.13354
1510206578617|1018.1862
1510206578736|1018.10443
1510206578817|1018.13696
1510206578937|1018.1062
1510206579018|1018.08887
1510206579138|1018.1831
1510206579257|1018.16974
1510206579416|1018.0879
1510206579536|1018.16187
1510206579657|1018.16034
1510206579816|1018.1526
1510206579936|1018.15784
1510206580018|1018.12305
1510206580137|1018.1526
1510206580257|1018.1643
1510206580340|1018.19165
1510206580457|1018.1763
1510206580617|1018.1731
1510206580737|1018.17
1510206580856|1018.1229
1510206580937|1018.08966
1510206581018|1018.09204
1510206581138|1018.12024
1510206581257|1018.1316
1510206581416|1018.1184
1510206581539|1018.14777
1510206581658|1018.1405
1510206581739|1018.1417
1510206581857|1018.15454
1510206582018|1018.12256
1510206582138|1018.1362
1510206582257|1018.11505
1510206582417|1018.09644
1510206582537|1018.09235
1510206582657|1018.1372
1510206582817|1018.21313
1510206582938|1018.15295
1510206583059|1018.1336
1510206583217|1018.103
1510206583337|1018.17316
1510206583418|1018.1362
1510206583538|1018.08276
1510206583657|1018.12305
1510206583739|1018.1343
1510206583857|1018.15784
1510206584020|1018.1223
1510206584139|1018.1331
1510206584258|1018.1148
1510206584378|1018.1079
1510206584538|1018.1218
1510206584658|1018.15283
1510206584818|1018.11426
1510206584938|1018.1114
1510206585019|1018.07837
1510206585139|1018.0768
1510206585257|1018.1001
1510206585417|1018.1223
1510206585538|1018.13513
1510206585660|1018.1075
1510206585817|1018.1184
1510206585938|1018.11505
1510206586058|1018.16785
1510206586140|1018.15283
1510206586259|1018.1298
1510206586418|1018.1345
1510206586539|1018.1324
1510206586659|1018.12744
1510206586818|1018.14233
1510206586938|1018.0659
1510206587019|1018.03687
1510206587138|1018.0884
1510206587258|1018.107
1510206587378|1018.1638
1510206587459|1018.14703
1510206587620|1018.095
1510206587738|1018.18304
1510206587820|1018.20013
1510206587940|1018.0531
1510206588060|1018.0665
1510206588220|1018.09863
1510206588338|1018.1137
1510206588458|1018.1319
1510206588618|1018.12036
1510206588739|1018.13916
1510206588859|1018.1474
1510206588982|1018.1914
1510206589139|1018.06476
1510206589258|1018.07446
1510206589339|1018.10095
1510206589460|1018.11194
1510206589542|1018.10876
1510206589658|1018.1078
1510206589739|1018.1084
1510206589858|1018.16846
1510206589939|1018.1712
1510206590020|1018.14307
1510206590138|1018.1183
1510206590220|1018.14014
1510206590339|1018.1434
1510206590461|1018.13696
1510206590619|1018.13696
1510206590741|1018.11926
1510206590861|1018.16174
1510206591019|1018.1033
1510206591139|1018.12897
1510206591260|1018.1273
1510206591420|1018.1316
1510206591540|1018.1139
1510206591660|1018.10266
1510206591822|1018.08716
1510206591940|1018.0982
1510206592021|1018.105
1510206592140|1018.13916
1510206592258|1018.1381
1510206592339|1018.13245
1510206592459|1018.1083
1510206592619|1018.12354
1510206592740|1018.1353
1510206592859|1018.1486
1510206592940|1018.14307
1510206593059|1018.1216
1510206593142|1018.13434
1510206593259|1018.127
1510206593341|1018.1173
1510206593459|1018.11096
1510206593541|1018.1088
1510206593661|1018.1704
1510206593822|1018.1648
1510206593940|1018.1107
1510206594022|1018.10815
1510206594141|1018.13043
1510206594260|1018.14136
1510206594342|1018.1336
1510206594460|1018.07935
1510206594541|1018.0925
1510206594661|1018.13074
1510206594819|1018.1306
1510206594940|1018.1658
1510206595060|1018.1485
1510206595220|1018.10156
1510206595341|1018.1069
1510206595460|1018.12036
1510206595620|1018.1467
1510206595741|1018.1456
1510206595822|1018.13135
1510206595941|1018.15186
1510206596061|1018.1172
1510206596180|1018.13184
1510206596342|1018.1089
1510206596460|1018.14197
1510206596620|1018.13477
1510206596741|1018.1201
1510206596860|1018.1085
1510206597020|1018.0818
1510206597141|1018.09644
1510206597260|1018.12036
1510206597420|1018.126
1510206597544|1018.17096
1510206597660|1018.1344
1510206597741|1018.1243
1510206597861|1018.1272
1510206597944|1018.1271
1510206598060|1018.12476
1510206598141|1018.1246
1510206598262|1018.1144
1510206598422|1018.11914
1510206598542|1018.1055
1510206598661|1018.12964
1510206598820|1018.1455
1510206598942|1018.1038
1510206599061|1018.1269
1510206599222|1018.12134
1510206599341|1018.1278
1510206599462|1018.1043
1510206599582|1018.09155
1510206599742|1018.1096
1510206599860|1018.1014
1510206599941|1018.11066
1510206600029|1018.1301
1510206600141|1018.1367
1510206600261|1018.12695
1510206600342|1018.11743
1510206600461|1018.1235
1510206600542|1018.14954
1510206600661|1018.1265
1510206600821|1018.11426
1510206600943|1018.09406
1510206601063|1018.11273
1510206601222|1018.10767
1510206601342|1018.1274
1510206601462|1018.1367
1510206601544|1018.12775
1510206601662|1018.1514
1510206601821|1018.12524
1510206601944|1018.12585
1510206602062|1018.08887
1510206602183|1018.09985
1510206602341|1018.10803
1510206602423|1018.1155
1510206602543|1018.1856
1510206602663|1018.13245
1510206602822|1018.11426
1510206602943|1018.13617
1510206603024|1018.15625
1510206603146|1018.1231
1510206603263|1018.1407
1510206603423|1018.1843
1510206603542|1018.1144
1510206603623|1018.0989
1510206603743|1018.11975
1510206603862|1018.0924
1510206604023|1018.12695
1510206604142|1018.0947
