1509196494368|-0.009307861|0.011550903|0.0039978027
1509196494485|0.0024108887|1.9836426E-4|-0.0048828125
1509196494611|0.0031280518|0.010131836|0.0025787354
1509196494726|0.004547119|0.007293701|0.00932312
1509196494849|-7.7819824E-4|0.0012664795|-0.0020446777
1509196494968|0.08018494|-0.16882324|-0.016952515
1509196495086|0.048217773|0.026824951|0.043060303
1509196495209|0.06668091|-0.13685608|-0.018722534
1509196495369|0.02798462|-0.09815979|-0.022979736
1509196495486|0.03614807|-0.025009155|0.029922485
1509196495607|-0.08067322|-0.0012207031|-0.0975647
1509196495728|0.03970337|-0.31973267|-0.09719849
1509196495854|0.017318726|0.2345581|0.05050659
1509196495969|0.06455994|-0.26150513|-0.046783447
1509196496089|0.08834839|0.049560547|0.117630005
1509196496219|-0.036636353|0.24272156|0.04057312
1509196496327|-0.0710907|-0.1265564|-0.0741272
1509196496450|0.052841187|0.04849243|0.11584473
1509196496567|0.0262146|-0.0033569336|-0.01802063
1509196496686|-0.06150818|-0.06088257|-0.05104065
1509196496811|0.03791809|0.17170715|0.06791687
1509196496932|-0.016052246|0.035354614|0.03062439
1509196497051|0.02798462|-0.20397949|-0.016952515
1509196497172|-0.031677246|0.28604126|0.0025787354
1509196497288|0.046447754|-0.27464294|-0.1018219
1509196497408|0.073791504|0.072280884|0.13076782
1509196497529|-0.0710907|0.05986023|-0.052825928
1509196497656|0.029052734|-0.097091675|-0.044296265
1509196497771|0.045028687|0.054885864|0.06364441
1509196497890|-0.066467285|0.0062408447|-0.013046265
1509196498007|-0.0057525635|-0.04916382|-0.02760315
1509196498128|0.009155273|0.12767029|0.033462524
1509196498249|0.027633667|-0.16847229|-0.02973938
1509196498366|0.014129639|-0.06123352|0.0032806396
1509196498489|-0.09843445|0.3801422|0.045547485
1509196498611|0.020523071|-0.20965576|-0.033996582
1509196498730|0.03437805|-0.052352905|0.011459351
1509196498855|-0.113708496|0.35386658|0.022109985
1509196498972|0.070236206|-0.32577515|-0.054244995
1509196499090|0.14550781|0.14897156|0.1765747
1509196499208|0.034729004|-0.2785492|-0.07234192
1509196499328|0.20126343|0.104599|0.23054504
1509196499450|-0.06434631|-0.12301636|-0.026184082
1509196499570|0.064193726|0.24130249|0.1531372
1509196499686|-0.17938232|-0.10455322|-0.07910156
1509196499810|0.068099976|0.3403778|0.2074585
1509196499929|0.003479004|-0.27464294|-0.04499817
1509196500047|6.4086914E-4|-0.007965088|-6.2561035E-4
1509196500170|0.019454956|0.039611816|-0.009140015
1509196500291|-0.013916016|-0.0061950684|-0.022277832
1509196500408|-0.1264801|-0.07046509|0.045181274
1509196500529|-0.04446411|0.025054932|0.016067505
1509196500657|-0.06576538|-0.02003479|-0.036834717
1509196500767|0.07095337|0.019378662|-0.081588745
1509196500888|-0.016052246|0.047790527|0.040222168
1509196501015|-0.007873535|0.031448364|-0.0236969
1509196501128|0.03401184|0.010848999|0.018554688
1509196501252|-0.014633179|0.21253967|0.022109985
1509196501368|0.06491089|-0.39465332|-0.1103363
1509196501487|0.13237|0.103881836|0.13502502
1509196501610|-0.15310669|0.03286743|-0.17532349
1509196501730|-0.07711792|-0.40246582|-0.10394287
1509196501855|0.0020599365|0.6208954|0.13076782
1509196501970|-0.021026611|-0.48805237|-0.24349976
1509196502089|0.06277466|0.22851562|0.19929504
1509196502209|-0.076416016|0.21360779|-0.015182495
1509196502331|0.03578186|-0.23558044|-0.038970947
1509196502450|0.054260254|0.04458618|0.041992188
1509196502572|-0.12008667|0.17170715|-0.028671265
1509196502689|0.06951904|-0.35168457|-0.062057495
1509196502828|0.052124023|0.40039062|0.13858032
1509196502929|0.05958557|-0.43585205|-0.12667847
1509196503052|0.07237244|0.035705566|0.10412598
1509196503171|-0.0675354|0.092163086|0.0064849854
1509196503289|-0.01889038|-0.029266357|-0.0236969
1509196503414|-0.14778137|0.13407898|-0.032928467
1509196503530|0.0063171387|-0.09283447|-0.011276245
1509196503654|-0.11831665|0.40499878|0.03453064
1509196503772|0.05886841|-0.3857727|-0.10572815
1509196503892|0.06916809|0.14222717|0.11228943
1509196504016|0.040405273|-0.23735046|-0.07092285
1509196504133|0.02229309|0.026123047|0.046966553
1509196504250|-0.13536072|0.08576965|-0.06594849
1509196504368|-0.02279663|0.020080566|0.005065918
1509196504489|-0.033447266|0.22035217|0.049804688
1509196504611|0.014480591|-0.15745544|-0.067733765
1509196504744|0.034729004|0.1798706|0.0664978
1509196504851|-0.0018463135|-0.048446655|-9.765625E-4
1509196504970|-0.0068206787|-0.038497925|-0.0045318604
1509196505092|-0.05795288|0.23881531|0.029922485
1509196505210|-0.016052246|-0.14147949|-0.035064697
1509196505331|0.021591187|0.20011902|0.08389282
1509196505452|-0.019607544|-0.21427917|-0.1060791
1509196505576|0.056747437|0.3098297|0.1843872
1509196505689|-0.031311035|-0.24195862|-0.13981628
1509196505811|0.062423706|0.24449158|0.14958191
1509196505930|0.083724976|-0.40176392|-0.0435791
1509196506051|0.040756226|0.047424316|-0.0034637451
1509196506184|-0.010009766|-0.08430481|-0.01020813
1509196506294|0.024429321|-0.032470703|-0.005584717
1509196506417|-0.01675415|-0.2362976|-0.1025238
1509196506532|0.058517456|0.017959595|0.11265564
1509196506655|-0.15275574|-0.17663574|-0.24313354
1509196506770|0.009155273|0.14152527|0.1410675
1509196506891|-0.029541016|0.14117432|-0.030807495
1509196507013|0.011642456|-0.43797302|-0.05104065
1509196507133|0.059936523|0.23242188|0.064712524
1509196507254|-0.06149292|-0.3460083|-0.21012878
1509196507373|0.044677734|0.17489624|0.18154907
1509196507496|-0.06150818|-0.19154358|-0.25343323
1509196507610|0.0017089844|0.05204773|0.08389282
1509196507732|-0.007888794|0.33184814|0.12295532
1509196507852|-0.1023407|-0.26646423|-0.13058472
1509196507977|0.018035889|0.06730652|0.0061187744
1509196508094|0.009170532|0.050979614|0.037368774
1509196508224|-0.022079468|-0.024307251|-0.05317688
1509196508330|0.078048706|-0.0061950684|0.013946533
1509196508454|-0.25253296|0.38511658|0.01890564
