1510206422054|-4.069397|0.8877411|9.933411
1510206422167|-2.4374847|-0.5902252|10.293121
1510206422283|-3.3252258|1.6079712|7.5637054
1510206422397|-3.4839478|2.0155487|8.838287
1510206422513|-4.3413696|2.067398|10.133606
1510206422626|-4.6037903|3.331604|6.7892456
1510206422741|-4.4418793|2.8330994|8.947556
1510206422857|-4.6723785|2.4191437|8.105286
1510206422973|-4.893326|2.6839447|7.1026917
1510206423087|-3.5684967|1.4604187|9.635101
1510206423204|-2.805191|0.95632935|10.288345
1510206423318|-2.794815|1.0424805|9.848862
1510206423434|-3.5238342|1.7818604|7.9505463
1510206423549|-4.201004|1.6358948|9.254639
1510206423665|-3.7328033|2.2747803|8.63649
1510206423776|-4.864609|2.2205353|8.606979
1510206423894|-3.8301086|1.9780731|8.57428
1510206424007|-3.2933197|1.7946167|8.986649
1510206424123|-3.60997|1.6678009|9.253845
1510206424239|-3.8628082|1.77388|8.737793
1510206424351|-4.322235|1.6470642|8.900497
1510206424466|-4.32782|1.2370911|8.323044
1510206424583|-1.9972076|-0.27357483|9.068802
1510206424696|-2.5651093|-0.77049255|10.999802
1510206424813|0.43789673|-3.0317078|8.247269
1510206424934|-2.04187|-4.810379|11.15773
1510206425043|-1.7834473|-1.6207428|7.4608154
1510206425156|-2.1726837|-1.2921143|11.495117
1510206425274|-2.0012054|-0.727417|8.524826
1510206425387|-1.2793579|-0.9698944|10.202194
1510206425503|-0.8494568|-0.8271179|10.0195465
1510206425617|-0.943573|-0.6109619|9.714066
1510206425733|-0.7601166|-0.9188385|9.114273
1510206425847|-1.2466583|-0.13957214|10.390427
1510206425962|-1.6789551|0.9172516|10.706284
1510206426077|-2.632904|1.6334991|8.462616
1510206426194|-2.2093658|1.090332|10.3688965
1510206426307|-2.7437744|1.2562256|8.983459
1510206426423|-3.2534332|1.8153534|9.077576
1510206426538|-3.2414856|1.9118652|9.694916
1510206426653|-3.2630157|2.0833588|8.477768
1510206426767|-4.086136|2.06102|8.62294
1510206426883|-3.8580322|2.3178558|8.985046
1510206426998|-3.5429688|2.2069855|8.846268
1510206427115|-4.018341|1.3336029|9.584854
1510206427228|-2.8091736|1.6039886|8.8367
1510206427343|-3.1800537|2.5682983|8.219345
1510206427460|-3.4576263|1.9868317|9.828918
1510206427575|-3.1162567|1.9318085|9.092728
1510206427688|-3.2829437|2.0562286|9.084747
1510206427804|-2.8737793|1.9629059|9.662216
1510206427920|-2.7501526|1.9094696|9.125427
1510206428033|-3.2183533|1.9397888|9.2378845
1510206428150|-3.2063904|2.005188|8.76651
1510206428264|-3.2741852|1.439682|8.834305
1510206428379|-4.094925|1.4077759|9.7332
1510206428493|-4.386841|1.4077759|8.693924
1510206428608|-4.580658|1.2362976|8.414764
1510206428723|-4.6731873|1.3966064|9.403793
1510206428840|-4.252838|1.2139587|8.919647
1510206428954|-4.224121|1.3072815|8.240082
1510206429071|-4.1946106|1.498703|8.351746
1510206429186|-4.2943115|1.5657043|8.399612
1510206429301|-4.9108734|1.208374|8.59343
1510206429413|-4.266403|1.4827576|8.56311
1510206429530|-3.8404846|1.3343964|8.553543
1510206429644|-4.296707|0.3046875|9.244263
1510206429758|-3.8029938|1.0967102|8.49292
1510206429875|-4.1204376|1.1126556|9.102295
1510206429991|-4.484955|0.88134766|8.830307
1510206430104|-4.4418793|0.98983765|8.583847
1510206430221|-4.030304|1.3750763|9.163712
1510206430335|-4.5726776|1.2283173|8.772095
1510206430449|-4.642868|1.2219238|8.341385
1510206430565|-4.320648|1.4580231|8.403595
1510206430678|-3.6490479|0.83987427|9.644669
1510206430795|-3.154541|0.668396|9.648651
1510206430908|-3.0931244|0.7098694|9.170883
1510206431025|-3.2701874|0.65164185|9.225128
1510206431141|-3.1824493|0.6628113|9.285751
1510206431256|-2.516449|0.16111755|9.631912
1510206431368|-2.0993042|0.22332764|9.485947
1510206431484|-2.0139618|-0.20817566|9.81456
1510206431598|-2.0618134|-0.13400269|9.533005
1510206431714|-2.0219421|-0.24885559|9.824127
1510206431830|-2.3401794|0.2664032|9.360718
1510206431944|-2.7637177|0.4992981|9.659027
1510206432061|-3.0436707|0.57188416|9.706879
1510206432176|-3.3403778|1.1828461|9.39502
1510206432289|-4.106888|1.8065796|7.490326
1510206432381|-3.4727783|2.1846466|8.904495
1510206432462|-4.497711|2.4255219|9.207581
1510206432579|-4.496109|2.4933167|8.082153
1510206432694|-4.6779633|3.007782|7.3866425
1510206432809|-4.5455627|2.4247284|9.333603
1510206432922|-3.5166473|2.673584|7.898712
1510206433037|-4.5025024|2.5204468|8.86142
1510206433151|-4.3294067|2.766098|7.8428802
1510206433267|-4.8901367|2.269989|8.115662
1510206433384|-3.9058838|2.180664|9.466003
1510206433497|-3.9473572|2.2085724|8.240082
1510206433614|-4.264801|1.4739838|9.061615
1510206433727|-4.1427765|1.7467651|8.462616
1510206433843|-4.6069794|1.421341|9.048859
1510206433957|-4.050247|1.2354889|8.566299
1510206434072|-4.465805|0.9834595|7.9314117
1510206434186|-5.4165497|0.28793335|9.201996
1510206434302|-2.4351044|0.2919159|8.611771
1510206434416|-1.2466583|-1.583252|9.771484
1510206434533|-2.7150574|-0.78804016|10.220551
1510206434649|-3.1082764|-0.4665985|10.03949
1510206434763|-2.283554|-0.86221313|9.97168
1510206434879|-0.8271179|-0.69551086|8.714661
1510206434991|-1.6654053|-0.5439606|10.159927
1510206435107|-1.3814545|-0.53678894|9.475571
1510206435222|-2.3625183|-0.19779968|11.76152
1510206435339|-2.7389832|1.1469574|8.605392
1510206435453|-3.402588|1.7475586|7.9657135
1510206435568|-3.89711|1.3982086|9.197205
1510206435684|-4.472992|2.0809479|7.9369965
1510206435797|-4.0582275|1.6622162|9.28894
1510206435912|-4.9276123|1.863205|8.401199
1510206436028|-5.008972|2.089737|8.339783
1510206436145|-4.7569275|2.165512|7.9744873
1510206436261|-5.1996|1.9676971|8.995422
1510206436375|-5.085556|2.233307|8.581467
1510206436490|-5.6821594|2.2197418|7.8779755
1510206436603|-5.728409|2.6241302|7.0388947
1510206436719|-6.2165527|3.3252258|5.981262
1510206436834|-5.973282|3.2853546|7.8221436
1510206436947|-5.8560333|3.0285187|7.939392
1510206437063|-5.9980164|3.231903|6.939987
1510206437178|-6.141571|3.27417|7.4305115
1510206437295|-5.9621124|3.771881|6.501297
1510206437408|-6.416748|4.1076813|5.95813
1510206437525|-6.8043823|4.006378|4.3198395
1510206437639|-6.3688965|4.2927246|5.728424
1510206437754|-6.0721893|2.5515442|8.29512
1510206437867|-4.700302|3.0995026|7.5485535
1510206437983|-4.695511|2.1950226|8.788834
1510206438098|-4.700302|1.5816498|9.028915
1510206438213|-5.027313|1.267395|8.14357
1510206438328|-4.8805695|0.8358917|8.673981
1510206438444|-3.9736786|0.18902588|9.614365
1510206438557|-2.989441|0.5726776|8.713867
1510206438675|-3.0803528|0.15553284|9.667801
1510206438788|-2.8937225|0.08934021|9.272995
1510206438904|-3.1960144|-0.082962036|10.095322
1510206439019|-3.6059875|0.9020996|8.387634
1510206439133|-3.372284|0.550354|9.019348
1510206439250|-2.7318115|-0.6667938|10.248459
1510206439363|-2.7254333|-0.4107666|9.540985
1510206439480|-2.6959076|-0.6420746|9.5433655
1510206439595|-2.6089783|-0.5902252|9.128616
1510206439708|-2.904892|-0.7537384|9.808975
1510206439827|-3.0014038|-0.5854492|9.852844
1510206439938|-2.1447601|-0.63809204|10.01236
1510206440054|-2.879364|-0.9052887|9.415756
1510206440171|-2.4374847|-0.28474426|9.966904
1510206440286|-3.4472656|-0.7601166|8.695511
1510206440399|-3.8692017|0.34376526|9.9062805
1510206440513|-2.4247284|1.5162506|9.7332
1510206440628|-2.2253265|2.0737762|5.4707947
1510206440745|-4.02153|1.1772614|10.989441
1510206440858|-2.5005035|1.3136597|9.796219
1510206440974|-3.115448|0.815155|7.9960175
1510206441089|-2.8562317|1.0791626|10.296326
1510206441206|-1.7324066|2.7389832|7.956131
1510206441319|-3.1553345|2.1168518|9.522629
1510206441435|-4.155533|2.67836|8.380463
1510206441550|-4.069397|3.503891|8.101303
1510206441663|-3.5110626|3.5581207|8.414764
1510206441780|-4.113266|3.6283112|8.035095
1510206441894|-3.6466675|3.75354|8.956329
1510206442008|-2.9008942|3.9385834|9.285751
1510206442125|-2.4941254|4.5375824|8.713074
1510206442241|-1.7531433|4.9970093|9.2378845
1510206442353|-1.087143|5.0512543|6.8307037
1510206442469|-2.6560364|3.723236|8.729019
1510206442587|-4.283951|1.2801666|9.973282
1510206442701|-4.2113647|1.4229279|10.084152
1510206442815|-4.063019|2.5778656|7.7463684
1510206442929|-2.5730743|3.326828|9.287338
1510206443043|-3.6155548|2.8745728|9.187637
1510206443158|-3.3930206|3.3778687|8.739395
1510206443275|-2.0985107|4.627716|8.554337
1510206443391|-1.0424805|4.936386|9.58963
1510206443506|-1.028122|4.9595184|6.784439
1510206443621|-3.041275|4.8462677|8.554337
1510206443735|-2.762909|5.477173|6.8426666
1510206443850|-2.5834503|5.0695953|7.6163483
1510206443964|-2.7589264|4.6779633|9.285751
1510206444080|-3.1872406|5.0440674|8.138794
1510206444196|-2.6065826|4.4179535|9.866409
1510206444309|-2.604187|4.997818|7.556534
1510206444426|-2.9870453|4.5750732|8.886139
1510206444541|-1.8951111|4.913269|7.3339996
1510206444656|-2.675171|4.614151|8.761719
1510206444771|-0.815155|3.779068|8.037491
1510206444885|-3.010971|3.0771637|7.9114685
1510206444999|-3.488739|0.80877686|8.600601
1510206445116|-3.3427734|-1.0735779|10.135193
1510206445230|-2.6089783|-1.7866364|10.230911
1510206445346|-2.6424713|-0.9842377|8.895721
1510206445461|-2.423935|-0.7098694|10.966309
1510206445576|-2.3529358|-0.11166382|9.850449
1510206445691|-2.4662018|-0.21057129|9.2043915
1510206445807|-2.1766663|0.19621277|8.228119
1510206445919|-2.8929138|0.6197357|9.87677
1510206446035|-4.015152|1.0608215|9.328018
1510206446149|-3.2646027|1.7579193|9.225128
1510206446266|-3.265396|1.8735809|9.382263
1510206446380|-3.662613|2.1631165|8.07019
1510206446497|-3.4656067|2.2492523|9.24028
1510206446612|-3.1433716|2.0027924|8.875778
1510206446724|-3.5062866|2.2165527|8.818344
1510206446840|-2.9990082|2.2021942|9.539383
1510206446955|-3.1162567|2.0323029|9.38385
1510206447070|-3.431305|2.1160583|8.701904
1510206447185|-2.8809662|2.3409882|8.608582
1510206447301|-2.823532|2.2460632|9.610367
1510206447417|-3.2207336|2.454239|9.48674
1510206447532|-3.169693|3.1481628|7.968094
1510206447647|-1.5904236|4.169098|8.287933
1510206447761|-1.4803619|4.5359955|7.888336
1510206447875|-1.8440704|4.45224|9.19162
1510206447990|-1.3104706|4.940384|8.428314
1510206448105|-2.1750793|4.6253204|8.893326
1510206448222|-1.8775635|4.7808533|9.278564
1510206448336|-1.7690887|4.4586334|8.734604
1510206448450|-2.1798553|4.559128|8.4769745
1510206448567|-2.3896332|4.356537|9.234695
1510206448681|-2.590622|4.047058|8.906891
1510206448796|-2.0307007|4.2472534|8.594223
1510206448910|-2.880951|3.5421753|7.665802
1510206449027|-2.3417816|4.0|8.467407
1510206449142|-2.6911316|3.5533447|9.250656
1510206449257|-2.4845428|3.4879456|8.897308
1510206449372|-2.3449707|3.2941132|8.262421
1510206449488|-2.2994995|2.3936157|8.26561
1510206449603|-2.182251|0.4195404|11.435303
