1509526786852|0.013620348|-0.013620348|-0.068101734
1509526786982|0.013620348|-0.013620348|-0.068101734
1509526787115|0.0|0.0|-0.068101734
1509526787247|0.0|-0.027240695|-0.08172209
1509526787379|0.0|0.0|-0.068101734
1509526787511|0.0|-0.013620348|-0.08172209
1509526787643|0.0|0.0|-0.08172209
1509526787774|0.013620348|0.0|-0.08172209
1509526787907|0.013620348|0.0|-0.08172209
1509526788038|-0.013620348|0.0|-0.08172209
1509526788171|-0.013620348|0.0|-0.068101734
1509526788303|-0.013620348|0.0|-0.068101734
1509526788434|-0.013620348|0.0|-0.068101734
1509526788567|-0.013620348|-0.013620348|-0.068101734
1509526788699|-0.013620348|-0.013620348|-0.08172209
1509526788831|0.0|0.0|-0.08172209
1509526788963|-0.013620348|0.0|-0.068101734
1509526789094|0.0|0.0|-0.068101734
1509526789227|0.0|0.0|-0.068101734
1509526789359|0.0|0.0|-0.08172209
1509526789491|0.0|0.0|-0.08172209
1509526789624|0.0|-0.013620348|-0.08172209
1509526789755|0.0|-0.013620348|-0.08172209
1509526789887|-0.013620348|-0.013620348|-0.08172209
1509526790019|0.0|-0.013620348|-0.08172209
1509526790151|-0.013620348|-0.013620348|-0.08172209
1509526790282|-0.013620348|-0.013620348|-0.08172209
1509526790415|0.0|-0.013620348|-0.08172209
1509526790547|0.0|-0.013620348|-0.08172209
1509526790679|0.0|-0.013620348|-0.08172209
1509526790811|0.0|-0.013620348|-0.08172209
1509526790943|0.0|-0.013620348|-0.068101734
1509526791074|-0.013620348|-0.013620348|-0.068101734
1509526791207|-0.013620348|-0.013620348|-0.068101734
1509526791339|-0.013620348|-0.013620348|-0.068101734
1509526791471|0.0|-0.027240695|-0.068101734
1509526791603|-0.013620348|0.0|-0.08172209
1509526791735|0.0|-0.013620348|-0.08172209
1509526791868|0.0|-0.013620348|-0.08172209
1509526791999|-0.013620348|-0.013620348|-0.068101734
1509526792130|-0.013620348|-0.013620348|-0.08172209
1509526792262|0.0|-0.013620348|-0.08172209
1509526792395|0.0|-0.013620348|-0.08172209
1509526792527|0.0|-0.013620348|-0.08172209
1509526792659|0.0|-0.013620348|-0.08172209
1509526792792|0.0|-0.013620348|-0.08172209
1509526792924|0.0|-0.013620348|-0.08172209
1509526793055|0.0|-0.027240695|-0.08172209
1509526793187|0.0|-0.027240695|-0.08172209
1509526793319|0.0|0.0|-0.068101734
1509526793452|0.0|-0.013620348|-0.068101734
1509526793582|0.0|-0.027240695|-0.08172209
1509526793715|-0.013620348|-0.013620348|-0.08172209
1509526793847|-0.013620348|-0.013620348|-0.068101734
1509526793978|0.0|-0.013620348|-0.08172209
1509526794118|0.0|-0.027240695|-0.08172209
1509526794243|0.0|-0.027240695|-0.08172209
1509526794375|0.0|0.0|-0.08172209
1509526794507|0.0|-0.013620348|-0.08172209
1509526794639|0.0|-0.013620348|-0.08172209
1509526794771|0.0|-0.013620348|-0.08172209
1509526794904|-0.027240695|0.013620348|-0.068101734
1509526795034|-0.027240695|0.013620348|-0.05448139
1509526795168|0.0|-0.013620348|-0.08172209
1509526795300|0.0|-0.040861044|-0.08172209
1509526795429|-0.027240695|0.0|-0.05448139
1509526795563|-0.027240695|0.0|-0.05448139
1509526795695|-0.027240695|0.027240695|-0.05448139
1509526795826|-0.027240695|0.027240695|-0.05448139
1509526795958|0.027240695|0.0|-0.068101734
1509526796091|0.013620348|-0.027240695|-0.08172209
1509526796223|0.027240695|-0.040861044|-0.08172209
1509526796355|0.027240695|-0.040861044|-0.095342435
1509526796487|0.040861044|-0.040861044|-0.095342435
1509526796618|0.027240695|-0.040861044|-0.08172209
1509526796752|0.027240695|-0.040861044|-0.08172209
1509526796882|0.013620348|-0.027240695|-0.08172209
1509526797014|0.013620348|-0.013620348|-0.08172209
1509526797147|0.027240695|-0.013620348|-0.08172209
1509526797279|0.027240695|-0.013620348|-0.08172209
1509526797410|0.027240695|-0.027240695|-0.08172209
1509526797542|0.027240695|-0.027240695|-0.08172209
1509526797675|0.027240695|0.0|-0.08172209
1509526797807|0.013620348|-0.027240695|-0.08172209
1509526797939|0.013620348|0.0|-0.08172209
1509526798070|0.013620348|-0.027240695|-0.068101734
1509526798203|0.013620348|-0.027240695|-0.08172209
1509526798336|0.013620348|0.0|-0.08172209
1509526798465|0.0|-0.013620348|-0.08172209
1509526798599|0.013620348|-0.027240695|-0.08172209
1509526798731|0.013620348|-0.027240695|-0.08172209
1509526798863|0.013620348|-0.027240695|-0.08172209
1509526798995|0.013620348|-0.027240695|-0.08172209
1509526799126|0.013620348|-0.027240695|-0.068101734
1509526799258|0.0|0.0|-0.068101734
1509526799392|0.0|0.0|-0.068101734
1509526799523|0.0|-0.013620348|-0.068101734
1509526799655|-0.013620348|-0.013620348|-0.068101734
1509526799787|0.013620348|0.0|-0.08172209
1509526799919|0.013620348|-0.013620348|-0.08172209
1509526800050|0.0|0.0|-0.08172209
1509526800183|0.0|-0.013620348|-0.08172209
1509526800314|0.0|-0.027240695|-0.08172209
1509526800447|0.0|-0.027240695|-0.08172209
1509526800579|0.0|-0.027240695|-0.08172209
1509526800711|-0.013620348|0.0|-0.08172209
1509526800843|0.0|-0.027240695|-0.08172209
1509526800974|0.0|0.0|-0.08172209
1509526801107|0.0|-0.027240695|-0.08172209
1509526801239|0.0|-0.027240695|-0.08172209
1509526801371|0.0|-0.027240695|-0.08172209
1509526801502|0.0|-0.013620348|-0.08172209
1509526801636|-0.027240695|0.013620348|-0.05448139
1509526801767|0.0|-0.013620348|-0.08172209
1509526801899|0.013620348|-0.013620348|-0.08172209
1509526802031|0.0|-0.027240695|-0.08172209
1509526802164|-0.013620348|0.0|-0.08172209
1509526802295|0.0|-0.013620348|-0.068101734
1509526802427|-0.013620348|-0.027240695|-0.08172209
1509526802570|0.0|-0.027240695|-0.068101734
1509526802691|0.0|0.0|-0.068101734
1509526802823|0.0|0.0|-0.068101734
1509526802955|0.0|0.013620348|-0.068101734
1509526803087|0.0|-0.027240695|-0.068101734
1509526803218|0.0|-0.027240695|-0.08172209
1509526803351|0.0|-0.027240695|-0.08172209
1509526803482|0.0|-0.013620348|-0.08172209
1509526803615|0.0|-0.013620348|-0.08172209
1509526803747|0.0|-0.013620348|-0.08172209
1509526803879|0.0|0.0|-0.08172209
1509526804011|0.0|-0.027240695|-0.08172209
1509526804143|0.0|-0.013620348|-0.08172209
1509526804275|0.0|-0.013620348|-0.08172209
1509526804407|0.013620348|-0.013620348|-0.08172209
1509526804544|0.0|-0.013620348|-0.08172209
1509526804671|0.0|-0.027240695|-0.08172209
1509526804802|0.0|-0.027240695|-0.08172209
1509526804935|0.013620348|-0.040861044|-0.095342435
1509526805066|0.013620348|-0.013620348|-0.095342435
1509526805201|0.0|0.0|-0.08172209
1509526805331|0.0|-0.013620348|-0.08172209
1509526805462|0.013620348|-0.013620348|-0.08172209
1509526805594|0.013620348|-0.027240695|-0.08172209
1509526805727|0.027240695|-0.027240695|-0.08172209
1509526805858|0.013620348|-0.027240695|-0.08172209
1509526805992|0.013620348|-0.027240695|-0.08172209
1509526806123|0.013620348|-0.027240695|-0.08172209
1509526806255|0.013620348|-0.027240695|-0.08172209
1509526806387|0.027240695|-0.027240695|-0.08172209
1509526806519|0.013620348|-0.027240695|-0.08172209
1509526806652|0.013620348|-0.027240695|-0.08172209
1509526806783|0.0|-0.027240695|-0.08172209
1509526806915|-0.013620348|0.0|-0.068101734
1509526807047|-0.013620348|0.027240695|-0.05448139
1509526807179|-0.027240695|0.027240695|-0.068101734
1509526807311|0.0|0.0|-0.068101734
1509526807443|0.027240695|-0.040861044|-0.08172209
1509526807585|0.013620348|-0.013620348|-0.08172209
1509526807707|0.013620348|-0.013620348|-0.095342435
1509526807838|0.027240695|-0.013620348|-0.08172209
1509526807971|0.027240695|-0.027240695|-0.08172209
1509526808103|0.027240695|-0.027240695|-0.08172209
1509526808236|0.0|0.0|-0.08172209
1509526808366|0.0|0.0|-0.08172209
1509526808500|0.0|0.013620348|-0.095342435
1509526808631|0.0|-0.027240695|-0.08172209
1509526808763|0.0|-0.027240695|-0.095342435
1509526808895|-0.013620348|0.0|-0.08172209
1509526809027|0.0|-0.013620348|-0.08172209
1509526809159|0.0|-0.013620348|-0.08172209
1509526809291|0.0|0.0|-0.08172209
1509526809423|0.013620348|0.0|-0.095342435
