1509528061640|-0.013620348|-0.013620348|-0.040861044
1509528061765|-0.013620348|-0.027240695|-0.05448139
1509528061846|-0.013620348|0.0|-0.05448139
1509528061979|-0.013620348|0.0|-0.05448139
1509528062111|-0.013620348|0.0|-0.05448139
1509528062243|0.0|-0.013620348|-0.040861044
1509528062344|0.013620348|0.0|-0.05448139
1509528062441|0.013620348|0.0|-0.05448139
1509528062574|0.013620348|-0.027240695|-0.05448139
1509528062704|0.0|0.013620348|-0.040861044
1509528062837|0.013620348|-0.027240695|-0.05448139
1509528062972|0.013620348|-0.027240695|-0.05448139
1509528063100|0.027240695|-0.040861044|-0.05448139
1509528063234|0.027240695|-0.027240695|-0.05448139
1509528063365|0.027240695|-0.027240695|-0.05448139
1509528063497|0.013620348|-0.027240695|-0.05448139
1509528063630|0.013620348|-0.027240695|-0.05448139
1509528063772|0.013620348|-0.027240695|-0.05448139
1509528063893|0.013620348|0.0|-0.040861044
1509528064025|0.0|-0.013620348|-0.040861044
1509528064156|-0.013620348|-0.027240695|-0.05448139
1509528064289|-0.027240695|0.0|-0.08172209
1509528064420|0.013620348|-0.040861044|-0.05448139
1509528064553|0.013620348|-0.027240695|-0.05448139
1509528064685|0.013620348|-0.027240695|-0.027240695
1509528064822|-0.013620348|-0.013620348|-0.040861044
1509528064949|-0.013620348|-0.027240695|-0.040861044
1509528065080|-0.027240695|0.0|-0.013620348
1509528065213|-0.027240695|0.013620348|-0.027240695
1509528065345|-0.027240695|0.027240695|-0.027240695
1509528065477|-0.027240695|0.013620348|-0.027240695
1509528065609|-0.013620348|0.0|-0.013620348
1509528065745|-0.027240695|0.0|-0.040861044
1509528065875|0.013620348|0.0|-0.05448139
1509528066005|-0.013620348|0.0|-0.027240695
1509528066147|-0.013620348|0.0|-0.05448139
1509528066269|0.013620348|-0.040861044|-0.027240695
1509528066402|-0.013620348|-0.013620348|0.013620348
1509528066533|-0.013620348|-0.013620348|-0.068101734
1509528066723|0.0|-0.013620348|-0.05448139
1509528066863|-0.05448139|0.013620348|-0.027240695
1509528066995|-0.013620348|-0.013620348|-0.027240695
1509528067127|0.013620348|-0.013620348|-0.040861044
1509528067259|0.013620348|-0.027240695|-0.040861044
1509528067391|0.0|-0.027240695|-0.040861044
1509528067523|-0.013620348|-0.027240695|-0.040861044
1509528067655|0.013620348|-0.013620348|-0.013620348
1509528067764|0.0|-0.027240695|-0.05448139
1509528067887|0.013620348|-0.027240695|-0.027240695
1509528067985|0.013620348|-0.027240695|-0.013620348
1509528068117|0.0|-0.027240695|-0.05448139
1509528068249|0.013620348|-0.027240695|-0.05448139
1509528068382|0.013620348|-0.027240695|-0.05448139
1509528068514|0.013620348|-0.027240695|-0.05448139
1509528068646|0.013620348|-0.027240695|-0.027240695
1509528068778|0.013620348|-0.027240695|-0.05448139
1509528068910|0.013620348|-0.027240695|-0.05448139
1509528069040|-0.027240695|0.0|-0.05448139
1509528069174|-0.013620348|0.0|-0.068101734
1509528069305|-0.013620348|0.0|-0.040861044
1509528069437|-0.013620348|-0.013620348|-0.040861044
1509528069569|-0.013620348|-0.013620348|-0.040861044
1509528069702|-0.013620348|-0.013620348|-0.05448139
1509528069834|-0.013620348|0.013620348|-0.040861044
1509528069965|-0.013620348|0.013620348|-0.040861044
1509528070161|0.013620348|0.0|-0.040861044
1509528070295|0.0|-0.013620348|-0.05448139
1509528070428|0.0|-0.013620348|-0.05448139
1509528070515|0.013620348|0.0|-0.05448139
1509528070631|0.013620348|-0.027240695|-0.05448139
1509528070775|0.013620348|-0.013620348|-0.05448139
1509528070891|0.013620348|-0.013620348|-0.05448139
1509528071024|-0.013620348|-0.013620348|-0.05448139
1509528071153|0.013620348|-0.027240695|-0.040861044
1509528071286|0.013620348|0.0|-0.05448139
1509528071422|0.0|0.0|-0.068101734
1509528071551|0.0|0.0|-0.040861044
1509528071681|-0.013620348|-0.013620348|-0.05448139
1509528071812|-0.027240695|0.013620348|-0.040861044
1509528071946|-0.027240695|0.013620348|-0.05448139
1509528072078|-0.040861044|0.027240695|-0.013620348
1509528072209|-0.040861044|0.013620348|-0.05448139
1509528072341|-0.040861044|0.027240695|-0.027240695
1509528072474|-0.013620348|0.013620348|-0.05448139
1509528072605|-0.013620348|0.0|-0.05448139
1509528072738|0.0|0.0|-0.05448139
1509528072870|0.027240695|-0.040861044|-0.068101734
1509528073004|0.0|-0.013620348|-0.05448139
1509528073134|0.0|-0.027240695|-0.05448139
1509528073266|0.0|-0.027240695|-0.05448139
1509528073399|0.0|-0.027240695|-0.068101734
1509528073531|-0.027240695|-0.027240695|-0.05448139
1509528073661|0.0|-0.027240695|-0.05448139
1509528073794|-0.013620348|-0.027240695|-0.05448139
1509528073926|0.013620348|-0.027240695|-0.05448139
1509528074058|0.013620348|-0.027240695|-0.05448139
1509528074189|0.0|-0.013620348|-0.05448139
1509528074321|0.0|-0.027240695|-0.05448139
1509528074454|0.0|0.0|-0.05448139
1509528074587|0.0|0.0|-0.05448139
1509528074718|-0.027240695|-0.013620348|0.0
1509528074852|0.0|-0.013620348|-0.068101734
1509528074983|0.027240695|-0.027240695|-0.16344418
1509528075115|-0.027240695|0.0|-0.068101734
1509528075245|0.0|-0.013620348|-0.05448139
1509528075377|0.0|-0.013620348|-0.05448139
1509528075509|-0.095342435|-0.027240695|-0.05448139
1509528075643|0.013620348|-0.040861044|-0.068101734
1509528075774|0.013620348|-0.013620348|-0.05448139
1509528075906|-0.013620348|-0.027240695|-0.05448139
1509528076039|-0.013620348|0.0|-0.08172209
1509528076169|-0.013620348|-0.013620348|-0.05448139
1509528076301|0.013620348|-0.013620348|-0.08172209
1509528076434|0.0|-0.013620348|-0.05448139
1509528076571|0.0|-0.013620348|-0.05448139
1509528076698|0.0|-0.013620348|-0.05448139
1509528076830|0.0|-0.013620348|-0.05448139
1509528076962|0.0|-0.013620348|-0.08172209
1509528077095|0.013620348|-0.013620348|-0.095342435
1509528077227|0.013620348|-0.013620348|-0.068101734
1509528077358|0.027240695|-0.027240695|-0.095342435
1509528077491|0.013620348|-0.013620348|-0.05448139
1509528077623|0.013620348|-0.013620348|-0.08172209
1509528077754|0.0|-0.013620348|-0.05448139
1509528077885|0.0|-0.013620348|-0.068101734
1509528078018|0.0|-0.013620348|-0.08172209
1509528078149|0.0|-0.027240695|-0.068101734
1509528078282|-0.013620348|0.0|-0.027240695
1509528078413|0.0|-0.040861044|-0.05448139
1509528078546|-0.027240695|-0.027240695|-0.068101734
1509528078678|-0.027240695|-0.027240695|-0.068101734
1509528078811|0.0|-0.013620348|-0.068101734
1509528078943|-0.027240695|0.0|-0.05448139
1509528079075|0.0|-0.013620348|-0.068101734
1509528079207|-0.027240695|0.0|-0.068101734
1509528079338|0.027240695|0.0|-0.068101734
1509528079470|0.0|0.0|-0.08172209
1509528079604|-0.027240695|-0.013620348|-0.08172209
1509528079734|0.013620348|0.040861044|-0.05448139
1509528079866|0.0|0.040861044|-0.05448139
1509528079998|-0.013620348|0.05448139|-0.040861044
1509528080131|0.0|0.0|-0.08172209
1509528080264|0.0|-0.027240695|-0.08172209
1509528080395|0.0|-0.027240695|-0.068101734
1509528080526|0.0|-0.027240695|-0.068101734
1509528080662|0.0|-0.027240695|-0.068101734
1509528080790|-0.013620348|0.0|-0.068101734
1509528080922|-0.013620348|-0.013620348|-0.068101734
1509528081054|0.013620348|-0.013620348|-0.08172209
1509528081186|0.013620348|-0.027240695|-0.068101734
