1509412124468|1027.2556
1509412124605|1027.3147
1509412124735|1027.3079
1509412124867|1027.2926
1509412125003|1027.3019
1509412125135|1027.3188
1509412125269|1027.3048
1509412125405|1027.2946
1509412125538|1027.2867
1509412125668|1027.2566
1509412125804|1027.2566
1509412125937|1027.2404
1509412126076|1027.2234
1509412126208|1027.2391
1509412126335|1027.2545
1509412126469|1027.2511
1509412126618|1027.2739
1509412126736|1027.2986
1509412126868|1027.2751
1509412127001|1027.2827
1509412127136|1027.236
1509412127268|1027.236
1509412127402|1027.2478
1509412127535|1027.2976
1509412127669|1027.3043
1509412127813|1027.2942
1509412127943|1027.2802
1509412128070|1027.3536
1509412128203|1027.3026
1509412128340|1027.2976
1509412128469|1027.2932
1509412128603|1027.2894
1509412128743|1027.2894
1509412128869|1027.2843
1509412129004|1027.2706
1509412129141|1027.2671
1509412129270|1027.2688
1509412129403|1027.2654
1509412129537|1027.2479
1509412129669|1027.2504
1509412129803|1027.2504
1509412129936|1027.2389
1509412130070|1027.244
1509412130206|1027.2827
1509412130337|1027.2827
1509412130469|1027.2334
1509412130603|1027.2526
1509412130739|1027.2401
1509412130879|1027.2385
1509412131004|1027.2338
1509412131136|1027.2197
1509412131272|1027.2305
1509412131410|1027.2346
1509412131543|1027.2219
1509412131671|1027.2185
1509412131802|1027.2185
1509412131936|1027.2334
1509412132072|1027.2236
1509412132207|1027.2338
1509412132343|1027.2338
1509412132473|1027.2397
1509412132604|1027.2363
1509412132742|1027.2415
1509412132871|1027.221
1509412133003|1027.2584
1509412133137|1027.2346
1509412133277|1027.2346
1509412133408|1027.2482
1509412133537|1027.2457
1509412133671|1027.2253
1509412133811|1027.2334
1509412133937|1027.2474
1509412134081|1027.2249
1509412134204|1027.2368
1509412134338|1027.2283
1509412134476|1027.2385
1509412134608|1027.2317
1509412134737|1027.2317
1509412134872|1027.2423
1509412135008|1027.2457
1509412135137|1027.2389
1509412135271|1027.2385
1509412135404|1027.2355
1509412135538|1027.213
1509412135671|1027.247
1509412135804|1027.2214
1509412135938|1027.2241
1509412136072|1027.2224
1509412136210|1027.2224
1509412136342|1027.2122
1509412136470|1027.2173
1509412136616|1027.2148
1509412136736|1027.2003
1509412136870|1027.225
1509412137006|1027.2042
1509412137138|1027.2263
1509412137270|1027.2148
1509412137414|1027.2166
1509412137545|1027.2109
1509412137671|1027.2183
1509412137808|1027.2183
1509412137938|1027.2258
1509412138081|1027.2351
1509412138206|1027.2411
1509412138338|1027.2377
1509412138471|1027.2479
1509412138613|1027.2411
1509412138740|1027.264
1509412138872|1027.21
1509412139004|1027.2202
1509412139138|1027.2028
1509412139277|1027.2028
1509412139410|1027.2084
1509412139539|1027.21
1509412139671|1027.2142
1509412139809|1027.2057
1509412139938|1027.2074
1509412140071|1027.1964
1509412140204|1027.1937
1509412140342|1027.1802
1509412140473|1027.1887
1509412140605|1027.175
1509412140738|1027.175
1509412140872|1027.1819
1509412141012|1027.1742
1509412141140|1027.1809
1509412141271|1027.1758
1509412141405|1027.1716
1509412141538|1027.1733
1509412141676|1027.1454
1509412141805|1027.2244
1509412141939|1027.1819
1509412142072|1027.1826
1509412142216|1027.1758
1509412142339|1027.1758
1509412142475|1027.187
1509412142607|1027.1895
1509412142738|1027.2001
1509412142873|1027.1967
1509412143006|1027.1754
1509412143139|1027.1754
1509412143272|1027.1737
1509412143413|1027.1775
