1509498909881|231
1509498910083|232
1509498910284|231
1509498910693|232
1509498910895|231
1509498911300|230
1509498912718|232
1509498913525|231
1509498914542|230
1509498914953|231
1509498915157|230
1509498915357|231
1509498915561|232
1509498916375|233
1509498917184|232
1509498917590|233
1509498920222|234
1509498922467|235
1509498923277|233
1509498925706|235
1509498926514|233
1509498927323|235
1509498928737|234
1509498930559|235
1509498930760|233
1509498931569|234
1509498931773|233
1509498935036|232
1509498935443|233
1509498935644|232
1509498936049|231
1509498936654|230
1509498938692|231
1509498939507|230
1509498941767|229
1509498941938|230
1509498942542|231
1509498943147|230
1509498943554|231
1509498944162|232
1509498944566|231
1509498944970|232
1509498945176|231
