1509432626493|0.37615472|6.0593033|7.701542
1509432626616|0.29802588|6.2848806|7.5220895
1509432626735|0.26506576|5.9814|7.7667866
1509432626857|0.7050624|6.027659|7.7032843
1509432626979|-0.4501203|5.8034606|7.8922515
1509432627096|-2.7312942|6.6886926|6.631125
1509432627215|-2.7457027|5.3350396|7.756859
1509432627332|-3.472671|3.205724|8.592689
1509432627455|-4.9801507|0.262574|8.443906
1509432627573|-4.2069755|0.10716061|8.85778
1509432627692|0.040728915|0.12104811|9.8058195
1509432627814|0.05574314|0.09213304|9.806059
1509432627933|0.045720547|0.0874496|9.806153
1509432628057|0.04648231|0.087178946|9.806152
1509432628178|0.048544098|0.08780367|9.806136
1509432628294|0.051363587|0.091051415|9.806092
1509432628417|0.05262059|0.09271794|9.80607
1509432628538|0.053552996|0.093885176|9.806055
1509432628659|0.05539439|0.09567996|9.806027
1509432628779|0.055161707|0.09643477|9.80602
1509432628896|0.055653542|0.09813148|9.806001
1509432629014|0.054853395|0.099486664|9.805992
1509432629134|0.055519562|0.10079222|9.805975
1509432629256|0.056153033|0.101647645|9.8059635
1509432629380|0.056700986|0.10190577|9.805957
1509432629476|0.057507064|0.101659805|9.805955
1509432629608|0.057244204|0.102454714|9.805948
1509432629742|0.058057945|0.10334695|9.805934
1509432629879|0.058493253|0.10348774|9.80593
1509432630016|0.059216503|0.10248592|9.805936
1509432630147|0.057997957|0.102525875|9.805943
1509432630280|0.057994306|0.10031543|9.805966
1509432630411|0.05976219|0.100174636|9.805956
1509432630547|0.06044125|0.09883464|9.805965
1509432630679|0.0590123|0.09915671|9.805971
1509432630814|0.058386166|0.100120425|9.805965
1509432630949|0.057889692|0.100640684|9.805963
1509432631087|0.058147024|0.100428686|9.8059635
1509432631217|0.057083342|0.101431765|9.805959
1509432631349|0.055727586|0.10063202|9.805975
1509432631485|0.056988217|0.09870785|9.805987
1509432631620|0.057046697|0.09942417|9.805981
1509432631752|0.056749575|0.09853687|9.80599
1509432631887|0.05853974|0.100328654|9.805963
1509432632019|0.05908121|0.100694746|9.805955
1509432632159|0.05995495|0.10070696|9.805949
1509432632290|0.059579458|0.099632755|9.8059635
1509432632428|0.060342845|0.09992892|9.805955
1509432632565|0.06011832|0.10057497|9.805951
1509432632698|0.059437554|0.1012965|9.805946
1509432632825|0.06034227|0.10130897|9.805942
1509432632963|0.05781367|0.101114355|9.805958
1509432633098|0.05722769|0.1000271|9.805973
1509432633232|0.05689058|0.10007747|9.805974
1509432633366|0.06027352|0.102133796|9.805934
1509432633497|0.060302228|0.10062252|9.805949
1509432633631|0.05958168|0.10006334|9.805959
1509432633764|0.060387965|0.10008611|9.805953
1509432633897|0.05879274|0.09989536|9.805965
1509432634032|0.058671113|0.09868661|9.805978
1509432634168|0.0582634|0.09928763|9.805974
1509432634299|0.05807594|0.10008249|9.805967
1509432634440|0.059497528|0.100968264|9.805949
1509432634565|0.059385158|0.101364136|9.805946
1509432634702|0.06080061|0.10180489|9.805933
1509432634846|0.059333943|0.10013398|9.80596
1509432634971|0.058725115|0.09893809|9.805976
1509432635056|0.05830676|0.09925594|9.805974
1509432635176|0.057574403|0.10062449|9.805964
1509432635312|0.059283804|0.10016551|9.805959
1509432635447|0.05912033|0.09901971|9.805972
1509432635570|0.060711455|0.09992446|9.805954
1509432635715|0.060864113|0.098702416|9.805965
1509432635846|0.05997461|0.09907353|9.805967
1509432635979|0.058764707|0.098918095|9.805976
1509432636108|0.058973122|0.09987252|9.805964
1509432636243|0.05700474|0.09960245|9.805978
1509432636390|0.056387406|0.10174774|9.80596
1509432636509|0.056643497|0.100852914|9.805968
1509432636644|0.058237314|0.099569805|9.805972
1509432636776|0.057821263|0.10046296|9.805965
1509432636917|0.058105532|0.10174422|9.805949
1509432637049|0.058512196|0.102224275|9.8059435
1509432637180|0.05847181|0.10105067|9.805955
1509432637313|0.058745477|0.10150506|9.805949
1509432637448|0.056867015|0.10208077|9.805955
1509432637588|0.05670347|0.1011582|9.805964
1509432637726|0.0565727|0.10001142|9.805978
1509432637851|0.057392348|0.09980684|9.805975
1509432637984|0.055922132|0.101583146|9.805965
1509432638126|0.056475535|0.10215557|9.805955
1509432638255|0.057089232|0.10143151|9.80596
1509432638388|0.05788724|0.101168565|9.805957
1509432638535|0.05931971|0.10084706|9.805953
1509432638658|0.05973448|0.10183729|9.805939
1509432638787|0.05906408|0.10082804|9.805954
1509432638927|0.05772117|0.10082719|9.805962
1509432639060|0.056899946|0.10038325|9.805972
1509432639197|0.056394618|0.100399084|9.805974
1509432639323|0.056323957|0.10094768|9.805968
1509432639460|0.05553445|0.10039112|9.80598
1509432639594|0.05612504|0.10074253|9.805972
1509432639727|0.05701032|0.10147124|9.805959
1509432639863|0.057833117|0.10184487|9.80595
1509432640008|0.058534224|0.10132296|9.805952
1509432640132|0.05738783|0.101319455|9.805959
1509432640267|0.05716412|0.102739096|9.805945
1509432640406|0.05711213|0.10075997|9.805965
1509432640535|0.06021391|0.0999447|9.805956
1509432640677|0.0596763|0.099412195|9.805965
1509432640800|0.059985925|0.1012057|9.805944
1509432640939|0.059162676|0.09912126|9.80597
1509432641073|0.059290342|0.099947385|9.805963
1509432641206|0.058349915|0.10009644|9.805966
1509432641337|0.058196455|0.1019888|9.805946
1509432641468|0.05700515|0.10167259|9.805957
1509432641603|0.057911146|0.10256008|9.805943
1509432641739|0.057531413|0.10225641|9.805949
1509432641875|0.057951033|0.1030822|9.805937
1509432642013|0.05775277|0.10356815|9.805934
1509432642139|0.055640124|0.10087462|9.805973
1509432642281|0.05733325|0.10138456|9.805958
1509432642412|0.056678727|0.09927697|9.8059845
1509432642548|0.055814963|0.09928191|9.805989
1509432642678|0.05536302|0.0984889|9.806
1509432642814|0.057231743|0.099386275|9.805979
1509432642949|0.05814578|0.09824603|9.805985
1509432643081|0.056785755|0.09713811|9.806005
1509432643210|0.057683766|0.09848641|9.805986
1509432643356|0.056763213|0.09938424|9.805982
1509432643483|0.05662254|0.09889115|9.805988
1509432643618|0.056802195|0.09871891|9.805988
1509432643747|0.056468047|0.098939076|9.805988
1509432643885|0.056455206|0.10011725|9.805977
1509432644019|0.057094064|0.09991644|9.805975
1509432644149|0.057744622|0.100816034|9.805962
1509432644288|0.058991816|0.100181185|9.805961
1509432644420|0.060249463|0.101728246|9.805937
1509432644555|0.059641074|0.10182644|9.80594
1509432644687|0.05081006|0.104653195|9.80596
