1510206394712|30
1510206394849|29
1510206395002|24
1510206395140|24
1510206395281|25
1510206395441|23
1510206395577|24
1510206395729|24
1510206395883|26
1510206396035|24
1510206396180|24
1510206396328|25
1510206396462|24
1510206396604|23
1510206396690|25
1510206396842|23
1510206396977|23
1510206397129|21
1510206397282|25
1510206397438|24
1510206397579|24
1510206397716|24
1510206397801|24
1510206397954|29
1510206398100|32
1510206398258|32
1510206398411|32
1510206398562|31
1510206398643|32
1510206398796|32
1510206398950|30
1510206399089|26
1510206399238|25
1510206399395|28
1510206399526|26
1510206399671|25
1510206399813|25
1510206399962|24
1510206400045|24
1510206400178|24
1510206400330|28
1510206400485|23
1510206400638|30
1510206400781|33
1510206400925|70
1510206401078|229
1510206401233|564
1510206401365|773
1510206401519|767
1510206401672|715
1510206401818|701
1510206401961|740
1510206402105|763
1510206402248|774
1510206402401|778
1510206402554|810
1510206402698|811
1510206402780|815
1510206402937|831
1510206403091|861
1510206403225|872
1510206403373|851
1510206403455|802
1510206403609|872
1510206403758|684
1510206403908|759
1510206404050|877
1510206404203|33
1510206404340|255
1510206404485|32
1510206404568|30
1510206404721|26
1510206404874|23
1510206405020|28
1510206405171|807
1510206405317|753
1510206405459|724
1510206405594|731
1510206405679|736
1510206405832|788
1510206405968|48
1510206406122|61
1510206406274|642
1510206406421|442
1510206406561|664
1510206406708|386
1510206406850|152
1510206406983|39
1510206407126|77
1510206407209|442
1510206407359|1005
1510206407445|1003
1510206407596|1019
1510206407741|1032
1510206407884|956
1510206408027|1019
1510206408173|990
1510206408325|977
1510206408480|927
1510206408632|966
1510206408767|922
1510206408919|919
1510206409072|909
1510206409208|913
1510206409357|886
1510206409507|886
1510206409648|884
1510206409803|863
1510206409954|890
1510206410100|892
1510206410248|889
1510206410396|908
1510206410540|904
1510206410702|889
1510206410856|885
1510206411007|885
1510206411156|884
1510206411242|883
1510206411392|887
1510206411544|46
1510206411700|33
1510206411853|33
1510206412006|241
1510206412152|544
1510206412293|1013
1510206412448|1039
1510206412600|1029
1510206412755|992
1510206412891|914
1510206413041|846
1510206413197|729
1510206413329|591
1510206413474|383
1510206413615|42
1510206413757|40
1510206413900|419
1510206413982|489
1510206414134|196
1510206414288|26
1510206414425|72
1510206414575|48
1510206414729|50
1510206414864|27
1510206415007|22
1510206415094|22
1510206415245|25
1510206415400|27
1510206415553|28
1510206415693|31
1510206415841|31
1510206415994|34
1510206416141|35
1510206416222|40
1510206416376|38
1510206416531|288
1510206416685|43
1510206416822|37
1510206416963|48
1510206417048|52
1510206417202|47
1510206417354|50
1510206417488|51
1510206417642|48
1510206417795|46
1510206417942|48
1510206418104|44
1510206418256|49
1510206418407|47
1510206418562|33
1510206418707|36
1510206418850|45
1510206419004|39
1510206419157|50
1510206419290|43
1510206419445|48
1510206419600|51
