1509547444495|29.64|-14.46|2.46
1509547444627|29.82|-14.28|2.3999999
1509547444759|29.58|-14.82|1.92
1509547444892|29.64|-15.059999|2.04
1509547445023|29.88|-15.059999|1.92
1509547445155|29.64|-15.12|2.1
1509547445287|29.699999|-15.0|2.46
1509547445419|29.88|-15.24|2.34
1509547445551|29.76|-15.299999|2.1599998
1509547445683|30.24|-15.059999|2.1599998
1509547445815|30.3|-14.639999|2.04
1509547445947|30.179998|-14.46|2.1599998
1509547446079|30.119999|-14.219999|2.1599998
1509547446211|30.179998|-14.639999|1.92
1509547446343|29.88|-14.639999|1.92
1509547446475|30.0|-14.639999|1.62
1509547446607|30.0|-15.059999|1.8
1509547446739|29.58|-15.059999|1.62
1509547446875|29.699999|-15.12|1.86
1509547447003|29.64|-15.42|2.28
1509547447135|29.58|-15.299999|1.68
1509547447267|29.82|-15.12|1.62
1509547447399|29.699999|-15.42|1.3199999
1509547447531|29.64|-15.42|1.14
1509547447663|29.64|-15.299999|1.74
1509547447795|29.4|-15.059999|1.92
1509547447927|29.58|-14.639999|1.5
1509547448059|29.64|-14.4|1.56
1509547448193|29.64|-14.4|1.3199999
1509547448324|29.82|-14.82|1.62
1509547448455|29.699999|-14.82|1.92
1509547448590|29.699999|-14.639999|1.92
1509547448722|29.699999|-14.759999|2.1599998
1509547448851|29.64|-14.5199995|2.04
1509547448983|29.82|-14.7|2.6399999
1509547449115|29.939999|-15.24|2.7
1509547449247|30.179998|-15.42|2.7
1509547449379|29.939999|-15.42|2.58
1509547449511|29.58|-15.299999|2.28
1509547449643|29.88|-15.0|2.1
1509547449775|29.64|-15.0|2.1
1509547449907|29.82|-15.36|2.28
1509547450039|29.88|-15.48|2.1
1509547450171|29.58|-15.66|2.3999999
1509547450303|29.4|-15.54|2.1
1509547450435|29.4|-15.12|2.1
1509547450567|29.4|-15.0|2.1
1509547450699|29.4|-14.5199995|1.92
1509547450831|29.64|-14.28|2.28
1509547450963|29.64|-14.099999|1.86
1509547451095|29.64|-14.099999|2.1
1509547451227|29.64|-14.58|1.92
1509547451359|29.64|-14.5199995|1.8
1509547451491|29.699999|-14.4|2.04
1509547451623|29.64|-14.639999|2.04
1509547451758|29.519999|-14.219999|2.04
1509547451887|29.46|-14.04|2.28
1509547452019|29.4|-14.28|2.3999999
1509547452151|29.699999|-14.28|2.46
1509547452283|30.0|-14.639999|2.6399999
1509547452415|30.06|-14.88|2.58
1509547452547|30.179998|-15.24|2.3999999
1509547452679|29.88|-15.42|2.34
1509547452811|29.82|-15.42|2.3999999
1509547452943|29.76|-15.719999|1.9799999
1509547453075|29.64|-15.299999|2.22
1509547453207|29.76|-14.759999|2.22
1509547453339|29.82|-14.5199995|1.8
1509547453472|29.82|-14.04|2.04
1509547453603|29.82|-14.04|1.92
1509547453735|29.82|-14.099999|1.62
1509547453867|29.519999|-14.099999|1.92
1509547453999|29.46|-14.28|2.04
1509547454131|29.58|-14.4|1.86
1509547454263|29.64|-14.639999|1.8
1509547454395|29.58|-14.639999|1.86
1509547454526|29.76|-14.82|2.04
1509547454901|29.64|-14.5199995|1.8
1509547454989|29.64|-14.94|1.26
1509547455121|29.76|-15.059999|1.5
1509547455253|29.82|-15.059999|1.5
1509547455385|29.82|-14.88|1.8
1509547455517|29.279999|-14.58|1.8
1509547455649|29.039999|-14.639999|1.62
1509547455781|29.279999|-14.639999|1.62
1509547455913|29.58|-14.7|1.5
1509547456045|29.82|-14.88|1.86
1509547456177|30.06|-14.88|1.92
1509547456309|29.76|-15.179999|2.1599998
1509547456441|29.64|-15.179999|2.6399999
1509547456573|29.4|-14.88|2.58
1509547456706|29.279999|-14.7|2.1599998
1509547456838|29.4|-14.58|1.92
1509547456970|29.22|-14.4|1.74
1509547457101|29.699999|-14.4|1.5
1509547457234|29.699999|-14.16|1.86
1509547457365|29.82|-14.04|2.1599998
1509547457497|29.88|-14.04|2.1599998
1509547457629|29.64|-14.04|2.46
1509547457761|29.64|-14.34|2.1
1509547457894|29.82|-14.58|2.1
1509547458025|29.82|-14.58|1.86
1509547458158|29.699999|-14.639999|1.56
1509547458289|29.82|-14.639999|1.92
1509547458421|29.64|-14.4|1.8
1509547458553|29.58|-14.58|2.1599998
1509547458686|29.76|-14.82|2.3999999
1509547458817|29.699999|-14.4|2.34
1509547458949|29.58|-14.639999|2.6399999
1509547459081|29.519999|-14.58|2.28
1509547459213|29.46|-14.46|2.28
1509547459345|29.4|-14.94|2.46
1509547459478|29.46|-14.759999|2.1
1509547459609|29.64|-14.639999|2.58
1509547459745|29.58|-14.759999|2.58
1509547459873|29.64|-14.58|2.1
1509547460006|29.64|-14.759999|2.28
1509547460137|29.58|-15.0|2.04
1509547460269|29.46|-14.82|2.1
1509547460401|29.64|-15.0|2.3999999
1509547460533|29.64|-15.299999|2.34
1509547460665|29.46|-15.0|2.34
1509547460797|29.58|-15.54|2.22
1509547460929|29.64|-15.54|1.92
1509547461061|29.58|-15.36|2.1
1509547461193|29.82|-15.599999|2.1
1509547461325|30.06|-15.24|2.28
1509547461457|29.82|-15.12|2.58
1509547461589|29.64|-15.059999|2.3999999
1509547461721|29.58|-15.179999|2.58
1509547461854|29.279999|-15.24|2.58
1509547461985|29.279999|-15.0|2.34
1509547462117|29.64|-14.5199995|2.3999999
1509547462249|29.82|-14.4|2.34
1509547462381|29.88|-14.219999|2.04
1509547462514|29.88|-14.4|1.9799999
1509547462645|29.82|-14.759999|1.9799999
1509547462777|29.58|-15.059999|1.92
1509547462909|29.58|-15.059999|1.8
1509547463041|29.64|-14.88|1.5
1509547463173|30.0|-14.7|1.56
1509547463307|30.24|-14.46|1.5
1509547463437|30.599998|-14.639999|1.68
1509547463569|30.599998|-15.0|2.28
1509547463701|30.179998|-14.82|2.1599998
1509547463833|30.0|-14.7|2.1
1509547463965|29.64|-14.759999|2.28
1509547464099|29.58|-14.46|2.1
1509547464229|29.64|-15.24|1.92
1509547464361|29.58|-15.48|2.04
1509547464493|29.46|-15.12|1.8
1509547464625|29.699999|-15.299999|1.56
1509547464769|29.699999|-15.12|1.8
1509547464889|29.64|-14.7|1.26
1509547465021|29.699999|-14.88|1.26
1509547465153|29.46|-14.7|1.5
1509547465285|29.64|-14.759999|1.3199999
1509547465417|29.699999|-14.58|1.9799999
1509547465549|29.82|-14.7|2.1599998
1509547465681|29.82|-14.58|2.28
1509547465814|29.64|-14.5199995|2.3999999
1509547465945|29.64|-14.7|2.58
1509547466079|29.46|-14.7|2.6399999
1509547466209|29.46|-14.94|2.6399999
1509547466341|29.699999|-14.7|2.3999999
1509547466473|29.699999|-14.5199995|2.1
1509547466606|29.699999|-14.4|1.68
1509547466737|29.82|-14.4|1.62
1509547466869|29.76|-14.88|1.86
1509547467001|29.64|-15.0|2.1
1509547467134|29.58|-15.059999|2.3999999
1509547467265|29.46|-15.24|2.6399999
1509547467397|29.4|-14.88|2.58
1509547467529|29.46|-15.179999|2.46
1509547467661|29.58|-14.82|2.1
1509547467794|29.46|-14.58|2.28
1509547467925|29.46|-14.58|2.04
1509547468057|29.279999|-14.219999|2.1
1509547468189|29.22|-14.28|2.58
1509547468321|29.22|-14.4|2.3999999
1509547468458|29.22|-14.5199995|2.6399999
1509547468585|29.58|-14.759999|2.46
1509547468717|29.699999|-14.82|2.3999999
1509547468849|29.82|-14.759999|2.1599998
1509547468981|29.82|-15.0|2.04
1509547469113|29.82|-14.94|2.3999999
1509547469245|29.82|-14.82|2.46
1509547469377|29.88|-15.0|2.7
1509547469509|30.0|-14.94|2.8799999
1509547469641|29.76|-15.059999|2.46
1509547469748|29.76|-15.059999|2.3999999
1509547469839|29.699999|-14.759999|2.28
1509547469971|29.58|-14.58|2.1
1509547470103|30.0|-14.28|2.1599998
1509547470235|29.939999|-13.86|2.04
1509547470367|29.88|-14.28|1.92
1509547470499|30.0|-14.34|1.8
1509547470632|29.82|-14.5199995|1.8
1509547470763|29.46|-14.4|1.74
1509547470895|29.519999|-14.04|1.74
1509547471027|29.64|-14.58|2.04
1509547471159|29.64|-14.82|2.1599998
1509547471291|29.58|-15.179999|2.28
1509547471423|29.46|-15.719999|2.34
1509547471555|29.4|-15.36|1.68
1509547471687|29.46|-15.299999|1.56
1509547471819|29.82|-15.12|1.3199999
1509547471951|29.699999|-14.58|1.5
1509547472083|29.64|-14.28|1.92
1509547472215|29.58|-14.219999|2.1
1509547472347|29.46|-14.4|2.52
1509547472479|29.82|-14.7|2.34
1509547472611|30.0|-15.0|2.1599998
1509547472743|29.88|-14.94|2.28
1509547472875|29.88|-14.82|2.1599998
1509547473007|29.699999|-14.5199995|2.1599998
1509547473140|29.64|-15.0|2.28
1509547473271|29.46|-15.059999|1.86
1509547473403|29.4|-15.059999|2.04
1509547473535|29.4|-15.0|2.34
1509547473668|29.46|-14.88|2.7
1509547473799|29.88|-14.94|2.8799999
1509547473931|30.0|-14.94|2.3999999
1509547474063|29.88|-15.299999|2.04
1509547474195|29.82|-15.059999|1.68
1509547474327|29.46|-15.299999|1.62
1509547474460|29.58|-15.42|1.92
1509547474591|29.22|-15.24|2.1599998
1509547474723|29.279999|-14.94|1.68
1509547474855|29.4|-14.34|1.86
1509547474988|29.22|-14.16|2.1599998
1509547475119|29.82|-14.04|1.74
1509547475251|29.82|-14.16|2.34
1509547475383|29.82|-14.16|1.86
1509547475515|29.699999|-14.04|1.56
1509547475647|29.46|-14.4|1.92
1509547475779|29.46|-14.82|1.86
1509547475913|29.46|-15.24|2.04
1509547476043|29.64|-15.42|1.92
1509547476175|29.699999|-14.759999|1.26
1509547476307|29.699999|-14.759999|0.84
1509547476439|29.699999|-14.759999|1.3199999
1509547476571|29.519999|-14.46|1.5
1509547476703|29.4|-14.88|1.86
1509547476796|29.4|-14.639999|2.1
1509547476901|29.46|-14.28|2.1599998
1509547477033|29.46|-14.34|1.92
1509547477165|29.519999|-14.34|1.74
1509547477297|29.64|-14.28|1.8
1509547477429|29.519999|-14.28|1.92
1509547477561|29.279999|-14.46|2.1
1509547477694|29.279999|-14.759999|2.34
1509547477825|29.22|-14.82|2.1599998
1509547477956|29.279999|-14.58|2.1599998
1509547478089|29.46|-14.759999|2.1599998
1509547478221|29.519999|-14.34|1.92
1509547478353|29.699999|-13.98|1.92
1509547478485|29.58|-14.04|1.62
1509547478617|29.58|-13.799999|1.74
1509547478749|29.46|-13.799999|2.04
1509547478881|29.279999|-14.04|2.3999999
1509547479013|29.46|-14.04|2.6399999
1509547479145|29.64|-14.04|2.58
1509547479277|29.88|-14.219999|2.52
1509547479409|29.939999|-14.4|2.3999999
1509547479541|29.88|-14.7|2.04
1509547479673|29.699999|-14.759999|1.8
1509547479805|29.46|-14.82|1.86
1509547479937|29.58|-15.0|1.92
1509547480069|29.58|-15.0|2.1599998
1509547480201|29.88|-15.179999|2.34
1509547480334|30.0|-15.059999|2.1
1509547480465|29.699999|-15.299999|2.1
1509547480597|29.46|-15.36|2.22
1509547480729|29.279999|-15.54|2.3999999
1509547480861|29.34|-15.599999|2.22
1509547480993|29.46|-15.299999|1.92
1509547481125|29.76|-15.0|1.92
1509547481257|29.58|-14.46|1.5
1509547481389|29.46|-14.759999|1.8
1509547481522|29.64|-14.759999|2.1599998
1509547481653|29.64|-15.24|2.1599998
1509547481785|29.82|-15.719999|2.22
1509547481919|29.82|-15.36|2.1599998
1509547482054|29.82|-15.12|1.86
1509547482181|29.699999|-14.82|1.68
1509547482313|29.699999|-14.58|2.1
1509547482445|29.64|-14.82|1.92
1509547482577|29.82|-14.94|2.28
1509547482709|30.119999|-14.759999|2.34
1509547482841|30.0|-14.7|2.34
1509547482974|30.0|-14.639999|2.3999999
1509547483105|29.82|-14.4|2.04
1509547483237|29.519999|-14.46|2.1
1509547483369|29.699999|-14.34|1.8
1509547483501|29.88|-14.16|1.74
1509547483633|30.06|-14.219999|1.92
1509547483765|29.939999|-14.099999|1.62
1509547483897|29.88|-14.34|1.92
1509547484029|29.699999|-14.099999|2.1
1509547484161|29.46|-14.28|2.04
1509547484293|29.82|-14.82|2.1599998
1509547484425|30.06|-14.7|2.1599998
1509547484557|30.0|-14.94|2.1599998
1509547484689|30.42|-15.059999|2.3999999
1509547484821|30.24|-14.5199995|2.6399999
1509547484953|30.06|-14.58|2.34
1509547485085|30.06|-14.58|2.34
1509547485217|29.699999|-14.4|2.6399999
1509547485349|29.64|-14.4|2.6399999
1509547485481|29.519999|-14.4|2.6399999
1509547485613|29.64|-14.4|2.6399999
1509547485746|29.64|-14.219999|1.92
1509547485877|29.699999|-14.16|1.74
1509547486009|29.699999|-14.04|1.86
1509547486141|29.64|-14.16|1.62
1509547486273|29.64|-15.0|2.04
1509547486405|29.64|-15.179999|1.8
1509547486537|29.64|-15.42|1.62
1509547486669|29.58|-15.36|1.8
1509547486801|29.58|-14.82|1.86
1509547486933|29.58|-15.0|2.1599998
1509547487065|29.58|-15.059999|2.1599998
1509547487197|29.88|-15.179999|2.34
1509547487329|30.06|-15.36|1.92
1509547487461|30.179998|-15.36|2.04
1509547487593|30.06|-15.299999|1.92
1509547487725|29.82|-15.48|1.5
1509547487857|29.58|-15.54|1.8
1509547487992|29.46|-15.54|1.8
1509547488121|29.58|-15.54|1.68
1509547488253|29.58|-15.179999|2.34
1509547488385|29.82|-14.82|2.1599998
1509547488517|29.82|-14.7|2.1599998
1509547488649|29.88|-14.7|2.3999999
1509547488781|29.88|-14.639999|1.86
1509547488913|29.64|-14.58|2.04
1509547489045|29.64|-14.34|1.92
1509547489177|29.64|-14.04|1.86
1509547489310|29.64|-14.04|2.34
1509547489442|29.699999|-14.04|2.34
