1510206314281|-0.08621025|-0.0716455|-0.024610043
1510206314387|0.16725492|0.0695529|-0.39677143
1510206314502|-0.16465521|-0.36152458|-0.1250701
1510206314617|-0.10622692|0.31122828|0.34241676
1510206314730|-0.010283947|-0.04892564|0.060899734
1510206314847|0.14225245|0.13559413|-0.043632507
1510206314962|0.03211975|-0.09753537|-0.058096886
1510206315079|-0.08284283|0.11673522|-0.05960369
1510206315192|0.049194336|0.059455633|-0.10392761
1510206315308|-0.13055992|-0.163795|3.5858154E-4
1510206315423|-0.052687168|0.09242153|-0.041175842
1510206315538|0.059908867|-0.075295925|0.029327393
1510206315653|-0.11109066|0.043693304|-0.026834488
1510206315767|-0.0038852692|-0.017974138|-0.059454918
1510206315882|0.061854362|-0.031253338|0.02409935
1510206315997|0.08979273|0.09885335|0.058070183
1510206316112|-0.099479675|-0.11338806|0.08690643
1510206316227|-0.119920254|-0.08022928|0.3914795
1510206316343|-0.21763563|0.12381387|0.3702383
1510206316457|0.15270948|-0.22172761|0.017107964
1510206316572|0.79975986|0.26692128|-0.0076875687
1510206316688|0.0062065125|-0.02735591|0.10890961
1510206316803|-0.092166424|0.040789127|0.059945107
1510206316917|-0.17914963|-0.1329341|-0.5727544
1510206317033|-0.2656474|-0.23793459|0.2325964
1510206317149|-0.32417107|-0.14876795|0.3124628
1510206317263|-0.12384367|0.17503905|0.21684551
1510206317378|0.24940109|-0.07763052|0.025762558
1510206317493|0.18643618|-0.22951388|0.009387016
1510206317608|0.41949797|-0.0693593|-0.6908369
1510206317723|0.04709196|0.2720375|-0.18533039
1510206317837|-0.170928|0.063970804|0.5164728
1510206317953|0.22428131|-0.21791077|0.29602337
1510206318068|-0.05427885|-0.43498516|0.06327057
1510206318183|-0.8022566|-0.23636723|-0.22705555
1510206318299|-0.80107284|0.09224367|0.008935928
1510206318414|-0.73922586|0.10319924|-0.5308962
1510206318530|0.2175312|-0.21705127|0.6945038
1510206318645|0.1689415|-0.117002964|-0.9117203
1510206318758|0.13491654|0.53931713|0.020776749
1510206318872|0.4026146|-0.0018690825|0.22034645
1510206318988|-0.14954877|-0.0205217|-0.22772121
1510206319104|-0.31915402|0.2637248|-0.5740557
1510206319219|-0.55566454|0.79628146|0.73890495
1510206319333|0.5094861|-1.8307302|-0.71221066
1510206319449|0.267308|-0.20009613|-0.4254408
1510206319564|0.073811054|0.115286306|2.1961765
1510206319678|0.05485797|0.17718464|-1.1202459
1510206319793|-0.56000113|-0.19398725|1.2276297
1510206319909|-0.08322477|0.24918306|-0.068971634
1510206320024|0.2095108|-0.14266145|-0.41893673
1510206320138|0.3429513|-0.123738885|1.466857
1510206320254|-0.21719217|0.14302278|-0.23767471
1510206320368|0.05176103|0.051796854|-1.1177053
1510206320482|0.7470236|-0.11253753|1.6104469
1510206320599|0.13779676|-0.11743367|-0.48784828
1510206320714|1.123101|-0.515934|0.54533005
1510206320828|-0.5712309|0.91114914|0.65538883
1510206320949|0.21276093|-0.5376487|0.14297771
1510206321060|0.14885163|-0.3296528|-0.06312752
1510206321172|-0.40886354|-5.726814E-4|-0.028582573
1510206321289|0.1592195|-0.16676784|-0.47392273
1510206321404|0.0045261383|0.2529862|0.50344276
1510206321519|0.3936727|0.05478096|0.38183594
1510206321635|-0.27858233|0.029376984|-0.082632065
1510206321748|0.19395018|0.06593037|0.6083555
1510206321864|0.21517181|0.028823376|-0.0500412
1510206321980|0.24210072|-0.06218934|-0.09756374
1510206322093|-0.3775642|0.12885976|0.31608295
1510206322209|0.3220029|-0.05989957|0.2422905
1510206322323|0.4530928|0.06517196|0.0067796707
1510206322439|0.30080914|-0.07068777|-0.18196964
1510206322554|-0.12267375|0.06428218|0.15982246
1510206322669|-0.09766483|0.17288864|0.33490562
1510206322784|0.4449029|-0.17763948|-0.04573059
1510206322899|-0.040112972|-0.24046779|-0.054089546
1510206323015|0.68183446|-0.49709535|0.5296793
1510206323130|0.24573755|-0.20200324|-0.23258495
1510206323243|0.07636809|0.15198183|-0.26776505
1510206323359|-0.197371|0.08318615|-0.034238815
1510206323473|0.20017648|-0.075647354|0.62130165
1510206323589|0.34409356|-0.2643094|0.428998
1510206323704|0.2194786|-0.029973507|-0.2805996
1510206323820|-0.20766163|-0.0027866364|-0.56600714
1510206323934|-0.41539574|0.14654207|0.15932608
1510206324049|-0.08910704|0.14538002|-0.2292819
1510206324164|0.14047813|0.0076904297|-0.14998198
1510206324281|0.2432394|-0.15667892|0.55173254
1510206324393|-0.326375|0.08370733|-0.54841805
1510206324510|0.13442993|-0.0148591995|-0.34008026
1510206324625|-0.032678604|0.022539139|0.45911407
1510206324738|0.3609929|0.16070724|-0.6057577
1510206324854|0.24398804|-0.20117521|0.84418774
1510206324969|0.33107233|-0.20897722|0.38719082
1510206325085|-0.041175365|0.09580958|-0.5065365
1510206325200|-0.48242664|0.20888406|0.32286358
1510206325316|0.011475563|0.11226499|-0.097556114
1510206325429|-0.058613062|-0.16953874|0.23180199
1510206325544|-0.17184782|0.035164356|-0.29687023
1510206325661|-0.28295732|0.07837376|0.10088158
1510206325774|0.14087963|0.005700335|0.16969204
1510206325889|-0.09328127|-0.28144205|0.28551865
1510206326005|0.48090768|-0.07410443|0.07288933
1510206326119|0.03764558|0.08354068|-0.14338303
1510206326235|-0.023480892|0.14824247|-0.34389782
1510206326349|-0.10158205|-0.09292507|0.36117363
1510206326465|-0.13073432|0.044832915|0.21757603
1510206326579|-0.2504573|0.042754717|0.012759209
1510206326694|-0.1540348|-0.08124377|-0.3198185
1510206326811|-0.005793631|0.17158946|-0.10338688
1510206326925|-0.15435904|-0.1040211|0.34864998
1510206327040|0.03536558|-0.5101791|1.0104761
1510206327155|0.19159079|0.14861715|-0.86056805
1510206327271|0.22708726|-0.14452684|0.23698807
1510206327385|0.29910994|-0.21631551|0.6603365
1510206327501|0.24308062|-0.013436317|0.098098755
1510206327616|0.25145912|0.06375575|0.044154167
1510206327729|-0.0019285679|0.028011799|-0.5195656
1510206327845|-0.03385806|0.057177067|0.13722324
1510206327961|0.047144175|0.020547628|-0.039787292
1510206328075|0.14200473|0.36223674|-0.34108353
1510206328191|-0.25753593|-0.01913023|0.087872505
1510206328306|0.35682178|-0.19451845|0.36770153
1510206328421|-0.1805563|0.04817903|-0.03078556
1510206328535|-0.04947853|0.09967184|-0.24219799
1510206328651|-0.21571171|0.050649524|0.11690903
1510206328764|-0.21975017|-0.07238668|0.07827568
1510206328880|0.29480368|0.04638207|0.061143875
1510206328995|0.18703604|-0.033169568|-0.012061119
1510206329111|0.031111062|-0.022383511|-0.03584194
1510206329226|0.22826993|-0.045873106|-0.089206696
1510206329340|-0.43254566|-0.09125769|0.21064758
1510206329455|0.065234184|0.24369419|-0.18245411
1510206329570|0.1842246|-0.051283956|0.053189278
1510206329685|0.3562441|-0.07940531|0.1567154
1510206329800|0.31379676|0.07235855|0.026389122
1510206329918|-0.013895988|-0.25411934|-0.107681274
1510206330030|-0.17843628|0.19298482|-0.5900793
1510206330147|-0.48229408|1.2845504|0.46591663
1510206330262|1.5851874|-0.6245779|1.2867622
1510206330376|1.0873456|-2.0480769|0.25870895
1510206330490|-0.06124854|0.3435008|-0.9596691
1510206330607|-0.767946|-0.66448617|0.3843069
1510206330721|-0.067154765|0.17580622|-0.98948956
1510206330835|-0.102054894|-0.41352642|0.34253883
1510206330952|0.9278571|-0.6272398|-1.354167
1510206331066|0.07395518|-1.0102174|-0.29399395
1510206331182|-1.2941465|-0.7298163|-0.9516382
1510206331296|-1.6400132|1.0357573|-1.4339437
1510206331412|-0.25975013|-0.5646939|0.48272514
1510206331526|-0.5362127|0.17699134|1.5321026
1510206331642|0.38943624|0.18848538|-0.9207649
1510206331756|0.2881136|0.32717347|0.24357319
1510206331872|0.4467137|0.3559308|0.29524803
1510206331987|0.59657145|-0.44087696|-0.8013716
1510206332101|-0.46706367|-0.23187828|0.33982754
1510206332216|-0.5861149|-0.36831355|-0.025062561
1510206332330|0.5481534|0.38379002|-0.36586094
1510206332446|0.045333147|-0.54355454|0.41865158
1510206332562|0.38445997|0.17891002|-0.45236206
1510206332677|-0.20007634|0.021925211|-0.11983681
1510206332792|-0.21361375|0.043991566|0.37312984
1510206332906|0.44621015|0.18971527|-0.43135357
1510206333021|-0.15659332|0.2796799|-0.05203724
1510206333137|0.21754837|-0.067557216|0.26350784
1510206333251|-0.24208117|0.0028072596|-0.132658
1510206333368|0.078299046|-0.1234262|0.2438755
1510206333480|-0.16241288|-0.0042762756|0.11680031
1510206333595|0.050878048|-0.13195908|0.44713402
1510206333713|0.08710337|-0.1409409|0.31123257
1510206333827|-0.026205301|-0.08348203|0.3322878
1510206333942|-0.10720348|-0.13290179|-0.2366476
1510206334056|-0.013728857|-0.046649218|-0.24289131
1510206334171|0.006947756|0.095942974|0.6304045
1510206334286|0.09065485|-0.02382052|-0.037938118
1510206334403|-0.19886518|-0.0672394|0.18730259
1510206334516|0.040391684|0.15574336|0.53969574
1510206334632|-0.07942629|-0.054251194|0.06048107
1510206334747|-0.025755405|0.02405703|0.27050495
1510206334861|0.10548806|0.4267199|0.53620815
1510206334975|-0.018829823|0.028449416|-0.39126682
1510206335091|-0.6875646|0.018534422|0.96895504
1510206335205|0.4715171|0.20743534|-0.73673344
1510206335322|0.37383723|-0.005098611|-0.015424728
1510206335436|-0.35941172|-0.35307103|0.2572956
1510206335551|0.032523155|-0.12661757|-0.113012314
1510206335668|-0.42174053|-0.020675294|0.57294464
1510206335781|-0.28654242|0.060505874|1.2461958
1510206335896|-0.17722654|0.07623354|0.6685896
1510206336011|0.09740567|-0.22538751|-0.500659
1510206336126|0.012273312|-0.33648726|0.38901615
1510206336243|-0.38884068|-0.62813103|-0.33237076
1510206336357|0.5996561|0.006726384|0.12467289
1510206336471|-0.544091|0.106238484|-1.5325155
1510206336588|-0.19733286|-0.39115047|0.4049883
1510206336703|-0.29459953|-0.37470078|-0.48836422
1510206336817|-0.060426712|0.2624377|0.64565945
1510206336932|0.23874784|0.3392551|-1.0841808
1510206337047|0.16184735|-0.034994364|-0.39796066
1510206337162|-0.39029288|-0.04433191|-0.35431576
1510206337278|0.023119688|0.1536442|0.08113766
1510206337392|-0.30691314|-0.015904307|-0.49988842
1510206337509|0.29016876|-0.047782302|0.67203426
1510206337623|-0.317132|0.034894586|0.18601894
1510206337737|-0.13674116|-0.10456622|-0.1159935
1510206337854|0.025914669|-0.040620208|0.5266733
1510206337968|-0.26407647|0.047901154|-0.3100109
1510206338084|0.024214268|8.735657E-4|0.5984278
1510206338199|-0.34066415|-0.4556557|0.25279427
1510206338313|0.78338695|0.21870828|0.16624069
1510206338427|0.006906271|-0.010671258|0.49988556
1510206338544|0.18331838|0.35392392|0.12439728
1510206338657|-0.5273864|-0.08983874|0.21795368
1510206338773|-0.06220913|0.32186866|0.022792816
1510206338887|-0.12558079|0.076690316|-0.2730341
1510206339003|-0.32571006|-0.029621363|1.0618954
1510206339119|-0.03789234|0.25336504|0.009551048
1510206339237|0.23858142|0.16585684|-0.098493576
1510206339348|-0.18839145|-0.14406097|0.31187725
1510206339464|0.3022697|0.15736645|-0.45738888
1510206339578|0.15679789|0.3579631|0.38090992
1510206339692|-0.7463453|-0.48426887|0.35522652
1510206339808|-0.098511696|-0.26011994|-1.3311481
1510206339923|0.18336797|-0.0798474|0.48864746
1510206340038|0.10559511|-0.05449117|0.012741089
1510206340153|-0.089977026|-0.10280134|0.012390137
1510206340268|-0.026659727|0.046270646|-0.17448235
1510206340383|-0.11394954|0.08889466|0.46920204
1510206340498|-0.15694761|-0.050155878|0.48415375
1510206340613|-0.12552261|0.02721703|0.39765167
1510206340727|-0.027225256|-0.20861065|0.016407967
1510206340842|-0.29404593|-0.029600143|0.3151102
1510206340958|0.06906223|0.053330064|0.68872833
1510206341075|-0.08060002|0.12696016|-0.17135334
1510206341190|-0.14393663|-0.060052276|0.37281704
1510206341305|-0.24089098|3.039837E-4|-0.072413445
1510206341419|-0.069224834|0.017321229|-0.4125185
1510206341533|-0.25361967|-0.15309787|0.0286932
1510206341650|-0.050809383|0.007266283|0.12733078
1510206341764|-0.09692383|-0.1082474|0.6884346
1510206341877|0.011975765|-0.31661046|-0.04636383
1510206341995|-0.20393562|-0.006429434|-0.5904312
1510206342110|-0.08078432|-0.017799973|0.23108864
1510206342225|0.07416582|0.042426467|0.119540215
1510206342338|0.062394142|-0.023560524|-0.14809227
1510206342454|-0.2053864|0.12261164|0.5759506
1510206342570|0.02311492|-0.022858381|0.050009727
1510206342683|-0.11661172|0.046258926|-0.15911007
1510206342800|-0.123645544|0.086310506|0.060178757
1510206342915|-0.09691596|-0.036818385|0.20251083
1510206343030|-0.2924831|0.12374973|-0.083491325
1510206343143|-0.124031544|-0.14288914|-0.3128357
1510206343259|-0.0028219223|0.0043421984|0.34745884
1510206343375|0.09574461|-0.07838726|0.03034687
1510206343487|0.2797103|0.008431435|-0.7715883
1510206343603|0.088834286|0.101507306|-0.10215759
1510206343718|-0.0026330948|-0.22656608|-0.67419434
1510206343833|0.08423042|-0.019934893|0.4500847
1510206343950|0.39102697|0.06699014|-1.7253447
1510206344064|0.3830304|0.23133516|-0.3262701
1510206344179|0.22255135|-0.01736927|0.21343136
1510206344293|-0.118894815|-0.03419006|0.017121315
1510206344408|-0.6490059|-0.22793281|-0.6204252
1510206344526|0.17604518|0.10882723|0.15921116
1510206344639|-0.04768753|-0.042260766|0.197752
1510206344756|0.07288766|0.11953318|0.16762257
1510206344870|0.20323682|-0.4079907|0.56959915
1510206344984|-0.2513659|0.34647584|-1.0970573
1510206345099|0.10660243|0.021640778|0.102552414
1510206345216|0.08012009|0.035725355|-0.39510155
1510206345328|0.20730948|-0.050180316|0.41897774
1510206345444|-0.054701567|-0.025102973|0.004180908
1510206345560|0.13465357|-0.09837687|-0.14043808
1510206345675|-0.16206026|-0.061301112|-0.35498142
1510206345790|0.17387843|-0.020081282|0.008374214
1510206345906|0.025991201|0.19787627|0.08379555
1510206346018|0.029440641|-0.12340456|0.3044033
