1509502458745|-11.099999|-43.32|-35.1
1509502458876|-10.679999|-43.26|-35.1
1509502459009|-10.62|-42.899998|-35.1
1509502459140|-10.62|-42.899998|-35.46
1509502459272|-11.099999|-42.899998|-35.16
1509502459404|-11.639999|-43.2|-35.28
1509502459536|-11.639999|-43.02|-35.46
1509502459668|-11.639999|-43.02|-35.16
1509502459800|-11.46|-43.14|-35.579998
1509502459932|-11.34|-42.78|-35.52
1509502460064|-11.34|-43.079998|-35.34
1509502460197|-11.46|-43.32|-35.219997
1509502460328|-11.04|-43.079998|-35.219997
1509502460460|-11.099999|-43.02|-35.399998
1509502460592|-10.74|-42.96|-35.399998
1509502460724|-10.74|-42.78|-35.64
1509502460857|-10.74|-42.899998|-35.64
1509502460988|-10.679999|-43.14|-35.46
1509502461120|-10.92|-43.2|-35.219997
1509502461252|-10.139999|-43.26|-34.98
1509502461384|-10.5|-43.14|-35.16
1509502461516|-10.44|-42.899998|-35.28
1509502461648|-10.5|-43.079998|-35.34
1509502461780|-11.34|-43.079998|-35.34
1509502461913|-11.46|-43.32|-35.1
1509502462044|-11.46|-43.32|-34.86
1509502462176|-11.34|-43.14|-35.1
1509502462308|-10.92|-43.14|-35.16
1509502462440|-10.86|-43.079998|-35.219997
1509502462572|-10.86|-43.079998|-35.28
1509502462704|-10.92|-43.2|-35.34
1509502462836|-11.28|-43.2|-35.219997
1509502462968|-10.92|-43.079998|-35.16
1509502463100|-11.099999|-43.32|-35.16
1509502463232|-11.099999|-43.079998|-34.92
1509502463364|-10.74|-43.02|-35.1
1509502463496|-11.099999|-43.079998|-35.1
1509502463628|-10.92|-42.899998|-35.1
1509502463760|-10.92|-43.079998|-35.16
1509502463892|-11.28|-43.079998|-35.16
1509502464034|-11.04|-43.079998|-35.399998
1509502464156|-11.04|-42.899998|-35.16
1509502464288|-11.04|-42.719997|-35.1
1509502464420|-11.04|-42.66|-34.86
1509502464552|-11.46|-42.84|-34.86
1509502464684|-11.46|-42.899998|-35.219997
1509502464816|-11.099999|-42.899998|-35.219997
1509502464948|-11.099999|-43.14|-35.28
1509502465080|-11.04|-43.02|-35.16
1509502465212|-11.099999|-42.899998|-35.16
1509502465347|-10.98|-43.14|-35.28
1509502465476|-11.04|-42.96|-35.219997
1509502465609|-10.92|-42.96|-35.16
1509502465741|-10.5|-43.32|-34.98
1509502465874|-10.86|-43.26|-35.1
1509502466004|-10.8|-43.5|-35.1
1509502466136|-10.92|-43.559998|-35.16
1509502466268|-11.219999|-43.62|-35.579998
1509502466400|-11.28|-43.379997|-35.34
1509502466532|-10.92|-43.2|-35.579998
1509502466664|-10.86|-43.44|-35.579998
1509502466796|-10.92|-43.559998|-35.1
1509502466928|-10.679999|-43.559998|-35.16
1509502467060|-10.92|-43.8|-35.1
1509502467193|-11.28|-43.26|-34.739998
1509502467324|-11.28|-43.079998|-35.1
1509502467456|-11.58|-43.14|-34.92
1509502467588|-11.58|-43.2|-34.62
1509502467720|-10.92|-43.559998|-34.92
1509502467852|-10.98|-43.44|-34.68
1509502467984|-10.92|-43.379997|-34.92
1509502468116|-10.92|-43.5|-34.98
1509502468249|-11.28|-43.32|-34.98
1509502468384|-11.219999|-43.2|-35.16
1509502468512|-10.86|-43.2|-35.28
1509502468644|-10.5|-42.899998|-35.64
1509502468776|-10.62|-42.96|-35.52
1509502468909|-10.62|-42.96|-35.28
1509502469040|-11.04|-43.14|-34.98
1509502469172|-11.46|-43.079998|-34.98
1509502469305|-11.099999|-42.899998|-35.1
1509502469437|-11.04|-42.899998|-34.92
1509502469568|-10.92|-42.78|-34.98
1509502469700|-10.86|-42.78|-34.739998
1509502469833|-11.219999|-42.84|-34.98
1509502469964|-10.5|-42.84|-35.219997
1509502470096|-10.5|-42.899998|-35.399998
1509502470229|-10.5|-43.14|-35.219997
1509502470360|-10.139999|-43.079998|-34.98
1509502470492|-10.86|-43.32|-34.98
1509502470624|-10.92|-43.26|-34.739998
1509502470756|-11.04|-43.079998|-34.739998
1509502470888|-11.34|-43.079998|-34.739998
1509502471020|-11.34|-42.84|-34.68
1509502471152|-11.34|-43.02|-34.739998
1509502471284|-11.5199995|-42.899998|-34.98
1509502471416|-11.46|-42.899998|-34.98
1509502471548|-11.5199995|-42.899998|-34.98
1509502471681|-11.5199995|-42.78|-34.86
1509502471812|-11.04|-42.42|-34.98
1509502471944|-11.099999|-42.54|-34.62
1509502472077|-11.04|-42.54|-34.98
1509502472208|-10.92|-42.6|-35.399998
1509502472340|-11.219999|-42.899998|-35.16
1509502472472|-11.28|-42.899998|-35.46
1509502472604|-11.28|-42.719997|-35.16
1509502472737|-11.04|-42.899998|-34.92
1509502472868|-11.099999|-43.14|-35.1
1509502473000|-11.04|-43.14|-35.16
1509502473132|-11.099999|-43.14|-35.16
1509502473264|-11.34|-42.899998|-35.1
1509502473396|-11.34|-42.66|-34.98
1509502473528|-11.34|-42.66|-34.92
1509502473660|-11.28|-42.66|-35.219997
1509502473793|-11.34|-42.78|-35.219997
1509502473925|-11.28|-43.2|-35.399998
1509502474056|-11.219999|-43.14|-35.64
1509502474188|-11.28|-42.96|-35.34
1509502474320|-11.28|-42.96|-35.64
1509502474453|-11.28|-42.54|-35.1
1509502474584|-11.28|-42.54|-34.92
1509502474716|-11.219999|-42.84|-34.92
1509502474848|-11.28|-43.02|-34.68
1509502474980|-10.92|-43.14|-35.1
1509502475113|-10.92|-43.14|-34.98
1509502475244|-11.04|-43.26|-34.98
1509502475377|-11.04|-42.84|-34.92
1509502475508|-11.46|-42.42|-34.98
1509502475640|-11.099999|-42.42|-35.04
1509502475773|-11.219999|-42.36|-35.16
1509502475905|-11.04|-42.36|-35.16
1509502476036|-10.92|-42.54|-34.98
1509502476168|-11.28|-42.6|-34.98
1509502476300|-11.099999|-42.719997|-34.86
1509502476432|-11.639999|-42.54|-34.86
1509502476564|-11.34|-43.079998|-34.68
1509502476696|-11.46|-43.079998|-34.62
1509502476828|-11.46|-43.26|-34.739998
1509502476965|-10.92|-43.559998|-34.44
1509502477092|-11.28|-43.2|-34.68
1509502477224|-11.16|-43.079998|-34.739998
1509502477357|-11.28|-43.02|-34.86
1509502477488|-10.92|-42.96|-35.52
1509502477621|-11.04|-42.899998|-35.46
1509502477752|-11.04|-42.6|-35.399998
1509502477885|-11.099999|-42.3|-35.1
1509502478017|-11.46|-42.3|-34.739998
1509502478148|-11.28|-42.3|-34.86
1509502478280|-11.28|-42.66|-35.219997
1509502478412|-11.219999|-43.2|-35.16
1509502478544|-11.28|-43.2|-35.219997
1509502478676|-10.92|-43.32|-35.16
1509502478808|-10.92|-43.32|-34.92
1509502478941|-10.559999|-42.899998|-35.1
1509502479072|-10.139999|-43.2|-35.219997
1509502479205|-10.679999|-43.14|-35.399998
1509502479336|-10.74|-43.079998|-35.1
1509502479468|-10.92|-43.079998|-34.98
1509502479600|-11.28|-43.2|-34.68
1509502479733|-10.86|-43.26|-34.559998
1509502479865|-10.92|-43.079998|-34.739998
1509502479998|-11.099999|-43.379997|-34.92
1509502480129|-11.16|-43.079998|-34.98
1509502480260|-11.5199995|-43.079998|-34.98
1509502480393|-10.98|-43.5|-35.16
1509502480525|-11.16|-43.14|-35.16
1509502480656|-11.099999|-43.079998|-35.34
1509502480788|-10.74|-43.079998|-35.16
1509502480921|-11.219999|-42.84|-34.92
1509502481052|-10.62|-43.079998|-34.92
1509502481184|-10.62|-43.079998|-34.92
1509502481316|-10.62|-42.84|-34.92
1509502481448|-10.5|-42.66|-34.98
1509502481581|-10.86|-42.54|-34.98
1509502481713|-10.5|-42.6|-34.98
1509502481844|-10.74|-43.079998|-35.16
1509502481976|-10.8|-43.14|-35.1
1509502482109|-10.92|-43.14|-35.1
1509502482241|-11.34|-43.2|-34.62
1509502482372|-11.4|-43.32|-34.62
1509502482504|-11.34|-43.5|-34.68
1509502482637|-10.92|-43.32|-34.8
1509502482768|-10.86|-43.32|-35.219997
1509502482900|-10.92|-42.96|-35.219997
1509502483032|-10.62|-42.96|-35.399998
1509502483165|-10.559999|-43.26|-35.52
1509502483296|-10.679999|-43.2|-35.34
1509502483428|-10.679999|-43.14|-35.34
1509502483560|-11.099999|-43.079998|-35.1
1509502483692|-11.639999|-42.899998|-34.86
1509502483825|-11.639999|-43.14|-34.92
1509502483957|-11.46|-43.2|-34.68
1509502484088|-11.34|-43.32|-34.559998
1509502484221|-11.28|-43.32|-34.44
1509502484353|-11.28|-43.32|-34.68
1509502484484|-11.34|-43.32|-34.92
1509502484620|-11.46|-43.2|-35.16
1509502484749|-11.04|-43.079998|-35.219997
1509502484881|-10.559999|-42.84|-34.92
1509502485012|-10.74|-42.84|-34.5
1509502485144|-10.74|-42.66|-34.92
1509502485276|-10.74|-42.78|-34.68
1509502485408|-11.46|-43.26|-34.559998
1509502485540|-10.92|-43.079998|-34.92
1509502485673|-10.92|-43.26|-34.32
1509502485804|-11.58|-43.379997|-34.68
1509502485936|-11.34|-42.899998|-34.86
1509502486068|-11.759999|-43.02|-34.86
1509502486201|-11.7|-42.899998|-35.1
1509502486333|-11.46|-42.78|-34.92
1509502486464|-11.46|-42.84|-34.739998
1509502486596|-10.62|-42.66|-34.86
1509502486728|-10.679999|-42.719997|-34.62
1509502486860|-10.679999|-42.66|-34.38
1509502486993|-10.32|-42.78|-34.62
1509502487125|-11.099999|-43.26|-34.5
1509502487257|-11.099999|-43.379997|-34.739998
1509502487388|-11.16|-43.739998|-34.68
1509502487520|-11.5199995|-43.5|-34.62
1509502487652|-11.5199995|-43.26|-34.62
