1509531252904|-0.45968673|4.9416323|8.24563
1509531253016|-0.39264908|4.9224787|8.494628
1509531253147|-0.36391866|5.0182467|8.542512
1509531253279|-0.22026655|4.999093|8.101978
1509531253411|-0.19153613|4.6830587|8.0445175
1509531253543|-0.545878|4.999093|7.9966335
1509531253675|-0.24899697|5.0374002|8.504205
1509531253812|-0.10534488|5.085284|8.542512
1509531253942|-0.25857377|5.046977|8.494628
1509531254078|-0.22984336|4.9799395|8.322245
1509531254203|-0.31603462|4.9416323|8.37013
1509531254335|-0.34476504|4.6830587|8.236053
1509531254467|-0.4405331|4.8362875|8.523358
1509531254599|-0.38307226|4.8458643|8.341399
1509531254731|-0.38307226|5.00867|8.475474
1509531254863|-0.39264908|4.7788267|8.0445175
1509531254998|-0.38307226|4.7405195|8.169016
1509531255127|-0.45010993|4.951209|8.37013
1509531255262|-0.33518824|4.9703627|8.37013
1509531255391|-0.38307226|4.960786|8.303091
1509531255524|-0.38307226|4.807557|8.121132
1509531255662|-0.36391866|4.960786|8.389283
1509531255787|-0.32561144|4.999093|8.42759
1509531255919|-0.32561144|4.9703627|8.37013
1509531256051|-0.41180268|5.00867|8.494628
1509531256185|-0.37349546|4.9224787|8.408437
1509531256314|-0.37349546|4.951209|8.350976
1509531256447|-0.32561144|4.9320555|8.37013
1509531256579|-0.36391866|4.9703627|8.389283
1509531256711|-0.36391866|4.9224787|8.389283
1509531256847|-0.29688102|4.8362875|8.331821
1509531256979|-0.38307226|4.951209|8.360553
1509531257108|-0.2681506|4.8745947|8.494628
1509531257242|-0.24899697|4.548983|8.24563
1509531257380|-0.32561144|4.5298295|8.485051
1509531257503|-0.25857377|4.3957543|8.6574335
1509531257635|-0.24899697|4.4819455|8.599973
1509531257767|-0.22026655|4.462792|8.695741
1509531257919|-0.22984336|4.3957543|8.714894
1509531258031|-0.22984336|4.6160207|8.580819
1509531258163|-0.25857377|4.5394063|8.437167
1509531258295|-0.30645782|4.510676|8.331821
1509531258432|-0.2681506|4.5777135|8.580819
1509531258562|-0.29688102|4.654328|8.446744
1509531258692|-0.23942018|4.721366|8.475474
1509531258830|-0.24899697|4.453215|8.42759
1509531258963|-0.29688102|4.5681367|8.485051
1509531259096|-0.24899697|4.367024|8.647857
1509531259219|-0.23942018|4.3382936|8.446744
1509531259351|-0.18195933|4.405331|8.532935
1509531259483|-0.30645782|4.2904096|8.437167
1509531259615|-0.25857377|4.261679|8.504205
1509531259747|-0.23942018|4.367024|8.762778
1509531259879|-0.18195933|4.357447|8.590396
1509531260013|-0.18195933|4.3861775|8.532935
1509531260143|-0.24899697|4.414908|8.475474
1509531260280|-0.2777274|4.3957543|8.590396
1509531260412|-0.2873042|4.548983|8.465898
1509531260542|-0.29688102|4.5298295|8.494628
1509531260679|-0.34476504|4.5202527|8.552089
1509531260803|-0.4405331|4.644751|8.63828
1509531260934|-0.30645782|4.6255975|8.418014
1509531261067|-0.30645782|4.6160207|8.485051
1509531261200|-0.40222588|4.7405195|8.465898
1509531261331|-0.4405331|4.7500963|8.465898
1509531261463|-0.35434186|4.4244847|8.360553
1509531261595|-0.45010993|4.4915223|8.293514
1509531261727|-0.33518824|4.3957543|8.724471
1509531261859|-0.33518824|4.2521024|8.590396
1509531261997|-0.20111294|4.6160207|8.90643
1509531262130|-0.31603462|4.2425256|8.571242
1509531262262|-0.30645782|4.3382936|8.561666
1509531262387|-0.33518824|4.1946416|8.619126
1509531262519|-0.33518824|4.2425256|8.446744
1509531262651|-0.2777274|4.2042184|8.590396
1509531262783|-0.22984336|4.232949|8.571242
1509531262915|-0.25857377|4.31914|8.63828
1509531263047|-0.25857377|4.3287168|8.743625
1509531263179|-0.2681506|4.185065|8.6095495
1509531263311|-0.2873042|4.3478703|8.762778
1509531263443|-0.16280572|4.3861775|8.839393
1509531263581|-0.19153613|4.232949|8.628703
1509531263707|-0.1436521|4.367024|8.724471
1509531263846|-0.15322891|4.4244847|8.542512
1509531263971|-0.18195933|4.3287168|8.274361
1509531264103|-0.1340753|4.4244847|8.494628
1509531264235|-0.1340753|4.3861775|8.360553
1509531264367|-0.11492168|4.548983|8.523358
1509531264499|-0.20111294|4.5872903|8.532935
1509531264631|-0.20111294|4.5777135|8.599973
1509531264763|-0.18195933|4.6926355|8.446744
1509531264895|-0.18195933|4.654328|8.580819
1509531265030|-0.20111294|4.6351743|8.676587
1509531265163|-0.23942018|4.606444|8.437167
1509531265291|-0.24899697|4.4915223|8.686164
1509531265430|-0.2777274|4.3287168|8.264784
1509531265562|-0.25857377|4.3382936|8.628703
1509531265686|-0.4405331|4.1946416|8.561666
1509531265819|-0.2777274|4.31914|8.437167
1509531265951|-0.34476504|4.261679|8.513782
1509531266083|-0.33518824|4.1276035|8.485051
1509531266217|-0.41180268|4.271256|8.7053175
1509531266347|-0.641646|4.2904096|8.7053175
1509531266479|-0.45010993|4.098873|8.772355
1509531266615|-0.4309563|4.175488|8.513782
1509531266746|-0.45010993|4.3957543|8.7053175
1509531266880|-0.45968673|4.003105|8.42759
1509531267012|-0.48841715|4.175488|8.686164
1509531267145|-0.38307226|4.10845|8.599973
1509531267271|-0.4405331|4.261679|8.676587
1509531267403|-0.39264908|4.1276035|8.724471
1509531267535|-0.40222588|4.280833|8.695741
1509531267667|-0.41180268|4.213795|8.456321
1509531267799|-0.38307226|4.175488|8.6574335
1509531267931|-0.4309563|4.2904096|8.743625
1509531268063|-0.31603462|4.501099|8.810662
1509531268195|-0.37349546|4.7022123|8.485051
1509531268327|-0.2873042|4.3478703|8.42759
1509531268459|-0.30645782|4.510676|8.523358
1509531268592|-0.36391866|4.6351743|8.1881695
1509531268731|-0.31603462|4.6160207|8.494628
1509531268862|-0.2777274|4.414908|8.149862
1509531268987|-0.33518824|4.8362875|8.628703
1509531269119|-0.39264908|4.644751|8.456321
1509531269251|-0.30645782|4.510676|8.178593
1509531269383|-0.45010993|4.9895163|8.504205
1509531269515|-0.45010993|4.7309427|8.293514
1509531269647|-0.6607997|4.721366|8.24563
1509531269784|-0.7469909|4.76925|8.389283
1509531269911|-0.7469909|4.6351743|8.264784
1509531270045|-0.6607997|4.8458643|8.504205
1509531270175|-0.60333884|4.644751|8.178593
1509531270311|-0.6607997|4.5777135|8.542512
1509531270440|-0.7374141|4.501099|8.647857
1509531270579|-0.641646|4.357447|8.542512
1509531270712|-0.6607997|4.414908|8.63828
1509531270842|-0.5554548|4.3382936|8.7532015
1509531270967|-0.58418524|4.185065|8.39886
1509531271099|-0.60333884|4.5777135|8.686164
1509531271233|-0.45010993|4.5872903|8.6095495
1509531271363|-0.38307226|4.55856|8.552089
1509531271495|-0.37349546|4.6351743|8.590396
1509531271627|-0.4213795|4.673482|8.39886
1509531271762|-0.545878|4.5394063|8.130709
1509531271897|-0.51714754|4.405331|8.39886
1509531272031|-0.58418524|4.414908|8.513782
1509531272162|-0.46926352|4.5202527|8.63828
1509531272287|-0.5554548|4.5394063|8.743625
1509531272419|-0.5746084|4.3861775|8.743625
1509531272551|-0.61291564|4.31914|8.647857
1509531272683|-0.46926352|4.1180267|8.628703
1509531272815|-0.46926352|4.1659107|8.561666
1509531272947|-0.45010993|4.2042184|8.599973
1509531273079|-0.5554548|4.223372|8.7053175
1509531273211|-0.5554548|4.261679|8.772355
1509531273347|-0.4309563|4.232949|8.676587
1509531273475|-0.4213795|4.223372|8.734048
1509531273613|-0.35434186|4.1371803|8.6095495
1509531273741|-0.4309563|4.1659107|8.66701
1509531273880|-0.4405331|4.261679|8.580819
1509531274003|-0.47884035|4.2999864|8.7053175
1509531274135|-0.5746084|4.31914|8.360553
1509531274267|-0.6607997|4.3957543|8.523358
1509531274399|-0.63206923|4.405331|8.552089
1509531274531|-0.49799395|4.453215|8.552089
1509531274663|-0.41180268|4.5394063|8.532935
1509531274795|-0.45010993|4.4819455|8.532935
1509531274927|-0.35434186|4.510676|8.695741
1509531275062|-0.37349546|4.414908|8.695741
1509531275196|-0.31603462|4.31914|8.542512
1509531275329|-0.30645782|4.309563|8.6095495
1509531275455|-0.34476504|4.232949|8.619126
1509531275592|-0.31603462|4.2425256|8.647857
1509531275719|-0.45010993|4.2904096|8.561666
1509531275851|-0.4213795|4.2999864|8.820239
1509531275983|-0.39264908|4.1946416|8.6574335
1509531276115|-0.32561144|4.232949|8.714894
1509531276250|-0.4309563|4.1946416|8.7532015
1509531276379|-0.45968673|4.2425256|8.66701
1509531276511|-0.48841715|4.1659107|8.734048
1509531276648|-0.39264908|4.1276035|8.810662
1509531276780|-0.4309563|3.964798|8.571242
1509531276912|-0.4309563|3.8307228|8.734048
1509531277042|-0.45968673|3.8402996|8.762778
1509531277178|-0.39264908|3.964798|8.896853
1509531277303|-0.4309563|3.86903|8.8777
1509531277435|-0.41180268|3.7924154|8.781932
1509531277567|-0.38307226|3.7253778|8.695741
1509531277699|-0.47884035|3.9360676|8.829816
1509531277831|-0.45968673|3.9456444|8.887277
1509531277963|-0.4405331|3.9552212|8.762778
1509531278095|-0.4405331|3.9935284|8.686164
1509531278231|-0.47884035|4.2042184|8.781932
1509531278359|-0.5267244|4.232949|8.839393
1509531278498|-0.48841715|4.012682|8.542512
1509531278629|-0.49799395|4.060566|8.552089
1509531278762|-0.545878|4.098873|8.791509
1509531278887|-0.48841715|4.0797195|8.647857
1509531279019|-0.46926352|4.2521024|8.63828
1509531279151|-0.5363012|4.3766007|8.762778
1509531279283|-0.5746084|4.4436383|8.734048
1509531279415|-0.5267244|4.367024|8.7053175
1509531279546|-0.46926352|4.261679|8.695741
1509531279679|-0.5746084|4.261679|8.504205
1509531279811|-0.5363012|4.2425256|8.408437
1509531279943|-0.48841715|4.1180267|8.743625
1509531280079|-0.45968673|4.185065|8.590396
1509531280208|-0.47884035|4.405331|8.542512
1509531280346|-0.47884035|4.3287168|8.714894
1509531280480|-0.45968673|4.185065|8.7053175
1509531280603|-0.50757074|4.3287168|8.6095495
1509531280735|-0.4405331|4.3382936|8.734048
1509531280867|-0.40222588|4.0318356|8.628703
1509531280999|-0.46926352|4.146757|8.628703
1509531281131|-0.45010993|4.261679|8.695741
1509531281273|-0.4309563|4.2042184|8.848969
1509531281394|-0.4309563|4.1276035|8.6574335
1509531281528|-0.48841715|4.2904096|8.762778
1509531281659|-0.33518824|4.146757|8.714894
1509531281791|-0.4309563|4.156334|8.619126
1509531281929|-0.4213795|4.280833|8.8777
1509531282062|-0.39264908|4.156334|8.552089
1509531282187|-0.4213795|4.213795|8.619126
1509531282319|-0.38307226|4.1371803|8.724471
1509531282451|-0.37349546|3.9073372|8.916007
