1510196771698|0.08246586|-0.05527605|-0.96289706|0.25094447
1510196771812|0.0553165|-0.06993774|-0.96625745|0.24165137
1510196771928|0.034222785|-0.090696685|-0.9678613|0.23205045
1510196772043|0.02462387|-0.13891232|-0.9697131|0.19938296
1510196772168|0.0010945831|-0.18733957|-0.96443194|0.18647707
1510196772283|0.004500909|-0.2024947|-0.9591305|0.19759624
1510196772405|0.021072693|-0.22588176|-0.954691|0.19260962
1510196772503|0.06831107|-0.2678858|-0.9357752|0.21885058
1510196772618|0.11850837|-0.33849564|-0.9014511|0.24240942
1510196772733|0.13155808|-0.3045694|-0.9104962|0.24683338
1510196772849|0.1431814|-0.24866392|-0.9138514|0.28729957
1510196772964|0.15230401|-0.16482763|-0.9199066|0.32156992
1510196773079|0.15078308|-0.15171744|-0.9196009|0.32951552
1510196773199|0.13424364|-0.15287885|-0.92444247|0.32251012
1510196773314|0.14321922|-0.13688865|-0.92790574|0.31581742
1510196773422|0.15804516|-0.13344541|-0.92867124|0.30786976
1510196773540|0.15482587|-0.12130473|-0.94372493|0.2658897
1510196773653|0.15036185|-0.10731291|-0.9468078|0.26349613
1510196773768|0.13487448|-0.1097321|-0.9511802|0.25499782
1510196773885|0.13576435|-0.11084448|-0.9513619|0.25336152
1510196773999|0.13745669|-0.11387586|-0.95110244|0.25207555
1510196774113|0.13294613|-0.11286293|-0.9527012|0.24889287
1510196774229|0.12905782|-0.11740327|-0.9532398|0.24676801
1510196774347|0.123177595|-0.12369847|-0.9533425|0.2463008
1510196774462|0.108655185|-0.13174109|-0.95587534|0.23904109
1510196774573|0.0993286|-0.13283664|-0.9568785|0.23847814
1510196774688|0.09540965|-0.13750724|-0.9559849|0.24100126
1510196774805|0.0892977|-0.13591456|-0.95719635|0.23943329
1510196774918|0.082760625|-0.14011426|-0.96655494|0.19821754
1510196775034|0.084321305|-0.13690269|-0.9672311|0.19649835
1510196775149|0.08433043|-0.14263406|-0.9662176|0.19740176
1510196775264|0.08480478|-0.1488447|-0.9648068|0.19950253
1510196775381|0.07661436|-0.14853898|-0.96554476|0.19947374
1510196775503|0.07442449|-0.14539313|-0.96522087|0.20413369
1510196775610|0.092981964|-0.13831015|-0.96253836|0.21387991
1510196775730|0.12060063|-0.15041152|-0.9548996|0.22582872
1510196775848|0.12975723|-0.15021478|-0.95195943|0.23317775
1510196775959|0.14940213|-0.1485338|-0.9464308|0.24471493
1510196776080|0.15727103|-0.1557888|-0.94255614|0.25016713
1510196776191|0.18070358|-0.15388367|-0.9375827|0.25417462
1510196776301|0.18672982|-0.16386569|-0.93010306|0.27053347
1510196776415|0.166101|-0.15753523|-0.93694204|0.2640696
1510196776530|0.15584649|-0.1613925|-0.9376181|0.2655875
1510196776645|0.16039445|-0.14205512|-0.94010955|0.26511893
1510196776760|0.17809099|-0.14123093|-0.9342796|0.27469805
1510196776875|0.17498532|-0.14445533|-0.93349695|0.277662
1510196776989|0.17199977|-0.14421096|-0.93560624|0.27250737
1510196777104|0.1608492|-0.14495741|-0.9392749|0.2662284
1510196777221|0.14995115|-0.14291821|-0.94376534|0.25767422
1510196777335|0.13835754|-0.14322239|-0.94708437|0.25174543
1510196777451|0.1446848|-0.14248607|-0.9440391|0.259912
1510196777563|0.15385029|-0.14291595|-0.94227564|0.26080984
1510196777680|0.19061741|-0.13883406|-0.92831695|0.28743306
1510196777795|0.2518763|-0.13693902|-0.9000461|0.3282119
1510196777909|0.26961285|-0.123462014|-0.8983925|0.32397056
1510196778024|0.29466242|-0.1376471|-0.89140105|0.31564453
1510196778140|0.27756035|-0.14605582|-0.90021455|0.30206233
1510196778254|0.25633875|-0.1347231|-0.9110394|0.29350862
1510196778371|0.23740177|-0.1213072|-0.9172537|0.29592338
1510196778486|0.17670922|-0.11277047|-0.94093865|0.26587802
1510196778600|0.16204335|-0.12273063|-0.9472049|0.24795566
1510196778716|0.1457481|-0.13123225|-0.94856554|0.24851364
1510196778829|0.14040284|-0.1335857|-0.9483088|0.25130123
1510196778943|0.14760384|-0.13584708|-0.94975495|0.24025874
1510196779060|0.14482392|-0.14799868|-0.94824475|0.24073711
1510196779174|0.13710438|-0.15018092|-0.95059144|0.23457181
1510196779289|0.13068046|-0.14823201|-0.95278245|0.23055486
1510196779404|0.12822494|-0.14667363|-0.95366734|0.22926804
1510196779531|0.12680407|-0.14977692|-0.9532935|0.22960646
1510196779636|0.12496066|-0.14877543|-0.9537214|0.22949122
1510196779751|0.12474947|-0.14627221|-0.9543724|0.22850674
1510196779865|0.12463245|-0.14646046|-0.9542537|0.22894554
1510196779980|0.124431364|-0.14438406|-0.95465314|0.22870831
1510196780108|0.123810045|-0.1441888|-0.9546758|0.22907388
1510196780211|0.122476034|-0.14289135|-0.9547876|0.2301355
1510196780333|0.11833121|-0.14275995|-0.95582676|0.22806247
1510196780446|0.11736451|-0.14325672|-0.9560443|0.22733742
1510196780561|0.11777604|-0.1490777|-0.95504886|0.22756621
1510196780671|0.11834917|-0.14725722|-0.9555012|0.22655293
1510196780789|0.11897082|-0.14708818|-0.95546585|0.2264862
1510196780903|0.11969012|-0.1469863|-0.9550509|0.22791909
1510196781015|0.117357835|-0.14694053|-0.95508796|0.22900356
1510196781132|0.117927864|-0.14620514|-0.9552793|0.22838251
1510196781246|0.11708283|-0.14594431|-0.95563895|0.22747761
1510196781360|0.119034946|-0.14411967|-0.9563886|0.22445714
1510196781476|0.12093598|-0.14475906|-0.95604116|0.22450979
1510196781591|0.12152988|-0.14554656|-0.9546599|0.22950216
1510196781705|0.12628055|-0.14302063|-0.9547884|0.22798567
1510196781822|0.13021912|-0.14517233|-0.9541536|0.22706571
1510196781934|0.1229954|-0.15502024|-0.9524153|0.2318318
1510196782050|0.12512441|-0.14765741|-0.9536159|0.23055983
1510196782164|0.11517131|-0.14895944|-0.9548015|0.23000163
1510196782281|0.10851524|-0.14694482|-0.95745134|0.22342466
1510196782395|0.10445142|-0.14732486|-0.9590466|0.21820837
1510196782510|0.102477856|-0.14562312|-0.95995295|0.21629278
1510196782626|0.10167614|-0.14638573|-0.9605934|0.21329196
1510196782743|0.09851353|-0.14321937|-0.96229845|0.20920087
1510196782856|0.097575866|-0.14016946|-0.96391374|0.20421024
1510196782970|0.098691605|-0.14082304|-0.9648977|0.1984976
1510196783086|0.097302265|-0.13830394|-0.965459|0.19822523
1510196783202|0.09279618|-0.13325013|-0.96749425|0.19387661
1510196783315|0.101849414|-0.10376433|-0.9677679|0.2056332
1510196783449|0.058916155|-0.12848623|-0.97256136|0.18478261
1510196783549|0.016005754|-0.12772626|-0.9718816|0.19716986
1510196783664|-0.037379198|-0.034403194|-0.9577442|0.28309953
1510196783777|0.027875608|-0.044444863|-0.9480875|0.31365207
1510196783892|0.043726537|-0.09601608|-0.9403015|0.32357696
1510196784007|0.030143041|-0.120073564|-0.9384489|0.3224708
1510196784120|0.025986569|-0.13336177|-0.9349207|0.3278149
1510196784236|0.019232979|-0.12277854|-0.94782954|0.2935553
1510196784350|0.017349299|-0.12228811|-0.95028645|0.28583264
1510196784469|0.011127099|-0.11312369|-0.95568883|0.27154765
1510196784581|0.0043516657|-0.110120475|-0.95640904|0.27043733
1510196784695|0.0033301043|-0.121205956|-0.95615786|0.2665712
1510196784811|0.0054363906|-0.102245785|-0.9579411|0.26807666
1510196784927|0.0027642348|-0.10423045|-0.9577443|0.2680564
1510196785041|0.003231904|-0.105711676|-0.95804214|0.26640174
1510196785158|-0.0019034359|-0.09772433|-0.9592023|0.26528725
1510196785272|-0.008898242|-0.102706745|-0.959022|0.263911
1510196785386|-0.020097615|-0.08984727|-0.96255|0.2549924
1510196785502|-0.031641427|-0.09403018|-0.9639928|0.2467287
1510196785618|-0.03738626|-0.092609495|-0.961329|0.25665614
1510196785733|-0.046262182|-0.09057086|-0.9626273|0.25100893
1510196785846|-0.048620068|-0.09053283|-0.96243316|0.25132114
1510196785961|-0.04552313|-0.089046344|-0.961862|0.25459749
1510196786075|-0.044529285|-0.087932765|-0.96189725|0.2550267
1510196786192|-0.02854008|-0.10515703|-0.95855767|0.2632388
1510196786305|-0.02300615|-0.10915605|-0.9563625|0.2700491
1510196786422|-0.024359308|-0.10974804|-0.95609593|0.27063367
1510196786536|-0.020387344|-0.100565955|-0.9556423|0.27607727
1510196786652|0.005231923|-0.10279935|-0.95212066|0.28787354
1510196786766|0.017997688|-0.09728621|-0.951613|0.29093674
1510196786882|0.035123177|-0.08897864|-0.9510403|0.29389018
1510196786996|0.020969557|-0.11405073|-0.9493469|0.29204988
1510196787112|0.06868398|-0.16075438|-0.95563626|0.23706512
1510196787226|0.10965359|-0.19607618|-0.9503437|0.21535331
1510196787341|0.16253613|-0.1861693|-0.9254511|0.28716412
1510196787457|0.16452916|-0.18772079|-0.9213774|0.2979173
1510196787572|0.18383884|-0.17805424|-0.91971105|0.2977105
1510196787687|0.20959689|-0.1729969|-0.906009|0.3244825
1510196787802|0.2666996|-0.17853428|-0.883216|0.3419449
1510196787916|0.2647443|-0.18561737|-0.8800445|0.3478193
1510196788032|0.26293054|-0.18562388|-0.8822839|0.34349138
1510196788146|0.22862336|-0.1831239|-0.9028938|0.3146105
1510196788263|0.18824372|-0.18587226|-0.9187964|0.29296574
1510196788377|0.17206769|-0.18961892|-0.9165318|0.30725697
1510196788491|0.16533425|-0.19852053|-0.9145465|0.3112216
1510196788609|0.16292334|-0.19685183|-0.9155156|0.31070325
1510196788722|0.16138206|-0.20188151|-0.9149277|0.31001124
1510196788837|0.14568588|-0.19213781|-0.92232496|0.3019526
1510196788951|0.124176756|-0.19277562|-0.9320685|0.2804745
1510196789068|0.11814773|-0.19764526|-0.9356938|0.26730984
1510196789182|0.100508295|-0.20019676|-0.9417683|0.25078252
1510196789296|0.085164465|-0.199065|-0.9461743|0.24057086
1510196789413|0.0828023|-0.20007928|-0.9474929|0.23530686
1510196789528|0.081927374|-0.20176852|-0.94702834|0.23603958
1510196789643|0.08247868|-0.20236006|-0.9463067|0.23822537
1510196789757|0.08384315|-0.2028265|-0.9459337|0.23883289
1510196789876|0.087713815|-0.20074347|-0.94603515|0.23880096
1510196789991|0.0886347|-0.20062017|-0.9454276|0.24096067
1510196790109|0.08918317|-0.19995007|-0.9453118|0.24176843
1510196790225|0.088934086|-0.20043217|-0.945018|0.24260806
1510196790338|0.088923424|-0.20109178|-0.9446099|0.2436531
1510196790453|0.089145884|-0.19980636|-0.94499475|0.24313653
1510196790568|0.08955839|-0.19971511|-0.94495624|0.24320951
1510196790682|0.089913875|-0.19977805|-0.94481033|0.24359317
1510196790795|0.089388624|-0.20030165|-0.94468415|0.24384572
1510196790916|0.08951554|-0.20032915|-0.94464|0.24394783
1510196791026|0.08974368|-0.2000309|-0.9442694|0.24553815
1510196791147|0.089410156|-0.20022966|-0.9443323|0.24525589
1510196791265|0.08958686|-0.20109548|-0.9441284|0.24526788
1510196791368|0.089475594|-0.20093687|-0.94408983|0.2455869
1510196791485|0.088781126|-0.20104781|-0.94398487|0.24615082
1510196791604|0.088989936|-0.20050171|-0.9439412|0.24668793
1510196791722|0.089389205|-0.20055887|-0.94375503|0.24720868
1510196791832|0.09045538|-0.19983214|-0.9440074|0.24644475
1510196791945|0.089701876|-0.20148233|-0.9432163|0.24839762
1510196792057|0.094250195|-0.20526776|-0.9414566|0.2502829
1510196792175|0.09641454|-0.20528747|-0.9410164|0.25109655
1510196792287|0.09706845|-0.20565397|-0.9410432|0.25044334
1510196792403|0.09438209|-0.19521761|-0.94530404|0.24368511
1510196792518|0.09585714|-0.19315483|-0.94571334|0.24316427
1510196792633|0.097653165|-0.19382769|-0.945049|0.24449359
1510196792747|0.09303992|-0.19515172|-0.9464562|0.23975007
1510196792863|0.08600124|-0.17839268|-0.952653|0.23072079
1510196792977|0.07159361|-0.12377795|-0.9661597|0.21468304
1510196793094|0.04220008|-0.15371515|-0.9667924|0.19975796
1510196793210|0.06381298|-0.14960209|-0.9632261|0.21387528
1510196793325|0.116256|-0.18736912|-0.95586294|0.19417351
1510196793441|0.1888612|-0.18751135|-0.938292|0.22085975
1510196793557|0.23989931|-0.18421891|-0.91554123|0.2651339
1510196793674|0.2668501|-0.1786113|-0.89836675|0.29971015
1510196793782|0.24049456|-0.16411711|-0.91233677|0.28787082
1510196793900|0.24108651|-0.15866086|-0.9121639|0.2909657
1510196794013|0.2582371|-0.1562074|-0.91014296|0.283818
1510196794129|0.25725368|-0.15599999|-0.90877444|0.28916022
1510196794243|0.246783|-0.15467937|-0.91354656|0.28391045
1510196794359|0.2284579|-0.1541385|-0.9193713|0.2807218
1510196794473|0.22615606|-0.15592806|-0.92041576|0.27816308
1510196794589|0.22274709|-0.15593886|-0.9225907|0.2736663
1510196794704|0.21738362|-0.157179|-0.9248275|0.26969093
1510196794819|0.21068461|-0.15966223|-0.92592657|0.26977757
1510196794932|0.20963643|-0.15757327|-0.9271342|0.2676665
1510196795049|0.20679943|-0.15847673|-0.9285325|0.26447403
1510196795164|0.20903514|-0.161175|-0.928244|0.2620879
1510196795278|0.2043241|-0.1657454|-0.9264166|0.26931843
1510196795393|0.20366602|-0.16196086|-0.9276241|0.26795965
1510196795508|0.20595221|-0.16296114|-0.92737794|0.26645365
1510196795624|0.2024949|-0.16263144|-0.927763|0.26796028
1510196795739|0.20099886|-0.16469549|-0.9276645|0.26816678
1510196795854|0.2013321|-0.16671374|-0.9269813|0.26903096
1510196795969|0.18207671|-0.16740717|-0.9320757|0.2646845
1510196796085|0.12394515|-0.18620792|-0.9448694|0.23913601
1510196796198|0.06341125|-0.16783544|-0.96102136|0.2103525
1510196796314|0.03969209|-0.14973663|-0.9672141|0.201247
1510196796432|0.015607543|-0.07291281|-0.95991004|0.27020898
1510196796547|0.0025853326|-0.049488198|-0.9578379|0.28300333
1510196796661|0.022747062|-0.13082589|-0.942311|0.3072737
1510196796781|-0.034963317|-0.17757967|-0.94177485|0.2833781
1510196796892|-0.07194444|-0.16834731|-0.9515107|0.24720538
1510196797016|-0.056070317|-0.12643044|-0.96868765|0.20619336
1510196797121|-0.031395763|-0.16463749|-0.9732855|0.156921
1510196797235|-0.0153284045|-0.21523522|-0.962893|0.16209847
1510196797349|-0.02393509|-0.23589715|-0.9534474|0.18632677
1510196797464|-0.020007558|-0.24389493|-0.95234364|0.18208928
1510196797579|-0.017510995|-0.22956795|-0.9568943|0.177046
1510196797694|-0.014759889|-0.20512237|-0.9578833|0.20041603
1510196797810|-0.0049543357|-0.18196096|-0.9649978|0.18879843
1510196797924|-0.0016102189|-0.15940963|-0.9724918|0.16984022
1510196798041|-0.015375722|-0.15668452|-0.9742132|0.16162388
1510196798155|-0.031438183|-0.08403337|-0.98300767|0.16014372
1510196798269|-0.065065034|-0.11360175|-0.9852462|0.11023199
1510196798384|-0.09482966|-0.059560653|-0.9831316|0.1446105
1510196798503|-0.055308215|-0.07599183|-0.9799577|0.17563942
1510196798616|-0.06983465|-0.12861353|-0.97566265|0.16329151
1510196798732|-0.06593876|-0.12167435|-0.97398996|0.17941849
1510196798859|-0.06673525|-0.12287279|-0.9712438|0.1927023
1510196798968|-0.07351635|-0.12639356|-0.9739393|0.17338465
1510196799088|-0.0707438|-0.13747981|-0.97282314|0.17236505
1510196799190|-0.066906564|-0.14013912|-0.9733341|0.16883525
1510196799305|-0.06818298|-0.14230248|-0.9736478|0.1646546
1510196799421|-0.06676588|-0.12847637|-0.9762163|0.16136262
1510196799536|-0.06414568|-0.12744056|-0.9767392|0.16007712
1510196799650|-0.06762914|-0.12802868|-0.97648036|0.15975305
1510196799766|-0.067018546|-0.12244283|-0.9773043|0.15935043
1510196799881|-0.06493598|-0.12299508|-0.97725713|0.16007492
1510196799995|-0.06282239|-0.12494373|-0.97699195|0.16102527
1510196800117|-0.06474577|-0.12287124|-0.97711414|0.16111684
1510196800226|-0.06747202|-0.12381535|-0.97704214|0.15970594
1510196800342|-0.06785582|-0.1258426|-0.97571164|0.16596997
1510196800457|-0.06621668|-0.12588073|-0.97572696|0.16651206
1510196800574|-0.0548066|-0.12890208|-0.97618145|0.16568114
1510196800691|-0.057536956|-0.12374935|-0.9769528|0.16413039
1510196800800|-0.05862588|-0.12615216|-0.9766874|0.16349453
1510196800915|-0.056806386|-0.10022214|-0.9798351|0.16325371
1510196801030|-0.062184695|-0.08964038|-0.98135555|0.15823697
1510196801145|-0.061682988|-0.08431667|-0.98206353|0.15696232
1510196801260|-0.06933072|-0.085247025|-0.98140687|0.15737474
1510196801374|-0.07233825|-0.09116962|-0.9807225|0.15696697
1510196801491|-0.058696438|-0.08177455|-0.9820994|0.1592117
1510196801604|-0.07182938|-0.07630314|-0.9823667|0.1548356
1510196801720|-0.030453725|-0.14904168|-0.9819929|0.112022825
1510196801834|0.030225605|-0.19540173|-0.9767918|0.08235523
1510196801950|0.04928408|-0.18718542|-0.9740387|0.117393635
1510196802064|0.08177847|-0.18527012|-0.9709923|0.1271268
1510196802181|0.067633316|-0.17084207|-0.9758318|0.11828374
1510196802296|0.07121887|-0.16483799|-0.9769526|0.115411974
1510196802410|0.05612612|-0.15308231|-0.9805546|0.10921717
1510196802525|0.058896653|-0.1626537|-0.97841454|0.11304846
1510196802641|0.055859298|-0.16055393|-0.97866565|0.11539368
1510196802755|0.058147755|-0.16176382|-0.97845393|0.11436422
1510196802870|0.06837538|-0.18078767|-0.97338915|0.12310236
1510196802986|0.06889368|-0.17562519|-0.97189057|0.14084807
1510196803101|0.06282511|-0.16889262|-0.97322035|0.142725
1510196803214|0.042938285|-0.15583897|-0.97600156|0.14591587
1510196803332|0.04057454|-0.15729241|-0.975159|0.15059124
1510196803446|0.040004842|-0.16548352|-0.97235787|0.1597966
1510196803561|0.034577895|-0.16876426|-0.9717891|0.16108647
1510196803691|0.03272105|-0.16564767|-0.97237027|0.16120258
1510196803796|0.032003842|-0.1659324|-0.9722656|0.16168416
1510196803910|0.0317737|-0.16382757|-0.9724538|0.16274102
1510196804030|0.031258836|-0.16230895|-0.9724943|0.16411433
1510196804138|0.03240567|-0.16202469|-0.9724218|0.16460139
1510196804252|0.03142092|-0.16251166|-0.97204554|0.16652386
1510196804374|0.028159263|-0.16802068|-0.9721493|0.16094057
1510196804487|0.022765515|-0.16849777|-0.97108376|0.16759036
1510196804602|0.0032703043|-0.17478175|-0.9655405|0.19280078
1510196804713|0.013610304|-0.15263315|-0.963561|0.21924442
1510196804830|0.032795224|-0.123890996|-0.9570588|0.26002678
1510196804945|0.038913574|-0.13479212|-0.945118|0.2950742
1510196805063|0.07989173|-0.15761138|-0.93383|0.31102648
1510196805173|0.10526662|-0.16248192|-0.93348795|0.30185884
1510196805294|0.11970331|-0.14652409|-0.93700916|0.29362503
1510196805409|0.15167126|-0.15873255|-0.9186034|0.3285841
1510196805515|0.15918078|-0.15301588|-0.9162886|0.33415985
1510196805633|0.1561182|-0.14272055|-0.92254746|0.3227447
1510196805747|0.15732849|-0.13873498|-0.92671007|0.3117832
1510196805865|0.17544219|-0.14469908|-0.9163003|0.32966045
1510196805978|0.19906697|-0.15751424|-0.90106833|0.35162124
1510196806097|0.21360667|-0.17393151|-0.8909366|0.3610429
1510196806207|0.20722698|-0.17817943|-0.8902032|0.36448225
1510196806334|0.20033689|-0.18254335|-0.8892972|0.368366
1510196806439|0.19960968|-0.18299113|-0.88873386|0.36989504
1510196806553|0.19712314|-0.1827731|-0.8897066|0.3689968
1510196806669|0.19578826|-0.1818249|-0.8904348|0.36841896
1510196806783|0.1936662|-0.18159953|-0.8910171|0.36824393
1510196806907|0.19354604|-0.18157056|-0.8907916|0.36886632
1510196807016|0.1916759|-0.18177722|-0.8935661|0.3629836
1510196807128|0.19037011|-0.18222724|-0.893915|0.3625857
1510196807250|0.18977258|-0.18184638|-0.8943141|0.36210567
1510196807363|0.18867296|-0.1824053|-0.89493996|0.36085078
1510196807473|0.18836987|-0.183521|-0.8957235|0.35849157
1510196807586|0.19367816|-0.17789678|-0.8958937|0.3580726
1510196807703|0.19460408|-0.17879371|-0.895034|0.35927176
1510196807817|0.19262|-0.18613675|-0.89281327|0.36212584
1510196807931|0.20183083|-0.1828447|-0.88761365|0.37144864
1510196808046|0.20485303|-0.18735604|-0.88217425|0.38039652
1510196808163|0.19940464|-0.18579315|-0.88463354|0.37834132
1510196808278|0.19883014|-0.1817631|-0.8860466|0.3772933
1510196808391|0.19532897|-0.17989449|-0.8869268|0.3779491
1510196808506|0.19299088|-0.17543957|-0.8889192|0.37656093
1510196808621|0.19112292|-0.17497025|-0.88921136|0.37704188
1510196808737|0.17987606|-0.1745063|-0.892966|0.3739037
1510196808853|0.17079589|-0.16736656|-0.8967122|0.37245733
1510196808967|0.16056953|-0.169533|-0.89934456|0.36966923
1510196809082|0.15076008|-0.164039|-0.9042103|0.364371
1510196809197|0.1481942|-0.16317843|-0.9049198|0.3640487
1510196809311|0.1522798|-0.1652994|-0.9038942|0.36395362
1510196809428|0.15078841|-0.16426824|-0.9039135|0.36499205
1510196809543|0.15095146|-0.16764468|-0.9031166|0.365362
1510196809658|0.14900132|-0.16725029|-0.9057755|0.35971758
1510196809771|0.15007436|-0.16618471|-0.90580106|0.35970095
1510196809891|0.15163037|-0.16577107|-0.90547603|0.36005747
1510196810003|0.15432696|-0.1665634|-0.90487325|0.36006138
1510196810117|0.1551386|-0.16412917|-0.9049483|0.36064145
1510196810231|0.15186143|-0.16657968|-0.90522355|0.36022165
1510196810347|0.15044738|-0.16797519|-0.9048485|0.36110818
1510196810462|0.14995636|-0.16976456|-0.904799|0.3605993
1510196810579|0.14994468|-0.16831522|-0.9050415|0.36067495
1510196810693|0.1500318|-0.16808318|-0.9046725|0.36167142
1510196810806|0.15124963|-0.16533433|-0.90517694|0.3611687
1510196810922|0.15130395|-0.16530256|-0.9050227|0.3615469
1510196811040|0.15118918|-0.16491665|-0.9042038|0.36381298
1510196811153|0.14980447|-0.16716303|-0.9040723|0.36368728
1510196811267|0.14993685|-0.16695933|-0.90461904|0.3623644
1510196811382|0.15127474|-0.1673929|-0.9035653|0.36423254
1510196811498|0.15247397|-0.16815838|-0.9036015|0.36328882
1510196811611|0.15167876|-0.16722523|-0.90336347|0.36464188
1510196811728|0.15126601|-0.16575082|-0.9033703|0.36546868
1510196811843|0.1542726|-0.16085614|-0.9046634|0.36319336
1510196811957|0.15650634|-0.16278309|-0.9033817|0.3645668
1510196812072|0.15744461|-0.16031452|-0.90436995|0.36280227
1510196812186|0.15450875|-0.15939763|-0.9051984|0.36240217
1510196812303|0.15554161|-0.157926|-0.9044655|0.36442888
1510196812420|0.15749396|-0.15496646|-0.9047652|0.36411667
1510196812533|0.16099915|-0.16170843|-0.9022882|0.36579457
1510196812648|0.16221586|-0.15938675|-0.9027067|0.36524305
1510196812762|0.16305968|-0.15758252|-0.9024574|0.36626473
1510196812879|0.16074683|-0.15509534|-0.9034106|0.36599877
1510196812993|0.16528016|-0.14966372|-0.9036358|0.3656851
1510196813108|0.16461095|-0.14838953|-0.90311384|0.36778957
1510196813223|0.158444|-0.13959895|-0.9064129|0.36581865
1510196813337|0.15070997|-0.13235688|-0.90873224|0.36602443
1510196813454|0.14160168|-0.13238963|-0.9110983|0.3637607
1510196813572|0.123613425|-0.11487523|-0.9153991|0.36546955
1510196813684|0.0729186|-0.06136152|-0.9391792|0.3299396
1510196813800|0.042133436|-0.07732229|-0.948316|0.30486524
1510196813918|0.046066254|-0.07349094|-0.9479905|0.30625317
