1509580229742|0.040861044|-0.040861044|-0.095342435
1509580229874|0.013620348|-0.05448139|-0.12258312
1509580230006|0.095342435|-0.12258312|-0.027240695
1509580230141|0.10896278|-0.040861044|-0.17706451
1509580230270|0.0|-0.13620347|-0.068101734
1509580230403|0.24516624|-0.2043052|-0.05448139
1509580230535|0.013620348|-0.16344418|-0.12258312
1509580230666|0.08172209|-0.14982383|-0.095342435
1509580230798|0.10896278|-0.12258312|-0.05448139
1509580230930|0.027240695|-0.05448139|-0.068101734
1509580231062|0.027240695|-0.14982383|-0.08172209
1509580231194|0.0|0.0|-0.040861044
1509580231326|0.095342435|-0.040861044|-0.05448139
1509580231458|0.12258312|-0.095342435|-0.095342435
1509580231590|-0.17706451|0.08172209|-0.16344418
1509580231722|0.08172209|-0.040861044|-0.013620348
1509580231854|-0.013620348|0.013620348|-0.068101734
1509580231986|-0.05448139|0.0|-0.12258312
1509580232118|0.095342435|-0.013620348|-0.068101734
1509580232250|0.095342435|-0.013620348|-0.095342435
1509580232383|-0.027240695|-0.040861044|-0.068101734
1509580232518|-0.027240695|0.027240695|-0.095342435
1509580232646|0.32688835|-0.027240695|0.16344418
1509580232778|0.027240695|-0.10896278|-0.095342435
1509580232910|0.027240695|-0.013620348|-0.08172209
1509580233042|0.068101734|-0.05448139|-0.05448139
1509580233174|-0.027240695|0.040861044|-0.095342435
1509580233306|-0.027240695|0.068101734|-0.13620347
1509580233438|-0.068101734|0.095342435|-0.13620347
1509580233575|0.08172209|0.027240695|-0.08172209
1509580233702|0.013620348|0.0|-0.095342435
1509580233834|-0.068101734|0.068101734|-0.12258312
1509580233966|0.0|-0.027240695|-0.095342435
1509580234099|0.013620348|0.0|0.0
1509580234230|-0.013620348|-0.068101734|-0.08172209
1509580234362|-0.040861044|0.027240695|-0.095342435
1509580234494|0.013620348|-0.027240695|-0.05448139
1509580234626|0.0|-0.05448139|-0.095342435
1509580234758|0.05448139|-0.027240695|-0.068101734
1509580234890|0.05448139|-0.040861044|-0.095342435
1509580235021|0.08172209|-0.05448139|-0.08172209
1509580235153|0.040861044|-0.027240695|-0.068101734
1509580235286|0.08172209|-0.095342435|-0.095342435
1509580235418|0.013620348|0.013620348|-0.095342435
1509580235550|0.08172209|0.0|-0.068101734
1509580235687|0.0|0.040861044|-0.068101734
1509580235814|0.08172209|0.0|-0.068101734
1509580235946|0.040861044|0.027240695|-0.08172209
1509580236078|0.12258312|0.013620348|-0.095342435
1509580236210|0.05448139|0.027240695|-0.10896278
1509580236342|0.068101734|0.027240695|-0.095342435
1509580236474|0.10896278|0.040861044|-0.068101734
1509580236606|0.10896278|0.068101734|-0.040861044
1509580236738|0.13620347|0.068101734|-0.068101734
1509580236871|0.12258312|0.05448139|-0.068101734
1509580237002|0.12258312|0.068101734|-0.08172209
1509580237136|0.08172209|-0.013620348|-0.10896278
1509580237266|0.10896278|-0.013620348|-0.095342435
1509580237398|0.095342435|-0.013620348|-0.08172209
1509580237530|0.12258312|0.013620348|-0.095342435
1509580237662|0.14982383|-0.013620348|-0.08172209
1509580237794|0.12258312|-0.027240695|-0.095342435
1509580237926|0.14982383|-0.027240695|-0.08172209
1509580238059|0.10896278|0.0|-0.12258312
1509580238191|-0.013620348|0.027240695|-0.095342435
1509580238322|0.0|0.0|-0.08172209
1509580238454|0.0|0.040861044|-0.08172209
1509580238587|0.027240695|-0.027240695|-0.05448139
1509580238718|-0.013620348|-0.027240695|-0.05448139
1509580238851|-0.013620348|-0.013620348|-0.05448139
1509580238982|0.0|0.040861044|-0.08172209
1509580239114|0.068101734|0.027240695|-0.08172209
1509580239246|0.05448139|0.0|-0.08172209
1509580239378|0.095342435|-0.013620348|-0.08172209
1509580239510|0.05448139|0.013620348|-0.08172209
1509580239642|0.14982383|0.013620348|-0.068101734
1509580239774|0.13620347|0.013620348|-0.068101734
1509580239906|0.17706451|0.040861044|-0.08172209
1509580240038|0.23154591|0.013620348|-0.08172209
1509580240171|0.08172209|0.013620348|-0.095342435
1509580240302|0.14982383|-0.040861044|-0.05448139
1509580240434|0.027240695|-0.027240695|-0.08172209
1509580240566|0.027240695|0.013620348|-0.10896278
1509580240698|0.0|-0.027240695|-0.08172209
1509580240830|0.068101734|0.013620348|-0.095342435
1509580240962|0.08172209|-0.05448139|-0.10896278
1509580241094|-0.013620348|-0.013620348|-0.095342435
1509580241226|0.040861044|0.040861044|-0.068101734
1509580241358|0.068101734|0.040861044|-0.08172209
1509580241494|0.095342435|0.013620348|-0.10896278
1509580241622|0.08172209|-0.040861044|-0.095342435
1509580241754|0.08172209|0.013620348|-0.10896278
1509580241886|0.068101734|0.0|-0.095342435
1509580242018|0.13620347|0.0|-0.05448139
1509580242150|0.12258312|-0.040861044|-0.068101734
1509580242282|0.10896278|-0.013620348|-0.08172209
1509580242414|0.027240695|-0.068101734|-0.10896278
1509580242546|0.027240695|-0.040861044|-0.095342435
1509580242678|0.0|-0.040861044|-0.08172209
1509580242810|-0.027240695|0.0|-0.05448139
1509580242942|-0.027240695|-0.027240695|-0.08172209
1509580243074|0.12258312|-0.08172209|-0.05448139
1509580243207|0.05448139|0.013620348|-0.08172209
1509580243338|0.040861044|-0.040861044|-0.08172209
1509580243470|0.040861044|-0.013620348|-0.08172209
1509580243602|0.068101734|-0.040861044|-0.08172209
1509580243735|0.13620347|-0.05448139|-0.08172209
1509580243866|0.14982383|-0.068101734|-0.08172209
1509580243998|0.16344418|-0.08172209|-0.10896278
1509580244130|0.12258312|-0.08172209|-0.10896278
1509580244262|0.17706451|-0.068101734|-0.10896278
1509580244394|0.12258312|-0.068101734|-0.068101734
1509580244527|0.095342435|-0.068101734|-0.068101734
1509580244658|0.068101734|-0.027240695|-0.08172209
1509580244790|0.095342435|-0.068101734|-0.068101734
1509580244923|-0.08172209|0.0|-0.08172209
1509580245054|0.068101734|-0.05448139|-0.068101734
1509580245186|-0.040861044|-0.013620348|-0.08172209
1509580245318|-0.013620348|0.040861044|-0.08172209
1509580245450|-0.027240695|0.05448139|-0.08172209
1509580245582|0.12258312|0.013620348|-0.08172209
1509580245714|-0.17706451|0.05448139|-0.2043052
1509580245846|0.013620348|-0.027240695|-0.068101734
1509580245978|-0.027240695|-0.027240695|-0.10896278
1509580246110|-0.068101734|0.013620348|-0.068101734
1509580246242|0.05448139|-0.12258312|-0.068101734
1509580246374|-0.095342435|-0.040861044|-0.16344418
1509580246506|-0.25878662|0.0|-0.040861044
1509580246638|0.095342435|-0.17706451|0.12258312
1509580246770|-0.23154591|-0.027240695|-0.10896278
1509580246902|-0.05448139|-0.040861044|-0.05448139
1509580247034|-0.013620348|-0.12258312|-0.05448139
1509580247166|-0.013620348|-0.08172209|-0.08172209
1509580247298|-0.12258312|-0.08172209|-0.068101734
1509580247430|-0.05448139|-0.08172209|-0.068101734
1509580247562|0.013620348|0.0|-0.08172209
1509580247694|0.040861044|-0.05448139|-0.05448139
1509580247826|0.013620348|-0.05448139|-0.08172209
1509580247959|0.027240695|0.0|-0.08172209
1509580248091|0.040861044|-0.040861044|-0.068101734
1509580248222|0.068101734|-0.027240695|-0.08172209
1509580248353|0.040861044|-0.027240695|-0.08172209
1509580248486|0.068101734|-0.027240695|-0.05448139
1509580248618|0.040861044|-0.040861044|-0.08172209
1509580248750|0.013620348|-0.05448139|-0.05448139
1509580248883|-0.040861044|0.0|-0.08172209
1509580249014|-0.095342435|0.027240695|-0.08172209
1509580249146|-0.08172209|0.013620348|-0.08172209
1509580249279|-0.013620348|-0.013620348|-0.08172209
1509580249411|-0.05448139|0.068101734|-0.068101734
1509580249542|-0.027240695|0.0|-0.068101734
1509580249675|-0.068101734|0.0|-0.08172209
1509580249806|-0.040861044|0.040861044|-0.068101734
1509580249938|-0.013620348|0.040861044|-0.05448139
1509580250072|0.013620348|0.013620348|-0.05448139
1509580250203|-0.013620348|-0.013620348|-0.08172209
1509580250336|-0.013620348|0.013620348|-0.095342435
1509580250466|0.0|0.08172209|-0.095342435
