1510206605697|-0.46749142|0.3788355|9.788173
1510206605814|-0.42402261|0.3293023|9.791944
1510206605927|-0.43449444|0.30595663|9.792242
1510206606045|-0.4195456|0.30598748|9.792892
1510206606159|-0.4316489|0.32158035|9.791866
1510206606273|-0.40179414|0.383039|9.790925
1510206606389|-0.3883864|0.26847792|9.795278
1510206606503|-0.42708874|0.37850818|9.790031
1510206606618|-0.38408795|0.3669818|9.792252
1510206606733|-0.35989088|0.39965135|9.791892
1510206606848|-0.37361988|0.39902103|9.791404
1510206606964|-0.4882055|0.41798833|9.785567
1510206607080|-0.27361348|0.4408165|9.792916
1510206607194|-0.31841636|0.42676336|9.792184
1510206607309|-0.35090384|0.39399394|9.792447
1510206607424|-0.32953927|0.42975128|9.791685
1510206607538|-0.3747533|0.42802998|9.790135
1510206607653|-0.2926332|0.55466133|9.786578
1510206607768|-0.34386757|0.41860828|9.791676
1510206607884|-0.10293314|0.65722036|9.784061
1510206608001|-0.37863728|0.34694645|9.793195
1510206608112|-0.36906487|0.42399773|9.790526
1510206608230|-0.3588711|0.40014985|9.791909
1510206608344|-0.32637224|0.3890463|9.793494
1510206608459|-0.32960317|0.35270935|9.794761
1510206608572|-0.38682708|0.38212723|9.791565
1510206608689|-0.29548126|0.35189036|9.795879
1510206608804|-0.42918468|0.40612146|9.788833
1510206608919|-0.39494205|0.38340634|9.79119
1510206609033|-0.32656795|0.3527766|9.794861
1510206609148|-0.38509426|0.4773174|9.787454
1510206609264|-0.25311688|0.40735063|9.794916
1510206609379|-0.2303666|0.61131936|9.784866
1510206609493|-0.3725943|0.39366308|9.791658
1510206609609|-0.31901893|0.4353917|9.791784
1510206609722|-0.5939907|0.4962933|9.776055
1510206609839|-0.3679533|0.2827691|9.795664
1510206609952|-0.60362154|0.49173233|9.775696
1510206610068|-0.6996557|0.40507367|9.773269
1510206610183|-0.7470364|0.4792104|9.766405
1510206610298|-0.39292604|0.45530885|9.788191
1510206610415|-0.33799407|0.45830712|9.790102
1510206610530|-0.5986109|0.4136645|9.779618
1510206610644|-0.5209994|0.37611157|9.785576
1510206610759|-0.56473047|0.43977216|9.780494
1510206610873|-0.57879823|0.29567724|9.785089
1510206610989|-0.6499813|0.36369982|9.778325
1510206611103|-0.797334|0.2588864|9.770754
1510206611218|-0.7594149|0.349271|9.770962
1510206611336|-0.8111666|0.30101168|9.768408
1510206611450|-0.76961386|0.31940585|9.771185
1510206611565|-0.6424233|0.31468484|9.780523
1510206611680|-0.75164586|0.47429296|9.766292
1510206611795|-0.63744897|0.45101795|9.775511
1510206611910|-0.71993285|0.35446218|9.773764
1510206612026|-0.6691993|0.41887334|9.774819
1510206612138|-0.93146014|0.2857953|9.758129
1510206612254|-0.9972915|0.28304476|9.751701
1510206612369|-1.0032068|0.32845062|9.749671
1510206612486|-0.98223424|0.32179427|9.752028
1510206612601|-0.8991824|0.33414888|9.759621
1510206612715|-0.76172245|0.5280662|9.762751
1510206612829|-0.6126271|0.2734726|9.783675
1510206612945|-0.6885448|0.35170594|9.776124
1510206613059|-0.66676205|0.4577342|9.773244
1510206613175|-0.66698116|0.34245178|9.777947
1510206613290|-0.61164695|0.33213812|9.78192
1510206613405|-0.47532335|0.40211794|9.786866
1510206613520|-0.7638765|0.32776234|9.7713585
1510206613635|-0.568198|0.31203997|9.785201
1510206613749|-0.6042445|0.267169|9.78437
1510206613865|-0.581592|0.32124728|9.784117
1510206613980|-0.62970227|0.25992388|9.78296
1510206614095|-0.88382035|0.27000698|9.763008
1510206614210|-1.2931622|0.04391176|9.720915
1510206614327|-0.7105675|0.27301928|9.777061
1510206614441|-0.6218071|0.13787347|9.785946
1510206614556|-0.5988431|0.24077001|9.785388
1510206614670|-0.7402321|0.43973857|9.76878
1510206614785|-0.5269487|0.33159187|9.786867
1510206614900|-0.6276531|0.45735154|9.775851
1510206615016|-0.8941407|0.40349147|9.757464
1510206615129|-0.5978328|0.3301112|9.782843
1510206615245|-0.54317635|0.530635|9.777207
1510206615361|-0.5440448|0.5277074|9.777317
1510206615474|-0.6087359|0.37525326|9.780541
1510206615590|-0.559223|0.41747078|9.781788
1510206615705|-0.58153385|0.4931529|9.776963
1510206615820|-0.6885328|0.3509227|9.776153
1510206615935|-0.56660724|0.40099102|9.782053
1510206616050|-0.88639736|0.25049385|9.763295
1510206616166|-0.9247029|0.23446427|9.76014
1510206616281|-0.6272476|0.37421563|9.779412
1510206616396|-0.5310643|0.33633158|9.786483
1510206616510|-0.55044764|0.45892474|9.780429
1510206616627|-0.5570971|0.23551422|9.78798
1510206616741|-0.46126986|0.3551996|9.789353
1510206616856|-0.5023231|0.29551655|9.789317
1510206616972|-0.25595182|0.53918016|9.78847
1510206617085|-0.475306|0.19377968|9.793207
1510206617202|-0.62080926|0.52782726|9.772737
1510206617317|-0.48754707|0.39937767|9.786378
1510206617432|-0.5595876|0.3484236|9.784471
1510206617547|-0.4517345|0.45621672|9.785611
1510206617660|-0.45779833|0.48162335|9.784113
1510206617776|-0.4805059|0.5666344|9.778467
1510206617892|-0.55450726|0.54914707|9.775549
1510206618008|-0.85179174|0.8120755|9.735778
1510206618124|-0.9789758|0.9299565|9.713248
1510206618237|-1.0253489|0.8330961|9.717253
1510206618351|-0.6305692|0.8573783|9.748727
1510206618468|-0.71002656|0.9426418|9.735383
1510206618582|-0.8173994|0.93730545|9.727471
1510206618695|-0.74551463|0.9745431|9.729587
1510206618812|-0.7782068|0.91787755|9.732537
1510206618926|-0.8539385|0.80302805|9.7363405
1510206619041|-0.9089208|0.9951048|9.7136
1510206619157|-1.459375|1.0312371|9.642467
1510206619271|-1.2901847|1.4207537|9.617029
1510206619386|-1.3575222|1.1861333|9.639533
1510206619501|-1.6559664|1.0588921|9.607649
1510206619616|-0.37007347|1.7461865|9.642835
1510206619732|-0.8358968|1.1689334|9.700787
1510206619848|-0.9670279|1.2955129|9.672482
1510206619962|-1.0855297|1.2721587|9.663003
1510206620078|-0.8738132|1.4682214|9.656665
1510206620191|-0.8222035|1.4928086|9.657427
1510206620308|-1.5449749|1.3640876|9.587633
1510206620423|-1.3563569|0.8604248|9.67421
1510206620537|-1.3291332|1.5872484|9.585636
1510206620651|-1.1745628|1.5888138|9.605543
1510206620766|-1.3742765|1.4829171|9.595973
1510206620882|-1.0212182|1.4490025|9.645098
1510206620997|-1.5021744|1.2006559|9.616251
1510206621112|-1.4493741|1.597851|9.56643
1510206621228|-1.8763405|1.0365496|9.569498
1510206621343|-1.4846269|1.8803115|9.509505
1510206621456|-1.70257|1.8117929|9.486256
1510206621572|-1.8554049|2.0507338|9.408631
1510206621687|-1.9073939|2.3771966|9.321007
1510206621803|-1.6580309|2.774933|9.258567
1510206621919|-1.6725013|3.0605223|9.165496
1510206622032|-1.5358722|3.0544224|9.191408
1510206622148|-1.7024028|3.1983912|9.112766
1510206622261|-1.8776122|2.8459508|9.194864
1510206622379|-1.8528798|2.630226|9.263862
1510206622492|-1.4471611|2.6332319|9.334999
1510206622607|-1.4234844|2.2096775|9.447825
1510206622723|-1.2242675|2.1138182|9.497543
1510206622840|-1.2728325|2.122505|9.489218
1510206622952|-1.2907556|2.1655457|9.477064
1510206623068|-1.5694243|2.3657649|9.386716
1510206623184|-1.5595443|2.1900845|9.430893
1510206623298|-1.4276766|2.0700474|9.478767
1510206623414|-1.4840914|2.1819487|9.444943
1510206623529|-1.4628327|2.1517222|9.455189
1510206623644|-1.3328944|2.3013532|9.43915
1510206623758|-1.2204373|1.9734386|9.528193
1510206623872|-1.8979949|2.2765555|9.348011
1510206623988|-2.043062|2.038639|9.372312
1510206624103|-2.3042755|1.2200317|9.453689
1510206624217|-2.355188|1.1994559|9.443769
1510206624333|-1.9566356|0.9355912|9.563819
1510206624449|-1.9827296|0.44109595|9.593988
1510206624562|-1.9106488|0.43758044|9.608763
1510206624677|-0.33094823|-0.49011338|9.788802
1510206624792|-0.082108214|-0.7274413|9.779288
1510206624910|-0.6262361|0.50042367|9.773832
1510206625024|-0.5801034|0.27249783|9.785685
1510206625139|-0.61363524|0.60639936|9.768629
1510206625253|-1.2119821|1.1747174|9.660307
1510206625369|-1.155528|1.2230405|9.661227
1510206625482|-1.6096679|1.2568785|9.591643
1510206625597|-1.8207141|1.3119138|9.546428
1510206625713|-1.7164724|1.6229279|9.517889
1510206625828|-1.5930865|1.9972985|9.468013
1510206625944|-1.6347696|2.0883873|9.4412155
1510206626058|-1.3980632|1.6045798|9.572938
1510206626173|-1.4031861|1.8022847|9.53694
1510206626288|-1.314616|1.4331348|9.611882
1510206626403|-0.9528071|1.7563347|9.600929
1510206626520|-0.91533935|1.4902666|9.649438
1510206626634|-1.0083201|1.2848313|9.669689
1510206626749|-0.47810975|1.313255|9.7065525
1510206626863|-0.6768716|0.6836337|9.759349
1510206626978|-0.0745423|0.882683|9.766561
1510206627094|-0.397375|0.78305876|9.767257
