1509547054123|-0.1340753|-7.0102224|6.8569937
1509547054255|-0.15322891|-6.981492|6.8569937
1509547054387|-0.16280572|-7.0006456|6.8282633
1509547054524|-0.11492168|-7.0102224|6.8282633
1509547054654|-0.17238252|-7.07726|6.83784
1509547054783|-0.18195933|-7.0581064|6.8282633
1509547054916|-0.1436521|-7.1347213|6.895301
1509547055054|-0.19153613|-7.0102224|6.8091097
1509547055179|-0.19153613|-7.07726|6.8569937
1509547055311|-0.19153613|-7.0006456|6.799533
1509547055443|-0.16280572|-7.038953|6.789956
1509547055575|-0.19153613|-7.0581064|6.799533
1509547055708|-0.16280572|-7.0485296|6.7612257
1509547055839|-0.15322891|-7.0485296|6.799533
1509547055970|-0.19153613|-7.0581064|6.7803793
1509547056103|-0.22984336|-7.0485296|6.751649
1509547056235|-0.17238252|-7.1059904|6.751649
1509547056373|-0.25857377|-7.067683|6.742072
1509547056501|-0.08619126|-7.0581064|6.742072
1509547056634|-0.24899697|-7.07726|6.751649
1509547056763|-0.08619126|-7.1251445|6.789956
1509547056895|-0.31603462|-7.1155677|6.8186865
1509547057027|-0.095768064|-7.1155677|6.799533
1509547057159|-0.2681506|-7.144298|6.7803793
1509547057291|-0.11492168|-7.07726|6.8091097
1509547057423|-0.2681506|-7.1347213|6.8282633
1509547057555|-0.16280572|-7.086837|6.789956
1509547057687|-0.25857377|-7.1634517|6.799533
1509547057823|-0.16280572|-7.086837|6.789956
1509547057954|-0.15322891|-7.0964136|6.7324953
1509547058085|-0.20111294|-7.1155677|6.7803793
1509547058221|-0.12449849|-7.1155677|6.751649
1509547058353|-0.21068975|-7.0964136|6.7708025
1509547058479|-0.08619126|-7.153875|6.751649
1509547058611|-0.32561144|-7.0964136|6.7229185
1509547058744|-0.047884032|-7.0964136|6.7133417
1509547058876|-0.33518824|-7.153875|6.799533
1509547059007|-0.076614454|-7.153875|6.7708025
1509547059140|-0.2873042|-7.1634517|6.789956
1509547059272|-0.16280572|-7.1634517|6.7708025
1509547059403|-0.21068975|-7.153875|6.751649
1509547059535|-0.25857377|-7.1155677|6.7324953
1509547059669|-0.02873042|-7.1251445|6.7612257
1509547059799|-0.30645782|-7.1251445|6.7133417
1509547059937|0.02873042|-7.192182|6.7803793
1509547060063|-0.2681506|-7.2113357|6.789956
1509547060196|-0.076614454|-7.153875|6.7803793
1509547060327|-0.18195933|-7.1155677|6.703765
1509547060459|-0.2777274|-7.1059904|6.694188
1509547060591|-0.095768064|-7.144298|6.751649
1509547060723|-0.23942018|-7.1634517|6.799533
1509547060856|-0.05746084|-7.1155677|6.789956
1509547060987|-0.22026655|-7.153875|6.6846113
1509547061123|-0.12449849|-7.086837|6.703765
1509547061254|-0.12449849|-7.1826053|6.7324953
1509547061383|-0.23942018|-7.2209125|6.8761473
1509547061524|-0.11492168|-7.144298|6.7324953
1509547061647|-0.18195933|-7.144298|6.703765
1509547061779|-0.21068975|-7.1059904|6.7324953
1509547061911|-0.11492168|-7.1059904|6.6367273
1509547062043|-0.2681506|-7.1826053|6.7708025
1509547062176|-0.10534488|-7.1155677|6.751649
1509547062308|-0.20111294|-7.144298|6.7133417
1509547062439|-0.22026655|-7.0964136|6.742072
1509547062572|-0.076614454|-7.0964136|6.799533
1509547062703|-0.2681506|-7.1634517|6.7612257
1509547062840|-0.05746084|-7.2113357|6.751649
1509547062971|-0.22984336|-7.1251445|6.7229185
1509547063106|-0.16280572|-7.1347213|6.742072
1509547063236|-0.08619126|-7.1155677|6.703765
1509547063365|-0.2777274|-7.144298|6.7229185
1509547063495|-0.038307227|-7.1730285|6.7612257
1509547063627|-0.25857377|-7.153875|6.694188
1509547063759|-0.1340753|-7.153875|6.7229185
1509547063892|-0.095768064|-7.144298|6.7133417
1509547064023|-0.30645782|-7.2209125|6.7708025
1509547064156|0.019153614|-7.201759|6.7708025
1509547064287|-0.31603462|-7.201759|6.742072
1509547064422|-0.08619126|-7.1730285|6.742072
1509547064557|-0.15322891|-7.1347213|6.6846113
1509547064685|-0.36391866|-7.1826053|6.751649
1509547064822|-0.019153614|-7.1634517|6.8186865
1509547064947|-0.36391866|-7.2304893|6.8091097
1509547065079|-0.20111294|-7.1251445|6.751649
1509547065211|-0.24899697|-7.1155677|6.703765
1509547065343|-0.31603462|-7.1347213|6.751649
1509547065476|-0.05746084|-7.192182|6.7708025
1509547065607|-0.37349546|-7.2304893|6.789956
1509547065739|-0.10534488|-7.1826053|6.7612257
1509547065871|-0.30645782|-7.1634517|6.655881
1509547066003|-0.23942018|-7.144298|6.7324953
1509547066138|-0.11492168|-7.07726|6.7708025
1509547066267|-0.2777274|-7.1826053|6.742072
1509547066403|-0.2777274|-7.144298|6.7324953
1509547066539|-0.095768064|-7.153875|6.7708025
1509547066663|-0.37349546|-7.1826053|6.789956
1509547066796|-0.08619126|-7.1730285|6.751649
1509547066927|-0.34476504|-7.1730285|6.7612257
1509547067059|-0.19153613|-7.144298|6.694188
1509547067191|-0.1436521|-7.1251445|6.751649
1509547067323|-0.2873042|-7.201759|6.799533
1509547067455|-0.1340753|-7.153875|6.7612257
1509547067587|-0.2777274|-7.1251445|6.694188
1509547067719|-0.2681506|-7.1155677|6.742072
1509547067854|-0.047884032|-7.1347213|6.789956
1509547067991|-0.4405331|-7.201759|6.83784
1509547068121|-0.10534488|-7.1347213|6.789956
1509547068254|-0.22984336|-7.0964136|6.6654577
1509547068380|-0.2873042|-7.1059904|6.7612257
1509547068511|-0.06703765|-7.1059904|6.799533
1509547068643|-0.39264908|-7.1826053|6.7803793
1509547068775|-0.1340753|-7.0964136|6.7803793
1509547068908|-0.25857377|-7.1155677|6.7133417
1509547069039|-0.34476504|-7.1347213|6.8186865
1509547069172|-0.16280572|-7.067683|6.8186865
1509547069561|-0.29688102|-7.1059904|6.742072
1509547069700|-0.30645782|-7.1155677|6.7708025
1509547069834|-0.08619126|-7.144298|6.789956
1509547069964|-0.32561144|-7.192182|6.799533
1509547070095|-0.20111294|-7.067683|6.7612257
1509547070229|-0.20111294|-7.1155677|6.6846113
1509547070359|-0.35434186|-7.1634517|6.799533
1509547070491|-0.05746084|-7.1251445|6.8091097
1509547070624|-0.32561144|-7.1251445|6.6654577
1509547070757|-0.22984336|-7.067683|6.7612257
1509547070890|-0.1340753|-7.1347213|6.789956
1509547071019|-0.32561144|-7.192182|6.885724
1509547071153|-0.1340753|-7.0964136|6.7324953
1509547071292|-0.24899697|-7.086837|6.6654577
1509547071418|-0.2873042|-7.1059904|6.7612257
1509547071555|-0.038307227|-7.153875|6.7803793
1509547071679|-0.36391866|-7.2304893|6.8569937
1509547071811|-0.1436521|-7.1155677|6.742072
1509547071943|-0.22984336|-7.1155677|6.6750345
1509547072075|-0.2873042|-7.144298|6.7612257
1509547072207|-0.05746084|-7.144298|6.7803793
1509547072339|-0.32561144|-7.201759|6.7803793
1509547072471|-0.19153613|-7.0964136|6.742072
1509547072603|-0.05746084|-7.1059904|6.7708025
1509547072736|-0.32561144|-7.1826053|6.789956
1509547072873|-0.076614454|-7.144298|6.7803793
1509547073004|-0.30645782|-7.1155677|6.6750345
1509547073132|-0.24899697|-7.1155677|6.789956
1509547073263|-0.05746084|-7.1155677|6.7803793
1509547073395|-0.30645782|-7.1634517|6.742072
1509547073527|-0.20111294|-7.07726|6.742072
1509547073659|-0.10534488|-7.1347213|6.789956
1509547073791|-0.29688102|-7.1634517|6.9048777
1509547073923|-0.12449849|-7.1059904|6.7708025
1509547074057|-0.24899697|-7.1155677|6.6654577
1509547074191|-0.20111294|-7.192182|6.789956
1509547074339|-0.05746084|-7.1059904|6.799533
1509547074451|-0.25857377|-7.192182|6.7803793
1509547074583|-0.17238252|-7.0964136|6.7324953
1509547074721|-0.10534488|-7.1155677|6.7612257
1509547074847|-0.2777274|-7.1347213|6.7803793
1509547074980|-0.06703765|-7.1634517|6.7708025
1509547075111|-0.23942018|-7.0964136|6.703765
1509547075243|-0.1340753|-7.1347213|6.7324953
1509547075375|-0.10534488|-7.153875|6.7612257
1509547075507|-0.29688102|-7.153875|6.83784
1509547075640|-0.08619126|-7.1059904|6.789956
1509547075772|-0.21068975|-7.1059904|6.694188
1509547075903|-0.20111294|-7.086837|6.789956
1509547076039|-0.12449849|-7.067683|6.789956
1509547076169|-0.24899697|-7.0964136|6.7612257
1509547076303|-0.18195933|-7.07726|6.7803793
1509547076433|-0.1340753|-7.086837|6.799533
1509547076568|-0.22984336|-7.144298|6.789956
1509547076696|-0.1436521|-7.067683|6.751649
1509547076827|-0.17238252|-7.1059904|6.751649
1509547076964|-0.18195933|-7.144298|6.8091097
1509547077091|-0.12449849|-7.07726|6.7803793
1509547077236|-0.20111294|-7.1251445|6.7324953
1509547077355|-0.17238252|-7.0964136|6.7708025
1509547077487|-0.16280572|-7.07726|6.703765
1509547077619|-0.22984336|-7.153875|6.8091097
1509547077751|-0.1436521|-7.067683|6.789956
1509547077886|-0.22984336|-7.1730285|6.8282633
1509547078023|-0.16280572|-7.07726|6.7803793
1509547078148|-0.21068975|-7.0964136|6.7803793
1509547078279|-0.20111294|-7.0964136|6.7708025
1509547078411|-0.21068975|-7.067683|6.751649
1509547078543|-0.23942018|-7.086837|6.7612257
1509547078675|-0.1340753|-7.0485296|6.799533
1509547078807|-0.24899697|-7.1730285|6.789956
1509547078939|-0.1436521|-7.067683|6.799533
1509547079071|-0.21068975|-7.153875|6.742072
1509547079203|-0.15322891|-7.1059904|6.7803793
1509547079364|-0.1436521|-7.07726|6.742072
1509547079473|-0.19153613|-7.1347213|6.742072
1509547079603|-0.12449849|-7.086837|6.7803793
1509547079733|-0.22984336|-7.153875|6.7324953
1509547079863|-0.1340753|-7.1059904|6.742072
1509547079996|-0.19153613|-7.086837|6.7324953
1509547080127|-0.21068975|-7.153875|6.7612257
1509547080259|-0.12449849|-7.1155677|6.7612257
1509547080391|-0.24899697|-7.192182|6.7324953
1509547080523|-0.11492168|-7.1059904|6.7803793
1509547080655|-0.22026655|-7.1251445|6.7133417
1509547080787|-0.1436521|-7.1251445|6.7612257
1509547080923|-0.17238252|-7.1059904|6.7612257
1509547081051|-0.19153613|-7.1634517|6.799533
1509547081190|-0.1436521|-7.086837|6.7612257
1509547081324|-0.20111294|-7.1251445|6.751649
1509547081447|-0.17238252|-7.1155677|6.742072
1509547081580|-0.20111294|-7.0964136|6.7612257
1509547081711|-0.22026655|-7.086837|6.7708025
1509547081844|-0.1436521|-7.0581064|6.8091097
1509547081975|-0.24899697|-7.1347213|6.789956
1509547082107|-0.12449849|-7.0581064|6.799533
1509547082251|-0.25857377|-7.1634517|6.8282633
1509547082372|-0.10534488|-7.067683|6.8091097
1509547082503|-0.2681506|-7.1155677|6.7708025
1509547082636|-0.18195933|-7.1059904|6.789956
1509547082773|-0.18195933|-7.0581064|6.7229185
1509547082903|-0.22026655|-7.1634517|6.8186865
1509547083039|-0.11492168|-7.1059904|6.7803793
1509547083166|-0.21068975|-7.192182|6.7803793
1509547083295|-0.11492168|-7.1347213|6.703765
1509547083427|-0.1436521|-7.1347213|6.6846113
1509547083559|-0.095768064|-7.1634517|6.7133417
1509547083691|-0.095768064|-7.1347213|6.7324953
1509547083823|-0.1436521|-7.192182|6.7612257
1509547083955|-0.11492168|-7.1634517|6.7133417
1509547084087|-0.1436521|-7.1826053|6.703765
1509547084219|-0.10534488|-7.1347213|6.7229185
1509547084453|-0.10534488|-7.1059904|6.7803793
1509547084553|-0.1340753|-7.1059904|6.751649
1509547084688|-0.20111294|-7.1059904|6.7133417
1509547084813|-0.1436521|-7.1059904|6.7229185
1509547084946|-0.095768064|-7.1059904|6.7612257
1509547085077|-0.18195933|-7.144298|6.703765
1509547085209|-0.08619126|-7.1059904|6.7803793
1509547085341|-0.19153613|-7.1826053|6.789956
1509547085473|-0.11492168|-7.07726|6.789956
1509547085605|-0.17238252|-7.1059904|6.7133417
1509547085737|-0.10534488|-7.086837|6.7708025
1509547085869|-0.12449849|-7.07726|6.742072
1509547086001|-0.12449849|-7.1251445|6.8091097
1509547086135|-0.11492168|-7.07726|6.799533
1509547086265|-0.19153613|-7.1251445|6.7612257
1509547086404|-0.10534488|-7.0964136|6.7803793
1509547086529|-0.1436521|-7.0964136|6.7324953
1509547086661|-0.1436521|-7.1251445|6.7803793
1509547086793|-0.12449849|-7.086837|6.7803793
1509547086927|-0.15322891|-7.1826053|6.8091097
1509547087057|-0.10534488|-7.1155677|6.7803793
1509547087189|-0.18195933|-7.1347213|6.742072
1509547087321|-0.11492168|-7.0964136|6.7324953
1509547087453|-0.12449849|-7.0964136|6.789956
1509547087585|-0.16280572|-7.1251445|6.7803793
1509547087723|-0.095768064|-7.086837|6.7708025
1509547087851|-0.17238252|-7.1634517|6.799533
1509547087981|-0.11492168|-7.086837|6.7612257
1509547088113|-0.1436521|-7.0964136|6.7324953
1509547088246|-0.1340753|-7.1059904|6.742072
1509547088377|-0.095768064|-7.067683|6.742072
1509547088509|-0.19153613|-7.153875|6.7708025
1509547088641|-0.095768064|-7.086837|6.789956
1509547088774|-0.21068975|-7.1634517|6.799533
1509547088906|-0.08619126|-7.0964136|6.7803793
1509547089038|-0.18195933|-7.086837|6.7324953
1509547089172|-0.12449849|-7.1251445|6.7803793
1509547089303|-0.12449849|-7.086837|6.7803793
1509547089574|-0.16280572|-7.07726|6.742072
1509547089704|-0.20111294|-7.1155677|6.742072
1509547089829|-0.10534488|-7.07726|6.7612257
1509547089961|-0.16280572|-7.067683|6.7324953
1509547090093|-0.16280572|-7.0964136|6.789956
1509547090225|-0.08619126|-7.067683|6.789956
1509547090357|-0.18195933|-7.1634517|6.789956
1509547090490|-0.06703765|-7.086837|6.7708025
1509547090621|-0.17238252|-7.1155677|6.742072
1509547090753|-0.095768064|-7.086837|6.751649
1509547090886|-0.12449849|-7.07726|6.742072
1509547091020|-0.17238252|-7.153875|6.8091097
1509547091153|-0.06703765|-7.0964136|6.7708025
1509547091281|-0.21068975|-7.1634517|6.7803793
1509547091413|-0.047884032|-7.1059904|6.799533
1509547091545|-0.19153613|-7.086837|6.703765
1509547091677|-0.11492168|-7.086837|6.7324953
1509547091809|-0.1340753|-7.07726|6.7324953
1509547091941|-0.1436521|-7.144298|6.7803793
1509547092073|-0.05746084|-7.086837|6.799533
1509547092205|-0.18195933|-7.1826053|6.8282633
1509547092359|-0.076614454|-7.0964136|6.7612257
1509547092473|-0.17238252|-7.1059904|6.742072
1509547092607|-0.10534488|-7.086837|6.742072
1509547092739|-0.095768064|-7.086837|6.7803793
1509547092871|-0.11492168|-7.1347213|6.7803793
1509547092997|-0.06703765|-7.086837|6.7803793
1509547093129|-0.16280572|-7.1059904|6.7229185
1509547093261|-0.076614454|-7.086837|6.7803793
1509547093394|-0.12449849|-7.07726|6.7324953
1509547093525|-0.10534488|-7.0964136|6.7803793
1509547093657|-0.06703765|-7.0964136|6.7803793
1509547093789|-0.18195933|-7.153875|6.7803793
1509547093921|-0.05746084|-7.086837|6.7708025
1509547094053|-0.15322891|-7.0964136|6.7229185
1509547094185|-0.095768064|-7.1155677|6.7708025
1509547094323|-0.11492168|-7.1059904|6.7708025
1509547094488|-0.12449849|-7.144298|6.8282633
1509547094589|-0.076614454|-7.07726|6.7612257
1509547094714|-0.1340753|-7.1059904|6.751649
1509547094846|-0.076614454|-7.07726|6.7612257
1509547094977|-0.10534488|-7.0581064|6.7324953
1509547095110|-0.10534488|-7.144298|6.799533
1509547095241|-0.06703765|-7.086837|6.7708025
1509547095373|-0.17238252|-7.1634517|6.799533
1509547095506|-0.06703765|-7.07726|6.7803793
1509547095637|-0.10534488|-7.07726|6.7324953
1509547095773|-0.10534488|-7.086837|6.7708025
1509547095904|-0.05746084|-7.0964136|6.7803793
1509547096040|-0.1340753|-7.1251445|6.8186865
1509547096173|-0.047884032|-7.07726|6.7803793
1509547096298|-0.11492168|-7.1251445|6.742072
1509547096429|-0.047884032|-7.0485296|6.8186865
1509547096561|-0.10534488|-7.038953|6.8091097
1509547096693|-0.10534488|-7.1059904|6.751649
1509547096825|-0.06703765|-7.1347213|6.789956
1509547096957|-0.02873042|-7.07726|6.751649
1509547097089|-0.047884032|-7.07726|6.7612257
1509547097223|-0.06703765|-7.086837|6.8282633
1509547097353|0.009576807|-7.0964136|6.8091097
1509547097485|-0.06703765|-7.1347213|6.8665705
1509547097624|0.0|-7.086837|6.8091097
1509547097753|-0.019153614|-7.0964136|6.799533
1509547097890|-0.02873042|-7.086837|6.789956
1509547098013|0.009576807|-7.1155677|6.8091097
1509547098146|-0.02873042|-7.1059904|6.7803793
1509547098277|0.009576807|-7.1155677|6.799533
1509547098409|0.0|-7.086837|6.789956
1509547098541|0.019153614|-7.1059904|6.789956
1509547098674|0.019153614|-7.1059904|6.789956
1509547098805|0.038307227|-7.1059904|6.789956
1509547098937|0.019153614|-7.1059904|6.789956
1509547099072|0.019153614|-7.1155677|6.8091097
