1510199453550|0.06672382|0.11651373|0.0678854
1510199453666|0.30006713|-0.36481142|-0.07627392
1510199453780|1.1275606|-1.1991997|-0.036211014
1510199453896|-0.23492765|-0.15169096|0.5794611
1510199454011|-0.9852265|1.0720062|-0.6079054
1510199454127|-0.31205127|0.18959093|-0.0038309097
1510199454240|-0.0032643378|-0.07953453|-1.2695589
1510199454354|-0.40643173|0.14656782|0.21339893
1510199454471|-0.51560324|0.18324327|-0.45081806
1510199454584|0.9537563|-0.9556699|-0.69582653
1510199454701|-0.27262518|-0.022625923|-0.07507992
1510199454816|0.12891702|-0.015792847|0.08744621
1510199454930|0.29957455|-0.46722937|-0.47769547
1510199455046|0.041384175|0.18396091|-1.6446428
1510199455159|-0.15142435|-0.15648508|1.523222
1510199455275|0.0164233|-0.15957165|-0.11604595
1510199455391|-0.026656598|-0.05322838|-0.26404095
1510199455506|-0.4498139|0.23421192|-0.55532265
1510199455619|0.22280942|-0.50280285|2.4705267
1510199455735|-0.34056583|0.003323555|-0.36154556
1510199455850|-0.17518437|0.76256466|-4.7881756
1510199455966|-0.12852037|0.53251314|1.7441645
1510199456081|-0.6972802|0.232656|-0.42951584
1510199456196|-0.24202582|0.23961878|-1.094636
1510199456310|0.09605792|-0.094368935|0.27495193
1510199456426|0.34411365|-0.4065807|0.2810011
1510199456540|-0.1299473|-0.39883327|0.46826744
1510199456655|4.4894218E-4|0.01362896|0.004712105
1510199456769|-0.32304674|0.24957561|0.24701309
1510199456885|0.6027268|-0.28555536|1.2374649
1510199457001|0.13596141|-0.058443546|-0.09657478
1510199457116|0.45646274|-0.5304489|0.2900896
1510199457235|-0.5324676|-0.37321615|0.68499565
1510199457347|-0.74111354|0.20006037|0.51968384
1510199457461|-0.29197073|-0.22003889|1.3813314
1510199457576|-0.32032174|0.0081682205|-0.29051208
1510199457691|-0.48235464|0.40616703|1.0294819
1510199457806|0.06349051|-5.62191E-4|-1.867178
1510199457922|-0.024830699|-0.11603832|0.9338894
1510199458037|0.04729253|-0.06594944|-0.35900784
1510199458152|0.21881902|-0.38553333|-1.2552061
1510199458267|-0.20801592|-0.16997242|1.1480799
1510199458380|0.09393209|-0.27797174|-0.8785877
1510199458497|0.2848181|-0.08322716|0.99505043
1510199458611|0.041498333|-0.19874|0.30011177
1510199458726|0.64486796|-0.61173725|0.12410927
1510199458842|0.085956365|-0.29275608|1.514082
1510199458957|0.056547046|-0.08708763|-0.8676615
1510199459073|0.23130941|0.058846235|1.4916601
1510199459186|-0.024337888|0.08645153|-0.1267376
1510199459301|0.029064327|-0.038083553|1.0070419
1510199459417|0.35569802|-0.28006887|-0.19087124
1510199459532|-0.21783721|0.12129593|-0.38527298
1510199459646|0.05396539|-0.028046608|2.4240437
1510199459760|0.18506497|-0.44196367|-0.51212025
1510199459877|0.1812222|0.09802961|-2.7532072
1510199459992|-0.42260027|0.09506512|2.395131
1510199460106|-0.54058254|0.14950657|-0.9530535
1510199460222|-0.626276|0.45345545|0.048986435
1510199460336|0.21166772|-0.42327976|-0.3936901
1510199460452|0.39753386|-0.2485323|-1.0356369
1510199460568|-0.18341327|0.0017366409|0.1296978
1510199460682|-0.044056192|-0.0075645447|0.3112154
1510199460796|0.07891518|-0.08142376|-0.19525623
1510199460911|0.23584804|-0.06611729|0.8739176
1510199461027|0.01442343|0.30403328|0.08592224
1510199461142|0.027125865|-0.14480734|-0.1869154
1510199461257|-0.058319688|0.070910454|0.5083084
1510199461373|0.06334859|-0.009018421|0.38493252
1510199461486|-0.15214872|0.11932135|-0.6120634
1510199461601|-0.0728817|0.20793629|0.94083023
1510199461718|-0.15883508|0.04380226|-0.9769306
1510199461833|-0.23787503|0.29047632|0.31225872
1510199461948|-0.029853478|-0.021075249|0.08762264
1510199462062|0.13502494|-0.03975582|0.6360607
1510199462177|-0.1502912|-0.13454533|-0.32766914
1510199462292|0.09819496|-0.06844616|-0.3699026
1510199462408|-0.050384894|0.28503633|0.29619312
1510199462522|-0.1909399|0.015496492|0.3503332
1510199462638|-0.02354595|-0.28132486|0.36786938
1510199462752|0.22219044|-0.15718746|-1.0479355
1510199462867|0.10922547|-0.56571436|1.4489021
1510199462983|-0.07900329|-0.2186718|-0.83415127
1510199463097|0.26235044|-0.69403696|1.4311733
1510199463213|-0.94586587|0.37104797|-0.30716896
1510199463328|-0.42389458|0.15703177|0.919343
1510199463443|-0.41335195|0.23674798|-0.4159832
1510199463559|0.016623575|-0.14249635|0.09371853
1510199463672|0.090689|-0.31115055|0.31176662
1510199463790|0.03279822|0.2719655|-1.2243376
1510199463906|0.20039108|-0.1269908|0.36092377
1510199464020|-0.18551996|-0.14290857|-0.25269032
1510199464133|-0.05697745|0.47262287|-1.3675461
1510199464251|-0.026715621|-0.068066835|0.8052616
1510199464364|0.12796736|-0.08651662|-0.6814623
1510199464478|-0.15997598|0.26939344|-0.38559628
1510199464594|-0.09538829|0.2407906|-0.66233253
1510199464707|-0.016683519|-0.71029234|0.55506134
1510199464824|-0.31954157|0.05974722|-0.98517036
1510199464938|-0.07654029|-0.032380104|1.101573
1510199465054|0.4291622|-0.42640734|0.1424694
1510199465168|0.10469425|-0.14457703|0.87187004
1510199465287|-0.43426156|0.4245801|-1.0724373
1510199465399|0.1538493|-0.18018055|0.55455494
1510199465513|-0.0865379|0.08238697|-0.90637875
1510199465628|-0.2329933|0.1954484|-1.0921373
1510199465744|-0.12025243|-0.16668606|0.50806236
1510199465860|-0.1673091|-0.10316849|-0.79069996
1510199465975|-0.00525254|-0.09216118|0.37502575
1510199466089|-0.019102335|-0.052917957|-0.11796856
1510199466203|0.106120944|-0.055427074|-0.007791519
1510199466318|0.0044127107|-0.09977913|0.20178318
1510199466432|-0.35269183|0.15331888|-1.6316957
1510199466548|0.084052384|-0.2581482|0.3642664
1510199466664|0.07183814|0.0161829|0.31106758
1510199466779|0.039809525|0.002951622|-0.08357048
1510199466894|0.0033144355|0.05663538|0.57558155
1510199467010|0.06318033|0.055408955|-0.8853502
1510199467124|-0.064905286|-0.0347414|0.8731556
1510199467241|0.15237689|-0.20014143|-0.007455826
1510199467363|0.39655674|-0.3010788|0.07629013
1510199467468|-0.15159547|0.16360497|1.1367311
1510199467584|0.2586074|-0.38216162|-1.2700653
1510199467702|0.335207|-0.40667725|-0.11664486
1510199467815|-0.22911453|0.31988335|0.297122
1510199467931|-0.058787823|0.024220467|-0.050382614
1510199468044|-0.08647728|-0.053029537|0.5029068
1510199468159|0.017029166|-0.09958744|-0.5138674
1510199468274|0.06042099|0.043583393|0.048783302
1510199468389|-0.005828619|-0.13641644|-0.037409782
1510199468505|-0.0895499|0.043720722|0.26053905
1510199468620|0.09817064|-0.00863719|0.39706135
1510199468735|-0.0013164282|-0.073447704|-1.0959616
1510199468849|-0.49039376|0.092071295|0.72574043
1510199468972|0.063307166|-0.11297035|-0.068639755
1510199469080|0.16544747|0.21726131|-1.7923803
1510199469195|-0.028729796|-0.4019847|0.95273495
1510199469310|-0.14492571|0.31030226|0.18967247
1510199469425|0.25958788|-0.17433453|-0.3359089
1510199469539|-0.011778951|-0.3089819|1.2294092
1510199469655|0.090836406|0.22991824|-1.087532
1510199469770|-0.04810083|-0.12296867|-0.1687603
1510199469885|0.061406136|-0.119021416|-0.3067522
1510199470000|-0.075015426|0.10961652|0.22805882
1510199470114|-0.106711864|-0.20777655|0.27912903
1510199470230|0.0024950504|0.106368065|-0.07607651
1510199470345|0.10638702|-0.016747952|0.07129192
1510199470460|-0.17653584|0.12201023|-0.40181637
1510199470575|0.090531945|-0.14479518|1.0907125
1510199470690|0.23028386|-0.030099869|-0.35181332
1510199470805|-0.07863414|0.13074422|0.92877865
1510199470921|0.08412284|0.0981164|-0.79719067
1510199471034|0.061452746|-0.07610893|-0.26347065
1510199471152|0.17397809|-0.13886023|-0.02145958
1510199471265|0.063910544|0.024556875|-0.7728481
1510199471379|0.119392455|-0.21078491|-0.23997211
1510199471496|0.22967607|-0.15139818|0.062052727
1510199471610|-0.26740295|0.24457645|0.027507782
1510199471725|0.47353715|-0.30624437|0.60110664
1510199471840|-0.3133725|0.21946812|-0.21805573
1510199471957|0.07323295|0.10322857|0.2744894
1510199472071|-0.18609136|0.23476362|-1.4907198
1510199472186|-0.044705212|-0.04215288|0.75067425
1510199472301|-0.22188777|0.585444|-0.65124035
1510199472417|-0.15384483|-0.007000923|1.0245104
1510199472530|-0.19699949|-1.0399413|-0.03697586
1510199472647|-0.23420787|-0.439713|-1.1672258
1510199472763|0.543681|-0.04165411|2.1772041
1510199472877|0.5907142|-0.46584845|1.1419926
1510199472990|0.43225884|-0.19599724|1.0908003
1510199473106|-0.7643708|0.9399147|0.61081505
1510199473222|-0.123562634|0.41470337|0.7452688
1510199473336|0.5392705|-0.73190546|-0.9033165
1510199473453|-0.4617467|0.4005742|-0.71626186
1510199473566|-0.18583715|0.41417074|-0.6711359
1510199473682|0.48641545|-0.55989313|-0.06461525
1510199473795|0.1670065|0.24485874|-1.5794611
1510199473911|0.06647164|-0.20590305|0.22755814
1510199474026|-0.19774035|0.48015857|-0.6989546
1510199474143|-0.19650161|0.03411174|-0.425519
1510199474261|-0.36890173|-0.13370943|0.4968996
1510199474396|-0.048069775|-0.110877514|-1.2824545
1510199474486|0.04229021|0.3183117|0.4752884
1510199474602|0.14990854|-0.016790867|-1.3459654
1510199474716|-0.46110272|-0.3015194|1.527895
1510199474831|0.41301584|-0.17610216|-0.61625767
1510199474947|0.12903738|0.13837337|-0.93818474
1510199475063|0.2732209|-0.450922|2.0225334
1510199475197|-0.55942285|0.5170584|-1.6470652
1510199475292|-0.05054593|0.101735115|1.6679668
1510199475413|-0.09755981|0.29797316|-0.53414345
1510199475531|-0.27302825|-0.08050728|3.0225906
1510199475637|0.1378262|0.16652393|-0.6679692
1510199475751|0.05028498|-0.13955593|1.6988478
1510199475868|0.2466836|0.029752731|-0.0894804
1510199475982|-0.3631962|0.28743792|-0.12636471
1510199476097|0.13320631|-0.18242311|1.5614414
1510199476211|0.30288476|0.04112053|-2.359188
1510199476333|0.26774156|0.30350542|0.78786755
1510199476442|-0.2682464|0.084916115|-0.9497471
1510199476557|0.31725883|0.07756901|0.019036293
1510199476672|0.08598316|0.1255312|-0.026134491
1510199476787|0.23053336|0.5492425|-0.026565552
1510199476903|-0.33188605|0.3371849|0.62185574
1510199477019|0.50563085|-0.065308094|-0.66481495
1510199477132|-0.3945005|0.17833519|-0.7527118
1510199477248|0.6587708|-0.60331917|-0.23526192
1510199477362|-0.0044670105|0.3695817|-0.30246925
1510199477478|0.030689478|-0.19243813|0.10340786
1510199477593|0.33185935|-0.09782171|-1.4345942
1510199477708|-0.025822282|0.3592863|-0.26056576
1510199477823|0.11588836|-0.16300678|-0.12429714
1510199477938|8.3982944E-4|0.20358896|0.32574558
1510199478053|0.25073302|0.123250246|-0.1520834
1510199478170|0.62983596|0.07951546|-0.6177263
1510199478286|0.1260032|-0.024327993|0.7553911
1510199478397|0.4203142|0.14906263|-0.016775131
1510199478513|-0.12546659|-0.5244155|1.0306997
1510199478640|0.26391184|-0.7111337|-0.3220396
1510199478756|-0.02543971|-0.07386923|1.3715868
1510199478859|0.7117496|0.18133044|-2.4655533
1510199478975|-0.37167186|0.30385876|0.4941454
1510199479088|0.04994735|-0.958112|1.9197083
1510199479224|-0.52800405|0.38901472|0.21433544
1510199479317|0.131318|-0.88753104|1.222909
1510199479433|-0.51775026|0.59660506|0.079273224
1510199479548|0.21983078|-0.41437674|0.48015213
1510199479664|-0.33862978|0.48066735|-0.05839634
1510199479778|-0.01377143|0.023555517|-0.1449585
1510199479894|0.2819368|-0.14064431|-0.6700678
1510199480011|0.5636303|-0.7207551|0.6701317
1510199480124|0.32334828|-0.70590496|-0.29647732
1510199480238|-0.1463077|0.5507455|-1.3094254
1510199480354|0.20631754|-0.12187481|0.37255192
1510199480468|0.26497325|-0.49642563|0.5316534
1510199480583|0.152428|-0.27526808|-1.0187254
1510199480698|-0.61764896|0.14946222|1.5863142
1510199480813|0.15603065|0.23503017|-2.1974258
1510199480929|0.14709365|-0.7491064|1.020824
1510199481043|-0.7236599|0.746398|-1.1309457
1510199481158|-0.054273725|-0.11715174|0.786417
1510199481279|-0.18919528|-0.25114632|1.6648722
1510199481389|-0.10903394|-0.13698101|0.6498027
1510199481504|-0.5906278|0.15750599|1.610342
1510199481620|0.0068968534|0.057601452|0.025135994
1510199481733|0.0544883|-0.4385953|1.2025905
1510199481850|-0.045632243|0.14316034|0.07369375
1510199481966|0.32878792|0.8088937|-2.6270885
1510199482079|0.26211|0.14659071|-0.0988245
1510199482194|0.07518262|-0.087470055|-0.3658123
1510199482308|0.18252414|-0.14899397|-0.30251122
1510199482424|0.14660922|0.13699245|-1.0793943
1510199482540|0.4933533|0.2651472|-0.50651264
1510199482654|0.16843775|0.7811761|-3.0367317
1510199482770|0.6842332|-0.4997506|0.00868988
1510199482884|-0.4012573|0.48582888|2.5857964
1510199482999|0.43208233|-0.39956236|-1.5169706
1510199483114|0.37943894|-0.045377254|0.5958605
1510199483229|-0.019400567|-0.49794197|0.77849483
1510199483346|-0.20363772|0.51697206|-0.41634846
1510199483458|-0.5778957|0.39624023|0.26917648
1510199483576|-0.42511773|-0.2538805|2.673071
1510199483690|0.3539092|-0.36624575|-1.4240351
1510199483806|-0.43365115|0.09872198|-0.051724434
1510199483920|-0.5310115|0.2863288|1.6683521
1510199484054|0.08682531|0.3377247|-1.3440313
1510199484153|0.40889275|-0.2982216|-1.4726849
1510199484265|0.02078639|-0.20760107|-0.4501238
1510199484379|0.45483148|-0.07044029|-0.27410412
1510199484494|0.09823185|-1.0134645|2.077342
1510199484609|0.46481723|-0.83747196|-1.7822561
1510199484726|-0.24086887|0.0389719|-0.54892826
1510199484839|0.2833262|-1.0447521|1.9004698
1510199484958|-0.4578933|0.48600054|1.9879179
1510199485070|-0.07082999|-0.049254417|-1.4459696
1510199485185|0.30579317|0.0403471|1.1339045
1510199485302|0.3978236|-0.098248005|-2.9867506
1510199485415|0.49105826|0.21481848|-1.007144
1510199485531|-0.7421386|0.4177847|-2.1373215
1510199485645|1.0717876|-0.038246155|-1.5245733
1510199485763|-0.07686663|0.22368336|-1.2354574
1510199485875|-0.64633954|-0.32193947|3.4037056
1510199485992|-1.0432105|0.6459613|2.660675
1510199486107|-0.33835828|0.039126873|-1.2825613
1510199486221|0.83362055|0.15492582|-2.3615685
1510199486336|0.09951216|0.87310314|-4.4087
1510199486450|0.5494677|-0.16135359|0.00532341
1510199486566|-0.3623076|0.40368652|-1.0455427
1510199486681|-0.27429524|-0.20867395|1.2157965
1510199486795|0.07551765|0.29159594|0.6641817
1510199486910|-0.25883707|-0.6830783|3.4024096
1510199487025|-0.20635156|0.368505|0.5503187
1510199487140|-0.60605264|0.16604042|2.320366
1510199487255|0.30977717|-0.58775973|0.14636993
1510199487374|-0.04231465|-0.7022486|0.73231506
1510199487485|0.06481603|0.35386467|0.29267693
1510199487601|-0.10830736|-0.007819176|-0.16337013
1510199487715|0.4597267|0.18382597|-0.9778671
1510199487831|0.038078904|-0.17402792|0.24498177
1510199487947|0.31614354|0.21070337|-0.7312813
1510199488062|0.512855|-1.09621|1.3533163
1510199488176|-0.34591535|-0.7210469|1.5963469
1510199488298|0.88105565|-1.2708201|1.6623125
1510199488405|-1.0399235|1.3027377|-1.2327213
1510199488521|-0.27794904|0.17004395|0.13805866
1510199488636|0.27748173|-0.5729017|1.057991
1510199488754|0.12412289|0.0878458|-0.5028248
1510199488866|0.13292801|-0.62205505|1.9983473
1510199488982|0.09508142|0.08889246|-1.0705471
1510199489097|0.31634933|-0.057110786|-0.77661324
1510199489216|0.30097908|-0.34615517|-1.0819654
1510199489327|-0.38920748|0.6005225|1.6024876
1510199489441|-0.41635755|-0.18198347|1.7797527
1510199489558|-0.07373817|-0.0046634674|0.9321346
1510199489671|0.12167706|-0.032785892|-0.6413965
1510199489786|0.43325782|-0.44635916|-0.5973387
1510199489902|-0.30158523|0.32280874|-0.33807945
1510199490017|-0.14338398|0.9429226|-0.37198448
1510199490131|-0.66110307|1.0404086|-0.47240543
1510199490247|-0.26218903|-0.03284788|1.1643114
1510199490363|0.07023407|-0.11389303|-0.4306116
1510199490476|-0.15806937|0.1168232|1.6551838
1510199490592|-0.37963647|0.3557434|0.26942635
1510199490706|0.46057016|-0.35333204|0.8897095
1510199490822|0.065326154|-0.05038452|0.13363934
1510199490937|0.09010422|-0.26721716|-0.100940704
1510199491052|0.15831318|-0.27286434|1.1462469
1510199491168|0.14869231|0.11307287|-0.5673685
1510199491281|0.088257074|-0.09074068|0.31026936
1510199491397|0.08652836|0.02696085|-0.2620554
