1510206347367|1018.1179
1510206347487|1018.11316
1510206347607|1018.1309
1510206347691|1018.1407
1510206347808|1018.1162
1510206347894|1018.1194
1510206347975|1018.12305
1510206348087|1018.1595
1510206348210|1018.1516
1510206348368|1018.2107
1510206348488|1018.1874
1510206348608|1018.1621
1510206348689|1018.1554
1510206348807|1018.1398
1510206348967|1018.1316
1510206349088|1018.145
1510206349208|1018.1658
1510206349368|1018.13745
1510206349487|1018.1306
1510206349607|1018.13947
1510206349769|1018.16235
1510206349888|1018.15393
1510206349970|1018.1594
1510206350088|1018.1277
1510206350207|1018.1214
1510206350289|1018.12384
1510206350408|1018.0963
1510206350567|1018.1013
1510206350688|1018.1263
1510206350808|1018.14575
1510206350889|1018.14136
1510206351008|1018.135
1510206351167|1018.1433
1510206351288|1018.10767
1510206351370|1018.0847
1510206351487|1018.10803
1510206351609|1018.0956
1510206351691|1018.06714
1510206351809|1018.07477
1510206351890|1018.1164
1510206352010|1018.1001
1510206352168|1018.1533
1510206352292|1018.1087
1510206352408|1018.151
1510206352568|1018.12665
1510206352690|1018.06445
1510206352808|1018.1382
1510206352968|1018.15967
1510206353088|1018.14453
1510206353171|1018.1216
1510206353289|1018.1092
1510206353408|1018.1526
1510206353568|1018.13086
1510206353688|1018.1144
1510206353770|1018.0796
1510206353888|1018.0997
1510206353969|1018.1211
1510206354089|1018.103
1510206354209|1018.1513
1510206354368|1018.12744
1510206354489|1018.1637
1510206354570|1018.27216
1510206354689|1018.09845
1510206354770|1018.08386
1510206354890|1018.09375
1510206355008|1018.0514
1510206355169|1018.15674
1510206355289|1018.20605
1510206355408|1018.136
1510206355490|1018.1452
1510206355608|1018.2523
1510206355689|1018.1697
1510206355810|1018.0337
1510206355969|1018.05396
1510206356088|1018.1561
1510206356170|1018.2236
1510206356290|1018.01733
1510206356409|1018.0814
1510206356568|1018.08545
1510206356689|1018.1435
1510206356770|1018.1863
1510206356891|1018.09845
1510206357009|1018.1057
1510206357090|1018.0994
1510206357208|1018.1453
1510206357291|1018.1409
1510206357408|1018.0929
1510206357491|1018.0869
1510206357572|1018.0721
1510206357690|1018.0702
1510206357811|1018.1143
1510206357969|1018.13184
1510206358091|1018.1475
1510206358210|1018.10504
1510206358369|1018.01294
1510206358489|1018.03656
1510206358611|1018.13776
1510206358770|1018.05005
1510206358891|1018.11676
1510206359010|1018.0238
1510206359169|1018.03784
1510206359290|1018.0886
1510206359410|1018.0762
1510206359491|1018.1412
1510206359609|1018.10724
1510206359690|1018.11084
1510206359810|1018.1617
1510206359891|1018.17236
1510206360012|1018.2569
1510206360171|1018.1338
1510206360290|1018.19403
1510206360371|1018.14056
1510206360490|1018.07935
1510206360575|1018.1111
1510206360690|1018.11804
1510206360810|1018.138
1510206360970|1018.1008
1510206361091|1018.0933
1510206361211|1018.12195
1510206361370|1018.08154
1510206361491|1018.0843
1510206361612|1018.0592
1510206361770|1018.0901
1510206361891|1018.1278
1510206362013|1018.1579
1510206362170|1018.13257
1510206362291|1018.11224
1510206362411|1018.2056
1510206362570|1018.22705
1510206362690|1018.16724
1510206362810|1018.12335
1510206362970|1018.0676
1510206363092|1018.08765
1510206363212|1018.116
1510206363334|1018.1128
1510206363492|1018.0794
1510206363610|1018.1088
1510206363770|1018.11475
1510206363892|1018.1973
1510206364011|1018.14996
1510206364172|1018.1572
1510206364292|1018.12683
1510206364410|1018.12646
1510206364493|1018.09454
1510206364611|1018.1606
1510206364692|1018.12946
1510206364812|1018.13544
1510206364971|1018.1176
1510206365092|1018.0939
1510206365210|1018.0238
1510206365291|1017.97656
1510206365412|1018.001
1510206365571|1018.0657
1510206365690|1018.1079
1510206365771|1018.0886
1510206365892|1018.1236
1510206365974|1018.0928
1510206366095|1018.0841
1510206366210|1018.1389
1510206366292|1018.1732
1510206366411|1018.2092
1510206366492|1018.20154
1510206366613|1018.1584
1510206366771|1018.15137
1510206366891|1018.1357
1510206366972|1018.1687
1510206367091|1018.18994
1510206367172|1018.1516
1510206367291|1018.13885
1510206367374|1018.13257
1510206367491|1018.11633
1510206367572|1018.0227
1510206367691|1018.0482
1510206367813|1018.12585
1510206367933|1018.09985
1510206368091|1018.10443
1510206368212|1018.14624
1510206368295|1018.107
1510206368411|1018.17
1510206368494|1018.177
1510206368612|1018.13403
1510206368699|1018.11475
1510206368811|1018.1265
1510206368892|1018.1014
1510206369011|1018.0943
1510206369097|1018.05536
1510206369211|1018.13434
1510206369292|1018.1211
1510206369412|1018.095
1510206369572|1018.09326
1510206369692|1018.1085
1510206369773|1018.0957
1510206369892|1018.05255
1510206369973|1018.07153
1510206370093|1018.1177
