1510206628454|30.960846|-17.072678|-25.756836
1510206628602|30.820847|-17.926788|-24.590302
1510206628705|31.126022|-17.357635|-24.148178
1510206628854|31.582642|-17.624283|-23.270798
1510206628953|32.413483|-20.42656|-18.032837
1510206629104|32.217407|-22.346878|-15.458679
1510206629256|30.844498|-25.391388|-14.992523
1510206629352|30.992508|-24.739456|-16.117096
1510206629455|30.699158|-23.474121|-18.979645
1510206629602|30.65567|-21.180725|-21.446991
1510206629703|30.59616|-19.464874|-22.601318
1510206629852|31.159973|-19.018173|-22.719955
1510206629952|31.785202|-17.660141|-23.477936
1510206630103|31.163788|-17.279053|-23.97499
1510206630252|29.49295|-17.940903|-25.375366
1510206630353|29.708862|-18.128967|-25.800323
1510206630452|29.354095|-17.741776|-26.629639
1510206630603|28.317642|-16.627502|-27.543259
1510206630702|28.085327|-16.26854|-28.574371
1510206630852|27.408981|-16.045761|-29.81186
1510206630952|26.259232|-16.421127|-30.378342
1510206631102|26.37024|-16.815186|-30.220032
1510206631252|27.45552|-16.745758|-29.507065
1510206631352|27.386475|-16.563034|-29.314041
1510206631453|27.48375|-16.152573|-29.131317
1510206631604|27.246094|-15.935516|-29.493713
1510206631707|26.608276|-15.827942|-30.035782
1510206631852|27.222824|-15.460205|-30.87883
1510206631952|27.539444|-14.958572|-31.119919
1510206632102|27.658081|-14.747238|-31.160355
1510206632252|27.227402|-12.889099|-31.840897
1510206632351|27.214813|-12.279892|-31.998062
1510206632452|26.935959|-11.98616|-31.923676
1510206632602|26.013565|-11.692047|-32.30934
1510206632702|26.970673|-12.008667|-32.12433
1510206632852|27.376175|-12.078476|-31.793213
1510206632952|26.864624|-11.566162|-32.160187
1510206633102|27.087402|-11.681366|-31.98471
1510206633252|28.420639|-10.789871|-31.642532
1510206633352|28.749084|-10.37178|-31.835556
1510206633452|28.514862|-10.447311|-32.3349
1510206633601|27.693558|-10.351944|-32.38678
1510206633703|28.774261|-9.901047|-31.958008
1510206633852|29.904938|-10.803986|-31.743622
1510206633951|28.808212|-11.3090515|-31.12259
1510206634103|28.697205|-11.4097595|-31.188583
1510206634251|28.927612|-11.445618|-31.453323
1510206634351|28.832626|-11.381149|-31.328583
1510206634452|28.849411|-11.245346|-31.427383
1510206634602|28.21846|-11.376953|-31.50711
1510206634703|27.235413|-11.751938|-31.605148
1510206634853|27.013779|-11.705017|-31.80809
1510206634952|27.2583|-11.846161|-31.827545
1510206635102|27.196503|-11.9895935|-31.771088
1510206635253|27.558136|-11.274338|-30.885696
1510206635354|28.285599|-10.618591|-31.285477
1510206635452|29.467392|-8.90007|-31.863785
1510206635601|29.203796|-8.112335|-32.116318
1510206635702|28.060913|-8.343506|-33.32367
1510206635851|27.358627|-8.252716|-33.508682
1510206635952|27.565002|-8.174515|-32.875443
1510206636101|28.017426|-8.28743|-33.39081
1510206636251|28.547668|-7.820511|-33.181763
1510206636352|28.759766|-7.2345734|-32.546997
1510206636451|29.393387|-7.3631287|-31.612778
1510206636601|28.88565|-7.7941895|-31.666183
1510206636701|28.60794|-7.6164246|-32.417297
1510206636854|28.510666|-8.392334|-32.640076
1510206636950|28.393555|-7.776642|-32.48825
1510206637103|28.435135|-7.66716|-32.546234
1510206637251|28.391647|-7.7911377|-32.28302
1510206637350|28.490067|-7.8388214|-32.136917
1510206637451|28.701782|-8.324051|-31.671143
1510206637600|28.468704|-8.067703|-32.19719
1510206637701|27.478409|-7.827759|-33.068848
1510206637850|27.407455|-9.552765|-32.579422
1510206637950|27.607727|-10.863876|-31.453705
1510206638101|27.39296|-11.161423|-31.2397
1510206638253|27.925491|-11.049271|-31.877518
1510206638350|28.246689|-11.398697|-31.978226
1510206638451|28.730392|-11.7733|-31.9767
1510206638602|28.85704|-12.545013|-30.94902
1510206638702|27.991486|-14.431381|-30.431747
1510206638851|27.222443|-15.836334|-30.459976
1510206638950|27.119827|-16.190338|-29.961014
1510206639100|27.169037|-16.09726|-29.928207
1510206639250|26.820374|-15.315628|-29.420853
1510206639350|26.758575|-15.289307|-29.406738
1510206639450|27.118301|-16.17508|-29.67987
1510206639601|27.666855|-16.465378|-29.118347
1510206639701|27.721786|-16.76941|-29.115677
1510206639851|27.566528|-16.646957|-28.969574
1510206639951|27.519608|-16.408539|-28.282166
1510206640102|27.521515|-16.778183|-28.286362
1510206640250|27.564621|-16.80069|-28.054428
1510206640350|27.386856|-16.64238|-27.94075
1510206640450|27.707672|-16.414642|-27.757645
1510206640601|27.938461|-16.6111|-28.347015
1510206640701|27.699661|-16.898727|-29.068756
1510206640850|28.101349|-16.751862|-28.731155
1510206640951|28.203964|-16.905975|-28.497314
1510206641100|28.208923|-17.000961|-28.205872
1510206641251|27.601624|-16.75415|-27.621078
1510206641350|27.35405|-16.711807|-27.771378
1510206641450|27.740479|-17.025757|-27.864075
1510206641601|28.207397|-17.113113|-28.112411
1510206641701|28.030777|-16.518402|-27.93808
1510206641851|28.38173|-16.392899|-28.21045
1510206641949|28.466034|-16.369247|-28.105164
1510206642099|28.192139|-16.61148|-28.015137
1510206642249|26.695251|-16.496658|-27.375793
1510206642351|26.842499|-16.43715|-26.945496
1510206642452|28.09105|-16.36734|-27.09465
1510206642600|28.234482|-16.674042|-27.2686
1510206642701|28.351593|-17.030716|-27.497864
1510206642851|27.899933|-17.152023|-27.389526
1510206642949|27.126694|-17.209244|-27.674484
1510206643100|27.017593|-17.11502|-28.158188
1510206643250|27.352142|-16.444016|-28.26271
1510206643350|27.797699|-16.41655|-28.105545
1510206643450|27.692032|-16.794968|-27.87323
1510206643600|28.001785|-17.128754|-28.357697
1510206643699|28.250885|-16.459656|-28.288269
1510206643850|27.831268|-16.025925|-28.613281
1510206643950|28.4729|-15.685272|-28.720093
1510206644099|29.123306|-15.531921|-28.507614
1510206644249|28.174973|-16.49208|-27.724075
1510206644352|27.761078|-16.620255|-27.571106
1510206644449|28.209305|-15.778351|-27.164078
1510206644599|29.034042|-15.828323|-26.882553
1510206644700|29.157257|-16.942596|-27.389526
1510206644849|28.967667|-16.936111|-27.555084
1510206644949|29.042053|-16.83197|-27.591324
1510206645098|29.146194|-16.784286|-27.97966
1510206645250|29.16565|-15.765381|-27.743149
1510206645349|28.691864|-15.671921|-27.228165
1510206645449|27.781677|-16.218948|-27.3098
1510206645599|27.814865|-16.94336|-27.94342
1510206645698|28.087997|-16.827393|-27.396393
1510206645848|27.898407|-16.494751|-26.576996
1510206645948|28.360367|-16.29181|-27.277374
1510206646100|28.183365|-16.256714|-27.931976
1510206646249|27.982712|-17.471313|-28.483963
1510206646349|28.167725|-18.128204|-28.452682
1510206646450|27.801514|-18.298721|-28.208923
1510206646599|27.460098|-17.607498|-28.02658
1510206646700|27.265549|-17.476654|-27.966309
