1510206217954|35.837555|-20.780945|-9.576035
1510206218104|35.19478|-21.580887|-9.632874
1510206218204|35.31723|-20.591736|-10.590363
1510206218352|37.95929|-17.826843|-8.076477
1510206218454|39.097977|-15.15007|-7.126999
1510206218603|38.28926|-14.891815|-9.660721
1510206218753|35.81848|-15.009308|-17.263412
1510206218853|34.719467|-15.07225|-19.3573
1510206218953|32.411957|-15.610504|-22.359848
1510206219103|31.035995|-16.292572|-23.51265
1510206219206|30.567932|-15.9461975|-24.631882
1510206219353|32.19986|-17.25502|-21.688461
1510206219454|33.57277|-17.53273|-20.07904
1510206219602|33.538437|-16.98494|-19.918823
1510206219753|33.156586|-16.451263|-20.131683
1510206219854|32.672882|-16.065979|-21.524048
1510206219953|32.678223|-16.501236|-21.051025
1510206220104|33.330536|-16.88385|-19.620514
1510206220203|33.459473|-17.391586|-19.211197
1510206220354|33.794785|-18.43338|-18.50357
1510206220502|34.003067|-20.310211|-16.571426
1510206220603|33.71086|-19.79103|-16.505432
1510206220702|33.200455|-19.208908|-17.103958
1510206220853|33.166885|-19.29741|-16.5699
1510206220953|33.332825|-20.172882|-14.306641
1510206221104|34.75647|-20.298386|-13.00087
1510206221202|36.154175|-19.221115|-12.152481
1510206221354|36.260986|-18.588638|-12.124634
1510206221504|35.865402|-17.83638|-14.376068
1510206221603|35.633087|-17.35611|-14.741898
1510206221703|34.505844|-17.032623|-15.297699
1510206221853|33.431625|-17.40303|-17.64946
1510206221952|33.79631|-17.782593|-17.424011
1510206222103|34.14116|-18.35823|-15.621948
1510206222203|34.07135|-18.222427|-15.88707
1510206222352|34.116745|-17.639542|-17.141724
1510206222502|31.035233|-16.781235|-24.491882
1510206222602|30.187225|-16.790009|-25.370407
1510206222703|31.583405|-18.499374|-21.470642
1510206222851|33.666992|-19.450378|-16.955185
1510206222951|32.520294|-17.565155|-19.520187
1510206223104|31.97174|-18.022156|-19.530487
1510206223203|33.483887|-19.315338|-15.473175
1510206223353|34.070206|-19.10019|-15.4865265
1510206223502|32.762146|-17.37175|-19.709015
1510206223603|32.6313|-16.591263|-20.043564
1510206223704|32.813263|-15.641403|-20.334625
1510206223852|32.89604|-15.999222|-21.557617
1510206223951|32.992935|-16.142273|-21.664429
1510206224103|32.220078|-16.46576|-21.449661
1510206224201|31.718445|-17.673874|-21.265411
1510206224352|32.35588|-18.502808|-19.977951
1510206224504|34.08165|-19.454956|-17.082214
1510206224601|33.9756|-19.115448|-17.731857
1510206224702|33.904266|-18.121338|-19.699097
1510206224854|33.236694|-17.766571|-20.931625
1510206224953|31.532288|-17.760468|-22.08519
1510206225101|31.175232|-18.350983|-21.164703
1510206225202|32.532883|-19.898605|-17.011261
1510206225352|33.265686|-20.054245|-14.674759
1510206225501|34.37729|-19.514847|-13.165283
1510206225601|34.50775|-18.587494|-15.409851
1510206225704|33.267975|-16.32042|-20.664597
1510206225852|32.048035|-15.174866|-22.828674
1510206225952|32.87773|-17.465973|-18.376541
1510206226104|34.55391|-20.2034|-12.99057
1510206226201|35.07271|-20.654297|-10.755157
1510206226353|35.177612|-20.707703|-10.050583
1510206226501|34.515|-21.178055|-11.650085
1510206226603|34.621048|-20.91484|-11.470795
1510206226703|35.055542|-20.2919|-11.87973
1510206226852|34.209442|-18.327332|-16.28685
1510206226953|33.068848|-16.834259|-19.797897
1510206227101|31.681824|-15.715027|-22.599411
1510206227201|32.03392|-15.541458|-23.051071
1510206227352|33.054733|-16.766739|-20.339966
1510206227502|34.83696|-19.939041|-11.381149
1510206227601|35.21042|-19.6167|-11.2018585
1510206227702|36.281967|-17.980957|-13.896942
1510206227851|35.364532|-15.8203125|-18.227386
1510206227951|34.137344|-15.005493|-20.6913
1510206228101|34.605408|-15.795517|-18.842316
1510206228202|35.546494|-16.151047|-14.358139
1510206228352|36.281204|-15.625|-13.405609
1510206228505|37.926865|-13.696671|-14.52179
1510206228603|37.472153|-13.896179|-14.821243
1510206228701|36.499023|-14.050674|-15.882492
1510206228850|36.236954|-13.215637|-16.634369
1510206228950|35.824203|-12.178421|-18.266296
1510206229104|35.10437|-10.87265|-20.191574
1510206229201|35.432434|-10.490799|-19.546127
1510206229351|35.646057|-11.1328125|-18.365479
1510206229501|36.594772|-12.955856|-17.010498
1510206229602|36.95984|-13.313675|-17.518997
1510206229703|36.940384|-13.6276245|-17.565536
1510206229849|36.577606|-14.51683|-15.80658
1510206229950|36.335754|-15.688324|-14.560318
1510206230100|37.143707|-17.441559|-11.60965
1510206230201|37.76779|-19.407272|-8.996582
1510206230351|37.633514|-20.277023|-8.336639
1510206230501|37.553024|-20.760727|-6.721115
1510206230601|37.858963|-20.79544|-6.811905
1510206230701|38.11302|-21.294785|-5.922699
1510206230852|37.712097|-22.23854|-4.330826
1510206230950|36.678696|-23.307037|-3.0330658
1510206231100|36.558914|-23.317337|-2.9270172
1510206231201|37.103653|-22.921753|-3.3405304
1510206231352|36.956024|-22.577667|-4.1706085
1510206231501|35.82878|-21.154785|-7.471466
1510206231601|35.95009|-20.523834|-7.9711914
1510206231701|36.690903|-18.167877|-9.753799
1510206231850|36.945343|-13.070679|-15.259933
1510206231950|35.499954|-10.805893|-20.837784
1510206232100|34.934235|-12.731171|-20.700455
1510206232200|36.29608|-14.540482|-17.019272
1510206232350|36.649323|-14.14566|-16.773987
1510206232501|34.44023|-12.088394|-22.201157
1510206232600|33.559036|-12.6701355|-23.268509
1510206232699|33.29773|-14.611435|-21.211624
1510206232850|33.87413|-16.843414|-18.657684
1510206232950|32.961273|-16.454315|-19.648743
1510206233100|31.212997|-14.92691|-23.585892
1510206233201|29.451752|-15.415573|-26.691055
1510206233349|29.063797|-15.348434|-27.382278
1510206233499|30.504608|-16.034317|-24.798203
1510206233601|31.138992|-17.77916|-22.646713
1510206233701|30.669022|-21.630096|-19.618225
1510206233849|30.474472|-23.192596|-17.707062
1510206233949|31.428528|-23.524857|-15.756226
1510206234101|31.497192|-23.975754|-14.6419525
1510206234200|31.685638|-23.673248|-13.710022
1510206234350|31.832504|-23.724747|-12.837982
1510206234501|31.643295|-24.947357|-10.985565
1510206234599|31.396103|-24.863815|-11.914825
1510206234700|31.47583|-23.428726|-15.156555
1510206234849|31.457901|-23.5672|-15.140152
1510206234950|31.296158|-25.007248|-12.142944
1510206235100|31.513977|-23.966217|-13.247299
1510206235200|31.367874|-23.638535|-14.012909
1510206235350|31.492615|-24.271393|-13.814545
1510206235499|32.277298|-22.792435|-14.5347595
1510206235599|32.74536|-22.476578|-14.107513
1510206235699|33.6174|-22.326279|-13.713074
1510206235850|33.457565|-21.460342|-14.165878
1510206235948|33.908463|-21.048355|-14.50119
1510206236099|34.583664|-20.890808|-15.109253
1510206236200|33.961487|-20.908737|-15.538025
1510206236350|34.02481|-20.577621|-15.851212
1510206236500|34.195328|-19.19899|-17.026901
1510206236600|34.082413|-18.748093|-17.417908
1510206236701|34.210968|-19.108963|-15.678787
1510206236849|33.771515|-17.943954|-18.114853
1510206236949|32.49817|-17.568207|-20.869064
1510206237099|34.00078|-19.400024|-16.292572
1510206237199|36.54518|-19.55223|-9.567642
1510206237349|36.660767|-19.765854|-6.6280365
1510206237500|37.15782|-19.610214|-6.9072723
1510206237598|37.324905|-18.481827|-9.553146
1510206237698|37.104797|-16.760254|-12.708282
1510206237848|35.726166|-16.6008|-14.676285
1510206237950|33.363724|-14.998245|-20.40596
1510206238100|32.685852|-14.171219|-23.804474
1510206238198|32.668686|-15.219116|-22.730255
1510206238348|33.615494|-16.038513|-20.453644
1510206238499|36.377716|-20.33348|-8.174133
1510206238599|36.4254|-21.094131|-6.172943
1510206238698|37.29782|-20.061874|-8.15506
1510206238849|37.068558|-16.350555|-13.141632
1510206238950|36.44638|-15.662384|-13.54599
1510206239098|35.637283|-19.411469|-6.6524506
1510206239198|34.73587|-21.488953|-1.5453339
1510206239347|34.796143|-21.343231|-2.2212982
1510206239498|35.831833|-20.252228|-7.7350616
1510206239599|36.075592|-20.108414|-8.817673
1510206239699|35.993576|-19.791794|-9.485626
1510206239849|36.29799|-16.451645|-12.7708435
1510206239950|35.930634|-10.529327|-19.490433
1510206240100|34.66606|-8.041|-24.18518
1510206240197|34.441376|-10.579681|-22.688675
1510206240348|35.002136|-12.660217|-20.051193
1510206240498|35.57701|-18.250656|-12.95433
1510206240597|35.083008|-19.115067|-12.900162
1510206240698|34.922028|-20.166397|-12.991333
1510206240847|34.585953|-20.905685|-13.3564
1510206240947|34.344482|-21.025467|-13.607025
1510206241100|33.7471|-21.466064|-13.980484
1510206241197|33.555603|-21.18187|-15.726852
1510206241349|33.70552|-20.615768|-16.276932
1510206241499|33.636856|-21.146393|-14.964294
1510206241598|33.15468|-22.219086|-14.408493
1510206241700|32.56111|-24.377823|-12.3550415
1510206241848|32.185364|-26.496887|-8.736801
1510206241947|31.003952|-28.260803|-5.832672
1510206242097|29.700089|-29.631805|-3.64151
1510206242197|29.386902|-30.632019|-2.4085999
1510206242347|29.001617|-30.773544|-2.3887634
1510206242502|28.416443|-30.784607|-2.2922516
1510206242597|28.495026|-31.00586|-2.005005
1510206242700|27.96669|-31.529999|-1.7211914
1510206242848|28.089142|-31.306458|-2.3777008
1510206242947|27.534485|-30.937195|-2.627182
1510206243101|27.727509|-30.74646|-3.8352966
1510206243202|29.5372|-29.12941|-6.6532135
1510206243349|30.451202|-28.19748|-7.5130463
1510206243497|33.30612|-23.553467|-10.399246
1510206243602|33.92906|-22.024536|-11.457443
1510206243697|33.937454|-21.59195|-12.517166
1510206243848|33.386612|-21.955109|-12.563324
1510206243949|33.208466|-21.580124|-12.689972
1510206244098|32.77321|-21.385193|-15.111542
1510206244197|32.26776|-21.721268|-17.853165
1510206244347|31.664276|-22.142792|-17.842484
1510206244496|31.477737|-23.247147|-16.86554
1510206244597|31.944656|-23.752594|-15.481186
1510206244698|31.947708|-25.583649|-11.256409
1510206244848|31.128693|-27.311325|-9.011841
1510206244947|30.555725|-28.171158|-7.213211
1510206245097|29.63028|-29.017258|-5.1410675
1510206245197|29.05655|-30.168533|-4.0225983
1510206245346|28.94249|-30.545807|-3.5980225
1510206245497|28.899765|-30.566788|-2.7923584
1510206245597|28.834534|-30.7621|-2.8064728
1510206245699|28.893661|-30.603409|-3.281021
1510206245847|31.439972|-28.061676|-6.086731
1510206245950|34.017944|-23.812866|-10.057831
1510206246099|34.59015|-20.92781|-12.984467
1510206246197|34.700394|-20.91446|-13.305664
1510206246346|34.774017|-21.155167|-13.072586
1510206246498|33.81958|-21.74263|-14.370728
1510206246596|33.10852|-22.229767|-15.470886
1510206246696|31.782532|-22.815323|-17.890167
1510206246846|30.568314|-23.134232|-19.146347
1510206246946|30.947876|-23.568726|-17.811203
1510206247098|32.108307|-24.78218|-14.319992
1510206247196|31.260681|-27.145004|-10.023499
1510206247346|30.337524|-28.649902|-8.271408
1510206247496|28.424072|-31.363297|-6.2747955
1510206247596|28.213501|-31.22673|-6.063843
1510206247695|27.947998|-31.24199|-5.2619934
1510206247848|27.60849|-31.689072|-4.6844482
1510206247947|27.854156|-31.523132|-4.092407
1510206248095|27.682877|-32.115936|-3.6792755
1510206248199|27.4086|-32.23877|-4.12941
1510206248347|27.8759|-31.43425|-5.3001404
1510206248496|31.824875|-26.441956|-9.276962
1510206248599|33.179855|-24.406433|-10.728836
1510206248697|35.14366|-20.75119|-13.523102
1510206248846|35.0502|-19.490433|-14.171982
1510206248948|34.384155|-19.662476|-14.66217
1510206249096|33.568573|-19.64569|-16.84227
1510206249195|32.328796|-19.472504|-19.19403
1510206249346|32.17964|-19.870377|-19.472122
1510206249496|30.891418|-25.32196|-13.4197235
1510206249597|30.041504|-27.685547|-10.474014
1510206249696|28.451157|-31.134033|-6.063843
1510206249796|27.833176|-32.027435|-5.086899
1510206249896|27.199173|-32.1743|-4.1843414
1510206250047|28.064728|-31.175613|-4.587555
1510206250196|29.803467|-28.843689|-8.053207
1510206250298|31.188965|-25.947952|-12.921143
1510206250396|31.544113|-25.16594|-14.506531
