1510198631697|1020.0755
1510198631815|1020.0411
1510198631935|1020.0559
1510198632017|1020.0607
1510198632134|1020.0679
1510198632295|1020.08154
1510198632415|1020.07776
1510198632533|1020.111
1510198632615|1020.1105
1510198632734|1020.1211
1510198632823|1020.1055
1510198632935|1020.07544
1510198633094|1020.0828
1510198633215|1020.06744
1510198633313|1020.0667
1510198633416|1020.0516
1510198633536|1020.0672
1510198633617|1020.06604
1510198633698|1020.06714
1510198633817|1020.07434
1510198633935|1020.0456
1510198634096|1020.0443
1510198634215|1020.05237
1510198634296|1020.0808
1510198634416|1020.04364
1510198634534|1020.05115
1510198634615|1020.0625
1510198634734|1020.03577
1510198634815|1020.0443
1510198634935|1020.05786
1510198635016|1020.0541
1510198635135|1020.05896
1510198635218|1020.07227
1510198635336|1020.0601
1510198635499|1020.0709
1510198635618|1020.06726
1510198635736|1020.07056
1510198635817|1020.0623
1510198635935|1020.0538
1510198636016|1020.05774
1510198636134|1020.0559
1510198636216|1020.0491
1510198636334|1020.041
1510198636415|1020.0483
1510198636496|1020.05505
1510198636616|1020.1439
1510198636735|1020.06775
1510198636817|1020.0494
1510198636935|1020.0419
1510198637095|1020.0857
1510198637215|1020.1209
1510198637296|1020.1395
1510198637415|1020.14856
1510198637536|1020.24176
1510198637695|1020.1818
1510198637815|1020.01917
1510198637896|1020.01776
1510198638018|1019.92065
1510198638136|1019.9563
1510198638296|1020.0232
1510198638416|1020.03064
1510198638535|1020.052
1510198638617|1020.05536
1510198638737|1020.0669
1510198638818|1020.0612
1510198638936|1020.069
1510198639017|1020.0581
1510198639136|1020.06775
1510198639220|1020.05835
1510198639335|1020.0657
1510198639418|1020.07574
1510198639536|1020.0749
1510198639697|1020.046
1510198639815|1020.05054
1510198639897|1020.05597
1510198640016|1020.07104
1510198640097|1020.09235
1510198640217|1020.0984
1510198640298|1020.10394
1510198640416|1020.11084
1510198640537|1020.1063
1510198640697|1020.0901
1510198640817|1020.1438
1510198640898|1020.087
1510198641016|1020.0631
1510198641097|1020.0426
1510198641217|1020.0403
1510198641338|1020.06415
1510198641495|1020.05695
1510198641617|1020.0525
1510198641699|1020.05695
1510198641817|1020.0502
1510198641936|1020.06635
1510198642017|1020.048
1510198642136|1020.05054
1510198642217|1020.0663
1510198642299|1020.0791
1510198642417|1020.0543
1510198642536|1020.0585
1510198642699|1020.0575
1510198642817|1020.04803
1510198642898|1020.04694
1510198643016|1020.061
1510198643098|1020.054
1510198643218|1020.02374
1510198643337|1020.0449
1510198643496|1020.04346
1510198643616|1020.05994
1510198643738|1020.0586
1510198643898|1020.0595
1510198644016|1020.0712
1510198644136|1020.0679
1510198644296|1020.0576
1510198644417|1020.0715
1510198644538|1020.0427
1510198644696|1020.0625
1510198644816|1020.0596
1510198644897|1020.0564
1510198645016|1020.0948
1510198645137|1020.041
1510198645297|1020.03687
1510198645416|1020.06726
1510198645500|1020.0714
1510198645618|1020.0582
1510198645738|1020.05896
1510198645897|1020.06934
1510198646017|1020.0531
1510198646138|1020.0434
1510198646297|1020.055
1510198646417|1020.10156
1510198646538|1020.0599
1510198646698|1020.067
1510198646817|1020.0478
1510198646938|1020.062
1510198647099|1020.0633
1510198647217|1020.0589
1510198647300|1020.05426
1510198647418|1020.06213
1510198647540|1020.0639
1510198647699|1020.0603
1510198647816|1020.05664
1510198647897|1020.0724
1510198648017|1020.0471
1510198648100|1020.0429
1510198648217|1020.0565
1510198648338|1020.0585
1510198648419|1020.05164
1510198648538|1020.0593
1510198648620|1020.04785
1510198648739|1020.04846
1510198648897|1020.0676
1510198649019|1020.0664
1510198649138|1020.0484
1510198649219|1020.05096
1510198649337|1020.0547
1510198649419|1020.05133
1510198649542|1020.05896
1510198649697|1020.0763
1510198649825|1020.05817
1510198649958|1020.0573
1510198650100|1020.03644
1510198650226|1020.02856
1510198650338|1020.04407
1510198650425|1020.0526
1510198650542|1020.06824
1510198650698|1020.0405
1510198650820|1020.0522
1510198650938|1020.05536
1510198651019|1020.0487
1510198651139|1020.053
1510198651298|1020.0828
1510198651418|1020.0571
1510198651539|1020.04834
1510198651698|1020.0693
1510198651819|1020.05396
1510198651938|1020.06226
1510198652019|1020.06006
1510198652139|1020.0691
1510198652220|1020.0693
1510198652343|1020.06213
1510198652498|1020.0863
1510198652619|1020.1431
1510198652738|1020.0576
1510198652900|1019.9774
1510198653019|1020.0475
1510198653100|1020.1572
1510198653218|1020.2582
1510198653301|1020.18353
1510198653419|1019.96686
1510198653500|1019.9466
1510198653620|1020.0049
1510198653739|1020.0473
1510198653900|1020.09265
1510198654020|1019.9861
1510198654140|1020.0329
1510198654222|1019.9987
1510198654340|1019.9939
1510198654500|1020.00385
1510198654621|1020.0466
1510198654739|1020.0259
1510198654899|1020.01416
1510198655021|1020.02075
1510198655141|1020.03827
1510198655300|1020.0554
1510198655420|1020.05835
1510198655540|1020.051
1510198655622|1020.051
1510198655740|1020.0849
1510198655821|1020.0457
1510198655940|1020.0327
1510198656099|1020.04785
1510198656219|1020.04724
1510198656339|1020.0371
1510198656422|1020.0719
1510198656541|1020.0435
1510198656699|1020.03613
1510198656819|1020.05505
1510198656940|1020.05457
1510198657104|1020.0094
1510198657220|1020.0152
1510198657340|1020.0428
1510198657422|1020.0426
1510198657506|1020.04126
1510198657619|1020.0547
1510198657700|1020.0519
1510198657821|1020.04553
1510198657943|1020.04456
1510198658101|1020.1
1510198658220|1020.06744
1510198658341|1020.0311
1510198658500|1020.04065
1510198658619|1020.0391
1510198658702|1020.0301
1510198658821|1020.0412
1510198658940|1020.043
1510198659101|1020.0453
1510198659220|1020.02905
1510198659339|1020.04156
1510198659421|1020.0569
1510198659540|1020.0974
1510198659701|1020.11
1510198659820|1020.0616
1510198659941|1020.0314
1510198660022|1020.01654
1510198660140|1019.9939
1510198660221|1020.0576
1510198660339|1020.0294
1510198660422|1020.0149
1510198660541|1020.01794
1510198660699|1019.9578
1510198660820|1019.99664
1510198660943|1020.0137
1510198661100|1020.0453
1510198661221|1020.038
1510198661340|1020.04553
1510198661501|1020.0678
1510198661620|1020.0493
1510198661740|1020.0532
1510198661900|1020.0758
1510198662020|1020.07544
1510198662101|1020.1066
1510198662221|1020.10114
1510198662342|1020.09546
1510198662504|1020.06476
1510198662620|1020.0488
1510198662701|1020.04425
1510198662822|1020.0791
1510198662903|1020.06866
1510198663020|1020.0561
1510198663101|1020.03754
1510198663219|1020.06775
1510198663300|1020.03284
1510198663422|1020.0073
1510198663541|1019.99493
1510198663622|1019.9926
1510198663717|1020.0089
1510198663822|1020.04517
1510198663905|1020.0581
1510198664022|1020.0404
1510198664103|1020.0371
1510198664220|1020.04736
1510198664301|1020.0619
1510198664422|1020.0509
1510198664506|1020.0587
1510198664621|1020.04694
1510198664743|1020.06104
1510198664902|1020.0737
1510198665022|1020.05896
1510198665143|1020.0652
1510198665301|1020.0441
1510198665421|1020.13995
1510198665506|1020.1655
1510198665621|1020.0825
1510198665703|1020.05786
1510198665821|1020.0409
1510198665903|1020.03735
1510198666021|1020.0491
1510198666142|1020.02734
1510198666310|1020.0275
1510198666422|1020.0198
1510198666542|1020.0645
1510198666701|1020.0683
1510198666822|1020.1084
1510198666943|1020.0451
1510198667102|1020.03235
1510198667221|1020.05725
1510198667342|1020.08246
1510198667502|1020.05585
1510198667621|1019.99786
1510198667707|1019.9991
1510198667823|1020.0123
1510198667908|1020.0149
1510198668024|1020.02997
1510198668143|1020.01245
1510198668225|1020.01306
1510198668342|1020.0521
1510198668503|1020.01996
1510198668621|1020.0416
1510198668704|1020.06445
1510198668822|1020.12976
1510198668904|1020.11316
1510198669024|1020.193
1510198669142|1020.17365
1510198669302|1020.0598
1510198669423|1020.047
1510198669541|1020.0436
1510198669622|1020.02576
1510198669743|1020.04584
1510198669902|1020.0525
1510198670029|1020.05505
1510198670143|1020.1008
1510198670224|1020.02356
1510198670345|1020.02704
1510198670503|1020.1017
1510198670623|1019.9839
1510198670742|1019.9738
1510198670823|1019.98914
1510198670942|1020.01654
1510198671024|1020.0478
1510198671142|1020.0769
1510198671227|1020.0763
1510198671343|1020.0327
1510198671502|1020.0269
1510198671622|1020.04114
1510198671703|1020.04407
1510198671826|1020.05066
1510198671944|1020.0729
