1510198679777|-0.4685346|0.64978504|-1.1980658
1510198679890|0.4380051|-0.44078636|0.3547516
1510198680009|0.09022564|-0.12579918|-0.9058075
1510198680120|0.010177374|-0.03816986|0.40696383
1510198680236|-1.7447244|0.6591258|-1.0394106
1510198680350|0.09915395|-0.06266785|-0.28348494
1510198680465|0.59291303|0.19923306|-0.15406656
1510198680580|-0.24171855|-0.027714252|0.027047634
1510198680694|-0.3722771|-0.57715034|0.501667
1510198680810|-0.17129523|-0.19978523|0.34367704
1510198680925|-0.41876587|-0.32851553|0.5227175
1510198681040|0.2799812|0.5596967|-0.58392286
1510198681156|0.025213227|0.29573917|-0.3570423
1510198681270|0.27419272|-0.38328028|0.10784483
1510198681386|0.6241559|-0.25551987|-0.32307243
1510198681500|-0.20236185|-0.18867922|-1.8371048
1510198681615|0.6788674|-0.6384287|0.79063034
1510198681733|0.37746084|0.39633512|-0.7871046
1510198681850|-0.45450395|0.08689022|0.15916872
1510198681960|0.58666325|-0.762836|0.058107853
1510198682075|0.5006383|0.30877876|0.23251295
1510198682191|0.54100335|-0.61621904|0.19491673
1510198682306|-0.2681666|0.30180216|0.41128445
1510198682420|-0.1333102|0.118211746|0.48591518
1510198682536|-0.5704671|-0.26646757|-0.13868332
1510198682650|-0.018098325|0.33830214|0.04904747
1510198682766|-0.48210388|-0.82093525|0.7530942
1510198682879|0.12786347|0.07723713|-0.09835434
1510198682998|0.21803325|0.1636982|0.89617395
1510198683110|-0.21616781|0.09534979|0.073559284
1510198683226|-0.22606897|-0.08828163|0.26193523
1510198683341|0.1393429|0.25155354|0.06585407
1510198683455|0.82609344|-0.041552544|-0.87807083
1510198683571|-0.24047539|-0.26326466|0.36519146
1510198683688|-0.45567185|-0.010079384|0.95202446
1510198683800|0.53547585|0.011274338|-0.90950394
1510198683915|0.6630535|0.11682606|-0.7741718
1510198684031|0.047138326|0.25034857|0.17520428
1510198684145|-0.77265114|-0.67737865|1.6119289
1510198684262|-1.3829705|-0.9285722|-0.5042753
1510198684377|0.27610052|0.59793377|0.3344059
1510198684492|0.08908987|-0.32743073|-0.71868134
1510198684608|0.09887004|0.79735136|-0.45479202
1510198684723|-0.09269631|1.0178142|-0.35986805
1510198684836|0.06678784|0.15381074|0.45082474
1510198684954|0.72760355|-2.2743196|0.88193893
1510198685072|1.2475994|-2.0341077|-0.27075386
1510198685183|-0.6839211|0.7949891|0.43880844
1510198685296|-1.0531723|1.8088007|0.35169888
1510198685412|-0.41003948|-0.14301205|-0.33456993
1510198685527|-0.07193944|0.018918514|0.14441013
1510198685640|0.16991869|-0.70728207|-0.1088047
1510198685756|0.10102978|0.2866602|-0.19351482
1510198685871|-0.32761163|0.06537104|0.7266016
1510198685986|0.1969313|0.63558865|-0.8882055
1510198686101|-0.4542935|0.932096|0.4458952
1510198686218|0.21738541|-0.44694614|-0.35400677
1510198686332|1.0243156|-1.4372649|-0.34505177
1510198686446|0.07540941|0.19206882|0.13790703
1510198686562|-0.4368207|0.5914035|-0.17066765
1510198686676|0.31257236|-0.15081358|0.54312134
1510198686791|0.1559782|-0.49332666|0.13885689
1510198686907|1.0189004|-1.3932381|-0.10430431
1510198687021|-0.068461865|0.19903183|0.079063416
1510198687139|0.102331504|0.07765341|-0.12947083
1510198687252|-0.24260837|0.35921097|0.38244152
1510198687366|-0.44140923|0.62627506|-0.34750462
1510198687482|0.04845524|-0.22752905|0.24806881
1510198687600|0.2023648|-0.2811556|0.10727596
1510198687712|-0.28742152|0.54952383|-0.59452057
1510198687826|0.03550154|-0.11390352|0.57996845
1510198687944|0.03515041|-0.1048584|-0.04892063
1510198688056|-0.00929594|0.05647278|-0.16971016
1510198688173|0.010358274|-0.07535744|0.027535439
1510198688288|0.028787374|-0.06475735|-0.02986908
1510198688401|-0.022533298|0.012735367|0.35829067
1510198688516|-0.021317124|-0.008110523|0.036470413
1510198688631|-0.15228772|0.11444998|0.27982426
1510198688746|-0.071044505|-0.06544495|-0.1391077
1510198688862|0.17853987|-0.12467575|-0.24016571
1510198688976|-0.08496395|-0.099610806|0.40104675
1510198689091|0.18436858|0.07402277|-0.6335068
1510198689207|-0.25198227|0.22847891|0.485754
1510198689323|0.13017829|-0.060897827|0.14337826
1510198689436|0.21687555|0.089595795|-0.8179064
1510198689553|0.023643978|-0.15550089|0.82891273
1510198689668|-0.29378667|0.3393426|-0.94918823
1510198689782|-0.21167219|0.105175495|0.50010586
1510198689897|-0.37811542|0.32263565|0.062434196
1510198690012|0.19093058|0.006214142|-0.28044796
1510198690127|0.1638957|-0.16569853|0.007665634
1510198690246|0.23612261|-0.2503729|0.22205925
1510198690361|0.09376763|-0.34868002|0.5274334
1510198690473|-0.36967722|0.5093751|-1.250493
1510198690588|-0.17083111|0.26810312|0.70268536
1510198690704|0.27682513|-0.33601522|-0.19430256
1510198690818|0.06731582|0.10781956|-0.18967533
1510198690932|-0.11564124|0.045731068|0.36633205
1510198691048|0.053907573|-0.07110548|0.0057430267
1510198691166|-0.18615884|0.1741457|0.007136345
1510198691278|0.39005464|-0.36453342|-0.179245
1510198691393|-0.5703308|0.3814578|0.76970196
1510198691508|0.21553358|-0.48334932|-0.17777061
1510198691623|-0.02362606|0.0455451|-0.01689148
1510198691739|0.15955696|-0.26292086|0.5898752
1510198691853|-0.0478552|0.08170748|-0.31329536
1510198691968|-0.45712745|0.779356|0.38413906
1510198692102|0.114786565|-0.25073576|0.26521397
1510198692201|0.49565595|-0.6531186|-0.17078876
1510198692313|-0.23101223|0.3917861|-0.17828941
1510198692428|0.27927604|-0.09605837|0.100548744
1510198692542|0.056736827|-0.3015809|0.5441847
1510198692659|-0.009405911|0.14965296|-0.46804142
1510198692775|-0.0518139|0.03535366|0.217103
1510198692891|-0.14920178|0.2589097|-0.26151943
1510198693002|0.27688003|-0.36658287|0.106850624
1510198693117|0.09914319|-0.17585707|0.0906868
1510198693233|-0.117732644|0.3012495|-0.6065588
1510198693350|-0.08423057|-0.15894556|0.7045412
1510198693462|0.16353235|-0.049280167|-0.40498352
1510198693578|-0.049081475|0.123773575|0.06504536
1510198693692|0.023717001|-0.045662403|-0.0844574
1510198693808|-0.07646053|0.076370716|0.3020563
1510198693923|0.05991873|-0.022505283|-0.28274536
1510198694037|0.035723276|0.06263256|-0.105166435
1510198694153|0.0241809|-0.13055325|0.7409935
1510198694270|0.042814933|0.057046413|-0.44515514
1510198694383|0.15066966|-0.22221136|0.24416828
1510198694499|0.02838701|0.006910801|0.09398556
1510198694612|-0.08940637|0.3249035|-0.19952202
1510198694729|-0.048315585|0.03502798|0.2835703
1510198694844|0.044728965|-0.031943798|-0.11004162
1510198694958|0.09987429|0.009043217|0.0063228607
1510198695074|-0.22981387|0.12742758|0.5416498
1510198695188|0.09540579|-0.10892153|-0.17494869
1510198695304|-0.011950403|-0.05814743|0.010718346
1510198695419|-0.025142878|0.09884453|-0.12279129
1510198695534|0.04495588|-0.061519146|0.087423325
1510198695649|0.07599467|0.044439316|-0.43595695
1510198695765|-0.14991352|-0.00522089|0.22427464
1510198695879|0.023110777|-0.11693859|-0.4395895
1510198695993|-0.191529|-0.056482792|0.18841457
1510198696110|-0.0098362565|0.26132393|-0.24434662
1510198696223|-0.0161279|-0.15827703|0.4426012
1510198696338|0.17288922|-0.16650724|-0.15603638
1510198696455|-0.0855726|0.143929|0.0010938644
1510198696568|0.035457805|-0.2100501|0.27643013
1510198696684|-0.07490069|0.3404808|-0.6238909
1510198696799|0.06561571|-0.1316452|0.327466
1510198696914|0.09663384|-0.1323247|-0.033166885
1510198697029|0.06052512|-0.07967138|0.03571987
1510198697144|-0.35230812|0.28669548|0.71986103
1510198697259|0.04249057|-0.24297619|-0.11675358
1510198697374|-0.061584756|0.015491962|-0.25453663
1510198697490|-0.31527948|0.23959064|0.39881992
1510198697604|-0.031230569|-0.10091686|0.08164692
1510198697719|0.07863444|0.062633514|-0.012116432
1510198697833|-0.12363814|-0.007200718|0.39305592
1510198697950|0.14683402|-0.16879177|-0.2398014
1510198698065|-0.14057417|0.19234037|0.063435555
1510198698179|0.024468228|-0.25885868|0.23071861
1510198698293|0.0032256097|-0.04091549|-0.27536488
1510198698415|-0.115459934|0.17078018|0.21677876
1510198698524|0.030272022|-0.0057845116|-0.20559597
1510198698639|-0.07271648|0.11834097|0.2968073
1510198698754|-0.3099378|0.2966056|0.028232574
1510198698870|0.023967862|0.07913017|-0.30046177
1510198698985|0.28981012|-0.27629185|0.34251404
1510198699099|-0.111907125|0.10096645|-0.33108807
1510198699214|0.023658395|0.00417614|-0.019716263
1510198699330|0.017436385|-0.0053215027|0.06917
1510198699446|0.17577487|-0.059985638|-0.257205
1510198699559|0.009626925|-0.21396446|0.95331097
1510198699675|0.24378005|-0.07649422|-0.59065056
1510198699791|0.2407714|-0.25569344|0.27834702
1510198699905|-0.078832865|-0.0057024956|0.3240137
1510198700020|-0.17402363|0.29441833|-0.8710718
1510198700133|-0.060364693|-0.05693531|0.26725006
1510198700249|0.11583328|0.04160118|-0.21829796
1510198700366|-0.12155092|0.012434959|0.3163271
1510198700481|0.068277225|-0.14457273|-0.5298004
1510198700596|0.02097869|0.004533291|0.23462677
1510198700710|0.008087635|-0.06178999|-0.057926178
1510198700825|0.19955446|-0.2640953|-0.3847561
1510198700940|-0.3017909|0.19379759|0.4268055
1510198701056|0.32338032|-0.5220938|-0.13525867
1510198701170|-0.29068545|0.23181629|0.16736984
1510198701285|-0.124670245|0.20271349|0.10192108
1510198701400|0.13576937|-0.16933155|0.044564247
1510198701516|0.12651217|-0.22663116|-0.10771656
1510198701631|-0.1831261|0.30635405|-0.14680386
1510198701744|0.2211979|0.39836025|-1.5945473
1510198701859|-0.15622543|-0.028464317|1.3136206
1510198701976|-0.45324683|0.6422739|-0.56512547
1510198702089|0.13869208|-0.19136524|-0.23731804
1510198702205|-0.003640145|0.111171246|0.043733597
1510198702320|0.23650777|-0.26943326|0.019818306
1510198702439|0.28264308|-0.26605344|0.06452751
1510198702553|0.13103828|-0.046082973|-0.062986374
1510198702667|-0.17659941|0.13625479|0.5670624
1510198702782|0.31642202|-0.40498018|-0.08769131
1510198702898|-0.02599822|-0.026127338|0.24028206
1510198703010|0.13198297|0.033608913|-0.18639469
1510198703126|0.008508444|0.22001457|-0.22310162
1510198703239|0.0683938|-0.24899673|0.5860567
1510198703355|-0.08600378|0.41381264|-0.47290707
1510198703470|0.120307714|-0.3406148|0.49735928
1510198703587|0.0018563867|0.18302774|-0.54933167
1510198703701|0.07628605|-0.193892|0.36240387
1510198703816|-0.20926476|0.25035572|0.0672102
1510198703930|0.11655399|0.025101185|-0.34042358
1510198704046|0.08380914|-0.15474844|0.15383816
1510198704161|-0.02722001|0.11356115|-0.022240639
1510198704276|0.1448113|-0.05057144|-0.1997633
1510198704390|-0.018520415|-0.10816455|0.44263172
1510198704507|0.37552994|-0.6229539|-0.2882986
1510198704625|0.04346338|-0.14472914|0.033946037
1510198704736|-0.03310454|0.0011205673|0.20573997
1510198704851|-0.073739946|0.029859543|-0.29924202
1510198704966|0.034095407|0.11259365|-0.4453907
1510198705082|-0.15767545|0.40073538|-0.119184494
1510198705196|-0.27640826|0.17504072|0.11283779
1510198705311|0.33704615|-0.15190315|0.021496773
1510198705428|-0.45735437|0.25884104|0.02062893
1510198705542|0.18709925|-0.05604124|0.048908234
1510198705656|0.18329944|-0.456882|0.015164375
1510198705771|0.16801715|-0.16670132|-0.21774006
1510198705887|-0.06622084|0.18286371|0.33323097
1510198706001|-0.16309527|0.1862588|-0.042523384
1510198706117|0.07186048|-0.07837772|-0.18174171
1510198706231|0.10294387|-0.18793058|0.048190117
1510198706347|-0.032546967|0.040041447|-0.06807327
1510198706460|0.014976144|-0.037475586|0.03591633
1510198706577|0.2595201|-0.15254831|-0.4616413
