1509453173606|117
1509453173919|131
1509453174258|134
1509453174586|126
1509453174921|114
1509453175252|136
1509453175590|109
1509453175920|95
1509453176253|111
1509453176592|77
1509453176920|85
1509453177257|116
1509453177592|121
1509453177921|59
1509453178252|106
1509453178588|126
1509453178919|128
1509453179252|97
1509453179586|100
1509453179918|126
1509453180257|126
1509453180586|96
1509453180919|92
1509453181252|131
1509453181587|108
1509453181919|107
1509453182257|130
1509453182586|103
1509453182918|80
1509453183258|120
1509453183589|121
1509453183919|90
1509453184265|125
1509453184589|91
1509453184920|114
1509453185253|129
1509453185588|134
