1509548331817|9.059659|0.019153614|3.8786068
1509548331949|9.050082|0.038307227|3.8977604
1509548332081|9.069236|0.02873042|3.8977604
1509548332213|9.069236|0.02873042|3.8786068
1509548332347|9.069236|0.009576807|3.8786068
1509548332482|9.069236|0.038307227|3.8977604
1509548332609|9.069236|0.019153614|3.8881836
1509548332744|9.069236|0.038307227|3.8881836
1509548332874|9.069236|0.02873042|3.8881836
1509548333015|9.069236|0.02873042|3.8786068
1509548333137|9.059659|0.019153614|3.8881836
1509548333269|9.050082|0.019153614|3.8881836
1509548333401|9.050082|0.009576807|3.8881836
1509548333533|9.069236|0.02873042|3.8881836
1509548333665|9.069236|0.019153614|3.86903
1509548333797|9.069236|0.019153614|3.916914
1509548333929|9.078813|0.019153614|3.8594532
1509548334061|9.078813|0.019153614|3.8498764
1509548334194|9.078813|-0.009576807|3.8498764
1509548334329|9.069236|0.019153614|3.8786068
1509548334464|9.069236|0.009576807|3.86903
1509548334589|9.050082|0.02873042|3.86903
1509548334721|9.088389|0.0|3.8594532
1509548334854|9.088389|0.0|3.8594532
1509548334985|9.088389|-0.009576807|3.8402996
1509548335117|9.088389|-0.009576807|3.8402996
1509548335249|9.088389|0.0|3.8402996
1509548335383|9.088389|0.0|3.8594532
1509548335513|9.078813|0.019153614|3.86903
1509548335644|9.097966|0.019153614|3.86903
1509548335782|9.078813|0.019153614|3.86903
1509548335914|9.097966|0.019153614|3.8498764
1509548336042|9.078813|0.0|3.86903
1509548336184|9.097966|0.019153614|3.8402996
1509548336305|9.059659|0.0|3.86903
1509548336438|9.059659|0.038307227|3.8977604
1509548336569|9.078813|0.0|3.86903
1509548336703|9.078813|0.02873042|3.8881836
1509548336833|9.069236|0.0|3.86903
1509548336965|9.088389|0.02873042|3.86903
1509548337097|9.088389|-0.009576807|3.8498764
1509548337230|9.078813|0.009576807|3.8498764
1509548337364|9.078813|0.009576807|3.8498764
1509548337493|9.097966|0.009576807|3.8498764
1509548337632|9.097966|0.009576807|3.8498764
1509548337763|9.097966|0.009576807|3.8402996
1509548337898|9.097966|0.0|3.8498764
1509548338023|9.097966|0.019153614|3.86903
1509548338154|9.097966|0.009576807|3.86903
1509548338286|9.078813|0.009576807|3.8594532
1509548338417|9.097966|0.0|3.8594532
1509548338549|9.078813|-0.009576807|3.8594532
1509548338681|9.097966|0.009576807|3.8498764
1509548338813|9.069236|0.02873042|3.86903
1509548338945|9.059659|0.019153614|3.86903
1509548339081|9.088389|0.019153614|3.8498764
1509548339209|9.078813|0.009576807|3.86903
1509548339344|9.078813|0.009576807|3.8594532
1509548339475|9.078813|0.0|3.8594532
1509548339606|9.097966|0.019153614|3.8594532
1509548339737|9.097966|0.009576807|3.8498764
1509548339869|9.078813|0.009576807|3.8498764
1509548340001|9.078813|0.009576807|3.8498764
1509548340133|9.097966|0.009576807|3.8498764
1509548340265|9.088389|0.009576807|3.8498764
1509548340397|9.088389|0.009576807|3.8594532
1509548340529|9.088389|0.009576807|3.8594532
1509548340661|9.088389|0.009576807|3.8498764
1509548340797|9.088389|0.009576807|3.8498764
1509548340934|9.078813|0.0|3.86903
1509548341064|9.097966|0.0|3.8402996
1509548341189|9.097966|0.0|3.8402996
1509548341321|9.097966|-0.009576807|3.8307228
1509548341453|9.078813|0.009576807|3.8498764
1509548341586|9.097966|0.0|3.86903
1509548341717|9.088389|0.0|3.8594532
1509548341849|9.088389|0.0|3.8402996
1509548341981|9.088389|0.019153614|3.8594532
1509548342113|9.088389|0.0|3.8594532
1509548342254|9.088389|0.0|3.8594532
1509548342377|9.088389|0.0|3.8498764
1509548342510|9.088389|0.0|3.8498764
1509548342644|9.107543|0.0|3.8498764
1509548342781|9.088389|0.019153614|3.8498764
1509548342905|9.078813|0.009576807|3.8498764
1509548343037|9.097966|0.009576807|3.86903
1509548343169|9.097966|0.0|3.8498764
1509548343301|9.088389|0.019153614|3.86903
1509548343433|9.088389|0.0|3.8307228
1509548343565|9.088389|0.019153614|3.8594532
1509548343697|9.088389|0.0|3.8498764
1509548343829|9.088389|0.0|3.8498764
1509548343961|9.078813|0.0|3.86903
1509548344098|9.097966|0.0|3.8307228
1509548344228|9.078813|0.0|3.8498764
1509548344360|9.097966|0.019153614|3.86903
1509548344491|9.078813|0.009576807|3.8594532
1509548344622|9.078813|0.009576807|3.8594532
1509548344753|9.059659|0.02873042|3.8881836
1509548344885|9.059659|0.019153614|3.8881836
1509548345022|9.059659|0.019153614|3.8881836
1509548345149|9.078813|0.0|3.8594532
1509548345281|9.078813|0.019153614|3.8786068
1509548345414|9.078813|0.019153614|3.8594532
1509548345550|9.078813|0.009576807|3.8977604
1509548345682|9.097966|0.0|3.8594532
1509548345813|9.078813|0.019153614|3.8786068
1509548345948|9.078813|0.0|3.8498764
1509548346074|9.078813|-0.009576807|3.86903
1509548346206|9.069236|0.019153614|3.8594532
1509548346337|9.059659|0.019153614|3.8881836
1509548346469|9.078813|0.009576807|3.8594532
1509548346601|9.078813|0.0|3.8786068
1509548346733|9.097966|0.0|3.8498764
1509548346865|9.078813|0.0|3.86903
1509548346998|9.097966|0.0|3.8402996
1509548347129|9.078813|-0.009576807|3.8594532
1509548347264|9.078813|0.0|3.8402996
1509548347397|9.069236|-0.009576807|3.8498764
1509548347533|9.088389|-0.009576807|3.8498764
1509548347658|9.088389|0.0|3.86903
1509548347793|9.088389|0.0|3.8498764
1509548347921|9.078813|0.0|3.86903
1509548348053|9.078813|0.019153614|3.8594532
1509548348186|9.078813|0.0|3.8594532
1509548348317|9.097966|0.0|3.8402996
1509548348449|9.088389|0.0|3.8594532
1509548348583|9.088389|0.0|3.8402996
1509548348713|9.088389|0.0|3.8498764
1509548348848|9.088389|0.019153614|3.8498764
1509548348977|9.088389|0.009576807|3.86903
1509548349114|9.088389|0.009576807|3.8594532
1509548349241|9.078813|0.009576807|3.8594532
1509548349378|9.097966|0.009576807|3.8594532
1509548349505|9.097966|0.009576807|3.8402996
1509548349639|9.097966|0.009576807|3.8594532
1509548349769|9.097966|0.009576807|3.8402996
1509548349902|9.097966|0.009576807|3.8402996
1509548350033|9.097966|0.0|3.8594532
1509548350169|9.088389|0.009576807|3.8594532
1509548350297|9.088389|0.009576807|3.8594532
1509548350433|9.088389|0.009576807|3.8498764
1509548350563|9.088389|0.009576807|3.86903
1509548350693|9.107543|0.009576807|3.8498764
1509548350832|9.088389|0.009576807|3.8498764
1509548350963|9.088389|0.009576807|3.8498764
1509548351093|9.107543|0.0|3.8498764
1509548351221|9.088389|0.0|3.8498764
1509548351353|9.088389|0.009576807|3.8498764
1509548351486|9.107543|0.0|3.8498764
1509548351617|9.097966|0.009576807|3.8498764
1509548351751|9.097966|0.009576807|3.8498764
1509548351881|9.088389|0.009576807|3.8498764
1509548352013|9.088389|0.009576807|3.8498764
1509548352145|9.088389|0.02873042|3.8786068
1509548352282|9.088389|0.009576807|3.8498764
1509548352410|9.069236|0.02873042|3.8786068
1509548352541|9.050082|0.019153614|3.8977604
1509548352680|9.069236|0.019153614|3.8881836
1509548352805|9.069236|0.019153614|3.86903
1509548352938|9.088389|0.009576807|3.8594532
1509548353069|9.088389|0.009576807|3.8498764
1509548353201|9.088389|0.009576807|3.8498764
1509548353333|9.088389|0.0|3.8498764
1509548353465|9.088389|0.019153614|3.86903
1509548353596|9.069236|0.019153614|3.8881836
1509548353731|9.069236|0.019153614|3.8881836
1509548353861|9.069236|0.019153614|3.8881836
1509548353993|9.069236|0.019153614|3.8786068
1509548354126|9.088389|0.019153614|3.86903
1509548354260|9.088389|0.009576807|3.8594532
1509548354389|9.088389|0.0|3.8498764
1509548354521|9.088389|0.0|3.86903
1509548354653|9.088389|0.0|3.8594532
1509548354786|9.088389|0.0|3.8594532
1509548354918|9.088389|0.019153614|3.86903
1509548355049|9.088389|0.009576807|3.86903
1509548355181|9.088389|0.009576807|3.8594532
1509548355313|9.078813|0.0|3.8498764
1509548355445|9.078813|0.019153614|3.86903
1509548355581|9.097966|0.0|3.8594532
1509548355712|9.097966|0.0|3.8594532
1509548355842|9.097966|-0.009576807|3.8498764
1509548355987|9.097966|0.009576807|3.8498764
1509548356105|9.088389|0.009576807|3.8498764
1509548356237|9.088389|0.009576807|3.8498764
1509548356372|9.078813|-0.009576807|3.86903
1509548356501|9.097966|0.019153614|3.86903
1509548356633|9.088389|0.009576807|3.86903
1509548356765|9.088389|0.009576807|3.8594532
1509548356897|9.088389|0.0|3.8402996
1509548357029|9.088389|0.0|3.8498764
1509548357161|9.078813|0.0|3.86903
1509548357299|9.078813|0.0|3.8498764
1509548357430|9.059659|0.019153614|3.8881836
1509548357564|9.078813|0.009576807|3.86903
1509548357690|9.078813|0.009576807|3.86903
1509548357821|9.069236|0.009576807|3.86903
1509548357953|9.069236|0.009576807|3.8977604
1509548358085|9.069236|0.009576807|3.8786068
1509548358218|9.088389|0.0|3.8594532
1509548358349|9.088389|0.009576807|3.8402996
1509548358481|9.088389|0.009576807|3.8402996
1509548358613|9.088389|0.0|3.8498764
1509548358745|9.088389|0.019153614|3.8498764
1509548358877|9.088389|0.009576807|3.8498764
1509548359014|9.088389|0.009576807|3.8307228
1509548359148|9.088389|0.009576807|3.8594532
1509548359279|9.078813|0.009576807|3.8594532
1509548359405|9.097966|0.009576807|3.8594532
1509548359537|9.097966|0.009576807|3.8498764
1509548359669|9.078813|0.009576807|3.86903
1509548359801|9.078813|0.009576807|3.8594532
1509548359933|9.078813|0.009576807|3.86903
1509548360065|9.097966|0.0|3.8402996
1509548360202|9.078813|0.0|3.86903
1509548360332|9.097966|0.0|3.8498764
1509548360461|9.097966|0.0|3.86903
1509548360631|9.097966|0.0|3.8402996
1509548360725|9.088389|-0.009576807|3.8594532
1509548360866|9.088389|0.0|3.8498764
1509548360990|9.088389|0.0|3.86903
1509548361122|9.088389|0.0|3.8498764
1509548361253|9.088389|-0.009576807|3.8498764
1509548361385|9.107543|0.0|3.8402996
1509548361517|9.078813|0.019153614|3.8786068
1509548361649|9.078813|0.009576807|3.8786068
1509548361782|9.050082|0.009576807|3.8786068
1509548361913|9.069236|0.009576807|3.8786068
1509548362046|9.069236|0.0|3.86903
1509548362183|9.088389|0.0|3.8594532
1509548362314|9.088389|0.019153614|3.8786068
1509548362444|9.088389|0.009576807|3.8594532
1509548362583|9.088389|0.009576807|3.8594532
1509548362707|9.088389|0.0|3.8498764
1509548362838|9.088389|0.019153614|3.8498764
1509548362969|9.088389|0.009576807|3.8594532
1509548363102|9.107543|0.009576807|3.8402996
1509548363233|9.097966|0.0|3.8402996
1509548363367|9.097966|0.0|3.8402996
1509548363497|9.097966|0.0|3.8402996
1509548363629|9.097966|0.0|3.8402996
1509548363765|9.097966|-0.009576807|3.8402996
1509548363893|9.088389|0.009576807|3.8594532
1509548364026|9.088389|0.019153614|3.8594532
1509548364165|9.088389|0.0|3.8402996
1509548364289|9.088389|0.009576807|3.8594532
1509548364421|9.107543|0.0|3.8402996
1509548364553|9.078813|0.009576807|3.8594532
1509548364685|9.097966|0.009576807|3.8594532
1509548364817|9.097966|0.009576807|3.8402996
1509548364949|9.088389|0.009576807|3.8402996
1509548365082|9.088389|0.009576807|3.8594532
1509548365215|9.088389|0.009576807|3.8594532
1509548365345|9.078813|0.009576807|3.8594532
1509548365483|9.097966|0.009576807|3.8594532
1509548365611|9.078813|0.009576807|3.86903
1509548365743|9.097966|-0.009576807|3.8402996
1509548365876|9.088389|0.0|3.8498764
1509548366005|9.088389|0.0|3.8402996
1509548366137|9.088389|0.0|3.8594532
1509548366269|9.088389|-0.009576807|3.8402996
1509548366402|9.088389|0.009576807|3.8594532
1509548366533|9.088389|0.02873042|3.8594532
1509548366665|9.088389|0.009576807|3.8498764
1509548366797|9.088389|0.009576807|3.86903
1509548366933|9.069236|0.009576807|3.86903
1509548367061|9.088389|0.019153614|3.86903
1509548367201|9.088389|0.0|3.8594532
1509548367325|9.088389|0.009576807|3.8498764
1509548367464|9.088389|0.0|3.8498764
1509548367590|9.107543|0.0|3.8498764
1509548367721|9.097966|-0.009576807|3.8307228
1509548367853|9.088389|0.009576807|3.8498764
1509548367985|9.088389|0.0|3.8498764
1509548368117|9.088389|-0.009576807|3.8402996
1509548368249|9.107543|0.009576807|3.8402996
1509548368381|9.107543|-0.009576807|3.8402996
1509548368513|9.088389|0.009576807|3.8594532
1509548368645|9.088389|-0.009576807|3.8402996
1509548368782|9.107543|0.009576807|3.8402996
1509548368909|9.107543|0.009576807|3.8594532
1509548369043|9.097966|0.009576807|3.8402996
1509548369183|9.097966|0.009576807|3.8594532
1509548369307|9.078813|0.009576807|3.8498764
1509548369437|9.097966|0.009576807|3.8402996
1509548369569|9.097966|0.0|3.8594532
1509548369702|9.097966|-0.009576807|3.8402996
1509548369833|9.097966|0.019153614|3.8594532
1509548369965|9.078813|0.009576807|3.8594532
1509548370097|9.097966|0.009576807|3.8498764
1509548370229|9.097966|0.0|3.8498764
1509548370361|9.097966|0.0|3.86903
1509548370493|9.097966|0.019153614|3.8498764
1509548370629|9.088389|0.0|3.8594532
1509548370763|9.078813|0.019153614|3.8498764
1509548370890|9.069236|0.0|3.86903
1509548371021|9.069236|0.009576807|3.86903
1509548371154|9.059659|0.009576807|3.8881836
1509548371286|9.078813|0.009576807|3.86903
1509548371418|9.078813|0.009576807|3.86903
1509548371549|9.069236|0.009576807|3.86903
1509548371681|9.069236|0.02873042|3.8881836
1509548371813|9.069236|0.02873042|3.8786068
1509548371945|9.069236|0.02873042|3.86903
1509548372082|9.059659|0.02873042|3.8881836
1509548372219|9.078813|0.019153614|3.8786068
1509548372342|9.078813|0.009576807|3.8594532
1509548372482|9.088389|0.0|3.8402996
1509548372607|9.088389|0.0|3.8594532
1509548372737|9.107543|-0.009576807|3.8402996
1509548372869|9.088389|-0.009576807|3.86903
1509548373001|9.107543|-0.009576807|3.8402996
1509548373133|9.097966|-0.009576807|3.8594532
1509548373266|9.088389|-0.019153614|3.8307228
1509548373397|9.088389|0.0|3.8307228
1509548373529|9.088389|0.019153614|3.86903
1509548373661|9.107543|0.009576807|3.8498764
1509548373793|9.059659|0.019153614|3.86903
1509548373933|9.059659|0.019153614|3.8881836
1509548374059|9.050082|0.019153614|3.8881836
1509548374189|9.088389|0.0|3.8402996
1509548374321|9.088389|-0.009576807|3.8594532
1509548374453|9.107543|-0.009576807|3.8307228
1509548374585|9.097966|0.019153614|3.8594532
1509548374717|9.097966|0.0|3.8594532
1509548374849|9.097966|0.009576807|3.8402996
1509548374981|9.097966|0.009576807|3.86903
1509548375113|9.088389|0.009576807|3.8498764
1509548375248|9.088389|0.009576807|3.8498764
1509548375381|9.088389|0.0|3.8498764
1509548375511|9.088389|-0.009576807|3.8402996
1509548375643|9.107543|-0.009576807|3.8307228
1509548375774|9.107543|-0.019153614|3.8402996
1509548375906|9.097966|0.009576807|3.8402996
1509548376038|9.097966|0.0|3.8594532
1509548376169|9.088389|0.0|3.8402996
1509548376301|9.088389|0.0|3.8594532
1509548376433|9.107543|0.0|3.8307228
1509548376565|9.078813|-0.009576807|3.8498764
1509548376699|9.097966|0.019153614|3.86903
1509548376832|9.069236|0.009576807|3.86903
1509548376961|9.069236|0.02873042|3.8977604
1509548377096|9.069236|0.019153614|3.8786068
1509548377232|9.069236|0.019153614|3.8786068
1509548377365|9.059659|0.019153614|3.8786068
1509548377489|9.078813|0.019153614|3.8498764
1509548377622|9.078813|0.009576807|3.8498764
1509548377753|9.097966|0.009576807|3.86903
1509548377885|9.097966|0.0|3.8498764
1509548378017|9.097966|0.009576807|3.86903
1509548378149|9.088389|0.0|3.8402996
1509548378282|9.078813|0.009576807|3.86903
1509548378413|9.097966|-0.009576807|3.8402996
1509548378550|9.097966|0.009576807|3.8594532
1509548378682|9.097966|-0.009576807|3.8307228
1509548378813|9.088389|-0.009576807|3.8594532
1509548378949|9.088389|-0.009576807|3.8307228
1509548379076|9.088389|-0.009576807|3.8498764
1509548379205|9.088389|0.019153614|3.86903
1509548379338|9.069236|0.009576807|3.86903
1509548379469|9.078813|0.02873042|3.8594532
1509548379602|9.097966|0.0|3.8402996
1509548379734|9.097966|0.009576807|3.8594532
1509548379866|9.097966|0.0|3.8402996
1509548379997|9.097966|0.009576807|3.8594532
1509548380129|9.097966|0.0|3.8402996
1509548380261|9.097966|0.0|3.8402996
1509548380399|9.097966|-0.019153614|3.8307228
1509548380525|9.097966|-0.009576807|3.8307228
1509548380657|9.088389|-0.009576807|3.8307228
1509548380789|9.088389|0.009576807|3.8594532
1509548380921|9.088389|0.009576807|3.8594532
1509548381053|9.059659|0.02873042|3.8786068
1509548381185|9.059659|0.02873042|3.8786068
1509548381317|9.078813|0.0|3.8498764
1509548381449|9.107543|0.0|3.8402996
