1510199324640|44
1510199324784|41
1510199324938|35
1510199325083|30
1510199325229|31
1510199325375|34
1510199325513|33
1510199325668|21
1510199325823|30
1510199325963|34
1510199326107|31
1510199326263|24
1510199326416|21
1510199326563|19
1510199326720|17
1510199326874|17
1510199327010|17
1510199327165|16
1510199327315|16
1510199327470|16
1510199327623|16
1510199327762|16
1510199327913|15
1510199328068|16
1510199328217|16
1510199328364|17
1510199328523|16
1510199328658|17
1510199328802|19
1510199328883|20
1510199329041|17
1510199329195|22
1510199329341|23
1510199329424|22
1510199329583|24
1510199329724|30
1510199329868|43
1510199330022|39
1510199330164|21
1510199330251|22
1510199330385|21
1510199330520|20
1510199330661|20
1510199330743|20
1510199330890|22
1510199331032|23
1510199331189|23
1510199331341|27
1510199331492|27
1510199331629|29
1510199331782|29
1510199331931|29
1510199332089|28
1510199332242|28
1510199332390|28
1510199332530|32
1510199332675|42
1510199332817|34
1510199332965|29
1510199333123|29
1510199333278|28
1510199333433|29
1510199333585|29
1510199333727|29
1510199333872|29
1510199334027|29
1510199334180|29
1510199334323|29
1510199334405|29
1510199334564|29
1510199334717|29
1510199334870|28
1510199335023|13
1510199335178|12
1510199335315|15
1510199335463|22
1510199335617|28
1510199335765|28
1510199335923|28
1510199336081|28
1510199336230|29
1510199336386|29
1510199336530|29
1510199336676|28
1510199336806|28
1510199336953|28
1510199337038|28
1510199337189|28
1510199337339|29
1510199337421|28
1510199337564|28
1510199337709|28
1510199337851|28
1510199337994|28
1510199338141|28
1510199338277|28
1510199338359|29
1510199338513|29
1510199338665|29
1510199338819|28
1510199338963|27
1510199339106|28
1510199339245|28
1510199339385|29
1510199339471|29
1510199339605|29
1510199339757|29
1510199339912|29
1510199340065|28
1510199340205|28
1510199340353|28
1510199340497|28
1510199340640|29
1510199340775|29
1510199340920|29
1510199341062|30
1510199341205|30
1510199341343|30
1510199341426|30
1510199341580|30
1510199341725|30
1510199341807|30
1510199341967|29
1510199342118|29
1510199342270|29
1510199342405|29
1510199342557|29
1510199342710|29
1510199342864|29
1510199343018|29
1510199343165|29
1510199343306|28
1510199343457|28
1510199343594|29
1510199343744|28
1510199343880|28
1510199344033|28
1510199344190|28
1510199344337|28
1510199344476|28
1510199344620|28
1510199344706|28
1510199344845|28
1510199344989|29
1510199345070|29
1510199345207|29
1510199345358|29
1510199345510|29
1510199345664|29
1510199345807|29
1510199345943|29
1510199346029|29
1510199346181|29
1510199346327|29
1510199346468|29
1510199346607|29
1510199346755|29
1510199346909|29
1510199347053|29
1510199347199|29
1510199347332|29
1510199347476|29
1510199347563|30
1510199347717|30
1510199347869|30
1510199348022|30
1510199348168|29
1510199348312|29
1510199348463|29
1510199348606|30
1510199348745|30
1510199348827|29
1510199348981|29
1510199349115|29
1510199349269|29
1510199349407|29
1510199349555|29
1510199349710|29
1510199349855|29
1510199349997|29
1510199350137|29
1510199350278|29
1510199350360|29
1510199350515|29
1510199350667|29
1510199350802|29
1510199350956|29
1510199351109|29
1510199351247|28
1510199351389|28
1510199351473|28
1510199351626|28
1510199351780|28
1510199351917|28
1510199352069|28
1510199352207|29
1510199352355|29
1510199352520|29
1510199352634|29
1510199352791|29
1510199352922|29
1510199353007|29
1510199353161|29
1510199353312|29
1510199353467|29
1510199353610|28
1510199353754|28
1510199353910|29
1510199354048|29
1510199354191|29
1510199354349|28
1510199354503|29
1510199354649|29
1510199354789|29
1510199354944|29
1510199355090|30
1510199355249|30
1510199355403|30
1510199355557|30
1510199355709|30
1510199355844|30
1510199355988|30
1510199356074|29
1510199356228|30
1510199356381|30
1510199356516|30
1510199356670|30
1510199356822|29
1510199356957|29
1510199357110|30
1510199357265|29
1510199357350|29
1510199357470|29
1510199357553|29
1510199357705|29
1510199357849|29
1510199357998|29
1510199358145|29
1510199358290|29
1510199358434|29
1510199358580|29
1510199358722|29
1510199358875|29
1510199359029|29
1510199359181|29
1510199359321|29
1510199359467|29
1510199359625|29
1510199359769|29
1510199359851|29
1510199360005|29
1510199360171|29
1510199360313|29
1510199360465|29
1510199360609|29
1510199360691|29
1510199360773|29
1510199360926|29
1510199361079|29
1510199361223|29
1510199361366|29
1510199361519|29
1510199361673|29
1510199361826|30
1510199361969|29
1510199362114|29
1510199362269|29
1510199362421|30
1510199362571|29
1510199362727|29
1510199362881|29
1510199363035|29
1510199363178|30
1510199363322|30
1510199363475|30
1510199363629|29
1510199363782|29
1510199363920|29
1510199364070|30
1510199364222|30
1510199364356|31
1510199364501|31
1510199364644|31
1510199364779|31
1510199364925|31
1510199365009|30
1510199365162|30
1510199365315|30
1510199365469|30
1510199365623|30
1510199365769|30
1510199365850|30
1510199366008|30
1510199366161|30
1510199366300|30
1510199366447|29
1510199366600|30
1510199366753|30
1510199366907|29
1510199367050|29
1510199367195|29
1510199367348|29
1510199367501|29
1510199367651|29
1510199367811|29
1510199367962|29
1510199368118|29
1510199368268|29
1510199368413|29
1510199368494|29
1510199368626|29
1510199368709|29
1510199368851|29
1510199368995|29
1510199369161|29
1510199369305|29
1510199369451|29
1510199369590|30
1510199369734|30
1510199369879|30
1510199370030|30
1510199370187|30
1510199370331|30
1510199370412|30
1510199370551|29
1510199370705|29
1510199370846|29
1510199370992|29
1510199371144|29
1510199371280|29
1510199371427|29
1510199371509|29
1510199371652|30
1510199371796|30
1510199371949|30
1510199372103|30
1510199372253|30
1510199372409|30
1510199372563|30
1510199372697|30
1510199372850|29
1510199373004|29
1510199373157|29
1510199373293|30
1510199373436|30
1510199373522|30
1510199373676|30
1510199373829|30
1510199373973|30
1510199374116|30
1510199374269|30
1510199374412|30
1510199374557|30
1510199374709|30
1510199374845|30
1510199374942|30
1510199375079|29
1510199375234|29
1510199375325|30
1510199375468|30
1510199375592|30
1510199375696|30
1510199375779|30
1510199375886|30
1510199376064|30
1510199376187|29
1510199376333|30
1510199376473|30
1510199376628|29
1510199376710|28
1510199376854|27
1510199377011|27
1510199377166|27
1510199377323|27
1510199377471|27
1510199377555|27
1510199377695|28
1510199377854|28
1510199378009|29
1510199378160|31
1510199378295|31
1510199378448|34
1510199378603|34
1510199378755|33
1510199378908|33
1510199379055|32
1510199379196|32
1510199379352|31
1510199379496|31
1510199379629|31
1510199379773|31
1510199379934|30
1510199380082|31
1510199380228|30
1510199380310|30
1510199380455|30
1510199380597|30
1510199380752|30
1510199380895|30
1510199381050|30
1510199381208|30
1510199381365|31
1510199381519|33
1510199381670|32
1510199381805|32
1510199381949|32
1510199382107|33
1510199382255|33
1510199382398|33
1510199382552|32
1510199382707|33
1510199382848|32
1510199382993|33
1510199383148|32
1510199383296|32
1510199383460|32
1510199383605|33
1510199383775|33
1510199383896|33
1510199384048|31
1510199384201|30
1510199384356|29
1510199384508|29
1510199384645|28
1510199384795|28
1510199384949|28
1510199385084|28
1510199385227|27
1510199385377|27
1510199385523|29
1510199385678|27
1510199385831|13
1510199385964|13
1510199386120|27
1510199386273|36
1510199386414|37
1510199386559|35
1510199386701|31
1510199386851|30
1510199387000|32
1510199387156|35
1510199387305|34
1510199387441|37
1510199387594|37
1510199387748|35
1510199387895|35
1510199388012|40
1510199388127|41
1510199388300|40
1510199388421|37
