1509432626492|0.32761163|0.0011399967|0.061821148|0.94278705
1509432626615|0.34121153|0.0074052364|0.06488378|0.9377153
1509432626737|0.3224781|0.0034596222|0.052048236|0.9451386
1509432626858|0.32684246|-0.020391136|0.051124506|0.9434747
1509432626981|0.30551422|0.06533181|0.12621842|0.941521
1509432627097|0.31998342|0.24396175|0.23864278|0.88382286
1509432627216|0.2108565|0.24505064|0.35535595|0.87704724
1509432627338|0.0728962|0.23786762|0.41961214|0.87294376
1509432627456|-0.099453755|0.24410978|0.41048893|0.87293655
1509432627574|-0.079203546|0.20519678|0.37433603|0.9008294
1509432627693|0.006500298|3.8792662E-4|0.3747887|0.92708737
1509432627815|0.0053652353|-0.0011657781|0.324181|0.9459791
1509432627934|0.0049518533|-8.909102E-4|0.29907554|0.9542162
1509432628058|0.0049377917|-9.962446E-4|0.28667066|0.9580159
1509432628181|0.004984335|-0.0011507516|0.2745705|0.9615534
1509432628295|0.005153868|-0.0013593645|0.2529513|0.9674643
1509432628426|0.005238522|-0.0014505495|0.24359362|0.96986216
1509432628535|0.0052782|-0.0015844266|0.22481118|0.97438675
1509432628660|0.0053597223|-0.001746201|0.20830558|0.97804755
1509432628782|0.0053669214|-0.0018116613|0.19281611|0.9812186
1509432628899|0.0054424233|-0.0018616937|0.18522899|0.98267853
1509432629016|0.0054662023|-0.0019164712|0.165904|0.9861249
1509432629135|0.0055270554|-0.0019684534|0.16063787|0.986996
1509432629257|0.0055564996|-0.0020451318|0.15144448|0.988448
1509432629376|0.0055541154|-0.002122833|0.14218625|0.9898221
1509432629473|0.0055385157|-0.0021882919|0.13807897|0.9904033
1509432629612|0.0055586556|-0.0022155186|0.12987453|0.99151236
1509432629747|0.005593083|-0.002290392|0.1228538|0.99240637
1509432629878|0.0055898977|-0.0023428863|0.11729279|0.9930789
1509432630015|0.005530216|-0.0024161255|0.11179799|0.9937126
1509432630148|0.005512894|-0.0023830489|0.10659454|0.99428445
1509432630282|0.00538937|-0.0024205092|0.101869345|0.99478024
1509432630414|0.005381188|-0.002532751|0.09783497|0.9951849
1509432630548|0.0053110793|-0.0025852222|0.09571276|0.9953915
1509432630683|0.0053202594|-0.0025115323|0.09563697|0.9953989
1509432630817|0.0053660157|-0.0024752782|0.09559556|0.9954027
1509432630950|0.0053899265|-0.0024477097|0.09556516|0.99540555
1509432631089|0.0053804577|-0.002461721|0.09558034|0.9954041
1509432631216|0.00542603|-0.0024031964|0.09551633|0.99541014
1509432631354|0.005378692|-0.0023386101|0.095455445|0.9954164
1509432631484|0.0052873683|-0.0024115145|0.09553864|0.9954088
1509432631622|0.005323999|-0.0024110156|0.09553447|0.99540895
1509432631753|0.005277503|-0.0024002905|0.09552822|0.99540985
1509432631887|0.005377347|-0.0024820268|0.09560128|0.9954021
1509432632020|0.0053986283|-0.0025075949|0.095625125|0.9953996
1509432632162|0.0054036225|-0.0025516404|0.09566937|0.99539524
1509432632290|0.005347248|-0.002537867|0.09566102|0.9953964
1509432632426|0.005366097|-0.002574974|0.09569683|0.99539274
1509432632561|0.0053977445|-0.0025605233|0.09567898|0.9953943
1509432632692|0.005430938|-0.002522681|0.09563722|0.9953982
1509432632825|0.0054361015|-0.002568287|0.09568302|0.9953937
1509432632966|0.005413576|-0.0024415902|0.09555658|0.99540627
1509432633100|0.005355491|-0.002417248|0.095537655|0.9954085
1509432633231|0.0053563626|-0.002399988|0.095520034|0.9954102
1509432633360|0.005477599|-0.0025608386|0.095671296|0.9953946
1509432633500|0.005401078|-0.0025695772|0.095687844|0.9953934
1509432633632|0.0053691026|-0.0025359024|0.095656835|0.9953967
1509432633763|0.005374297|-0.0025764932|0.09569755|0.9953926
1509432633898|0.0053566317|-0.002496887|0.09561845|0.9954005
1509432634038|0.0052947043|-0.0024965752|0.095624335|0.9954003
1509432634168|0.0053231544|-0.0024730952|0.09559763|0.99540275
1509432634300|0.00536254|-0.0024598008|0.09558018|0.99540424
1509432634438|0.0054145874|-0.002527291|0.095643535|0.9953977
1509432634569|0.005434107|-0.00251971|0.09563388|0.9953986
1509432634704|0.005463556|-0.0025890297|0.09570134|0.9953917
1509432634850|0.0053714453|-0.0025230562|0.09564355|0.995398
1509432634973|0.0053077317|-0.0024980886|0.095624566|0.9954002
1509432635056|0.005321764|-0.002475437|0.09560015|0.9954025
1509432635178|0.005387529|-0.0024318723|0.09554931|0.99540716
1509432635316|0.0053727943|-0.0025203733|0.09564069|0.9953982
1509432635454|0.0053138505|-0.0025176464|0.095643826|0.9953983
1509432635575|0.0053677177|-0.0025936023|0.09571559|0.9953909
1509432635713|0.0053064916|-0.002607207|0.09573556|0.9953892
1509432635845|0.005320858|-0.0025605124|0.095686674|0.995394
1509432635983|0.0053069154|-0.0025001836|0.09562678|0.99539995
1509432636108|0.005356376|-0.0025061027|0.09562784|0.9953996
1509432636244|0.005332835|-0.0024080388|0.09553056|0.9954093
1509432636386|0.0054385858|-0.0023665465|0.09547785|0.9954139
1509432636509|0.0053944676|-0.002383781|0.09549976|0.995412
1509432636645|0.005337338|-0.002470418|0.09559349|0.9954031
1509432636777|0.0053805676|-0.0024451115|0.09556346|0.9954058
1509432636921|0.005446988|-0.002453288|0.09556512|0.99540526
1509432637052|0.005473374|-0.0024715012|0.09558098|0.9954035
1509432637181|0.005413635|-0.002475118|0.09559063|0.99540293
1509432637314|0.005438055|-0.0024867419|0.095599994|0.99540186
1509432637448|0.005457874|-0.0023891518|0.09549888|0.9954117
1509432637589|0.005410255|-0.0023853385|0.09549977|0.9954119
1509432637725|0.005351424|-0.002384259|0.095504545|0.99541175
1509432637855|0.005345139|-0.0024266208|0.09554821|0.9954075
1509432637985|0.0054279137|-0.0023438528|0.09545586|0.9954161
1509432638129|0.0054597156|-0.002369032|0.09547827|0.9954137
1509432638257|0.005426046|-0.0024034947|0.09551664|0.99541014
1509432638393|0.0054166936|-0.0024450426|0.095559776|0.995406
1509432638532|0.005407548|-0.002518899|0.09563571|0.9953985
1509432638657|0.005459859|-0.002535061|0.095646895|0.99539715
1509432638792|0.005405304|-0.0025060875|0.09562293|0.9953998
1509432638924|0.0053985454|-0.0024383045|0.09555475|0.99540657
1509432639059|0.005371921|-0.0023989878|0.095517464|0.9954104
1509432639195|0.0053702025|-0.002373403|0.09549164|0.99541295
1509432639326|0.005397681|-0.002367195|0.09548259|0.99541366
1509432639465|0.0053655067|-0.0023300196|0.09544803|0.99541724
1509432639595|0.0053862804|-0.0023581414|0.095474534|0.9954145
1509432639727|0.005427668|-0.0023993202|0.09551223|0.99541056
1509432639863|0.0054507325|-0.0024390528|0.095550284|0.9954067
1509432640009|0.0054277605|-0.0024769562|0.09559108|0.9954028
1509432640133|0.0054218527|-0.0024191067|0.09553291|0.9954086
1509432640271|0.005492755|-0.002400979|0.09550741|0.9954107
1509432640412|0.005392093|-0.002407885|0.09552448|0.99540955
1509432640542|0.0053662513|-0.0025683893|0.095690124|0.9953934
1509432640679|0.0053365445|-0.0025438194|0.095668145|0.9953957
1509432640807|0.005429078|-0.0025507985|0.09566596|0.9953954
1509432640937|0.005319214|-0.0025192946|0.095644966|0.9953981
1509432641067|0.005361761|-0.0025217547|0.0956432|0.99539804
1509432641205|0.0053646173|-0.0024735637|0.09559396|0.9954029
1509432641339|0.00545985|-0.002456699|0.0955673|0.99540496
1509432641471|0.005437857|-0.0023980897|0.09550996|0.99541074
1509432641608|0.005487405|-0.0024395464|0.095547125|0.9954068
1509432641740|0.005470102|-0.0024218417|0.09553087|0.9954085
1509432641876|0.0055140923|-0.0024390449|0.09554394|0.9954069
1509432642010|0.0055377535|-0.0024266979|0.09552904|0.9954083
1509432642141|0.005390563|-0.0023330275|0.09544859|0.99541706
1509432642278|0.005424883|-0.0024160384|0.09552949|0.9954089
1509432642414|0.005314694|-0.0023931486|0.09551725|0.9954107
1509432642541|0.0053106337|-0.0023495196|0.09547332|0.99541503
1509432642676|0.0052681486|-0.0023305214|0.095458254|0.99541676
1509432642812|0.005323002|-0.00242054|0.09554425|0.995408
1509432642950|0.005269726|-0.0024721788|0.09560204|0.99540263
1509432643082|0.0052067228|-0.0024088565|0.095543995|0.99540865
1509432643211|0.0052796095|-0.0024476955|0.095576175|0.99540514
1509432643358|0.0053205583|-0.0023968972|0.09552047|0.9954104
1509432643486|0.0052948403|-0.0023921705|0.09551824|0.99541074
1509432643619|0.0052870004|-0.00240207|0.09552908|0.9954097
1509432643747|0.005296501|-0.0023841404|0.09550991|0.9954115
1509432643886|0.0053562066|-0.0023778183|0.095497526|0.9954124
1509432644022|0.0053492095|-0.0024110354|0.09553197|0.9954091
1509432644162|0.005398097|-0.0024395417|0.09555604|0.99540645
1509432644291|0.005372128|-0.0025055583|0.095625706|0.9953997
1509432644428|0.0054569063|-0.0025615806|0.09567413|0.99539447
1509432644553|0.0054588406|-0.0025303988|0.09564226|0.99539757
1509432644688|0.0055552176|-0.0020791881|0.09371201|0.9955817
