1509586260982|0.0|1.13964|9.519346
1509586261084|0.047884032|1.1013328|9.519346
1509586261217|0.009576807|1.0821792|9.672575
1509586261349|0.019153614|1.0630256|9.720459
1509586261480|0.17238252|0.8331822|10.304645
1509586261622|-0.17238252|1.2737153|9.260772
1509586261745|-0.02873042|1.1109096|9.653421
1509586261876|-0.047884032|1.1779473|9.519346
1509586262008|-0.16280572|1.2258313|9.404425
1509586262141|-0.02873042|1.1683705|9.232041
1509586262272|-0.11492168|1.2354081|9.442732
1509586262406|0.1436521|1.0151415|9.643845
1509586262536|-0.17238252|1.292869|9.356541
1509586262668|0.20111294|1.0630256|9.519346
1509586262800|-0.30645782|1.388637|9.184157
1509586262933|0.24899697|1.0055647|9.615114
1509586263065|-0.2681506|1.4269443|9.32781
1509586263197|0.24899697|1.0726024|9.500193
1509586263329|-0.31603462|1.4556746|9.136273
1509586263461|0.38307226|0.79487497|10.266336
1509586263593|-0.31603462|1.436521|9.155427
1509586263724|0.33518824|0.8523358|10.103531
1509586263857|-0.2873042|1.4077905|9.222465
1509586263988|0.25857377|0.92895025|9.864111
1509586264121|-0.2681506|1.340753|9.193734
1509586264254|0.12449849|1.091756|9.404425
1509586264385|-0.1340753|1.2641385|9.184157
1509586264517|-0.02873042|1.043872|10.25676
1509586264649|-0.12449849|1.2545617|9.500193
1509586264781|0.08619126|1.1300632|9.433155
1509586264913|-0.038307227|1.1013328|9.691729
1509586265045|0.15322891|1.1204864|9.270349
1509586265177|-0.22026655|1.283292|9.126697
1509586265309|0.095768064|1.1492168|8.944737
1509586265441|0.06703765|0.842759|10.783484
1509586265574|-0.11492168|1.3311762|8.226477
1509586265705|0.19153613|0.79487497|10.907983
1509586265837|0.038307227|1.1779473|8.90643
1509586265968|0.2873042|0.7469909|10.716447
1509586266100|-0.02873042|1.283292|9.040505
1509586266233|-0.12449849|1.2737153|9.710882
1509586266365|0.019153614|1.292869|9.222465
1509586266497|-0.095768064|1.2162545|9.749189
1509586266640|-0.047884032|1.3120226|9.078813
1509586266761|-0.10534488|1.3694834|9.3661175
1509586266893|0.21068975|1.1300632|9.624691
1509586267025|-0.1436521|1.3694834|9.385271
1509586267157|0.23942018|1.0247183|9.77792
1509586267289|-0.2777274|1.4748282|9.193734
1509586267421|0.32561144|0.93852705|9.998186
1509586267553|-0.10534488|1.2641385|9.528923
1509586267685|0.24899697|0.90021986|10.228029
1509586267817|-0.08619126|1.283292|9.394848
1509586267949|0.05746084|0.9959879|10.208876
1509586268081|-0.08619126|1.2449849|9.193734
1509586268213|-0.10534488|1.5227122|9.088389
1509586268345|0.0|1.733402|9.337387
1509586268477|-0.11492168|1.6663644|9.528923
1509586268609|0.009576807|1.5131354|9.461885
1509586268740|-0.10534488|1.4652514|9.423578
1509586268872|0.22026655|1.5514427|9.423578
1509586269005|-0.18195933|2.0685902|9.184157
1509586269137|0.2873042|1.7142484|9.844957
1509586269268|0.1340753|2.3080103|9.5385
1509586269400|0.46926352|2.4516625|10.208876
1509586269532|0.30645782|3.4093432|8.887277
1509586269664|0.39264908|2.873042|10.821792
1509586269799|0.2777274|3.6774938|8.37013
1509586269928|0.31603462|2.9017725|10.67814
1509586270060|-0.038307227|3.572149|8.628703
1509586270193|0.19153613|2.7581203|10.611102
1509586270325|0.10534488|3.083732|8.791509
1509586270457|0.05746084|2.6431987|10.170568
1509586270589|-0.038307227|2.96881|8.925584
1509586270721|0.10534488|2.3750482|10.323798
1509586270852|0.19153613|2.3750482|8.858546
1509586271005|0.06703765|2.7581203|9.509769
1509586271115|-0.038307227|3.2465374|8.925584
1509586271247|-0.19153613|3.5625722|8.39886
1509586271379|0.2681506|2.5187001|10.5919485
1509586271512|-0.34476504|2.7389667|9.844957
1509586271645|-0.05746084|2.9400797|9.155427
1509586271775|-0.33518824|2.96881|9.481039
1509586271907|0.1436521|2.834735|9.959879
1509586272041|-0.39264908|3.2752678|8.7053175
1509586272129|0.11492168|2.4037786|10.409989
1509586272238|-0.02873042|2.6910827|8.781932
1509586272371|-0.05746084|2.030283|10.611102
1509586272501|0.17238252|1.8866309|8.973468
1509586272658|0.1436521|1.6759412|9.77792
1509586272767|-0.009576807|2.2218192|9.069236
1509586272898|-0.20111294|2.336741|10.007763
1509586273030|0.23942018|2.815581|8.66701
1509586273162|0.20111294|2.719813|9.931149
1509586273294|0.7469909|2.0494366|9.107543
1509586273427|0.94810385|1.4748282|9.509769
1509586273559|1.0534488|1.3215994|9.56723
1509586273690|1.1587936|1.7812861|9.069236
1509586273826|1.1492168|2.2984335|9.375694
1509586273957|1.2641385|2.7581203|9.059659
1509586274087|0.7469909|2.815581|9.126697
1509586274220|1.1492168|1.6567876|10.505757
1509586274350|0.4213795|1.5514427|9.605537
1509586274482|0.8714894|1.4748282|9.911995
1509586274614|1.0534488|1.7525556|8.896853
1509586274747|0.90021986|1.7046716|9.452309
1509586274878|0.45010993|1.934515|9.969456
1509586275010|0.22984336|2.135628|9.749189
1509586275147|0.34476504|1.9153614|10.0748005
1509586275276|0.62249243|1.9536686|9.557653
1509586275411|0.58418524|1.6663644|8.983045
1509586275543|-0.22026655|1.0151415|10.036493
1509586275670|-0.02873042|1.436521|9.404425
1509586275803|-0.82360536|1.9919758|9.9790325
1509586275936|-0.49799395|1.9249382|9.414001
1509586276066|-0.1436521|1.5035586|9.385271
1509586276204|-0.38307226|1.541866|8.8777
1509586276330|-0.91937345|1.8195933|9.528923
1509586276462|-0.9864111|1.8962077|9.32781
1509586276594|-0.9576807|1.934515|9.500193
1509586276726|-0.6607997|1.6759412|8.944737
1509586276859|-0.16280572|1.2737153|10.141838
1509586276991|0.35434186|0.9864111|10.180145
1509586277122|1.3982137|0.8331822|9.758766
1509586277256|2.384625|1.0342951|8.801085
1509586277387|1.8579005|1.6663644|9.212888
1509586277524|1.2449849|2.3175871|8.992621
1509586277650|1.2449849|3.1507695|8.868123
1509586277782|0.32561144|2.3654714|10.04607
1509586277991|0.08619126|2.3463178|9.021352
1509586278075|-0.17238252|2.566584|8.963891
1509586278178|-0.79487497|2.585738|9.078813
1509586278310|-1.0821792|2.2505496|9.844957
1509586278442|-1.0534488|1.8004397|9.595961
1509586278574|-0.6799533|1.5514427|9.892841
1509586278706|-0.45968673|2.9783869|7.6135616
1509586278838|-0.7374141|0.35434186|11.032481
1509586278970|0.45968673|2.078167|8.178593
1509586279103|-0.5746084|1.1875241|10.208876
1509586279235|-0.36391866|0.7182605|9.634268
1509586279367|-0.45010993|1.5993267|8.0445175
1509586279498|1.2545617|0.31603462|10.151415
1509586279630|2.7006595|0.91937345|8.39886
1509586279762|4.1659107|0.05746084|10.237606
1509586279909|3.8019924|0.10534488|10.6398325
1509586280028|4.1276035|0.89064306|9.595961
1509586280158|3.7253778|0.48841715|7.469909
1509586280292|4.223372|0.08619126|8.7053175
1509586280425|2.777274|0.5267244|9.289502
1509586280554|0.39264908|1.4748282|9.998186
1509586280697|-0.6607997|2.2697031|9.14585
1509586280823|-1.2258313|0.89064306|9.11712
1509586280950|-1.9057846|1.5610195|8.695741
1509586281082|-2.2409728|1.4556746|10.1226845
1509586281214|-2.767697|2.0398598|10.97502
1509586281346|-1.1587936|0.8714894|9.605537
1509586281479|-1.0247183|0.9768343|9.557653
1509586281610|-3.4284968|4.156334|7.489063
1509586281743|-1.6950948|2.0685902|8.494628
1509586281875|-1.1875241|1.4939818|9.931149
1509586282009|-1.4748282|2.3558946|8.456321
1509586282141|-2.0207062|1.7142484|10.065224
1509586282270|-0.79487497|1.6759412|10.151415
1509586282405|-1.043872|1.9632454|9.605537
1509586282534|0.41180268|0.8619126|9.519346
1509586282666|3.6296098|0.2777274|16.759413
1509586282804|-0.40222588|-4.9416323|13.359646
1509586282930|-10.726024|2.1643584|0.0
1509586283063|-5.66947|7.6231384|1.1013328
1509586283193|-6.493075|7.240066|1.4077905
1509586283326|-5.9280434|4.3957543|2.6527755
1509586283415|-5.353435|6.7229185|2.8538885
1509586283525|-4.6160207|6.301539|3.7541082
1509586283659|-5.602432|6.83784|5.21936
1509586283787|-5.803545|6.694188|5.5737014
1509586283920|-6.4739213|6.3589997|4.213795
1509586284051|-5.410896|6.033388|3.8594532
1509586284183|-4.644751|6.789956|3.323152
1509586284315|-5.104438|6.531382|3.6774938
1509586284448|-5.9663506|6.0046577|4.414908
1509586284580|-5.707777|6.349423|4.5872903
1509586284712|-5.315128|5.9759274|4.3382936
1509586284844|-5.985504|6.4260373|5.161899
1509586284977|-5.6215854|5.6120086|4.76925
1509586285108|-5.707777|4.9416323|4.8841715
1509586285240|-5.803545|4.271256|5.315128
1509586285372|-6.6654577|3.572149|6.3781533
1509586285504|-7.3166804|2.183512|7.2304893
1509586285636|-7.383718|2.6527755|8.015787
1509586285768|-6.1195793|2.4612393|6.1770406
1509586285900|-5.4300494|2.0207062|5.650316
1509586286034|-6.042965|2.719813|5.985504
1509586286164|-6.6367273|2.8060043|7.07726
1509586286296|-6.483498|2.4995465|6.9527617
1509586286428|-7.297527|2.3463178|7.3645644
1509586286561|-6.3781533|2.1164744|6.215348
1509586286692|-6.129156|1.7621324|6.215348
1509586286824|-6.4739213|1.7717092|7.1634517
1509586286956|-6.4739213|2.2888567|7.0006456
1509586287088|-7.1059904|1.7621324|7.431602
1509586287220|-6.7133417|1.4939818|7.0964136
1509586287352|-6.694188|1.6472107|7.019799
1509586287485|-6.6271505|1.1013328|6.5984197
1509586287616|-6.531382|1.2354081|6.205771
1509586287749|-6.588843|1.0726024|6.14831
1509586287880|-6.6175733|1.4556746|6.8665705
1509586288012|-6.8569937|2.2697031|6.9144545
1509586288144|-6.655881|2.0207062|6.933608
1509586288276|-6.655881|2.0111294|6.7324953
1509586288415|-6.6654577|1.3599066|6.885724
1509586288540|-6.301539|1.3503298|6.742072
1509586288672|-6.5696893|1.0821792|6.6079965
1509586288804|-6.2823853|0.8619126|6.588843
1509586288936|-6.9048777|0.7661445|7.393295
1509586289068|-7.067683|0.9576807|7.795521
1509586289200|-6.7133417|0.7757214|7.153875
1509586289334|-6.2249246|1.2449849|6.9240313
1509586289464|-6.1866174|1.3215994|6.981492
1509586289596|-6.3111157|1.8770541|6.7708025
1509586289728|-6.3685765|1.9919758|6.5218053
1509586289860|-6.435614|2.2218192|6.6079965
1509586289991|-6.3589997|2.1452048|6.483498
1509586292478|-6.14831|2.030283|6.646304
1509586292574|-4.7884035|4.012682|7.393295
1509586292708|-4.663905|4.501099|7.0964136
1509586292838|-5.0661306|4.0797195|7.144298
1509586292970|-5.0278234|4.3478703|6.6750345
1509586301349|-5.171476|4.596867|6.8091097
1509586301449|-6.799533|5.6215854|3.7062242
1509586301580|-6.7708025|5.583278|3.6583402
1509586301713|-6.7708025|5.583278|3.6296098
1509586314434|-6.7708025|5.583278|3.6487634
1509586314529|-7.0485296|4.951209|4.185065
1509586314661|-7.0485296|4.951209|4.2042184
1509586314794|-7.0485296|4.951209|4.232949
1509586328233|-7.07726|4.9416323|4.261679
1509586328330|-7.0964136|4.9895163|4.050989
1509586328462|-7.1251445|4.912902|4.0318356
1509586328655|-7.144298|4.855441|4.2425256
1509586328945|-7.086837|4.999093|4.0892963
1509586329055|-6.8569937|5.267244|4.185065
1509586329187|-7.1347213|4.999093|3.9360676
1509586329322|-6.9527617|4.999093|4.10845
1509586329461|-7.0485296|4.912902|4.271256
1509586329584|-6.943185|4.9416323|4.280833
1509586329715|-7.1059904|4.817134|4.4436383
1509586329849|-7.1155677|4.6830587|4.4915223
1509586329992|-7.0964136|4.6830587|4.4340615
1509586330111|-7.029376|4.76925|4.4340615
1509586330245|-7.1059904|4.721366|4.4436383
1509586330375|-7.0485296|4.711789|4.3861775
1509586330507|-7.0964136|4.711789|4.405331
1509586330640|-7.07726|4.644751|4.3957543
1509586330772|-7.0102224|4.6351743|4.4244847
1509586330904|-6.991069|4.7022123|4.663905
1509586331036|-6.933608|4.865018|4.673482
1509586331168|-7.1347213|4.4436383|4.6926355
1509586331300|-7.2113357|4.31914|4.654328
1509586331432|-7.2304893|4.1659107|4.644751
1509586331564|-7.153875|4.213795|4.654328
1509586331696|-7.0964136|4.5202527|4.596867
1509586331828|-7.0485296|4.6255975|4.663905
1509586331961|-7.0581064|4.4244847|4.711789
1509586332092|-7.0581064|4.510676|4.711789
1509586332226|-7.029376|4.4340615|4.7309427
1509586332356|-7.086837|4.414908|4.76925
1509586332487|-7.1251445|4.31914|4.759673
1509586332620|-7.07726|4.4436383|4.7500963
1509586332752|-7.0006456|4.453215|4.711789
1509586332886|-6.895301|4.673482|4.759673
1509586333018|-6.6079965|4.9895163|4.7500963
1509586333148|-6.4547677|5.2768207|4.7405195
1509586333281|-6.2249246|5.5737014|4.663905
1509586333412|-6.196194|5.6215854|4.711789
1509586333544|-6.3589997|5.3725886|4.721366
1509586333676|-6.5218053|5.0278234|4.7884035
1509586333810|-6.6367273|4.8937483|4.7884035
1509586333940|-6.7133417|4.7979803|4.7788267
1509586334072|-6.655881|4.855441|4.7788267
1509586334204|-6.7612257|4.8745947|4.7788267
1509586334336|-6.7324953|4.7979803|4.7884035
1509586334472|-6.7612257|4.7788267|4.817134
1509586334603|-6.7803793|4.759673|4.7884035
1509586334733|-6.8091097|4.759673|4.7884035
1509586334864|-6.7803793|4.7500963|4.7884035
1509586335000|-6.8091097|4.7884035|4.7884035
1509586335128|-6.847417|4.6926355|4.7979803
1509586335260|-6.8761473|4.663905|4.8362875
1509586335392|-6.943185|4.55856|4.8362875
1509586335524|-6.943185|4.4340615|4.8362875
1509586335656|-6.9719152|4.4819455|4.855441
1509586335788|-7.0102224|4.3766007|4.855441
1509586335922|-7.0102224|4.3382936|4.8745947
1509586336056|-7.029376|4.367024|4.8458643
1509586336185|-7.0006456|4.405331|4.8458643
1509586336316|-6.981492|4.4436383|4.8267107
1509586336449|-6.9623384|4.4723687|4.8267107
1509586336583|-6.9719152|4.4436383|4.8267107
1509586336712|-6.895301|4.596867|4.817134
1509586336846|-6.9240313|4.654328|4.817134
1509586336976|-6.885724|4.673482|4.817134
1509586337108|-6.83784|4.673482|4.807557
1509586337240|-6.8569937|4.673482|4.7884035
1509586337372|-6.8665705|4.654328|4.817134
1509586337504|-6.8761473|4.644751|4.7979803
1509586337636|-6.8761473|4.606444|4.817134
1509586337770|-6.895301|4.6160207|4.807557
1509586337905|-6.895301|4.55856|4.7979803
1509586338032|-6.943185|4.55856|4.8267107
1509586338166|-6.9240313|4.5202527|4.817134
1509586338301|-6.943185|4.5681367|4.8362875
1509586338428|-6.943185|4.606444|4.817134
1509586338560|-6.943185|4.548983|4.817134
1509586338692|-6.9240313|4.510676|4.807557
1509586338824|-6.9527617|4.4915223|4.807557
1509586338956|-6.9527617|4.4915223|4.807557
1509586339088|-6.9623384|4.4819455|4.8267107
1509586339220|-6.9623384|4.510676|4.817134
1509586339355|-6.933608|4.55856|4.7884035
1509586339483|-6.943185|4.548983|4.817134
1509586339621|-6.9527617|4.5394063|4.7979803
1509586339752|-6.9623384|4.5202527|4.7979803
1509586339885|-6.9623384|4.4915223|4.8362875
1509586340017|-6.9527617|4.5202527|4.7979803
1509586340144|-6.9527617|4.5202527|4.817134
1509586340276|-6.9623384|4.510676|4.8267107
1509586340408|-6.9623384|4.4915223|4.807557
1509586340540|-6.981492|4.4915223|4.7884035
1509586340674|-6.981492|4.4819455|4.807557
1509586340804|-6.981492|4.4819455|4.807557
1509586340941|-6.991069|4.4819455|4.807557
1509586341068|-6.991069|4.4723687|4.807557
1509586341200|-7.0006456|4.414908|4.8362875
1509586341332|-7.038953|4.405331|4.8267107
1509586341467|-7.019799|4.3957543|4.817134
1509586341599|-7.019799|4.3861775|4.817134
1509586341729|-7.0102224|4.405331|4.8362875
1509586341860|-6.9623384|4.5872903|4.7884035
1509586341992|-6.943185|4.510676|4.7788267
1509586342124|-7.1155677|4.156334|4.903325
1509586342256|-7.192182|4.1371803|4.807557
1509586342388|-7.038953|4.5298295|4.5777135
1509586342520|-6.8186865|5.094861|4.501099
1509586342654|-7.0485296|4.510676|4.76925
1509586342787|-6.7324953|4.6830587|4.76925
1509586342916|-6.799533|4.759673|4.855441
1509586343051|-6.703765|4.9416323|4.8267107
1509586343181|-6.8186865|4.673482|4.7309427
1509586343312|-6.8186865|4.7788267|4.711789
1509586343447|-6.7612257|4.7500963|4.817134
1509586343581|-6.751649|4.7788267|4.7979803
1509586343708|-6.7708025|4.7788267|4.759673
1509586343840|-6.751649|4.8841715|4.7788267
1509586343972|-6.799533|4.7405195|4.7788267
1509586344104|-6.8091097|4.6830587|4.7884035
1509586344236|-6.8186865|4.711789|4.807557
1509586344369|-6.8186865|4.76925|4.817134
1509586344504|-6.8186865|4.6926355|4.7979803
1509586344633|-6.799533|4.7500963|4.817134
1509586344765|-6.7803793|4.759673|4.7500963
1509586344900|-6.799533|4.865018|4.76925
1509586345028|-6.7708025|4.817134|4.7884035
1509586345160|-6.703765|4.8745947|4.759673
1509586345292|-6.7133417|4.8267107|4.7500963
1509586345424|-6.742072|4.865018|4.7788267
1509586345556|-6.751649|4.855441|4.711789
1509586345690|-6.7612257|4.855441|4.7500963
1509586345821|-6.7612257|4.8458643|4.76925
1509586345952|-6.751649|4.8745947|4.7309427
1509586346083|-6.742072|4.8745947|4.7500963
1509586346216|-6.742072|4.865018|4.7500963
1509586346350|-6.7229185|4.8841715|4.7500963
1509586346482|-6.7324953|4.8458643|4.76925
1509586346612|-6.7133417|4.903325|4.7405195
1509586346743|-6.742072|4.8745947|4.7405195
1509586346876|-6.703765|4.903325|4.7309427
1509586347008|-6.742072|4.8937483|4.7500963
1509586347140|-6.742072|4.865018|4.76925
1509586347271|-6.7324953|4.8841715|4.759673
1509586347418|-6.7708025|4.855441|4.7309427
1509586347536|-6.7324953|4.903325|4.7500963
1509586347668|-6.742072|4.8841715|4.7309427
1509586347803|-6.742072|4.865018|4.7500963
1509586347936|-6.7229185|4.8745947|4.76925
1509586348068|-6.742072|4.8745947|4.7309427
1509586348197|-6.7229185|4.903325|4.721366
1509586348330|-6.751649|4.8841715|4.721366
1509586348460|-6.7612257|4.8841715|4.711789
1509586348594|-6.7612257|4.903325|4.7309427
1509586348724|-6.7803793|4.8937483|4.7022123
1509586348861|-6.789956|4.8937483|4.7405195
1509586348988|-6.799533|4.8745947|4.7405195
1509586349134|-6.799533|4.8745947|4.7500963
1509586349254|-6.7803793|4.8745947|4.76925
1509586349346|-6.7708025|4.865018|4.7405195
1509586349451|-6.7708025|4.8362875|4.721366
1509586349586|-6.7324953|4.8937483|4.7405195
1509586364130|-6.7708025|4.8362875|4.711789
1509586364250|2.815581|2.8634653|14.470555
1509586364426|-1.7621324|1.8866309|11.482592
1509586364558|-2.4516625|0.5554548|10.007763
1509586364801|-2.2697031|0.47884035|9.9790325
1509586365131|-1.532289|1.0726024|9.892841
1509586365213|-1.541866|3.2369606|8.8777
1509586365450|-1.9440918|3.41892|8.695741
1509586365706|-1.5131354|3.5338416|8.791509
1509586365841|-1.4556746|3.6583402|8.619126
1509586365972|-1.4652514|3.5913026|8.868123
1509586366107|-1.3120226|3.466804|8.628703
1509586366236|-0.61291564|2.8443117|9.232041
1509586366368|-4.6926355|3.8115692|7.517793
1509586366501|-4.4915223|4.271256|8.0445175
1509586366635|-3.0933087|3.514688|9.14585
1509586366766|-4.2904096|4.9416323|6.9623384
1509586366896|0.1436521|2.5091233|9.232041
1509586367028|-0.8619126|3.466804|9.251195
1509586367160|-0.92895025|3.7253778|8.494628
1509586367292|-0.62249243|3.4955344|9.126697
1509586367424|-0.18195933|3.2944214|9.155427
1509586367556|-0.11492168|3.3039982|9.097966
1509586367688|-0.19153613|3.3423057|9.107543
1509586367820|-0.30645782|3.4284968|9.030929
1509586367953|-0.2777274|3.4859576|8.954314
1509586368086|-0.36391866|3.4859576|8.983045
1509586368221|-0.36391866|3.4859576|9.021352
1509586368349|-0.45010993|3.4859576|9.011775
1509586368481|-0.45968673|3.5242648|8.973468
1509586368613|-0.48841715|3.5434184|9.002198
1509586368745|-0.5267244|3.5434184|8.963891
1509586368877|-0.48841715|3.5051112|9.021352
1509586369008|-0.46926352|3.5051112|8.983045
1509586369140|-0.41180268|3.5051112|9.002198
1509586369272|-0.36391866|3.4955344|8.954314
1509586369405|-0.34476504|3.4763808|9.030929
1509586369542|-0.40222588|3.4955344|8.983045
1509586369669|-0.50757074|3.5913026|8.935161
1509586369804|-0.45010993|3.6104562|9.021352
1509586369933|-0.45968673|3.6583402|8.868123
1509586370065|-0.39264908|3.667917|8.935161
1509586370196|-0.41180268|3.7062242|8.954314
1509586370328|-0.45968673|3.8307228|8.858546
1509586370460|-0.34476504|3.8786068|8.829816
1509586370593|-0.36391866|3.9360676|8.801085
1509586370724|-0.45968673|4.10845|8.686164
1509586370856|-0.37349546|4.1659107|8.418014
1509586370989|-1.0342951|4.223372|8.513782
1509586371121|-2.6144683|4.55856|8.149862
1509586371254|-2.135628|4.261679|8.303091
1509586371390|-2.0398598|4.156334|8.39886
1509586371518|-1.8674773|4.0701427|8.532935
1509586371651|-1.7908629|4.012682|8.523358
1509586371780|-1.541866|3.8977604|8.63828
1509586371912|-1.2545617|3.821146|8.619126
1509586372044|-1.3694834|3.6870706|7.7093296
1509586372176|-4.280833|4.0222588|8.475474
1509586372313|-4.2999864|3.9743748|7.6135616
1509586372441|-4.462792|4.2521024|7.201759
1509586372572|-3.323152|3.8786068|8.111555
1509586372704|-1.8579005|3.1794999|9.155427
1509586372837|-0.62249243|2.8060043|9.308656
1509586372969|-0.02873042|2.873042|9.14585
1509586373104|-0.21068975|3.323152|8.887277
1509586373232|-0.21068975|3.0933087|8.992621
1509586373365|-0.009576807|2.825158|9.3661175
1509586373497|-0.08619126|2.9113493|9.212888
1509586373629|-0.047884032|2.8634653|9.299079
1509586373761|-0.095768064|2.920926|9.232041
1509586373892|-0.06703765|2.8634653|9.260772
1509586374024|-0.095768064|2.930503|9.241618
1509586374156|-0.10534488|2.9592333|9.251195
1509586374289|-0.1340753|2.9975405|9.193734
1509586374424|-0.15322891|2.9975405|9.232041
1509586374554|-0.19153613|3.0262709|9.165004
1509586374687|-0.19153613|2.9592333|9.260772
1509586374825|-0.17238252|3.016694|9.241618
1509586374950|-0.17238252|2.9975405|9.203311
1509586375080|-0.12449849|2.9400797|9.270349
1509586375215|-0.1436521|2.9879637|9.260772
1509586375344|-0.17238252|2.9975405|9.184157
1509586375476|-0.22984336|2.9975405|9.212888
1509586375608|-0.29688102|3.1316159|9.136273
1509586375740|-0.2777274|3.2561142|9.011775
1509586375872|-0.18195933|3.3423057|9.069236
1509586376004|-0.1436521|3.3806129|9.021352
1509586376137|-0.076614454|3.3806129|8.983045
1509586376270|-0.29688102|3.514688|9.165004
1509586376408|-0.19153613|3.4572272|9.126697
1509586376540|-0.20111294|3.6487634|8.858546
1509586376665|-0.019153614|2.6910827|9.394848
1509586376796|0.22984336|2.5474305|9.308656
1509586376929|0.0|2.7868507|9.222465
1509586377060|0.009576807|2.825158|9.232041
1509586377192|-0.095768064|2.825158|9.279925
1509586377325|-0.17238252|2.882619|9.212888
1509586377457|-0.17238252|2.8060043|9.11712
1509586377588|-0.19153613|2.825158|9.346964
1509586377724|-0.095768064|2.585738|9.509769
1509586377852|-0.12449849|2.4899697|9.461885
1509586377991|-0.2873042|2.6144683|9.212888
1509586378125|-0.21068975|2.5953147|9.414001
1509586378260|-0.18195933|2.4516625|9.337387
1509586378380|-0.12449849|2.2505496|9.433155
1509586378513|-0.22026655|2.4420857|9.279925
1509586378645|-0.5554548|2.7964275|9.481039
1509586378777|-0.7086837|2.834735|9.471462
1509586378908|-0.92895025|3.016694|9.433155
1509586379041|-1.0630256|3.6391866|9.260772
1509586379172|-0.6991069|3.8019924|8.983045
1509586379306|-0.08619126|3.7253778|9.155427
1509586379470|-0.21068975|3.466804|9.270349
1509586379554|-0.4213795|3.514688|9.021352
1509586379641|-0.45968673|2.9400797|9.423578
1509586379773|-0.39264908|2.528277|10.093954
1509586379900|0.4213795|2.1452048|9.471462
1509586380030|0.1340753|2.27928|9.988609
1509586380162|0.02873042|2.030283|9.557653
1509586380295|-0.40222588|1.8579005|8.925584
1509586380427|0.095768064|1.2354081|9.911995
1509586380558|-0.63206923|2.6144683|8.695741
1509586380691|-0.2681506|2.0973208|10.275913
1509586380828|-0.7565677|2.3942018|9.442732
1509586380954|-1.0630256|2.3750482|8.082825
1509586381087|0.22026655|1.3311762|10.496181
1509586381226|-0.6799533|2.5953147|8.714894
1509586381355|-0.076614454|1.9440918|10.007763
1509586381489|-1.0821792|2.4612393|10.237606
1509586381614|0.6607997|1.4939818|8.7053175
1509586381746|0.7469909|0.80445176|8.37013
1509586381879|-0.18195933|0.90979666|9.32781
1509586382011|-0.22026655|0.90021986|12.401965
1509586382144|0.78529817|1.0821792|9.548077
1509586382275|-0.22984336|0.9768343|9.595961
1509586382407|-0.46926352|1.3599066|8.619126
1509586382539|-0.12449849|0.23942018|10.91756
1509586382672|-0.60333884|1.0534488|8.619126
1509586382804|-0.34476504|0.6799533|9.730036
1509586382940|-0.5363012|1.4939818|9.299079
1509586383077|0.545878|1.6184803|9.212888
1509586383199|-0.30645782|1.2449849|10.67814
1509586383332|-1.0534488|1.8195933|8.513782
1509586383462|0.038307227|1.1875241|10.160992
1509586383595|-0.63206923|2.2026656|7.9008656
1509586383727|-0.8331822|1.1587936|10.04607
1509586383859|-1.1779473|1.0630256|10.247183
1509586383991|-1.13964|0.9672575|10.352529
1509586384123|0.81402856|1.0534488|7.5848308
1509586384255|-1.2258313|0.842759|11.310209
1509586384390|0.7374141|1.340753|8.695741
1509586384527|2.4420857|-0.842759|10.25676
1509586384660|1.7525556|-1.484405|10.036493
1509586384783|0.8331822|-0.7086837|11.051635
1509586384915|0.38307226|-0.31603462|9.873688
1509586385047|-0.22984336|0.11492168|9.634268
1509586385179|0.545878|1.436521|8.360553
1509586385311|0.47884035|-0.47884035|10.323798
1509586385442|-0.39264908|0.4405331|10.170568
1509586385575|-1.0630256|0.4405331|9.797073
1509586385706|-0.8619126|0.61291564|9.308656
1509586385839|-0.1436521|0.842759|9.260772
1509586385976|-1.4939818|0.82360536|10.237606
1509586386102|-1.3024458|0.61291564|8.695741
1509586386242|-1.5993267|0.30645782|10.419566
1509586386376|-0.7757214|0.9672575|9.528923
1509586386499|-1.2066777|0.08619126|9.021352
1509586386631|-0.842759|0.10534488|9.174581
1509586386763|-0.37349546|0.6512229|10.055647
1509586386896|-0.5554548|0.91937345|9.260772
1509586387042|-1.2066777|0.9864111|10.295067
1509586387159|-0.19153613|0.91937345|8.00621
1509586387291|1.4748282|0.10534488|12.440272
1509586387422|0.2873042|1.3694834|8.169016
1509586387555|-0.92895025|0.25857377|10.333375
1509586387693|-0.79487497|0.48841715|10.6877165
1509586387821|-1.6950948|0.79487497|9.337387
1509586387953|-0.12449849|0.94810385|10.151415
1509586388083|-0.50757074|1.283292|8.944737
1509586388215|-0.1340753|1.091756|10.0748005
1509586388347|-0.4213795|1.5993267|9.356541
1509586388478|0.19153613|1.8674773|9.136273
1509586388610|0.34476504|1.13964|10.199299
1509586388742|-0.38307226|1.388637|8.791509
1509586388874|0.08619126|0.6895301|11.080365
1509586389007|0.16280572|1.6280571|9.519346
1509586389139|-0.15322891|1.0726024|10.860099
1509586389271|-0.7469909|2.2888567|9.155427
1509586389408|-0.2681506|1.7621324|10.132261
1509586389540|-1.4077905|1.388637|9.902418
1509586389667|-0.6991069|1.4269443|9.9790325
1509586389799|-0.51714754|1.8770541|9.423578
1509586389930|1.292869|1.4460979|8.944737
1509586390062|-0.23942018|1.2737153|9.414001
1509586390194|0.33518824|1.4652514|9.394848
1509586390327|2.0685902|1.8387469|9.394848
1509586390459|1.4748282|1.5801731|9.021352
1509586390591|1.0342951|1.388637|9.3182335
1509586390723|0.78529817|0.91937345|9.883265
1509586390854|1.3024458|1.0534488|9.624691
1509586390990|1.4077905|0.6991069|10.304645
1509586391125|1.5801731|1.091756|9.5385
1509586391254|0.63206923|0.89064306|9.662998
1509586391383|0.7469909|0.92895025|9.892841
1509586391515|1.2545617|0.8810662|9.595961
1509586391647|1.0821792|0.78529817|9.80665
1509586391779|0.91937345|1.1013328|9.3182335
1509586391911|0.8810662|1.3311762|8.916007
1509586392042|1.1109096|0.9576807|9.299079
1509586392175|1.1300632|0.51714754|10.448297
1509586392307|1.0821792|1.1204864|10.323798
1509586392440|1.1779473|0.8523358|9.710882
1509586392577|1.0534488|0.8331822|9.797073
1509586392710|1.0726024|1.2354081|9.021352
1509586392840|1.1204864|0.80445176|9.80665
1509586392971|1.1109096|1.0342951|9.471462
1509586393098|1.4939818|0.842759|10.0269165
1509586393230|1.2449849|1.1779473|9.097966
1509586393363|1.4556746|1.1204864|9.442732
1509586393495|1.5514427|1.0151415|9.509769
1509586393627|1.5801731|1.2258313|9.643845
1509586393758|1.5514427|1.0247183|9.548077
1509586393890|1.4652514|1.1492168|9.720459
1509586394022|1.5705963|1.388637|9.5385
1509586394154|1.7621324|1.0247183|9.854534
1509586394289|1.7621324|1.0630256|10.132261
1509586394425|1.6184803|1.2449849|9.816227
1509586394554|1.4939818|1.2449849|9.069236
1509586394684|1.7429788|0.61291564|9.816227
1509586394814|1.3120226|0.78529817|9.509769
1509586394947|1.6089035|0.5650316|9.969456
1509586395078|1.8770541|0.80445176|9.892841
1509586395210|1.6759412|1.0821792|9.615114
1509586395342|1.8100165|0.9959879|9.595961
1509586395477|2.1068976|0.8714894|9.643845
1509586395607|1.8195933|0.9768343|9.481039
1509586395739|1.9249382|1.1013328|9.672575
1509586395871|1.6376339|1.0821792|9.222465
1509586396008|2.2697031|1.0342951|9.222465
1509586396140|2.135628|1.3599066|9.279925
1509586396275|1.8579005|1.1204864|9.883265
1509586396399|2.030283|1.0151415|9.902418
1509586396531|1.8483237|0.90021986|9.509769
1509586396663|2.1260512|0.6703765|9.768343
1509586396795|1.7238252|1.0630256|9.3182335
1509586396927|2.0494366|0.46926352|10.237606
1509586397059|1.6184803|0.90021986|9.710882
1509586397191|1.6567876|1.1492168|8.686164
1509586397323|1.7812861|0.8619126|9.14585
1509586397455|1.934515|0.63206923|10.084377
1509586397590|1.3311762|0.61291564|9.643845
1509586397727|1.3503298|0.2873042|10.0269165
1509586397860|1.292869|0.47884035|9.854534
1509586397983|1.1971009|0.5267244|9.825804
1509586398115|1.3311762|0.45010993|9.394848
1509586398247|1.2258313|0.29688102|9.490616
1509586398379|0.9864111|0.23942018|9.739613
1509586398511|0.8810662|0.4405331|9.768343
1509586398643|1.1300632|0.37349546|9.11712
1509586398775|1.0821792|-0.16280572|10.295067
1509586398907|1.0342951|0.32561144|9.80665
1509586399039|1.1492168|0.15322891|9.9790325
1509586399177|1.0821792|0.17238252|9.844957
1509586399302|1.0821792|0.047884032|9.797073
1509586399440|1.0630256|0.02873042|9.998186
1509586399576|1.1013328|0.29688102|9.203311
1509586399698|1.1204864|0.0|9.892841
1509586399830|0.842759|0.22026655|9.126697
1509586399963|0.7469909|0.038307227|9.097966
1509586400094|1.0151415|-0.10534488|9.959879
1509586400226|1.283292|0.02873042|10.25676
1509586400359|1.13964|0.19153613|9.586384
1509586400491|1.1971009|-0.12449849|9.720459
1509586400623|1.0821792|-0.10534488|9.864111
1509586400755|0.9959879|0.076614454|9.873688
1509586400890|0.842759|0.19153613|9.662998
1509586401021|0.6991069|0.16280572|8.887277
1509586401160|0.39264908|0.076614454|10.553641
1509586401285|-0.10534488|0.5746084|10.180145
1509586401415|-0.35434186|0.12449849|11.559206
1509586401547|0.009576807|1.3024458|8.896853
1509586401678|-0.02873042|1.8387469|8.829816
1509586401811|0.08619126|1.484405|9.892841
1509586401943|0.05746084|1.3503298|9.528923
1509586402075|0.9959879|1.388637|9.701305
1509586402207|-0.33518824|1.0821792|10.055647
1509586402339|0.1340753|1.6376339|9.346964
1509586402471|1.1492168|1.9632454|9.710882
1509586402610|1.1109096|2.2984335|10.141838
1509586402739|1.1587936|2.4229321|8.408437
