1509149366257|0.068101734|0.068101734|9.80665
1509149366391|0.068101734|0.05448139|9.80665
1509149366522|0.068101734|0.05448139|9.80665
1509149366654|0.068101734|0.05448139|9.80665
1509149366785|0.08172209|0.05448139|9.80665
1509149366919|0.095342435|0.05448139|9.80665
1509149367049|0.10896278|0.05448139|9.80665
1509149367183|0.10896278|0.05448139|9.80665
1509149367313|0.10896278|0.05448139|9.80665
1509149367446|0.10896278|0.05448139|9.80665
1509149367578|0.10896278|0.05448139|9.80665
1509149367710|0.095342435|0.05448139|9.80665
1509149367842|0.095342435|0.05448139|9.80665
1509149367974|0.08172209|0.05448139|9.80665
1509149368106|0.08172209|0.05448139|9.80665
1509149368238|0.08172209|0.05448139|9.80665
1509149368371|0.068101734|0.068101734|9.80665
1509149368502|0.08172209|0.068101734|9.80665
1509149368635|0.08172209|0.068101734|9.80665
1509149368767|0.08172209|0.068101734|9.80665
1509149368898|0.08172209|0.068101734|9.80665
1509149369030|0.08172209|0.068101734|9.80665
1509149369163|0.08172209|0.068101734|9.80665
1509149369295|0.08172209|0.068101734|9.80665
1509149369426|0.08172209|0.068101734|9.80665
1509149369557|0.08172209|0.068101734|9.80665
1509149369694|0.068101734|0.068101734|9.80665
1509149369823|0.068101734|0.068101734|9.80665
1509149369955|0.068101734|0.068101734|9.80665
1509149370086|0.068101734|0.068101734|9.80665
1509149370218|0.068101734|0.068101734|9.80665
1509149370350|0.068101734|0.068101734|9.80665
1509149370481|0.068101734|0.068101734|9.80665
1509149370615|0.068101734|0.068101734|9.80665
1509149370747|0.068101734|0.068101734|9.80665
1509149370879|0.068101734|0.068101734|9.80665
1509149371010|0.068101734|0.068101734|9.80665
1509149371143|0.068101734|0.068101734|9.80665
1509149371274|0.068101734|0.068101734|9.80665
1509149371406|0.08172209|0.05448139|9.80665
1509149371538|0.08172209|0.05448139|9.80665
1509149371670|0.08172209|0.05448139|9.80665
1509149371801|0.08172209|0.05448139|9.80665
1509149371942|0.08172209|0.05448139|9.80665
1509149372067|0.08172209|0.05448139|9.80665
1509149372199|0.08172209|0.05448139|9.80665
1509149372330|0.068101734|0.05448139|9.80665
1509149372462|0.05448139|0.05448139|9.80665
1509149372595|0.05448139|0.05448139|9.80665
1509149372726|0.05448139|0.05448139|9.80665
1509149372858|0.05448139|0.05448139|9.80665
1509149372990|0.05448139|0.05448139|9.80665
1509149373121|0.05448139|0.05448139|9.80665
1509149373254|0.027240695|0.05448139|9.80665
1509149373386|0.013620348|0.05448139|9.80665
1509149373518|0.013620348|0.05448139|9.80665
1509149373652|0.0|0.068101734|9.80665
1509149373783|0.0|0.068101734|9.80665
1509149373915|0.0|0.068101734|9.80665
1509149374047|0.0|0.068101734|9.80665
1509149374178|0.0|0.068101734|9.80665
1509149374310|0.0|0.068101734|9.80665
1509149374442|-0.013620348|0.05448139|9.80665
1509149374575|-0.027240695|0.05448139|9.80665
1509149374706|-0.027240695|0.05448139|9.80665
1509149374839|-0.027240695|0.05448139|9.80665
1509149374972|-0.027240695|0.05448139|9.80665
1509149375105|-0.027240695|0.05448139|9.80665
1509149375234|-0.027240695|0.05448139|9.80665
1509149375366|-0.040861044|0.040861044|9.80665
1509149375498|-0.05448139|0.040861044|9.80665
1509149375630|-0.05448139|0.040861044|9.80665
1509149375763|-0.05448139|0.040861044|9.80665
1509149375895|-0.05448139|0.040861044|9.80665
1509149376027|-0.05448139|0.040861044|9.80665
1509149376158|-0.068101734|0.040861044|9.80665
1509149376300|-0.08172209|0.040861044|9.80665
1509149376423|-0.08172209|0.040861044|9.80665
1509149376554|-0.08172209|0.040861044|9.80665
1509149376686|-0.10896278|0.05448139|9.80665
1509149376819|-0.10896278|0.05448139|9.80665
1509149376951|-0.10896278|0.05448139|9.80665
1509149377083|-0.10896278|0.05448139|9.80665
1509149377215|-0.10896278|0.05448139|9.80665
1509149377345|-0.10896278|0.068101734|9.80665
1509149377479|-0.14982383|0.068101734|9.80665
1509149377611|-0.14982383|0.068101734|9.80665
1509149377743|-0.14982383|0.068101734|9.80665
1509149377875|-0.14982383|0.068101734|9.80665
1509149378007|-0.14982383|0.068101734|9.80665
1509149378139|-0.14982383|0.068101734|9.80665
1509149378270|-0.14982383|0.068101734|9.80665
1509149378403|-0.14982383|0.068101734|9.80665
1509149378535|-0.16344418|0.05448139|9.80665
1509149378667|-0.17706451|0.05448139|9.80665
1509149378798|-0.17706451|0.05448139|9.80665
