1510206217939|1018.1006
1510206218059|1018.1113
1510206218141|1018.1343
1510206218259|1018.2116
1510206218341|1018.11597
1510206218459|1018.1298
1510206218584|1018.13745
1510206218740|1018.1284
1510206218859|1018.1963
1510206218941|1018.2595
1510206219059|1018.2499
1510206219180|1018.2457
1510206219339|1018.1252
1510206219459|1018.08734
1510206219540|1018.1553
1510206219661|1018.0864
1510206219779|1018.1518
1510206219862|1018.177
1510206219980|1018.1058
1510206220140|1018.1045
1510206220260|1018.13586
1510206220382|1018.0991
1510206220500|1018.09375
1510206220581|1018.11255
1510206220740|1018.1633
1510206220860|1018.1633
1510206220941|1018.1658
1510206221060|1018.1229
1510206221141|1018.0718
1510206221260|1018.1016
1510206221342|1018.1382
1510206221460|1018.2125
1510206221580|1018.20447
1510206221740|1018.25586
1510206221861|1018.2012
1510206221942|1018.1457
1510206222067|1018.0389
1510206222180|1018.1294
1510206222263|1018.12585
1510206222380|1018.0952
1510206222461|1018.1369
1510206222580|1018.17694
1510206222665|1018.22943
1510206222782|1018.12146
1510206222939|1018.147
1510206223060|1018.16595
1510206223141|1018.0695
1510206223260|1018.0317
1510206223341|1018.06445
1510206223460|1018.18463
1510206223586|1018.1248
1510206223741|1018.1072
1510206223860|1018.19275
1510206223941|1018.1701
1510206224061|1018.1161
1510206224142|1018.1765
1510206224261|1018.24084
1510206224380|1018.0658
1510206224461|1018.03986
1510206224580|1018.17444
1510206224662|1018.1975
1510206224781|1018.1255
1510206224941|1018.0928
1510206225062|1018.2067
1510206225182|1018.1332
1510206225341|1018.0398
1510206225463|1018.07587
1510206225582|1018.11707
1510206225741|1018.1821
1510206225860|1018.1671
1510206225941|1018.19336
1510206226061|1018.12744
1510206226181|1018.0985
1510206226262|1018.08673
1510206226343|1018.0918
1510206226461|1018.17035
1510206226542|1018.15735
1510206226661|1018.0991
1510206226781|1018.15186
1510206226862|1018.1802
1510206226981|1018.15515
1510206227102|1018.1685
1510206227264|1018.177
1510206227382|1018.1068
1510206227544|1018.07324
1510206227664|1018.06104
1510206227783|1018.14374
1510206227942|1018.2761
1510206228062|1018.15796
1510206228185|1018.05176
1510206228342|1018.06055
1510206228462|1018.1249
1510206228585|1018.1781
1510206228743|1018.0906
1510206228862|1018.0964
1510206228943|1018.1294
1510206229061|1018.1823
1510206229182|1018.1921
1510206229263|1018.1389
1510206229382|1018.0713
1510206229463|1018.08044
1510206229583|1018.10706
1510206229703|1018.11206
1510206229864|1018.14624
1510206229982|1018.2304
1510206230142|1018.2075
1510206230262|1018.28534
1510206230344|1018.27124
1510206230462|1018.1609
1510206230582|1018.19806
1510206230664|1018.17004
1510206230782|1018.11426
1510206230864|1018.1391
1510206230982|1018.145
1510206231064|1018.1394
1510206231184|1018.10236
1510206231343|1018.14526
1510206231463|1018.1802
1510206231582|1018.13995
1510206231742|1018.1267
1510206231862|1018.1866
1510206231982|1018.25885
1510206232143|1018.3442
1510206232265|1018.0935
1510206232383|1018.1388
1510206232543|1018.13794
1510206232664|1018.01984
1510206232783|1018.03265
1510206232864|1018.09546
1510206232984|1018.1614
1510206233143|1018.2361
1510206233264|1018.2257
1510206233382|1018.1841
1510206233463|1018.073
1510206233583|1018.0315
1510206233743|1018.0796
1510206233871|1018.1353
1510206233982|1018.1118
1510206234063|1018.02545
1510206234145|1018.0625
1510206234262|1018.08325
1510206234344|1018.0698
1510206234463|1018.09326
1510206234583|1018.1048
1510206234664|1018.0887
1510206234783|1018.091
1510206234904|1018.11176
1510206235064|1018.18134
1510206235183|1018.202
1510206235303|1018.0817
1510206235464|1018.18915
1510206235545|1018.15985
1510206235663|1018.1254
1510206235744|1018.19476
1510206235865|1018.1046
1510206235983|1018.1698
1510206236065|1018.0994
1510206236184|1018.124
1510206236266|1018.18115
1510206236384|1018.1243
1510206236503|1018.14014
1510206236584|1018.1763
1510206236744|1018.1394
1510206236863|1018.1782
1510206236984|1018.14294
1510206237143|1018.0764
1510206237266|1018.0759
1510206237383|1018.0894
1510206237544|1018.14185
1510206237663|1018.22614
1510206237744|1018.198
1510206237867|1018.1724
1510206237984|1018.2563
1510206238144|1018.1543
1510206238264|1018.2051
1510206238345|1018.1902
1510206238464|1018.06836
1510206238584|1018.06085
1510206238744|1018.0752
1510206238866|1018.1933
1510206238984|1018.2575
1510206239065|1018.1687
1510206239183|1018.0698
1510206239264|1018.0663
1510206239345|1018.0576
1510206239465|1018.0964
1510206239583|1018.0951
1510206239664|1018.09937
1510206239746|1018.09644
1510206239864|1018.0856
1510206239945|1018.1609
1510206240064|1018.21954
1510206240184|1018.1053
1510206240265|1018.0696
1510206240384|1018.0858
1510206240465|1018.1017
1510206240585|1018.17554
1510206240744|1018.18506
1510206240865|1018.1897
1510206240946|1018.1592
1510206241065|1018.17114
1510206241185|1018.1397
1510206241346|1018.1238
1510206241464|1018.1752
1510206241584|1018.17346
1510206241665|1018.17017
1510206241785|1018.21277
1510206241944|1018.2517
1510206242065|1018.14294
1510206242184|1018.1331
1510206242266|1018.1295
1510206242386|1018.1275
1510206242547|1018.16724
1510206242665|1018.1373
1510206242785|1018.12976
1510206242944|1018.2299
1510206243065|1018.08704
1510206243186|1017.8883
1510206243267|1017.87463
1510206243385|1017.95386
1510206243545|1018.0171
1510206243665|1018.07367
1510206243785|1018.13336
1510206243945|1018.20166
1510206244067|1018.18176
1510206244185|1018.1119
1510206244267|1018.0877
1510206244385|1018.09143
1510206244545|1018.16235
1510206244666|1018.3355
1510206244786|1018.2427
1510206244867|1018.2563
1510206244989|1018.19434
1510206245146|1018.1613
1510206245267|1018.1377
1510206245388|1018.03815
1510206245546|1018.0757
1510206245669|1017.95355
1510206245791|1017.90894
1510206245947|1017.99414
1510206246067|1018.06085
1510206246186|1018.07227
1510206246346|1018.1172
1510206246467|1018.1744
1510206246586|1018.1639
1510206246710|1018.1289
1510206246868|1018.11334
1510206246985|1018.1885
1510206247067|1018.2718
1510206247186|1018.3523
1510206247345|1018.29315
1510206247466|1018.13586
1510206247547|1018.05884
1510206247666|1018.06665
1510206247748|1018.1421
1510206247866|1018.0984
1510206247986|1018.15015
1510206248149|1018.074
1510206248266|1018.056
1510206248387|1017.97174
1510206248469|1018.0071
1510206248586|1018.04474
1510206248748|1018.0427
1510206248866|1018.0991
1510206248986|1018.1742
1510206249146|1018.1262
1510206249266|1018.1016
1510206249347|1018.13257
1510206249467|1018.27386
1510206249586|1018.27057
1510206249667|1018.2813
1510206249788|1018.14954
1510206249870|1018.128
1510206249987|1017.99207
1510206250148|1017.9668
1510206250268|1018.053
1510206250388|1018.08563
