1509453173344|0.1814514|0.03430058|-0.97861356|0.09063296
1509453173465|0.1285993|-0.04510123|-0.98412055|0.11373121
1509453173603|0.093555175|-0.09586581|-0.9846941|0.11151079
1509453173709|0.059065606|-0.120924644|-0.988572|0.06792543
1509453173829|0.038656533|-0.12722991|-0.9899018|0.04911852
1509453173945|0.006098453|-0.13878976|-0.98960376|0.03721029
1509453174066|0.016130501|-0.22217984|-0.97465396|0.020629264
1509453174186|0.055224843|-0.2946185|-0.9531187|0.041411515
1509453174308|0.14624575|-0.16281332|-0.969948|0.106324404
1509453174431|0.14425802|-0.1800372|-0.97087413|0.06464996
1509453174545|0.036721755|-0.13264795|-0.99039435|0.013232247
1509453174666|0.03803003|-0.15536506|-0.98698044|0.016881648
1509453174786|0.13895658|-0.17640036|-0.9734393|0.044608656
1509453174914|0.11961854|-0.12859535|-0.98207945|0.068371244
1509453175025|-0.013964113|0.08406461|0.9963101|0.010215363
1509453175146|-0.038769923|0.16494222|0.9855391|0.0019073212
1509453175267|0.17196736|-0.21529663|-0.95915914|0.063940205
1509453175391|0.20702656|-0.17805901|-0.9585267|0.08161874
1509453175507|0.14760363|-0.14612807|-0.9776217|0.033401515
1509453175627|0.16923134|-0.18483374|-0.96711165|0.043500315
1509453175749|0.24406305|-0.16594127|-0.9543315|0.04634741
1509453175865|0.25184613|-0.17211752|-0.9515915|0.037719045
1509453175993|0.19028993|-0.11478143|-0.974974|0.0063790614
1509453176109|0.17935883|-0.15187614|-0.9714195|0.03328943
1509453176229|0.2167752|-0.20363575|-0.95238984|0.067041494
1509453176346|0.26980323|-0.19799936|-0.93949556|0.073147275
1509453176466|0.2909952|-0.21739551|-0.92732346|0.09017869
1509453176584|0.27885112|-0.19252646|-0.9370805|0.083998635
1509453176709|0.25265145|-0.16791388|-0.9503426|0.06943451
1509453176826|0.22549942|-0.12184226|-0.9646338|0.06153116
1509453176946|0.1557078|-0.08284736|-0.98174506|0.07119031
1509453177068|0.111338824|-0.08407394|-0.98675615|0.082749665
1509453177185|0.104318164|-0.10488903|-0.98405594|0.0987417
1509453177309|0.10801217|-0.1618181|-0.97259694|0.127293
1509453177426|0.13039225|-0.17491862|-0.9670957|0.13087131
1509453177547|0.15643334|-0.18250935|-0.96034074|0.14129616
1509453177679|0.2354027|-0.18643077|-0.9430939|0.14283907
1509453177791|0.28868783|-0.21865411|-0.9184396|0.15911734
1509453177911|0.26093873|-0.1723815|-0.93808514|0.14896937
1509453178031|0.2095559|-0.15799591|-0.9571708|0.12226065
1509453178147|0.17082995|-0.15492265|-0.9671196|0.10721883
1509453178265|0.13437146|-0.13488531|-0.9774466|0.09136927
1509453178388|0.09523906|-0.119676985|-0.9852765|0.07640128
1509453178511|0.080474794|-0.12808569|-0.98620546|0.06720594
1509453178630|0.05003969|-0.15169713|-0.9857851|0.052073743
1509453178752|0.07888742|-0.18768331|-0.9759374|0.07808876
1509453178866|0.13280556|-0.20703001|-0.9616508|0.121363185
1509453178988|0.18249951|-0.19041666|-0.9531766|0.147952
1509453179108|0.23037422|-0.22494623|-0.9374753|0.1321624
1509453179226|0.24286081|-0.21561697|-0.93435585|0.14665285
1509453179348|0.20251027|-0.17835778|-0.9540459|0.13028617
1509453179466|0.15905654|-0.16290976|-0.96938133|0.091985025
1509453179586|0.11034221|-0.14900704|-0.9798814|0.073851
1509453179708|0.080922484|-0.15272008|-0.9822967|0.07225896
1509453179826|0.054628253|-0.15217517|-0.9856145|0.049219187
1509453179945|0.059126403|-0.15611915|-0.9846439|0.05106205
1509453180067|0.10017643|-0.20656721|-0.9682763|0.098669514
1509453180187|0.15476745|-0.1816023|-0.9612745|0.13790913
1509453180305|0.21509904|-0.2112507|-0.94558865|0.1223423
1509453180429|0.24644186|-0.24150975|-0.9284529|0.13753073
1509453180546|0.232595|-0.1702496|-0.9491566|0.12655617
1509453180668|0.18995322|-0.14694676|-0.9656677|0.099046834
1509453180788|0.12632017|-0.121297196|-0.9822432|0.06729432
1509453180907|0.051855538|-0.099576265|-0.9931558|0.032206025
1509453181028|0.02569554|-0.07433397|-0.9968317|0.011865536
1509453181148|0.06699011|-0.101293094|-0.9920122|0.03411485
1509453181267|0.11902445|-0.12688977|-0.9817991|0.07617526
1509453181387|0.16482842|-0.12893343|-0.97333837|0.09391608
1509453181514|0.20857291|-0.15829025|-0.96042943|0.09495694
1509453181627|0.23848769|-0.16076206|-0.9516677|0.10773934
1509453181746|0.18030734|-0.08675722|-0.97545654|0.09190723
1509453181874|0.12647744|-0.075203486|-0.9867923|0.067740634
1509453181992|0.07707056|-0.089337|-0.9919803|0.04532178
1509453182109|0.08203374|-0.08562089|-0.992688|0.022584634
1509453182231|0.12994282|-0.12980019|-0.9818372|0.04756489
1509453182347|0.17358324|-0.16127886|-0.965017|0.11225037
1509453182468|0.232485|-0.16159111|-0.95255744|0.11168441
1509453182587|0.27108434|-0.20818241|-0.93431926|0.10109869
1509453182707|0.2426951|-0.14074552|-0.95534354|0.09278204
1509453182829|0.18787093|-0.11434164|-0.9721021|0.08153545
1509453182947|0.13737287|-0.10346834|-0.98303884|0.06370001
1509453183066|0.09420712|-0.10013251|-0.9896189|0.04186799
1509453183190|0.06473955|-0.08967396|-0.99383384|0.0078544235
1509453183308|0.1222818|-0.13354902|-0.98256165|0.04224304
1509453183431|0.17355919|-0.15793656|-0.9682166|0.08654374
1509453183550|0.21039471|-0.22358957|-0.945778|0.10604586
1509453183667|0.22412178|-0.21552631|-0.9456093|0.0956081
1509453183788|0.18988861|-0.1639162|-0.965476|0.0702138
1509453183905|0.12649424|-0.14401689|-0.98056096|0.04193503
1509453184034|0.08562467|-0.14396018|-0.9857866|0.012986629
1509453184150|0.10528475|-0.12743205|-0.9862004|0.00921637
1509453184269|0.13680215|-0.1694079|-0.97532207|0.036510967
1509453184386|0.18955253|-0.1753385|-0.96237594|0.08460958
1509453184515|0.22775444|-0.21095635|-0.9448735|0.104112595
1509453184628|0.21394894|-0.16637479|-0.9576999|0.09672766
1509453184749|0.1354456|-0.13117757|-0.9805817|0.05391114
1509453184868|0.08541998|-0.126671|-0.98775846|0.031481057
1509453184988|-0.081900164|0.092340454|0.99226135|0.0135276485
1509453185117|-0.057994187|0.07208879|0.9955761|0.016373688
1509453185232|-0.0034916478|-0.04095112|-0.99896926|0.019267224
1509453185348|-1.7406985E-4|0.0032970447|-0.9997849|0.020475373
1509453185469|0.0025434087|-0.0056270943|-0.99990684|0.012174039
1509453185589|0.024751645|-0.0149307735|-0.9992754|0.024761735
1509453185707|0.05068464|-0.041160442|-0.9972146|0.036053568
