1510200183158|0.08491516|0.18562219|0.76765025|0.60749227
1510200183268|0.092493266|0.18651265|0.7643018|0.6103285
1510200183385|0.08923605|0.18711828|0.76326126|0.61192805
1510200183502|0.08688035|0.20084667|0.7593593|0.61276907
1510200183623|0.084872805|0.22964586|0.74669814|0.61846685
1510200183727|0.08745748|0.22926573|0.7446283|0.6207391
1510200183842|0.098243386|0.2013799|0.7042121|0.6737059
1510200183957|0.101935215|0.1959096|0.69890213|0.68026793
1510200184071|0.10583045|0.20768371|0.69200605|0.683224
1510200184186|0.10544019|0.19957241|0.6939549|0.68372494
1510200184301|0.11509274|0.20037426|0.68850905|0.68742937
1510200184417|0.13136709|0.20714357|0.67217344|0.69858223
1510200184533|0.13257454|0.20790838|0.6628909|0.70694673
1510200184649|0.1349476|0.19785817|0.6581351|0.7137923
1510200184762|0.13216652|0.2009428|0.65557975|0.7157997
1510200184878|0.13388658|0.19693992|0.65605265|0.7161592
1510200184992|0.1319578|0.2005367|0.6531949|0.7181285
1510200185107|0.13295873|0.20470381|0.65215796|0.7177105
1510200185223|0.15629724|0.18130621|0.5529637|0.7980792
1510200185337|0.15841429|0.18671441|0.555888|0.7943747
1510200185453|0.15587921|0.18098332|0.5595817|0.7936089
1510200185569|0.16164309|0.18883823|0.55866784|0.79126596
1510200185683|0.1588971|0.1862324|0.5614776|0.7904506
1510200185798|0.1594072|0.18892354|0.5620254|0.7893191
1510200185913|0.15640521|0.18619463|0.56627077|0.78753185
1510200186028|0.15293106|0.18538405|0.56865263|0.7866886
1510200186144|0.1515401|0.18837588|0.5674505|0.787115
1510200186256|0.15489998|0.19168133|0.5674319|0.78567505
1510200186372|0.15426056|0.18964402|0.5710878|0.7836438
1510200186488|0.17004961|0.17503658|0.52107716|0.8178777
1510200186605|0.16707017|0.17231503|0.5248057|0.8166848
1510200186719|0.16762064|0.17121814|0.52266574|0.8181737
1510200186833|0.16712023|0.17085403|0.5254593|0.8165612
1510200186950|0.16705847|0.16992025|0.5261619|0.81631625
1510200187064|0.16435117|0.16918795|0.53131056|0.8136788
1510200187180|0.16404872|0.17088035|0.5302238|0.814095
1510200187294|0.16061716|0.17126964|0.52932996|0.8152783
1510200187408|0.16651012|0.17712769|0.5247925|0.81577754
1510200187524|0.17835355|0.18022949|0.51194495|0.8207434
1510200187643|0.17874064|0.18519592|0.5040927|0.8244057
1510200187752|0.17382436|0.18932864|0.50771284|0.822294
1510200187869|0.16901085|0.19274834|0.5298377|0.80842775
1510200187985|0.16923954|0.18938495|0.5317583|0.8079136
1510200188098|0.1650335|0.1903047|0.51836914|0.8172157
1510200188214|0.16281623|0.18899515|0.52578753|0.8132153
1510200188330|0.16555157|0.1905075|0.517976|0.81731296
1510200188443|0.16363496|0.18807302|0.51469946|0.8203271
1510200188558|0.1604811|0.18782333|0.5164494|0.8199075
1510200188673|0.16126913|0.18860632|0.51771325|0.81877524
1510200188789|0.16140044|0.18710119|0.5177314|0.81908315
1510200188904|0.16228731|0.19027358|0.5177642|0.8181558
1510200189019|0.16272688|0.19085586|0.524855|0.81340104
1510200189133|0.17072998|0.18620472|0.50553066|0.82499564
1510200189251|0.16986533|0.18704255|0.5047597|0.8254565
1510200189364|0.17244396|0.18610299|0.5116192|0.82089865
1510200189478|0.17448781|0.18759145|0.5168511|0.81684047
1510200189593|0.17445657|0.18649493|0.5228351|0.81328225
1510200189709|0.17585789|0.19942674|0.53251064|0.80357665
1510200189824|0.1762003|0.20457102|0.53812444|0.79845244
1510200189939|0.17606093|0.20958233|0.5501698|0.7889176
1510200190054|0.1787738|0.20587909|0.56848156|0.77619743
1510200190169|0.18243042|0.19162716|0.5864547|0.7655515
1510200190282|0.18192147|0.19963622|0.59426796|0.75755894
1510200190400|0.18649866|0.19126974|0.59146607|0.7607904
1510200190516|0.1973392|0.1903231|0.5573989|0.7836714
1510200190630|0.20320652|0.18178216|0.5534179|0.78701395
1510200190747|0.19723576|0.18053588|0.5610019|0.78344226
1510200190859|0.19689767|0.17523241|0.5513764|0.79152316
1510200190975|0.1994794|0.17587726|0.5508551|0.79109657
1510200191090|0.19668223|0.17269364|0.5499549|0.79312205
1510200191204|0.19547853|0.1796395|0.553568|0.7893543
1510200191320|0.19531266|0.17984737|0.5556063|0.78791463
1510200191433|0.19680269|0.17778297|0.56144255|0.7838649
1510200191553|0.19938402|0.17911685|0.57521456|0.7728463
1510200191663|0.19165635|0.18760854|0.593722|0.75866
1510200191780|0.18213865|0.19933666|0.6054287|0.7486965
1510200191894|0.1852336|0.20622022|0.5644642|0.7775229
1510200192009|0.18255161|0.19164318|0.5508835|0.7915018
1510200192124|0.19018574|0.16472052|0.5431292|0.8010663
1510200192241|0.18829376|0.16134378|0.5432913|0.8020899
1510200192355|0.17934519|0.14848883|0.5319704|0.81412154
1510200192472|0.18147416|0.15417476|0.5345787|0.81087786
1510200192585|0.16748862|0.13363384|0.54017377|0.8138193
1510200192700|0.17697684|0.14006856|0.5304926|0.8170909
1510200192815|0.17262349|0.13461694|0.53640723|0.8150746
1510200192931|0.17568816|0.1471994|0.5384163|0.8109093
1510200193046|0.16924429|0.12795213|0.5419058|0.8132175
1510200193159|0.1741324|0.14111222|0.55725676|0.7995187
1510200193275|0.17294696|0.14213155|0.54814655|0.8058681
1510200193389|0.17779867|0.14750679|0.5272913|0.81767553
1510200193505|0.18724813|0.16294132|0.5111361|0.82287794
1510200193620|0.18724403|0.1671065|0.503112|0.82697845
1510200193734|0.186851|0.18749635|0.49441472|0.82794076
1510200193850|0.18954638|0.19487786|0.4796541|0.83428216
1510200193965|0.19796653|0.19869675|0.47042283|0.8366787
1510200194082|0.20115116|0.20294759|0.4644771|0.8382192
1510200194197|0.20250177|0.20395015|0.46685582|0.8363271
1510200194311|0.20167242|0.20727764|0.46225542|0.83826256
1510200194427|0.1974236|0.19883823|0.46857744|0.83780813
1510200194547|0.19434057|0.20129764|0.48288676|0.8297779
1510200194655|0.19712593|0.19924352|0.48463562|0.82859623
1510200194776|0.19956711|0.19115575|0.48910388|0.82729065
1510200194892|0.2025377|0.19274303|0.4962339|0.821937
1510200195000|0.21252112|0.1826016|0.50332266|0.81740916
1510200195116|0.21347229|0.18051325|0.51181126|0.8123385
1510200195231|0.21239956|0.18173343|0.51245946|0.8119389
1510200195346|0.21307631|0.17724177|0.5152282|0.81100166
1510200195461|0.21264729|0.18451571|0.51415163|0.8101748
1510200195576|0.20479238|0.17595811|0.51856595|0.811288
1510200195690|0.20467252|0.18549903|0.52084744|0.80772346
1510200195806|0.20462544|0.1805844|0.5232263|0.80731153
1510200195920|0.19918537|0.18232383|0.53337824|0.8016176
1510200196035|0.19860189|0.1826016|0.53013927|0.8038447
1510200196151|0.19450025|0.17475398|0.53648096|0.80238324
1510200196267|0.19472001|0.18210821|0.53824854|0.79950565
1510200196381|0.18263148|0.14367734|0.545424|0.80530447
1510200196498|0.18314314|0.15055303|0.5492199|0.80134255
1510200196612|0.18266888|0.1425859|0.54958606|0.80265594
1510200196724|0.18308632|0.15296017|0.55224514|0.79881656
1510200196841|0.18573382|0.1693892|0.53173|0.80874807
1510200196957|0.193243|0.18665941|0.5010201|0.8226751
1510200197072|0.1942695|0.19519734|0.49477807|0.82422817
1510200197186|0.191232|0.20003833|0.5148102|0.81140953
1510200197301|0.18912874|0.2025176|0.5155432|0.8108219
1510200197417|0.19569105|0.19930127|0.49641746|0.82192075
1510200197531|0.19853829|0.19539316|0.5027257|0.8183342
1510200197647|0.19409458|0.19105656|0.5020246|0.8208508
1510200197761|0.20334779|0.195571|0.49300835|0.8230094
1510200197877|0.19552116|0.19360976|0.5023888|0.81969035
1510200197993|0.20130762|0.19013937|0.49015024|0.8264835
1510200198106|0.2022058|0.19584627|0.49169558|0.82401
1510200198222|0.20375015|0.18996154|0.4865623|0.8280445
1510200198335|0.20898089|0.19525635|0.48174074|0.8283283
1510200198451|0.20083888|0.18721119|0.4870352|0.8291034
1510200198566|0.20962013|0.19265172|0.4895059|0.824214
1510200198684|0.21083349|0.19205771|0.4905775|0.8234056
1510200198800|0.21869855|0.19263501|0.49024737|0.8214135
1510200198912|0.21799156|0.18722446|0.49430707|0.8204189
1510200199025|0.22571409|0.18715489|0.4894475|0.8212596
1510200199142|0.22321911|0.18638638|0.49509272|0.8187286
1510200199257|0.22239298|0.1832051|0.49428162|0.8201603
1510200199373|0.22991095|0.18446836|0.49668115|0.81634563
1510200199485|0.22821632|0.18149842|0.50853485|0.8101654
1510200199604|0.23047762|0.17635682|0.5098998|0.8098028
1510200199716|0.23504843|0.17880908|0.50932294|0.8083129
1510200199832|0.24674141|0.15162283|0.4284111|0.85591656
1510200199946|0.2484555|0.15584005|0.43048245|0.8536209
1510200200062|0.24838828|0.1569755|0.426751|0.85530436
1510200200177|0.24858463|0.1564058|0.4166101|0.86033654
1510200200292|0.2509655|0.15792426|0.405945|0.8644564
1510200200407|0.2458588|0.15622972|0.40790808|0.86530733
1510200200522|0.24851023|0.15732262|0.40365314|0.8663466
1510200200635|0.24698545|0.15639646|0.4072519|0.8652654
1510200200752|0.24733548|0.15811682|0.4002235|0.8681275
1510200200866|0.24931313|0.1582911|0.3966806|0.8691556
1510200200981|0.2500809|0.15650426|0.40114442|0.86720765
1510200201097|0.25068483|0.155637|0.39409816|0.8704142
1510200201212|0.25140345|0.15447718|0.38485315|0.8745405
1510200201329|0.25057787|0.15226804|0.3879268|0.8738066
1510200201443|0.25461233|0.15467162|0.38424087|0.87384677
1510200201558|0.2570816|0.15217866|0.38850844|0.8716719
1510200201674|0.2573256|0.15045546|0.38474417|0.8735666
1510200201787|0.24935351|0.1531899|0.3877238|0.8740858
1510200201903|0.2474269|0.15316299|0.39400125|0.871828
1510200202017|0.24503385|0.15271603|0.3962629|0.8715572
1510200202130|0.24391203|0.15336993|0.39747715|0.8712041
1510200202247|0.23848017|0.1537289|0.39807647|0.8723702
1510200202362|0.24317212|0.15594767|0.40304342|0.8683914
1510200202477|0.24099198|0.15193553|0.4021607|0.87011796
1510200202594|0.21327795|0.18922797|0.5218717|0.8039622
1510200202707|0.22166379|0.19870849|0.5111422|0.8062963
1510200202823|0.21732758|0.20103455|0.5154348|0.80416465
1510200202938|0.21805468|0.19660503|0.51465386|0.80556196
1510200203052|0.22313017|0.20344979|0.5088621|0.8061516
1510200203166|0.22157477|0.20326439|0.5053689|0.8088204
1510200203281|0.22030431|0.2031518|0.50993335|0.8063271
1510200203403|0.22362852|0.20333718|0.5122529|0.8038913
1510200203513|0.22357047|0.1966111|0.51849|0.8015787
1510200203629|0.22394545|0.19753818|0.52164054|0.7991985
1510200203743|0.21992448|0.1960496|0.5261067|0.7977528
1510200203857|0.19617751|0.2268616|0.63350385|0.7132468
1510200203973|0.19348283|0.22678316|0.6313126|0.71594566
1510200204089|0.19350867|0.22847988|0.6314653|0.71526426
1510200204204|0.19209452|0.22528479|0.6302952|0.7176869
1510200204318|0.19257945|0.22546513|0.62898785|0.7186466
1510200204432|0.19655938|0.2276118|0.62599033|0.7195091
1510200204548|0.191944|0.22625959|0.6259524|0.7212126
1510200204663|0.19652349|0.22899224|0.62744284|0.71781373
1510200204779|0.19272481|0.22714329|0.6297728|0.71739066
1510200204893|0.19556126|0.22862451|0.6321413|0.7140616
1510200205009|0.19293834|0.22670236|0.63016355|0.7171295
1510200205124|0.19369474|0.22713105|0.63197726|0.7151913
1510200205236|0.17723884|0.23897135|0.67689997|0.67326486
1510200205354|0.17464407|0.23793395|0.6768634|0.67434627
1510200205469|0.17474498|0.24104926|0.6774545|0.672618
1510200205583|0.17040999|0.23647465|0.6751339|0.67766833
1510200205699|0.16848959|0.235639|0.6775505|0.67602575
1510200205820|0.17290287|0.23472479|0.6795769|0.6731895
1510200205933|0.16978134|0.23024967|0.68347615|0.67158
1510200206044|0.1702162|0.23043823|0.6785011|0.6764325
1510200206157|0.168486|0.23734863|0.66616493|0.68666035
1510200206272|0.16987997|0.24644445|0.6697819|0.67955726
1510200206389|0.16253336|0.24881633|0.6764064|0.6739049
1510200206505|0.16276029|0.24962276|0.6610755|0.68860495
1510200206619|0.16231205|0.25494218|0.6606363|0.6871819
1510200206735|0.15674403|0.24799505|0.6641792|0.68760145
1510200206849|0.16266981|0.24824731|0.6611249|0.68907595
1510200206962|0.16212833|0.2527239|0.66173965|0.686983
1510200207079|0.163637|0.24779822|0.6617207|0.6884364
1510200207195|0.16562967|0.25034064|0.6592968|0.68936497
1510200207309|0.15989892|0.2443627|0.6664995|0.6859283
1510200207424|0.16361515|0.24861254|0.65821683|0.6915002
1510200207539|0.16005063|0.2469828|0.6599263|0.69128907
1510200207655|0.16280212|0.24462868|0.6589137|0.6924486
1510200207768|0.16098908|0.246952|0.65789646|0.69301474
1510200207885|0.16139247|0.24114448|0.6511737|0.7012664
1510200207999|0.1639398|0.24522442|0.6483074|0.70191616
1510200208114|0.16089901|0.2397617|0.65381175|0.6993969
1510200208230|0.16515347|0.24380676|0.6506842|0.69992334
1510200208344|0.16327876|0.2438216|0.6533093|0.6979098
1510200208458|0.16491695|0.24215788|0.6535444|0.69788367
1510200208575|0.16523151|0.24457993|0.654493|0.69607335
1510200208690|0.16182195|0.24225591|0.6527809|0.69928735
1510200208802|0.16756709|0.24486229|0.65380543|0.69606197
1510200208920|0.16639179|0.24448271|0.65669197|0.69375616
1510200209037|0.16685069|0.24531016|0.6623677|0.68793374
1510200209149|0.16647458|0.24692352|0.6630288|0.6868099
1510200209264|0.17010261|0.24310143|0.65282166|0.69698685
1510200209380|0.17400537|0.24506676|0.64628905|0.7014092
1510200209494|0.17710727|0.24918188|0.63810027|0.7066608
1510200209609|0.17548978|0.24974434|0.6410005|0.7042368
1510200209723|0.17394912|0.24908203|0.6472209|0.6991459
1510200209840|0.1748457|0.2496539|0.64928836|0.6967973
1510200209953|0.17124379|0.24806795|0.6579482|0.6901029
1510200210071|0.16903341|0.25062847|0.65673184|0.69088084
1510200210186|0.17205973|0.24697646|0.65769255|0.690535
1510200210300|0.16785991|0.24977593|0.6565459|0.691652
1510200210414|0.16846101|0.24679536|0.6605022|0.68880314
1510200210527|0.16878974|0.25290376|0.6586198|0.68830925
1510200210644|0.17108148|0.2479711|0.658148|0.6899875
1510200210760|0.16523148|0.25436455|0.6607933|0.68654895
1510200210874|0.16091026|0.25117627|0.6651793|0.68451065
1510200210993|0.15871373|0.25124085|0.6643897|0.68576545
1510200211106|0.16354454|0.2482793|0.6538773|0.69574064
1510200211219|0.16362503|0.25390238|0.65243524|0.6950458
1510200211334|0.16045105|0.2564701|0.65975356|0.6878981
1510200211449|0.16128357|0.25204566|0.65874016|0.69030577
1510200211566|0.1702207|0.25829738|0.6536003|0.6907344
1510200211680|0.16388121|0.25612655|0.6620278|0.6850265
1510200211795|0.16392697|0.25632787|0.6583997|0.68842846
1510200211910|0.1665868|0.2572813|0.6542451|0.69138885
1510200212025|0.16255026|0.2553769|0.65164727|0.69549686
1510200212140|0.16102523|0.25698352|0.6549288|0.6921695
1510200212255|0.16043176|0.25636262|0.6582695|0.6893628
1510200212370|0.16514331|0.25558323|0.6486447|0.6976138
1510200212486|0.16099039|0.25489596|0.6528145|0.6949413
1510200212600|0.15799282|0.25564185|0.6564294|0.6919436
1510200212715|0.1659337|0.25540528|0.66195726|0.6848698
1510200212829|0.16320887|0.24850072|0.67702603|0.6732355
1510200212945|0.15735698|0.23185024|0.6904737|0.666881
1510200213062|0.1421913|0.21312475|0.7017916|0.6647165
1510200213176|0.12630506|0.20356499|0.7089751|0.6632968
1510200213293|0.12566848|0.20742038|0.70868385|0.6625341
1510200213407|0.13152894|0.21144536|0.70073754|0.6685491
1510200213520|0.12514608|0.22134677|0.7014349|0.6658327
