1510206628475|-0.09195296|0.08413523|0.870058|0.47693285
1510206628590|-0.06475621|0.07909953|0.8576226|0.5040172
1510206628706|-0.07245247|0.09743442|0.8623099|0.49160847
1510206628819|-0.11992764|0.1667518|0.8585064|0.46987024
1510206628934|-0.13446341|0.20915285|0.86548686|0.43486455
1510206629050|-0.08411237|0.21389048|0.87328744|0.42958704
1510206629167|-0.07509552|0.20426525|0.876333|0.4297404
1510206629280|-0.023788895|0.18149826|0.86860675|0.46045065
1510206629396|-0.017708633|0.15732871|0.86068|0.483905
1510206629510|-0.0050819516|0.13776787|0.84457386|0.51738685
1510206629626|0.0083455425|0.13387744|0.84247315|0.52177215
1510206629740|-0.03508055|0.1349725|0.83945715|0.52522707
1510206629855|-0.02740663|0.107843556|0.84264475|0.52684766
1510206629971|-0.02620176|0.09138373|0.8457189|0.5250924
1510206630085|-0.015251242|0.0864341|0.8545012|0.5119807
1510206630200|-0.01987587|0.081451885|0.8579743|0.50680435
1510206630315|-0.013590543|0.072376475|0.85259|0.5173656
1510206630430|-0.013993159|0.04651343|0.8533436|0.5190813
1510206630546|-0.02457934|0.04159077|0.86662763|0.4966111
1510206630661|-0.030152306|0.01827817|0.86819744|0.4949646
1510206630776|-0.020845892|0.011939853|0.86662614|0.4983794
1510206630889|-0.0040410524|0.021059133|0.8698281|0.49288866
1510206631004|-0.014821438|0.021812193|0.8727506|0.48745355
1510206631121|-0.016794309|0.030793801|0.8725632|0.4872404
1510206631235|-0.039922897|0.02961728|0.8761164|0.47953
1510206631349|-0.025875518|0.020216232|0.8723826|0.48771957
1510206631466|2.8282145E-4|0.024537101|0.8610904|0.5078594
1510206631580|-0.010421291|0.01375207|0.86555624|0.50051445
1510206631695|0.0024555263|0.0139497295|0.86251175|0.5058388
1510206631812|-0.0021976067|0.0038341873|0.85648197|0.51615804
1510206631927|-0.009138888|0.0051841885|0.8602681|0.5097336
1510206632041|-0.003720119|-0.0077741197|0.8460072|0.5331018
1510206632157|-0.0053952867|-0.0064029912|0.8503175|0.52620345
1510206632270|-0.015983958|-0.010933664|0.8508226|0.525096
1510206632386|-0.01433827|-0.027970973|0.84765995|0.529608
1510206632500|-0.005479988|-0.031098431|0.8460596|0.53215224
1510206632615|-0.035634343|-0.012118269|0.86408377|0.5019389
1510206632731|-0.028386962|-0.026920037|0.86066324|0.5076695
1510206632846|-0.016887411|-0.029607411|0.85352385|0.5199377
1510206632961|-0.048785355|-0.02348031|0.8674399|0.4945873
1510206633075|-0.039660577|-0.022037623|0.8501199|0.5246309
1510206633191|-0.03662813|-0.029873928|0.8460693|0.5309734
1510206633307|-0.047069214|-0.028361322|0.8610304|0.50557566
1510206633422|-0.043070838|-0.039493844|0.8420293|0.53625727
1510206633535|-0.049664587|-0.037708536|0.8469758|0.5279616
1510206633651|-0.06447164|-0.027656384|0.8619599|0.5020993
1510206633766|-0.058935113|-0.03048299|0.8530592|0.5175784
1510206633881|-0.06490256|-0.025495218|0.8552768|0.51345813
1510206633996|-0.059041604|-0.023452392|0.85204685|0.5195962
1510206634113|-0.056262914|-0.02738722|0.8540226|0.5164589
1510206634226|-0.06474076|-0.030371722|0.8571651|0.5100531
1510206634340|-0.06345168|-0.0352917|0.86008245|0.5049619
1510206634456|-0.0617839|-0.038860146|0.86277777|0.5002871
1510206634571|-0.05765202|-0.041845847|0.86630887|0.49440277
1510206634685|-0.054773074|-0.042339373|0.87162197|0.48526528
1510206634800|-0.055482686|-0.042272035|0.8735101|0.48178294
1510206634916|-0.057205457|-0.042162303|0.8735236|0.4815666
1510206635032|-0.063021064|-0.03723707|0.8741225|0.4801579
1510206635146|-0.07515077|-0.042239945|0.86441785|0.49532807
1510206635263|-0.07571986|-0.05043435|0.8564701|0.50811595
1510206635377|-0.06410893|-0.05537856|0.85070926|0.51876485
1510206635492|-0.061232213|-0.06237468|0.85170203|0.5166852
1510206635607|-0.058466982|-0.07091035|0.84857756|0.5210273
1510206635721|-0.059168886|-0.06651122|0.8506765|0.51809734
1510206635837|-0.05800506|-0.06421188|0.84986764|0.51984346
1510206635952|-0.053540178|-0.057742115|0.85155755|0.5183136
1510206636067|-0.050133493|-0.04842538|0.8575765|0.5096118
1510206636182|-0.061606027|-0.06417789|0.8403925|0.5346273
1510206636297|-0.07458485|-0.05914893|0.84621304|0.5242728
1510206636411|-0.073179476|-0.05938012|0.84570986|0.52525574
1510206636527|-0.060534973|-0.057382096|0.8410859|0.5344317
1510206636642|-0.0574312|-0.051288534|0.84266937|0.53289723
1510206636756|-0.060537744|-0.059777632|0.8477829|0.5234749
1510206636873|-0.059570074|-0.056965154|0.8407614|0.535095
1510206636987|-0.06901037|-0.057533473|0.849143|0.5204648
1510206637102|-0.0642132|-0.057319414|0.84549403|0.52700186
1510206637219|-0.08102502|-0.05681877|0.8548963|0.5092729
1510206637332|-0.08301399|-0.0586528|0.85605896|0.5067856
1510206637447|-0.06145491|-0.06248345|0.84128994|0.5334326
1510206637562|-0.050227642|-0.06372761|0.8449015|0.52873194
1510206637678|-0.052305173|-0.05889121|0.85026276|0.5204318
1510206637793|-0.06725778|-0.041950468|0.8710149|0.4848192
1510206637908|-0.059551027|-0.049810596|0.8579378|0.50785357
1510206638022|-0.051683553|-0.045185726|0.86050296|0.50479865
1510206638138|-0.06152761|-0.042793475|0.8647156|0.49663872
1510206638253|-0.07008277|-0.031395014|0.8710928|0.48507738
1510206638366|-0.052080166|-0.031800188|0.8605649|0.5056723
1510206638483|-0.06819837|-0.019656636|0.87311715|0.4823163
1510206638597|-0.062117036|-0.010021831|0.8782128|0.4741132
1510206638712|-0.069768004|-0.0060752905|0.8912981|0.44797677
1510206638828|-0.076915|-0.0045454856|0.8884581|0.4524441
1510206638944|-0.066546716|-0.005727911|0.8893426|0.45233664
1510206639058|-0.07323307|-0.005101852|0.8929368|0.44415617
1510206639172|-0.06352396|5.8337714E-4|0.8881523|0.45513713
1510206639288|-0.07253725|-0.009282094|0.8926072|0.4448646
1510206639402|-0.07533334|-0.004063496|0.89163417|0.44642675
1510206639517|-0.07337947|0.015904749|0.8888591|0.45198667
1510206639633|-0.06834792|0.005477203|0.890301|0.4501808
1510206639749|-0.060993858|0.014717139|0.88779914|0.45593402
1510206639862|-0.05840824|0.015713448|0.8876386|0.45655146
1510206639979|-0.056192953|0.01960454|0.8849058|0.4619521
1510206640093|-0.06367605|0.014659017|0.8880647|0.45505124
1510206640207|-0.063821785|0.017294198|0.8881042|0.45486107
1510206640324|-0.07374392|0.010923515|0.89257056|0.44470254
1510206640438|-0.07358074|0.011433531|0.8894898|0.45084697
1510206640553|-0.08340814|0.017365009|0.89184755|0.44424036
1510206640669|-0.07416064|0.010778297|0.891826|0.44612825
1510206640783|-0.07230046|0.016068857|0.8909491|0.44802254
1510206640900|-0.07100414|0.01785398|0.8903839|0.44928405
1510206641012|-0.06985649|0.017401936|0.8881839|0.45381343
1510206641128|-0.07689419|0.019017218|0.8922671|0.4445054
1510206641244|-0.076588385|0.017961906|0.8885496|0.45198575
1510206641358|-0.08231303|0.017652825|0.89548194|0.43706414
1510206641472|-0.07552125|0.018414637|0.8873448|0.45450714
1510206641588|-0.077919245|0.011584795|0.8962124|0.436575
1510206641704|-0.07730401|0.014837017|0.886897|0.45521164
1510206641819|-0.070560224|0.02739759|0.8857405|0.45796764
1510206641933|-0.057097662|0.018999638|0.88323635|0.46505103
1510206642050|-0.06498977|0.023258584|0.88977665|0.4511462
1510206642164|-0.06677731|0.021279369|0.8893405|0.45184228
1510206642283|-0.07230798|0.02243999|0.88668364|0.45613605
1510206642393|-0.064345926|0.019344417|0.8817528|0.46690193
1510206642508|-0.06885524|0.022010135|0.8933103|0.44358906
1510206642623|-0.06446049|0.011874325|0.88419574|0.46249515
1510206642753|-0.08055314|0.022382466|0.9059801|0.41498223
1510206642852|-0.06655414|0.009845885|0.8849156|0.4608666
1510206642969|-0.072225176|0.010913346|0.90084034|0.4279616
1510206643083|-0.07053083|0.012332387|0.89085346|0.44861275
1510206643198|-0.07739682|0.015786842|0.89446145|0.4401127
1510206643314|-0.07250033|0.021972261|0.88800967|0.45354137
1510206643430|-0.07426193|0.019630978|0.8890808|0.45125943
1510206643544|-0.07849507|0.014354329|0.8911189|0.44669852
1510206643659|-0.079373024|0.011430818|0.89251363|0.4438341
1510206643774|-0.0856923|0.009130499|0.8911632|0.44542298
1510206643889|-0.07780579|0.0128122475|0.88181555|0.46495533
1510206644003|-0.07238098|0.018560033|0.8822838|0.4647492
1510206644120|-0.08191264|0.018830454|0.89204234|0.44406775
1510206644233|-0.087524824|0.02242038|0.8914041|0.44411206
1510206644351|-0.08207906|0.020602526|0.8854743|0.45691773
1510206644463|-0.07605578|0.025037175|0.8855444|0.45760214
1510206644579|-0.073335655|0.030989276|0.8915928|0.44578448
1510206644695|-0.07875666|0.02502642|0.8875788|0.45318317
1510206644810|-0.070758216|0.025183635|0.88137877|0.4664017
1510206644923|-0.080826506|0.025758626|0.89107823|0.44585106
1510206645039|-0.07812854|0.022385154|0.88762563|0.4533382
1510206645153|-0.06870424|0.02049732|0.8832395|0.46340865
1510206645273|-0.07723671|0.015327099|0.8887622|0.45155442
1510206645385|-0.075636454|0.01901623|0.8892121|0.45079857
1510206645499|-0.079540856|0.018898658|0.8907845|0.44701126
1510206645613|-0.07778892|0.018692335|0.889099|0.45066884
1510206645728|-0.08377387|0.025781231|0.8965146|0.43425664
1510206645843|-0.078544095|0.014607333|0.8956938|0.43743584
1510206645959|-0.076094486|0.01811578|0.8958834|0.43734932
1510206646074|-0.07878586|0.01953273|0.9008126|0.4265535
1510206646189|-0.07225921|0.0244424|0.8952796|0.4389256
1510206646304|-0.0800212|0.020288492|0.9052034|0.41688344
1510206646421|-0.0750627|0.019651404|0.9005637|0.42774335
1510206646535|-0.07697224|0.01981847|0.9028875|0.42246494
1510206646651|-0.07565525|0.019543992|0.90022606|0.4283542
