1510199453550|-0.008555217|-0.24918386|-0.9640051|0.09234909
1510199453666|-0.010866672|-0.25079024|-0.96408814|0.08671914
1510199453779|-0.009987286|-0.23940447|-0.9695207|0.051140968
1510199453895|9.364384E-5|0.23830524|0.97111267|0.012280245
1510199454010|-9.815224E-4|0.25418094|0.9660053|0.047168132
1510199454127|-0.00644954|0.277174|0.95963156|0.047330923
1510199454240|-0.0037240884|0.26385826|0.9637338|0.03977627
1510199454355|0.0040483754|0.27279767|0.96105295|0.04407132
1510199454471|0.014123147|0.2662071|0.96323466|0.03336581
1510199454584|-5.3825084E-4|0.24703749|0.9688847|0.015315956
1510199454701|0.0060169003|0.25694895|0.96616215|0.02171855
1510199454816|0.0043870704|0.2318721|0.9724515|0.023540037
1510199454931|0.008403773|0.2496144|0.9678943|0.028330531
1510199455045|-0.0029621832|0.21931921|0.97503436|0.03461712
1510199455160|-0.0023961808|0.22274719|0.9742054|0.036081765
1510199455278|-5.965466E-5|0.22536176|0.9734479|0.04013948
1510199455389|8.885324E-4|0.23291276|0.97154546|0.043015167
1510199455507|0.0024441658|0.22092466|0.97446996|0.0399329
1510199455620|-0.0044120485|0.20114702|0.97914666|0.028145885
1510199455736|0.012016925|0.21805947|0.97522116|0.03534652
1510199455850|-8.909039E-4|0.2116732|0.9771385|0.019848727
1510199455966|-0.0031862683|0.17288205|0.98483217|0.014394745
1510199456080|0.013407926|0.20819964|0.97788227|0.0148139335
1510199456195|-0.01738103|-0.20631804|-0.97830844|0.00658251
1510199456311|-0.017459983|-0.19590919|-0.97974396|0.037636135
1510199456426|-0.022317572|-0.19173649|-0.9799184|0.04998958
1510199456541|-0.03141899|-0.22138697|-0.9734348|0.049247857
1510199456655|-0.03547793|-0.22477774|-0.9726549|0.04646209
1510199456770|-0.032397263|-0.23661548|-0.9700304|0.04477145
1510199456885|-0.018801766|-0.19776696|-0.9789822|0.046136793
1510199457002|-0.018999357|-0.21034548|-0.9768397|0.03432217
1510199457115|0.018918246|-0.22820626|-0.97289354|0.03228181
1510199457231|0.015207813|-0.2813988|-0.95919293|0.023073014
1510199457347|0.04460378|-0.26005644|-0.96422523|0.025512045
1510199457462|0.041346595|-0.25914446|-0.96470654|0.021816272
1510199457577|0.038669296|-0.26328996|-0.9637113|0.021062626
1510199457692|0.035505973|-0.24733528|-0.96808326|0.019478656
1510199457806|0.0341812|-0.24478899|-0.96878797|0.018970238
1510199457923|0.033496704|-0.24567796|-0.9686476|0.015562453
1510199458036|0.03149955|-0.2462234|-0.9686461|0.010319294
1510199458152|0.039602663|-0.2236607|-0.9737804|0.012619325
1510199458267|0.03165047|-0.23265845|-0.9719914|0.010050241
1510199458381|0.028472096|-0.24144852|-0.96996367|0.007901943
1510199458496|0.032068647|-0.24046083|-0.96998495|0.016716275
1510199458611|0.025384294|-0.24478094|-0.9691467|0.01387741
1510199458726|0.036092572|-0.21279155|-0.9761734|0.022418547
1510199458842|0.027165394|-0.22331028|-0.97416663|0.019847685
1510199458957|0.027185915|-0.23313901|-0.971868|0.019487884
1510199459072|0.036940098|-0.19648458|-0.9794396|0.026967028
1510199459186|0.03605164|-0.20292385|-0.9781923|0.025727907
1510199459302|0.030166764|-0.21181569|-0.97660947|0.02140219
1510199459416|0.027318195|-0.22437452|-0.9740705|0.0098245
1510199459532|-0.027014147|0.23679203|0.97117466|0.004424118
1510199459647|-0.03987905|0.20710069|0.97748375|0.0066700685
1510199459761|-0.038491648|0.24732749|0.9679189|0.021922426
1510199459878|-0.04726284|0.23159955|0.97134495|0.024835873
1510199459992|-0.04123576|0.23291768|0.9712906|0.025367843
1510199460107|-0.029596178|0.23989077|0.9701801|0.018085323
1510199460222|-0.020791603|0.23006645|0.97295254|6.963562E-4
1510199460337|0.018671013|-0.21446627|-0.97634745|0.020030648
1510199460452|0.019152153|-0.22095542|-0.9748437|0.022174498
1510199460567|0.01181538|-0.22650817|-0.9737625|0.018466434
1510199460682|0.013431845|-0.21946555|-0.9753631|0.017924773
1510199460796|0.010717327|-0.22134016|-0.97496593|0.018305046
1510199460912|0.01268877|-0.2150691|-0.97638357|0.016104413
1510199461027|0.016371787|-0.21896662|-0.97553074|0.01119627
1510199461142|0.014672574|-0.22677372|-0.9737861|0.0099488795
1510199461258|0.016660405|-0.21765064|-0.97587585|0.0041230186
1510199461372|0.017958682|-0.22195141|-0.97488123|0.0046517565
1510199461486|0.018762307|-0.22595313|-0.973945|0.004924508
1510199461602|0.021432178|-0.21912172|-0.975438|0.0068609486
1510199461716|0.014206807|-0.22443531|-0.9743684|0.0057587186
1510199461832|0.011868289|-0.21506011|-0.9763591|0.018196564
1510199461947|-0.004174117|-0.22296835|-0.97440904|0.028190862
1510199462063|-0.0042856047|-0.20899169|-0.97749585|0.028389255
1510199462177|-0.017082522|-0.24608569|-0.9687031|0.027646363
1510199462292|-0.0136752175|-0.24884734|-0.968016|0.028860562
1510199462408|-0.0033080925|-0.200277|-0.97933584|0.027918765
1510199462523|-0.0075190817|-0.20101306|-0.97929275|0.022867197
1510199462637|-0.011215599|-0.2058735|-0.9783366|0.01865158
1510199462753|-0.0061937463|-0.21161754|-0.97719455|0.016447287
1510199462867|-0.0074226325|-0.22503527|-0.9743157|0.0035903344
1510199462982|-0.0029271229|0.22052477|0.97531915|0.010619518
1510199463097|-0.009451838|0.21100348|0.977094|0.025991471
1510199463213|-0.011938313|0.2114644|0.9762663|0.045214113
1510199463328|-0.010284727|0.19758527|0.9791517|0.046002146
1510199463443|-0.0031178384|0.19913822|0.9789503|0.044615433
1510199463557|0.006750346|0.19610003|0.9797085|0.040871188
1510199463673|0.011035355|0.20238923|0.97826546|0.043743163
1510199463790|0.006405612|0.19946459|0.9789848|0.041972157
1510199463902|0.008954331|0.19658886|0.9794735|0.043638736
1510199464020|0.013734377|0.2070034|0.97716784|0.045869384
1510199464133|0.0026130895|0.19284122|0.9803247|0.042058885
1510199464252|0.009316274|0.18887256|0.98101705|0.042963788
1510199464364|0.0031507039|0.20124264|0.9783695|0.047797512
1510199464478|-0.01127732|0.22392432|0.97344637|0.046183348
1510199464595|-0.019642536|0.20598151|0.9775334|0.040177412
1510199464708|-0.021966798|0.22738732|0.97300446|0.032783292
1510199464823|-0.037076592|0.24296954|0.96886003|0.030022904
1510199464939|-0.03748018|0.2306944|0.9720192|0.023536474
1510199465054|-0.03454553|0.23342097|0.97136545|0.02775623
1510199465168|-0.032431908|0.22689472|0.9727027|0.03628357
1510199465288|-0.031611126|0.22692525|0.97249573|0.04192497
1510199465400|-0.036788817|0.22051322|0.97388744|0.039544478
1510199465513|-0.032355424|0.23069526|0.9716281|0.040885698
1510199465628|-0.034984577|0.22133477|0.973788|0.03903689
1510199465744|-0.030744232|0.22978063|0.9719542|0.039505128
1510199465860|-0.030522915|0.22071677|0.97421694|0.035409573
1510199465974|-0.030193156|0.22548032|0.97312015|0.035834905
1510199466089|-0.029568644|0.22453095|0.9733603|0.035794675
1510199466205|-0.030574821|0.22185144|0.97399026|0.034498505
1510199466319|-0.03206665|0.22696781|0.97288865|0.030740542
1510199466433|-0.03074379|0.22247787|0.97407055|0.027293928
1510199466550|-0.028765013|0.23003589|0.9723501|0.028129747
1510199466664|-0.02942213|0.22282027|0.9740085|0.02815854
1510199466780|-0.029708445|0.22690466|0.9730521|0.02830769
1510199466895|-0.031932194|0.22698182|0.9729924|0.027301257
1510199467010|-0.03264115|0.22420645|0.9736455|0.026084825
1510199467124|-0.03250702|0.22890487|0.97257495|0.02537431
1510199467242|-0.031492215|0.22559474|0.9733407|0.02689203
1510199467362|-0.038853277|0.22536775|0.9728434|0.035714954
1510199467469|-0.048364002|0.203714|0.9770713|0.038642015
1510199467584|-0.04241557|0.21362326|0.9751389|0.040867753
1510199467701|-0.041269436|0.2249102|0.9721613|0.05113355
1510199467814|-0.05075584|0.21047097|0.97467554|0.055976864
1510199467931|-0.048234988|0.21049544|0.9751299|0.04986654
1510199468044|-0.04343611|0.21677047|0.9738676|0.05201742
1510199468160|-0.045114767|0.21894695|0.97337043|0.05076349
1510199468274|-0.051002808|0.20506081|0.9761534|0.049733482
1510199468390|-0.04665029|0.21079226|0.97508657|0.05095636
1510199468504|-0.044971|0.2088561|0.97549176|0.052654993
1510199468620|-0.05083915|0.2044419|0.97617453|0.051982254
1510199468734|-0.049375918|0.20094857|0.9770762|0.05003875
1510199468850|-0.04447774|0.20772022|0.97579086|0.052021123
1510199468965|-0.045467146|0.20721786|0.97593844|0.05037541
1510199469080|-0.056845494|0.19610523|0.97784126|0.046236508
1510199469195|-0.046764888|0.21519239|0.9742635|0.048124187
1510199469310|-0.05630734|0.18471241|0.98011523|0.0456614
1510199469425|-0.04644487|0.21491145|0.9743907|0.047103148
1510199469540|-0.04599805|0.21144842|0.97520876|0.046277832
1510199469657|-0.057835612|0.19020523|0.97903204|0.04442206
1510199469769|-0.047146864|0.21573402|0.9742355|0.04583876
1510199469886|-0.04882493|0.20322631|0.97689885|0.04454013
1510199470000|-0.049758926|0.20471573|0.9765744|0.04379429
1510199470114|-0.04425066|0.2108845|0.97563016|0.04141748
1510199470229|-0.048057962|0.20832416|0.975846|0.044900622
1510199470344|-0.05136832|0.20420569|0.9766563|0.04247121
1510199470459|-0.04984426|0.20378588|0.97694355|0.039599914
1510199470576|-0.04944067|0.20376684|0.9770396|0.037793487
1510199470690|-0.046063464|0.20985693|0.9758401|0.039677583
1510199470805|-0.049196456|0.20508933|0.97673804|0.038741536
1510199470920|-0.043245867|0.21067452|0.9759196|0.036428045
1510199471034|-0.040175434|0.2136609|0.97555983|0.03190628
1510199471151|-0.03981301|0.2134138|0.9757451|0.02812565
1510199471266|-0.041916244|0.2050191|0.97757655|0.02354343
1510199471380|-0.034451324|0.21411835|0.97593933|0.022558011
1510199471496|-0.035478268|0.2121351|0.9761872|0.028257579
1510199471611|-0.03580354|0.21429531|0.97562855|0.030733522
1510199471725|-0.037679024|0.21218747|0.97612536|0.027131151
1510199471840|-0.035465825|0.21591772|0.97529846|0.030242426
1510199471957|-0.037121467|0.2131562|0.97598743|0.025198998
1510199472072|-0.04482417|0.20254692|0.9781318|0.014957279
1510199472185|-0.04049645|0.20853916|0.97711635|0.010729538
1510199472300|0.04290591|-0.21448663|-0.975715|0.011612742
1510199472417|0.05086165|-0.18632688|-0.97785836|0.08055044
1510199472531|0.06092631|-0.23155187|-0.96142095|0.13543078
1510199472646|0.08283621|-0.23941188|-0.9513749|0.17523105
1510199472764|0.11319826|-0.25431946|-0.94563967|0.16814697
1510199472876|0.1169905|-0.25274703|-0.9468219|0.16112246
1510199472992|0.11871296|-0.25114045|-0.94842243|0.15274373
1510199473107|0.10139088|-0.24263747|-0.95367646|0.14611009
1510199473221|0.085176885|-0.22242285|-0.9574699|0.16286309
1510199473336|0.07927288|-0.21875869|-0.9585674|0.16434427
1510199473452|0.075882986|-0.22226875|-0.96014255|0.1515408
1510199473565|0.06787904|-0.2118466|-0.96256155|0.15488279
1510199473682|0.06286309|-0.21549109|-0.9605129|0.16439848
1510199473795|0.061064254|-0.19194062|-0.96601945|0.16197634
1510199473910|0.057962183|-0.2034781|-0.96562743|0.15099894
1510199474026|0.050307866|-0.19402725|-0.96904373|0.14414164
1510199474142|0.03519894|-0.18556835|-0.97233695|0.13742727
1510199474262|0.01561458|-0.17179902|-0.9793157|0.105745286
1510199474397|-0.021481736|-0.20776267|-0.97345865|0.09354942
1510199474486|-0.037512828|-0.22411378|-0.9708608|0.07612627
1510199474602|-0.03199383|-0.23859483|-0.9675736|0.07648677
1510199474717|-0.06240579|-0.26142526|-0.9616074|0.055439517
1510199474832|-0.0893945|-0.27187377|-0.95787805|0.023725588
1510199474947|-0.07741743|-0.28702164|-0.95468193|0.014404538
1510199475063|-0.07313628|-0.28911987|-0.954462|0.007943157
1510199475197|-0.06113126|-0.2953199|-0.9534363|0.002885673
1510199475292|0.05958352|0.3042688|0.9507188|0.0019918582
1510199475414|0.060961448|0.3040632|0.95069003|0.0042154663
1510199475531|0.058312196|0.30402544|0.9507745|0.014003428
1510199475636|0.06356625|0.31112927|0.94802886|0.01998063
1510199475752|0.049894005|0.28985563|0.95562|0.016875438
1510199475869|0.056640476|0.30156866|0.95137036|0.027250772
1510199475982|0.061080754|0.29343835|0.95358235|0.029047968
1510199476097|0.060395546|0.29180828|0.95417595|0.027360024
1510199476211|0.05177725|0.28521714|0.9567964|0.022602802
1510199476332|0.06053236|0.28449932|0.95646286|0.023973657
1510199476441|0.06334653|0.28296286|0.9568012|0.021231622
1510199476557|0.06434236|0.27899098|0.95794564|0.019084485
1510199476672|0.06240371|0.28576112|0.95607793|0.019010501
1510199476787|0.06622402|0.28715003|0.955385|0.019968456
1510199476903|0.059733607|0.28452426|0.9566887|0.0149858985
1510199477019|0.0773514|0.29803297|0.9511033|0.024403526
1510199477131|0.08570202|0.30494657|0.948035|0.02987271
1510199477248|0.08581652|0.3019309|0.9491083|0.025819905
1510199477361|0.07231974|0.28474075|0.9557881|0.012714982
1510199477478|-0.06110388|-0.28313488|-0.95697635|0.017241204
1510199477592|-0.050890677|-0.26150554|-0.9632321|0.03477027
1510199477708|-0.040298175|-0.23848508|-0.96906275|0.049176563
1510199477822|-0.031981103|-0.2341892|-0.969136|0.0700571
1510199477938|-0.034101773|-0.21727543|-0.9716632|0.08659747
1510199478053|-0.0327676|-0.19399416|-0.97548395|0.098608166
1510199478170|-0.01860356|-0.1848817|-0.9763308|0.110683575
1510199478286|-0.010747456|-0.1705396|-0.97944987|0.10713843
1510199478397|0.024969555|-0.11370783|-0.98531234|0.12492673
1510199478513|0.05206226|-0.09917381|-0.98525536|0.12932894
1510199478641|0.042791046|-0.14519191|-0.9797359|0.13117072
1510199478757|0.043035798|-0.13903528|-0.98114616|0.12715858
1510199478860|0.018055823|-0.14466794|-0.98254347|0.11555728
1510199478975|0.0120256|-0.15903893|-0.98037845|0.11584505
1510199479088|-0.0025106375|-0.16495723|-0.9803513|0.10813899
1510199479225|0.013302944|-0.16637652|-0.9796504|0.111476734
1510199479317|-0.003387066|-0.17308363|-0.9791065|0.106682226
1510199479433|0.013351187|-0.17893262|-0.97761536|0.10987749
1510199479548|0.004885668|-0.17467937|-0.978893|0.10598008
1510199479663|0.009395261|-0.17310402|-0.9792595|0.10486915
1510199479778|0.0077451365|-0.16934672|-0.97955865|0.10828916
1510199479894|0.013218784|-0.19875406|-0.9739404|0.108454
1510199480011|-3.7637132E-4|-0.19633505|-0.9765636|0.08818143
1510199480125|0.015285109|-0.21987773|-0.97261435|0.07376599
1510199480239|0.022205187|-0.2619086|-0.9626078|0.06555204
1510199480356|-0.0027218587|-0.26708388|-0.96225274|0.052234806
1510199480469|0.03416333|-0.2771978|-0.9587744|0.052401476
1510199480584|0.0012911136|-0.27357972|-0.9611134|0.0375961
1510199480700|-0.021812044|-0.26130244|-0.9647139|0.02392431
1510199480814|0.05125507|0.25402328|0.96583736|0.0018111479
1510199480929|0.0692205|0.30356732|0.9497821|0.031135542
1510199481043|0.060414784|0.34337428|0.9361951|0.044529974
1510199481158|0.0697641|0.32930857|0.9406197|0.04385709
1510199481279|0.05956464|0.33857542|0.93804705|0.043433372
1510199481389|0.07422105|0.33489385|0.93812966|0.047434565
1510199481505|0.06834713|0.34013647|0.9364425|0.05207048
1510199481620|0.074321926|0.32370752|0.94185454|0.050987504
1510199481733|0.06301534|0.3094562|0.9481462|0.035842307
1510199481848|0.05909916|0.30619842|0.94985014|0.023121161
1510199481966|0.041209564|0.30079517|0.9527509|0.009471521
1510199482080|-0.043685064|-0.2750797|-0.9604233|0.0031447967
1510199482195|-0.037874416|-0.26911497|-0.96227473|0.013037127
1510199482311|-0.034530923|-0.2705011|-0.96202314|0.012175631
1510199482424|-0.01828561|-0.26747403|-0.96315014|0.02156475
1510199482539|-0.024721436|-0.26516947|-0.9637433|0.016516102
1510199482654|0.0023294527|-0.24534807|-0.9691896|0.021689998
1510199482769|-0.0027630513|-0.23192498|-0.97267497|0.010326045
1510199482884|-0.014560815|0.21660098|0.97615093|0.0011705216
1510199482999|-0.016515734|0.23576154|0.971582|0.013122862
1510199483114|-0.016092537|0.2427054|0.96928996|0.036223605
1510199483229|-0.009295996|0.23619373|0.97004515|0.0560228
1510199483346|-0.016288983|0.22547424|0.9717809|0.067364335
1510199483458|-0.008876468|0.24188702|0.9683393|0.061080996
1510199483574|-0.012304801|0.21061133|0.97594124|0.055046525
1510199483689|-0.013795038|0.22635232|0.97222245|0.05794724
1510199483806|-0.015205822|0.23169023|0.97044164|0.06581329
1510199483921|-0.01604903|0.22447748|0.97231776|0.06285285
1510199484055|-0.020387882|0.22132197|0.97367007|0.050671242
1510199484153|-0.0044004205|0.2378202|0.97040826|0.041592896
1510199484265|0.027555462|0.29977244|0.9519984|0.05546328
1510199484380|0.046900216|0.29022557|0.95439816|0.051900078
1510199484494|0.0288728|0.28711608|0.9567757|0.036207277
1510199484609|0.04718109|0.28557986|0.9558418|0.050838236
1510199484727|0.04816373|0.28891042|0.9548272|0.050160885
1510199484840|0.039953727|0.29992467|0.95235246|0.03838803
1510199484957|0.0594742|0.2836169|0.9557894|0.049908847
1510199485071|0.048001762|0.29093087|0.9542333|0.049939267
1510199485185|0.053897824|0.28906694|0.95409435|0.056914344
1510199485302|0.036899675|0.2868421|0.95538837|0.059942197
1510199485415|0.039079648|0.28461033|0.9557831|0.06283613
1510199485531|0.04020787|0.298734|0.9516261|0.059574038
1510199485645|0.039007626|0.29590845|0.9523928|0.06216543
1510199485762|0.048986293|0.29549077|0.9514822|0.07047868
1510199485876|0.04207979|0.28429472|0.95568717|0.06377935
1510199485991|0.030104635|0.30368623|0.9498408|0.06834365
1510199486107|0.007455825|0.27142552|0.9613378|0.04585012
1510199486221|0.008629784|0.2844396|0.9580193|0.034908213
1510199486335|0.005940401|0.24538107|0.9691821|0.020951344
1510199486450|0.009332147|0.232905|0.9724345|0.0062704426
1510199486565|-0.0022235573|-0.2537931|-0.9671941|0.010939891
1510199486686|0.007624836|-0.24261169|-0.96977174|0.024983466
1510199486795|0.010330348|-0.24262157|-0.9698144|0.02209055
1510199486910|0.014675447|-0.24526785|-0.9686541|0.036571957
1510199487025|0.012728354|-0.24923505|-0.9677328|0.034830082
1510199487141|0.005654856|-0.20869528|-0.97630787|0.056896534
1510199487255|-0.00885593|-0.20070934|-0.9768468|0.073536545
1510199487375|-0.015011951|-0.23099376|-0.9704123|0.06867635
1510199487486|-0.009501512|-0.19890843|-0.9777105|0.06653811
1510199487601|-0.013840156|-0.2162423|-0.974101|0.064613506
1510199487716|-0.010945331|-0.20800617|-0.9757493|0.06728222
1510199487831|-0.01467017|-0.21330531|-0.9750418|0.059825413
1510199487947|-0.0064089857|-0.2199215|-0.9734889|0.06255237
1510199488061|-0.004206214|-0.2242981|-0.9739268|0.03375388
1510199488177|0.029184366|-0.2455644|-0.968665|0.023120081
1510199488299|-0.03803402|0.25330982|0.96660095|0.008376205
1510199488405|-0.047992796|0.2887034|0.95575863|0.029538317
1510199488520|-0.028416002|0.2688587|0.9622926|0.030007593
1510199488636|-0.027248554|0.28154916|0.95891505|0.021666883
1510199488754|-0.0074056024|0.2943888|0.95508945|0.032932457
1510199488867|-0.024786655|0.265805|0.96347845|0.021038648
1510199488983|-0.015599559|0.2791884|0.95986336|0.021745056
1510199489097|-0.010024522|0.27259496|0.9618927|0.018812397
1510199489217|-0.0025895531|0.280496|0.9596651|0.018925397
1510199489327|-4.415705E-4|0.27999735|0.959826|0.018311996
1510199489442|0.006063114|0.29817507|0.9542779|0.020214092
1510199489557|0.01588031|0.2870626|0.957486|0.023738373
1510199489671|0.01031005|0.28604075|0.9578091|0.02600187
1510199489786|0.013247373|0.29797906|0.9540256|0.029463239
1510199489903|0.01883405|0.29971|0.95238715|0.052705947
1510199490017|0.020986509|0.30216855|0.9510514|0.061277922
1510199490132|0.02428799|0.26471293|0.96321064|0.039527554
1510199490247|0.013556228|0.26335204|0.9646011|0.0025861475
1510199490363|-0.0011761178|-0.24316858|-0.9698978|0.01288012
1510199490477|-0.008686502|-0.25180143|-0.96755934|0.018696228
1510199490591|-0.009158154|-0.26050404|-0.96516645|0.022528984
1510199490706|-0.0075880056|-0.22538283|-0.97355026|0.036673445
1510199490822|-0.015078249|-0.2268215|-0.97303075|0.039189063
1510199490938|-0.015793055|-0.24165535|-0.9693409|0.041610803
1510199491052|-0.01670033|-0.2182097|-0.9749766|0.03906751
1510199491171|-0.018250206|-0.22350356|-0.9737693|0.038554747
1510199491282|-0.01953454|-0.22215761|-0.97410864|0.037105232
1510199491396|-0.021556359|-0.22043222|-0.9744923|0.0361889
