1509548206795|0.14982383|-0.013620348|-0.10896278
1509548206928|0.14982383|-0.027240695|-0.08172209
1509548207061|0.14982383|-0.027240695|-0.095342435
1509548207193|0.14982383|-0.027240695|-0.095342435
1509548207325|0.14982383|-0.027240695|-0.095342435
1509548207457|0.13620347|0.013620348|-0.08172209
1509548207589|0.13620347|0.027240695|-0.08172209
1509548207721|0.12258312|0.013620348|-0.08172209
1509548207854|0.12258312|0.013620348|-0.08172209
1509548207985|0.13620347|0.0|-0.08172209
1509548208124|0.13620347|0.0|-0.08172209
1509548208249|0.13620347|-0.027240695|-0.095342435
1509548208381|0.13620347|0.0|-0.095342435
1509548208513|0.13620347|-0.013620348|-0.10896278
1509548208645|0.13620347|-0.013620348|-0.10896278
1509548208777|0.13620347|-0.013620348|-0.10896278
1509548208909|0.13620347|-0.013620348|-0.10896278
1509548209041|0.13620347|-0.013620348|-0.10896278
1509548209173|0.13620347|-0.013620348|-0.068101734
1509548209305|0.13620347|0.013620348|-0.08172209
1509548209437|0.13620347|0.013620348|-0.08172209
1509548209569|0.13620347|0.0|-0.08172209
1509548209701|0.13620347|0.0|-0.08172209
1509548209833|0.13620347|0.0|-0.08172209
1509548209967|0.16344418|-0.027240695|-0.08172209
1509548210097|0.16344418|-0.027240695|-0.08172209
1509548210229|0.16344418|-0.027240695|-0.08172209
1509548210361|0.16344418|-0.027240695|-0.08172209
1509548210493|0.13620347|0.0|-0.08172209
1509548210625|0.13620347|0.0|-0.08172209
1509548210757|0.12258312|0.0|-0.08172209
1509548210889|0.12258312|0.013620348|-0.068101734
1509548211021|0.12258312|0.013620348|-0.068101734
1509548211152|0.12258312|0.013620348|-0.08172209
1509548211285|0.12258312|0.013620348|-0.08172209
1509548211417|0.10896278|0.0|-0.08172209
1509548211549|0.13620347|-0.013620348|-0.095342435
1509548211681|0.14982383|-0.013620348|-0.10896278
1509548211812|0.14982383|-0.013620348|-0.10896278
1509548211945|0.14982383|-0.013620348|-0.095342435
1509548212077|0.14982383|-0.013620348|-0.095342435
1509548212208|0.14982383|-0.013620348|-0.068101734
1509548212341|0.14982383|0.013620348|-0.068101734
1509548212472|0.13620347|0.013620348|-0.068101734
1509548212605|0.14982383|0.013620348|-0.068101734
1509548212738|0.14982383|0.013620348|-0.08172209
1509548212869|0.14982383|0.013620348|-0.08172209
1509548213001|0.14982383|0.0|-0.08172209
1509548213139|0.12258312|0.027240695|-0.068101734
1509548213265|0.12258312|0.027240695|-0.068101734
1509548213397|0.12258312|0.027240695|-0.068101734
1509548213529|0.12258312|0.040861044|-0.068101734
1509548213661|0.13620347|0.013620348|-0.08172209
1509548213793|0.13620347|0.013620348|-0.08172209
1509548213927|0.14982383|0.013620348|-0.08172209
1509548214057|0.14982383|-0.013620348|-0.08172209
1509548214189|0.13620347|-0.013620348|-0.08172209
1509548214321|0.14982383|-0.013620348|-0.08172209
1509548214454|0.14982383|-0.013620348|-0.08172209
1509548214585|0.14982383|-0.013620348|-0.08172209
1509548214717|0.14982383|-0.013620348|-0.08172209
1509548214849|0.14982383|-0.027240695|-0.095342435
1509548214981|0.14982383|0.0|-0.068101734
1509548215113|0.14982383|-0.013620348|-0.068101734
1509548215245|0.14982383|-0.013620348|-0.095342435
1509548215377|0.13620347|-0.027240695|-0.095342435
1509548215509|0.13620347|-0.027240695|-0.095342435
1509548215640|0.13620347|-0.027240695|-0.095342435
1509548215774|0.13620347|-0.027240695|-0.095342435
1509548215904|0.13620347|-0.027240695|-0.068101734
1509548216037|0.13620347|-0.027240695|-0.068101734
1509548216169|0.16344418|-0.027240695|-0.08172209
1509548216301|0.14982383|-0.027240695|-0.08172209
1509548216433|0.13620347|0.0|-0.08172209
1509548216565|0.14982383|-0.027240695|-0.08172209
1509548216697|0.13620347|-0.027240695|-0.08172209
1509548216828|0.13620347|-0.013620348|-0.095342435
1509548216961|0.13620347|-0.013620348|-0.068101734
1509548217093|0.13620347|0.013620348|-0.095342435
1509548217225|0.14982383|-0.013620348|-0.095342435
1509548217357|0.13620347|0.013620348|-0.08172209
1509548217489|0.13620347|0.0|-0.08172209
1509548217621|0.13620347|0.0|-0.08172209
1509548217753|0.13620347|0.0|-0.08172209
1509548217885|0.13620347|0.0|-0.08172209
1509548218017|0.13620347|0.0|-0.08172209
1509548218155|0.13620347|0.0|-0.08172209
1509548218280|0.13620347|-0.013620348|-0.095342435
1509548218413|0.13620347|-0.013620348|-0.08172209
1509548218545|0.13620347|-0.013620348|-0.08172209
1509548218677|0.13620347|-0.013620348|-0.08172209
1509548218809|0.13620347|-0.013620348|-0.08172209
1509548218941|0.14982383|-0.027240695|-0.08172209
1509548219073|0.13620347|-0.027240695|-0.08172209
1509548219205|0.13620347|-0.013620348|-0.08172209
1509548219338|0.13620347|-0.027240695|-0.08172209
1509548219467|0.13620347|0.0|-0.08172209
1509548219601|0.13620347|0.0|-0.08172209
1509548219733|0.13620347|-0.013620348|-0.095342435
1509548219865|0.13620347|-0.013620348|-0.095342435
1509548219996|0.13620347|-0.013620348|-0.095342435
1509548220129|0.13620347|-0.013620348|-0.068101734
1509548220260|0.13620347|-0.013620348|-0.068101734
1509548220393|0.13620347|-0.013620348|-0.095342435
1509548220525|0.13620347|-0.013620348|-0.095342435
1509548220657|0.12258312|0.013620348|-0.068101734
1509548220789|0.13620347|-0.013620348|-0.068101734
1509548220921|0.13620347|-0.013620348|-0.08172209
1509548221052|0.16344418|-0.013620348|-0.08172209
1509548221185|0.13620347|-0.013620348|-0.095342435
1509548221317|0.16344418|-0.013620348|-0.10896278
1509548221449|0.14982383|-0.013620348|-0.10896278
1509548221581|0.14982383|0.013620348|-0.08172209
1509548221713|0.13620347|0.013620348|-0.08172209
1509548221845|0.14982383|0.013620348|-0.08172209
1509548221977|0.13620347|0.013620348|-0.08172209
1509548222109|0.13620347|0.013620348|-0.10896278
1509548222241|0.14982383|0.0|-0.10896278
1509548222373|0.14982383|0.0|-0.08172209
1509548222510|0.14982383|0.0|-0.095342435
1509548222636|0.14982383|0.0|-0.095342435
1509548222769|0.14982383|0.0|-0.095342435
1509548222901|0.14982383|0.0|-0.095342435
1509548223033|0.13620347|0.0|-0.095342435
1509548223172|0.13620347|0.0|-0.095342435
1509548223296|0.13620347|0.0|-0.095342435
1509548223428|0.13620347|0.0|-0.095342435
1509548223561|0.14982383|0.0|-0.095342435
1509548223693|0.14982383|-0.027240695|-0.095342435
1509548223825|0.13620347|0.0|-0.095342435
1509548223957|0.13620347|0.0|-0.095342435
1509548224089|0.13620347|0.0|-0.095342435
1509548224221|0.13620347|0.0|-0.095342435
1509548224353|0.13620347|0.0|-0.095342435
1509548224485|0.13620347|-0.013620348|-0.095342435
1509548224617|0.13620347|-0.013620348|-0.095342435
1509548224749|0.13620347|-0.013620348|-0.095342435
1509548224881|0.13620347|-0.013620348|-0.095342435
1509548225013|0.16344418|-0.027240695|-0.095342435
1509548225145|0.16344418|0.0|-0.095342435
1509548225276|0.14982383|0.0|-0.095342435
1509548225409|0.13620347|0.0|-0.08172209
1509548225544|0.16344418|0.0|-0.08172209
1509548225673|0.14982383|0.0|-0.08172209
1509548225805|0.14982383|-0.013620348|-0.08172209
1509548225937|0.14982383|-0.013620348|-0.08172209
1509548226069|0.13620347|-0.027240695|-0.08172209
1509548226201|0.13620347|-0.027240695|-0.08172209
1509548226333|0.13620347|-0.027240695|-0.08172209
1509548226465|0.13620347|-0.027240695|-0.095342435
1509548226597|0.13620347|0.0|-0.095342435
1509548226729|0.13620347|0.013620348|-0.095342435
1509548226862|0.13620347|0.0|-0.10896278
1509548226993|0.13620347|0.0|-0.10896278
1509548227125|0.14982383|0.0|-0.10896278
1509548227257|0.14982383|0.0|-0.08172209
1509548227389|0.14982383|0.0|-0.10896278
1509548227521|0.14982383|0.0|-0.095342435
1509548227653|0.13620347|-0.013620348|-0.095342435
1509548227785|0.10896278|0.0|-0.068101734
1509548227917|0.13620347|0.0|-0.068101734
1509548228049|0.12258312|0.0|-0.08172209
1509548228188|0.12258312|0.0|-0.068101734
1509548228313|0.12258312|0.0|-0.068101734
1509548228445|0.10896278|0.0|-0.068101734
1509548228577|0.10896278|0.0|-0.068101734
1509548228709|0.13620347|-0.013620348|-0.095342435
1509548228841|0.13620347|-0.013620348|-0.095342435
1509548228973|0.10896278|0.0|-0.08172209
1509548229105|0.10896278|0.0|-0.08172209
1509548229236|0.10896278|0.0|-0.08172209
1509548229369|0.10896278|0.0|-0.08172209
1509548229501|0.13620347|0.0|-0.095342435
1509548229633|0.14982383|-0.027240695|-0.095342435
1509548229765|0.13620347|-0.027240695|-0.10896278
1509548229897|0.13620347|-0.027240695|-0.10896278
1509548230029|0.13620347|0.0|-0.10896278
1509548230161|0.14982383|-0.027240695|-0.10896278
1509548230295|0.14982383|-0.040861044|-0.10896278
1509548230425|0.14982383|-0.013620348|-0.10896278
1509548230557|0.14982383|-0.013620348|-0.10896278
1509548230689|0.13620347|-0.013620348|-0.10896278
1509548230821|0.13620347|-0.013620348|-0.10896278
1509548230953|0.13620347|-0.013620348|-0.10896278
1509548231084|0.14982383|-0.013620348|-0.10896278
1509548231217|0.14982383|-0.013620348|-0.10896278
1509548231349|0.14982383|-0.013620348|-0.10896278
1509548231481|0.13620347|-0.013620348|-0.10896278
1509548231613|0.13620347|-0.013620348|-0.10896278
1509548231744|0.14982383|-0.013620348|-0.10896278
1509548231876|0.14982383|-0.040861044|-0.10896278
1509548232009|0.14982383|-0.013620348|-0.10896278
1509548232141|0.14982383|-0.013620348|-0.10896278
1509548232273|0.14982383|-0.013620348|-0.10896278
1509548232404|0.14982383|-0.013620348|-0.10896278
1509548232536|0.14982383|-0.040861044|-0.10896278
1509548232668|0.13620347|-0.013620348|-0.10896278
1509548232800|0.13620347|-0.027240695|-0.095342435
1509548232933|0.14982383|-0.027240695|-0.068101734
1509548233065|0.14982383|-0.027240695|-0.08172209
1509548233196|0.13620347|-0.027240695|-0.08172209
1509548233328|0.13620347|-0.013620348|-0.095342435
1509548233461|0.14982383|0.013620348|-0.095342435
1509548233593|0.14982383|0.0|-0.095342435
1509548233725|0.13620347|0.0|-0.095342435
1509548233857|0.13620347|0.0|-0.095342435
1509548233989|0.13620347|0.0|-0.095342435
1509548234124|0.13620347|0.0|-0.08172209
1509548234253|0.13620347|0.0|-0.08172209
1509548234385|0.13620347|0.0|-0.08172209
1509548234517|0.13620347|0.0|-0.08172209
1509548234649|0.13620347|0.0|-0.095342435
1509548234781|0.13620347|-0.013620348|-0.095342435
1509548234913|0.13620347|-0.013620348|-0.095342435
1509548235045|0.13620347|-0.013620348|-0.068101734
1509548235177|0.13620347|-0.027240695|-0.08172209
1509548235309|0.12258312|0.0|-0.08172209
1509548235441|0.13620347|0.0|-0.08172209
1509548235573|0.13620347|0.0|-0.08172209
1509548235705|0.13620347|-0.013620348|-0.10896278
1509548235836|0.13620347|-0.013620348|-0.10896278
1509548235969|0.13620347|-0.013620348|-0.095342435
1509548236101|0.13620347|-0.013620348|-0.095342435
1509548236232|0.13620347|-0.027240695|-0.095342435
1509548236365|0.13620347|0.0|-0.095342435
1509548236497|0.13620347|-0.013620348|-0.095342435
1509548236629|0.16344418|-0.013620348|-0.095342435
1509548236761|0.13620347|-0.013620348|-0.095342435
1509548236892|0.13620347|-0.040861044|-0.095342435
1509548237025|0.13620347|-0.013620348|-0.095342435
1509548237158|0.13620347|-0.013620348|-0.095342435
1509548237289|0.13620347|-0.013620348|-0.095342435
1509548237421|0.13620347|-0.013620348|-0.10896278
1509548237553|0.13620347|-0.040861044|-0.10896278
1509548237685|0.13620347|-0.013620348|-0.10896278
1509548237817|0.16344418|-0.027240695|-0.10896278
1509548237949|0.16344418|-0.027240695|-0.10896278
1509548238081|0.16344418|-0.027240695|-0.10896278
1509548238219|0.14982383|-0.027240695|-0.08172209
1509548238345|0.13620347|-0.027240695|-0.08172209
1509548238477|0.13620347|-0.027240695|-0.095342435
1509548238609|0.13620347|-0.027240695|-0.095342435
1509548238741|0.13620347|-0.027240695|-0.095342435
1509548238873|0.13620347|-0.027240695|-0.095342435
1509548239005|0.13620347|-0.013620348|-0.095342435
1509548239136|0.13620347|-0.013620348|-0.095342435
1509548239269|0.13620347|-0.013620348|-0.095342435
1509548239401|0.13620347|-0.013620348|-0.095342435
1509548239533|0.13620347|0.013620348|-0.095342435
1509548239666|0.13620347|-0.013620348|-0.10896278
1509548239797|0.13620347|-0.027240695|-0.10896278
1509548239929|0.13620347|-0.027240695|-0.08172209
1509548240061|0.13620347|-0.027240695|-0.08172209
1509548240193|0.13620347|-0.027240695|-0.10896278
1509548240325|0.13620347|-0.027240695|-0.08172209
1509548240457|0.13620347|-0.013620348|-0.095342435
1509548240589|0.13620347|0.013620348|-0.095342435
1509548240721|0.13620347|-0.027240695|-0.10896278
1509548240853|0.13620347|-0.027240695|-0.08172209
1509548240985|0.13620347|-0.027240695|-0.08172209
1509548241117|0.14982383|0.0|-0.08172209
1509548241248|0.14982383|-0.013620348|-0.08172209
1509548241381|0.13620347|-0.013620348|-0.08172209
1509548241513|0.13620347|-0.013620348|-0.095342435
1509548241645|0.13620347|-0.013620348|-0.095342435
1509548241777|0.13620347|-0.027240695|-0.095342435
1509548241909|0.13620347|0.0|-0.095342435
1509548242041|0.13620347|-0.013620348|-0.068101734
1509548242177|0.14982383|-0.013620348|-0.095342435
1509548242306|0.13620347|0.0|-0.068101734
1509548242436|0.13620347|0.0|-0.08172209
1509548242569|0.13620347|-0.013620348|-0.08172209
1509548242700|0.13620347|-0.013620348|-0.08172209
1509548242832|0.13620347|-0.013620348|-0.08172209
1509548242965|0.13620347|-0.013620348|-0.08172209
1509548243097|0.16344418|-0.027240695|-0.095342435
1509548243236|0.14982383|-0.027240695|-0.095342435
1509548243360|0.14982383|0.0|-0.095342435
1509548243493|0.13620347|-0.013620348|-0.095342435
1509548243625|0.13620347|-0.013620348|-0.068101734
1509548243757|0.13620347|-0.013620348|-0.068101734
1509548243889|0.13620347|0.013620348|-0.068101734
1509548244021|0.14982383|0.013620348|-0.08172209
1509548244153|0.13620347|0.0|-0.08172209
1509548244285|0.14982383|-0.013620348|-0.08172209
1509548244417|0.14982383|-0.013620348|-0.08172209
1509548244549|0.14982383|-0.013620348|-0.08172209
1509548244681|0.14982383|-0.013620348|-0.08172209
1509548244813|0.13620347|0.013620348|-0.08172209
1509548244945|0.13620347|0.013620348|-0.068101734
1509548245076|0.10896278|0.027240695|-0.068101734
1509548245211|0.13620347|-0.013620348|-0.10896278
1509548245345|0.14982383|0.013620348|-0.095342435
1509548245473|0.14982383|-0.013620348|-0.08172209
1509548245605|0.14982383|0.013620348|-0.095342435
1509548245737|0.10896278|0.013620348|-0.068101734
1509548245869|0.10896278|0.027240695|-0.068101734
1509548246001|0.10896278|0.0|-0.068101734
1509548246133|0.10896278|0.0|-0.068101734
1509548246265|0.13620347|-0.027240695|-0.08172209
1509548246397|0.13620347|0.0|-0.08172209
1509548246529|0.12258312|0.013620348|-0.068101734
1509548246661|0.12258312|0.013620348|-0.068101734
1509548246793|0.12258312|0.013620348|-0.068101734
1509548246925|0.12258312|0.013620348|-0.068101734
1509548247056|0.12258312|-0.013620348|-0.08172209
1509548247189|0.12258312|-0.013620348|-0.08172209
1509548247320|0.12258312|0.0|-0.068101734
1509548247453|0.12258312|0.0|-0.08172209
1509548247585|0.12258312|0.0|-0.08172209
1509548247716|0.12258312|-0.013620348|-0.08172209
1509548247849|0.12258312|0.0|-0.08172209
