1509504811145|0.10534488|-0.076614454|9.749189
1509504811277|0.08619126|-0.08619126|9.749189
1509504811409|0.10534488|-0.095768064|9.749189
1509504811541|0.10534488|-0.076614454|9.749189
1509504811673|0.095768064|-0.076614454|9.749189
1509504811805|0.095768064|-0.095768064|9.749189
1509504811939|0.095768064|-0.095768064|9.749189
1509504812069|0.095768064|-0.076614454|9.749189
1509504812201|0.095768064|-0.076614454|9.749189
1509504812333|0.095768064|-0.08619126|9.749189
1509504812465|0.095768064|-0.08619126|9.749189
1509504812597|0.095768064|-0.08619126|9.749189
1509504812729|0.11492168|-0.095768064|9.749189
1509504812861|0.095768064|-0.095768064|9.749189
1509504812995|0.095768064|-0.095768064|9.749189
1509504813125|0.08619126|-0.095768064|9.749189
1509504813259|0.10534488|-0.10534488|9.749189
1509504813389|0.095768064|-0.08619126|9.749189
1509504813521|0.095768064|-0.095768064|9.739613
1509504813653|0.095768064|-0.095768064|9.758766
1509504813785|0.095768064|-0.095768064|9.749189
1509504813917|0.095768064|-0.095768064|9.749189
1509504814051|0.08619126|-0.076614454|9.768343
1509504814181|0.08619126|-0.076614454|9.768343
1509504814314|0.08619126|-0.05746084|9.758766
1509504814445|0.10534488|-0.095768064|9.758766
1509504814577|0.095768064|-0.095768064|9.749189
1509504814709|0.095768064|-0.095768064|9.749189
1509504814841|0.095768064|-0.10534488|9.739613
1509504814973|0.095768064|-0.08619126|9.739613
1509504815105|0.095768064|-0.08619126|9.758766
1509504815237|0.095768064|-0.08619126|9.758766
1509504815369|0.095768064|-0.095768064|9.758766
1509504815501|0.095768064|-0.095768064|9.739613
1509504815635|0.095768064|-0.095768064|9.739613
1509504815767|0.08619126|-0.076614454|9.739613
1509504815899|0.10534488|-0.095768064|9.758766
1509504816030|0.10534488|-0.095768064|9.739613
1509504816162|0.10534488|-0.076614454|9.758766
1509504816294|0.10534488|-0.095768064|9.749189
1509504816426|0.10534488|-0.095768064|9.749189
1509504816558|0.10534488|-0.095768064|9.749189
1509504816689|0.095768064|-0.076614454|9.749189
1509504816822|0.095768064|-0.08619126|9.739613
1509504816954|0.095768064|-0.08619126|9.739613
1509504817087|0.095768064|-0.08619126|9.739613
1509504817218|0.095768064|-0.08619126|9.739613
1509504817351|0.11492168|-0.08619126|9.739613
1509504817481|0.10534488|-0.095768064|9.739613
1509504817613|0.10534488|-0.095768064|9.739613
1509504817745|0.10534488|-0.095768064|9.730036
1509504817878|0.10534488|-0.095768064|9.749189
1509504818010|0.10534488|-0.076614454|9.749189
1509504818141|0.10534488|-0.08619126|9.749189
1509504818284|0.095768064|-0.08619126|9.749189
1509504818405|0.095768064|-0.08619126|9.749189
1509504818538|0.095768064|-0.08619126|9.749189
1509504818670|0.095768064|-0.08619126|9.730036
1509504818802|0.095768064|-0.08619126|9.730036
1509504818935|0.095768064|-0.095768064|9.730036
1509504819067|0.08619126|-0.095768064|9.730036
1509504819198|0.10534488|-0.095768064|9.749189
1509504819330|0.095768064|-0.095768064|9.730036
1509504819462|0.095768064|-0.095768064|9.749189
1509504819594|0.095768064|-0.095768064|9.730036
1509504819726|0.095768064|-0.095768064|9.730036
1509504819858|0.08619126|-0.076614454|9.730036
1509504819990|0.08619126|-0.08619126|9.749189
1509504820121|0.08619126|-0.08619126|9.749189
1509504820254|0.10534488|-0.08619126|9.739613
1509504820385|0.10534488|-0.08619126|9.739613
1509504820518|0.095768064|-0.095768064|9.730036
1509504820653|0.095768064|-0.076614454|9.749189
1509504820782|0.095768064|-0.08619126|9.720459
1509504820914|0.095768064|-0.08619126|9.739613
1509504821045|0.095768064|-0.08619126|9.739613
1509504821178|0.095768064|-0.08619126|9.739613
1509504821310|0.095768064|-0.08619126|9.739613
1509504821442|0.095768064|-0.08619126|9.739613
1509504821574|0.095768064|-0.08619126|9.720459
1509504821706|0.095768064|-0.08619126|9.720459
1509504821838|0.095768064|-0.08619126|9.720459
1509504821970|0.11492168|-0.095768064|9.739613
1509504822102|0.10534488|-0.095768064|9.739613
1509504822234|0.095768064|-0.095768064|9.739613
1509504822366|0.095768064|-0.095768064|9.739613
1509504822499|0.095768064|-0.076614454|9.739613
1509504822630|0.095768064|-0.08619126|9.739613
1509504822762|0.08619126|-0.08619126|9.739613
1509504822894|0.10534488|-0.095768064|9.730036
1509504823026|0.10534488|-0.095768064|9.730036
1509504823158|0.10534488|-0.095768064|9.730036
1509504823299|0.10534488|-0.095768064|9.720459
1509504823422|0.10534488|-0.095768064|9.739613
1509504823554|0.10534488|-0.076614454|9.739613
1509504823689|0.095768064|-0.076614454|9.739613
1509504823818|0.095768064|-0.08619126|9.739613
1509504823950|0.095768064|-0.08619126|9.739613
1509504824082|0.095768064|-0.08619126|9.739613
1509504824214|0.095768064|-0.08619126|9.730036
1509504824346|0.095768064|-0.095768064|9.730036
1509504824479|0.08619126|-0.095768064|9.749189
1509504824610|0.10534488|-0.095768064|9.749189
1509504824742|0.095768064|-0.076614454|9.739613
1509504824875|0.095768064|-0.08619126|9.739613
1509504825006|0.095768064|-0.095768064|9.739613
1509504825138|0.095768064|-0.095768064|9.739613
1509504825270|0.095768064|-0.095768064|9.739613
1509504825402|0.095768064|-0.095768064|9.739613
1509504825534|0.095768064|-0.095768064|9.739613
1509504825666|0.095768064|-0.095768064|9.739613
1509504825798|0.08619126|-0.095768064|9.739613
1509504825929|0.10534488|-0.095768064|9.739613
1509504826062|0.10534488|-0.095768064|9.739613
1509504826194|0.10534488|-0.095768064|9.739613
1509504826327|0.10534488|-0.095768064|9.720459
1509504826458|0.10534488|-0.095768064|9.739613
1509504826590|0.10534488|-0.095768064|9.739613
1509504826726|0.10534488|-0.095768064|9.739613
1509504826854|0.10534488|-0.10534488|9.739613
1509504826987|0.095768064|-0.10534488|9.739613
1509504827118|0.11492168|-0.08619126|9.739613
1509504827250|0.10534488|-0.08619126|9.739613
1509504827383|0.10534488|-0.08619126|9.739613
1509504827514|0.10534488|-0.08619126|9.739613
1509504827647|0.10534488|-0.08619126|9.739613
1509504827778|0.10534488|-0.08619126|9.739613
1509504827910|0.10534488|-0.08619126|9.739613
1509504828043|0.10534488|-0.08619126|9.739613
1509504828174|0.10534488|-0.08619126|9.739613
1509504828306|0.10534488|-0.08619126|9.739613
1509504828438|0.10534488|-0.08619126|9.739613
1509504828571|0.10534488|-0.08619126|9.739613
1509504828701|0.10534488|-0.08619126|9.739613
1509504828834|0.10534488|-0.08619126|9.720459
1509504828967|0.10534488|-0.08619126|9.739613
1509504829098|0.10534488|-0.08619126|9.720459
1509504829229|0.10534488|-0.08619126|9.739613
1509504829362|0.10534488|-0.08619126|9.739613
1509504829494|0.10534488|-0.08619126|9.739613
1509504829626|0.10534488|-0.08619126|9.739613
1509504829758|0.10534488|-0.095768064|9.739613
1509504829889|0.10534488|-0.095768064|9.739613
1509504830027|0.095768064|-0.076614454|9.739613
1509504830153|0.095768064|-0.076614454|9.739613
1509504830286|0.095768064|-0.08619126|9.739613
1509504830418|0.095768064|-0.095768064|9.739613
1509504830550|0.095768064|-0.095768064|9.739613
1509504830682|0.095768064|-0.095768064|9.739613
1509504830814|0.095768064|-0.095768064|9.739613
1509504830947|0.095768064|-0.076614454|9.739613
1509504831077|0.08619126|-0.095768064|9.739613
1509504831210|0.10534488|-0.095768064|9.730036
1509504831342|0.08619126|-0.095768064|9.730036
1509504831474|0.08619126|-0.095768064|9.730036
1509504831605|0.06703765|-0.06703765|9.758766
1509504831738|0.08619126|-0.06703765|9.758766
1509504831870|0.08619126|-0.06703765|9.758766
1509504832002|0.08619126|-0.06703765|9.758766
1509504832134|0.08619126|-0.06703765|9.749189
1509504832265|0.10534488|-0.095768064|9.730036
1509504832398|0.10534488|-0.095768064|9.730036
1509504832530|0.10534488|-0.095768064|9.730036
1509504832663|0.10534488|-0.095768064|9.730036
1509504832794|0.095768064|-0.095768064|9.730036
1509504832925|0.095768064|-0.095768064|9.730036
1509504833058|0.095768064|-0.10534488|9.730036
1509504833189|0.11492168|-0.10534488|9.730036
1509504833322|0.11492168|-0.10534488|9.730036
1509504833454|0.095768064|-0.08619126|9.730036
1509504833586|0.095768064|-0.08619126|9.730036
1509504833718|0.095768064|-0.08619126|9.730036
1509504833851|0.095768064|-0.08619126|9.730036
1509504833982|0.095768064|-0.08619126|9.730036
1509504834114|0.095768064|-0.08619126|9.730036
1509504834246|0.095768064|-0.08619126|9.730036
1509504834378|0.11492168|-0.095768064|9.730036
1509504834510|0.10534488|-0.095768064|9.749189
1509504834642|0.10534488|-0.095768064|9.730036
1509504834774|0.10534488|-0.095768064|9.730036
1509504834906|0.08619126|-0.095768064|9.730036
1509504835047|0.08619126|-0.076614454|9.749189
1509504835170|0.10534488|-0.095768064|9.730036
1509504835309|0.095768064|-0.076614454|9.730036
1509504835434|0.095768064|-0.08619126|9.730036
1509504835566|0.095768064|-0.08619126|9.730036
1509504835698|0.095768064|-0.08619126|9.730036
1509504835829|0.095768064|-0.08619126|9.730036
1509504835962|0.095768064|-0.08619126|9.749189
1509504836094|0.095768064|-0.08619126|9.739613
1509504836226|0.095768064|-0.08619126|9.739613
1509504836358|0.095768064|-0.08619126|9.739613
1509504836490|0.095768064|-0.08619126|9.730036
1509504836621|0.095768064|-0.08619126|9.730036
1509504836753|0.095768064|-0.08619126|9.749189
1509504836886|0.095768064|-0.08619126|9.730036
1509504837017|0.095768064|-0.08619126|9.749189
1509504837150|0.095768064|-0.08619126|9.749189
1509504837281|0.095768064|-0.095768064|9.739613
1509504837414|0.095768064|-0.095768064|9.739613
1509504837546|0.095768064|-0.095768064|9.739613
1509504837678|0.095768064|-0.095768064|9.739613
1509504837810|0.095768064|-0.10534488|9.739613
1509504837942|0.095768064|-0.08619126|9.739613
1509504838074|0.095768064|-0.08619126|9.739613
1509504838206|0.095768064|-0.095768064|9.739613
1509504838340|0.095768064|-0.095768064|9.739613
1509504838470|0.11492168|-0.095768064|9.739613
1509504838602|0.10534488|-0.095768064|9.730036
1509504838734|0.095768064|-0.10534488|9.730036
1509504838866|0.095768064|-0.10534488|9.730036
1509504838998|0.095768064|-0.10534488|9.730036
1509504839129|0.095768064|-0.10534488|9.720459
1509504839262|0.095768064|-0.08619126|9.739613
1509504839394|0.095768064|-0.08619126|9.739613
1509504839527|0.095768064|-0.06703765|9.758766
1509504839658|0.08619126|-0.06703765|9.758766
1509504839790|0.076614454|-0.06703765|9.758766
1509504839921|0.095768064|-0.095768064|9.739613
1509504840064|0.095768064|-0.095768064|9.739613
1509504840186|0.095768064|-0.076614454|9.739613
1509504840318|0.11492168|-0.08619126|9.739613
1509504840451|0.10534488|-0.095768064|9.739613
1509504840582|0.10534488|-0.095768064|9.720459
1509504840714|0.10534488|-0.095768064|9.739613
1509504840846|0.10534488|-0.095768064|9.739613
1509504840978|0.10534488|-0.095768064|9.739613
1509504841109|0.10534488|-0.095768064|9.730036
1509504841242|0.095768064|-0.095768064|9.730036
1509504841377|0.095768064|-0.10534488|9.730036
1509504841506|0.095768064|-0.10534488|9.730036
1509504841638|0.095768064|-0.08619126|9.720459
1509504841769|0.095768064|-0.08619126|9.739613
1509504841901|0.095768064|-0.08619126|9.739613
1509504842034|0.095768064|-0.10534488|9.739613
1509504842167|0.095768064|-0.08619126|9.739613
1509504842298|0.095768064|-0.10534488|9.739613
1509504842429|0.095768064|-0.10534488|9.720459
1509504842562|0.11492168|-0.08619126|9.739613
1509504842694|0.11492168|-0.08619126|9.739613
1509504842825|0.10534488|-0.08619126|9.739613
1509504842958|0.10534488|-0.10534488|9.730036
1509504843090|0.095768064|-0.10534488|9.730036
1509504843222|0.11492168|-0.10534488|9.720459
1509504843354|0.095768064|-0.10534488|9.739613
1509504843486|0.11492168|-0.10534488|9.720459
1509504843619|0.095768064|-0.08619126|9.720459
1509504843750|0.11492168|-0.10534488|9.720459
1509504843882|0.10534488|-0.08619126|9.739613
1509504844014|0.10534488|-0.095768064|9.730036
1509504844147|0.10534488|-0.095768064|9.720459
1509504844279|0.10534488|-0.095768064|9.739613
1509504844409|0.10534488|-0.095768064|9.739613
1509504844542|0.10534488|-0.095768064|9.730036
1509504844674|0.10534488|-0.095768064|9.730036
1509504844807|0.10534488|-0.076614454|9.730036
1509504844938|0.10534488|-0.095768064|9.749189
1509504845070|0.10534488|-0.095768064|9.749189
1509504845202|0.10534488|-0.076614454|9.739613
1509504845334|0.10534488|-0.08619126|9.739613
1509504845466|0.08619126|-0.08619126|9.739613
1509504845598|0.10534488|-0.08619126|9.739613
1509504845730|0.10534488|-0.08619126|9.739613
1509504845862|0.095768064|-0.08619126|9.739613
1509504845994|0.095768064|-0.08619126|9.739613
1509504846127|0.095768064|-0.08619126|9.739613
1509504846258|0.095768064|-0.08619126|9.739613
1509504846390|0.095768064|-0.08619126|9.739613
1509504846522|0.11492168|-0.08619126|9.730036
1509504846653|0.095768064|-0.095768064|9.730036
1509504846786|0.095768064|-0.076614454|9.749189
1509504846926|0.08619126|-0.05746084|9.768343
1509504847050|0.08619126|-0.076614454|9.758766
1509504847182|0.08619126|-0.076614454|9.758766
1509504847313|0.08619126|-0.076614454|9.758766
1509504847445|0.08619126|-0.076614454|9.739613
1509504847578|0.10534488|-0.08619126|9.730036
1509504847710|0.10534488|-0.10534488|9.730036
1509504847842|0.10534488|-0.08619126|9.730036
1509504847974|0.10534488|-0.08619126|9.730036
1509504848106|0.10534488|-0.08619126|9.730036
1509504848238|0.10534488|-0.095768064|9.730036
1509504848370|0.10534488|-0.095768064|9.730036
1509504848502|0.10534488|-0.095768064|9.720459
1509504848641|0.10534488|-0.095768064|9.739613
1509504848767|0.10534488|-0.095768064|9.739613
1509504848898|0.10534488|-0.076614454|9.739613
1509504849030|0.095768064|-0.076614454|9.730036
1509504849161|0.08619126|-0.076614454|9.730036
1509504849294|0.08619126|-0.076614454|9.749189
1509504849426|0.10534488|-0.095768064|9.730036
1509504849558|0.10534488|-0.095768064|9.730036
1509504849690|0.10534488|-0.095768064|9.730036
1509504849822|0.10534488|-0.095768064|9.730036
1509504849966|0.10534488|-0.095768064|9.730036
1509504850087|0.10534488|-0.095768064|9.730036
1509504850222|0.10534488|-0.095768064|9.730036
