1510200148757|-0.6848602|0.5729065|-0.2295227
1510200148872|0.51182556|-1.0163727|0.2406311
1510200148990|0.40818787|-0.57084656|-0.08758545
1510200149103|0.9595947|0.68611145|0.23554993
1510200149217|-0.5093384|0.82925415|0.5631714
1510200149342|-0.508728|0.9797363|0.85964966
1510200149449|-2.7392273|0.03553772|-0.73898315
1510200149564|0.2707367|0.51486206|0.35975647
1510200149682|-0.5011902|0.65353394|1.2610016
1510200149798|-0.15870667|0.8027954|-0.06317139
1510200149908|0.16078186|0.16178894|0.6022644
1510200150023|-0.49284363|0.40083313|0.71569824
1510200150137|-1.3722992|-0.5625|1.5645905
1510200150253|-0.30122375|0.3531952|1.1107178
1510200150370|-0.05607605|-0.47677612|0.55584717
1510200150482|-0.2303772|0.012527466|0.25141907
1510200150601|0.33345032|-0.16705322|-0.4321289
1510200150713|0.20965576|-0.7885132|-0.48120117
1510200150826|0.39779663|0.18418884|-0.2830658
1510200150942|-0.004760742|-0.35601807|-0.20936584
1510200151059|-0.20532227|-0.30818176|0.10258484
1510200151173|0.28825378|0.32000732|-0.1912384
1510200151288|0.1235199|-0.48390198|-0.5294647
1510200151403|0.61628723|-0.34706116|-0.47080994
1510200151518|0.67289734|-0.16583252|-0.4999237
1510200151636|0.13023376|-0.12510681|-0.32807922
1510200151746|0.2967987|-0.024520874|-0.48120117
1510200151861|-0.12611389|-0.11351013|-0.0692749
1510200151978|-0.16989136|0.17562866|0.2151947
1510200152093|-0.36598206|-0.15789795|0.34754944
1510200152208|-0.106155396|-0.13549805|0.3931427
1510200152327|-0.08906555|0.33648682|0.15409851
1510200152438|-0.18760681|-0.28536987|0.022155762
1510200152554|-0.12428284|0.29109192|0.18566895
1510200152666|0.050216675|0.10762024|-0.026107788
1510200152783|-0.061767578|-0.45581055|-0.036483765
1510200152898|0.10519409|0.4906311|0.062469482
1510200153013|-0.089263916|-0.09049988|-0.24275208
1510200153127|-0.039367676|0.06384277|-0.38671875
1510200153243|-0.1020813|0.15058899|-0.35861206
1510200153359|0.04206848|-0.12571716|-0.14663696
1510200153473|-0.39857483|-0.13020325|-0.14561462
1510200153588|0.15101624|-0.039794922|-0.33540344
1510200153704|0.049606323|0.116989136|-0.4958496
1510200153819|-0.18577576|-0.16949463|-0.28918457
1510200153943|-0.20227051|-0.11778259|-0.3085327
1510200154049|0.21168518|0.11494446|-0.32032776
1510200154165|-0.258667|-0.19067383|-0.040756226
1510200154280|-0.054244995|0.34443665|-0.029159546
1510200154391|-0.030426025|-0.36701965|0.30621338
1510200154508|-0.1815033|0.23977661|0.21824646
1510200154627|0.024154663|-0.08622742|0.35914612
1510200154740|-0.19555664|-0.19638062|0.35324097
1510200154858|0.07322693|0.30249023|0.07815552
1510200154969|-0.06971741|-0.39349365|0.0231781
1510200155085|0.1288147|0.5014343|-0.2246399
1510200155201|0.054901123|-0.36619568|-0.1700592
1510200155314|0.11904907|0.29109192|-0.07904053
1510200155429|0.05834961|-0.09945679|-0.08331299
1510200155546|-0.10290527|-0.095184326|0.20133972
1510200155659|-0.01637268|-0.025543213|0.19868469
1510200155785|0.15570068|-0.28393555|0.26914978
1510200155890|-0.17762756|0.14100647|0.17344666
1510200156010|-0.09741211|-0.03491211|0.10971069
1510200156118|-0.13568115|0.13265991|0.08935547
1510200156234|-0.27149963|0.12738037|0.13557434
1510200156348|0.04573059|0.16340637|-0.12364197
1510200156464|0.12208557|-0.01739502|-0.115493774
1510200156579|-0.16479492|-0.003967285|-0.23562622
1510200156696|-0.48408508|-0.22753906|-0.35169983
1510200156810|-0.016159058|0.16748047|-0.1329956
1510200156924|-0.31019592|-0.09233093|0.10441589
1510200157039|0.19865417|-0.11880493|-0.1594696
1510200157154|0.46174622|-0.26316833|-0.18309021
1510200157268|0.51631165|-0.10211182|0.44873047
1510200157389|-0.21612549|0.2908783|1.06633
1510200157501|0.25404358|0.123703|1.0083008
1510200157623|-0.0025177002|-0.15748596|0.68188477
1510200157730|-0.11654663|-0.2873993|0.6613312
1510200157843|-0.1680603|-0.1784668|0.6197815
1510200157960|-0.05342102|-0.4346161|-0.021011353
1510200158074|-0.049560547|-0.2633667|0.26365662
1510200158188|1.3646088|-0.17155457|0.55747986
1510200158304|1.0188446|0.3552246|0.72221375
1510200158422|0.07954407|0.5287018|1.0632782
1510200158534|0.21839905|1.1695099|1.6482849
1510200158653|-0.14199829|1.2310028|1.9541321
1510200158764|-2.89917E-4|0.95306396|1.486206
1510200158880|0.2577057|1.086853|1.2400208
1510200158995|-0.48062134|0.58999634|1.5548248
1510200159112|0.2389679|0.42282104|1.0889282
1510200159225|0.107437134|-0.016174316|1.136383
1510200159342|0.24610901|-0.31550598|0.797348
1510200159455|0.09460449|0.72032166|0.92359924
1510200159570|-0.2692566|0.79078674|0.93743896
1510200159684|-0.2680359|1.04776|0.9850769
1510200159801|-0.30000305|1.1575012|1.1931915
1510200159914|-0.02960205|1.0096741|1.1410675
1510200160031|-0.4024353|0.9447174|1.2269897
1510200160144|-0.0037384033|0.57595825|0.69898987
1510200160262|0.019882202|0.16362|0.49964905
1510200160375|0.067733765|0.14305115|-0.021621704
1510200160490|0.22003174|0.03227234|0.1492157
1510200160607|-0.26966858|-0.24076843|0.26690674
1510200160720|0.14326477|0.08602905|0.03945923
1510200160836|-4.8828125E-4|-0.2090149|0.1003418
1510200160949|0.0035858154|0.17481995|-0.13951111
1510200161066|0.22634888|-0.01739502|-0.11325073
1510200161182|0.16688538|0.057724|-0.21261597
1510200161296|0.06813049|-0.11534119|-0.1382904
1510200161411|-0.008834839|-0.044281006|-0.09941101
1510200161527|0.009490967|-0.030227661|-0.047683716
1510200161640|-0.07418823|-0.10169983|-0.03567505
1510200161757|-0.02796936|0.07910156|-0.011230469
1510200161869|-0.048950195|-0.122665405|0.031311035
1510200161986|-0.0460968|0.0683136|-0.030181885
1510200162103|0.03616333|-0.10209656|0.06227112
1510200162217|0.08381653|0.022506714|1.6784668E-4
1510200162332|-0.08213806|-0.0854187|0.015640259
1510200162447|-0.05343628|0.035949707|-0.041778564
1510200162560|-0.07684326|-0.05934143|0.11051941
1510200162676|-0.047729492|-0.2155304|-0.08860779
1510200162791|-0.13059998|-0.26846313|0.05126953
1510200162907|0.03352356|-0.07034302|-0.032409668
1510200163020|-0.16522217|-0.07746887|0.09484863
1510200163136|-0.093948364|0.040023804|0.15795898
1510200163253|-0.065841675|0.20129395|0.4680786
1510200163367|0.29048157|0.4564209|0.41575623
1510200163481|-0.017791748|0.12147522|-0.29406738
1510200163596|-0.1444397|-0.054870605|0.14900208
1510200163713|-0.6520691|-0.5303192|-0.57099915
1510200163825|0.17442322|-0.09640503|-0.53434753
1510200163947|-0.29045105|-0.12124634|0.0284729
1510200164068|-0.41607666|0.013946533|0.17037964
1510200164177|-0.46759033|-0.3664093|-0.5227356
1510200164287|0.9147949|-0.35765076|-0.5308838
1510200164403|-0.45680237|0.095199585|0.1532898
1510200164517|-0.25297546|-0.2849579|0.03111267
1510200164630|-0.04019165|-0.23181152|0.020935059
1510200164746|0.037597656|0.12982178|0.033554077
1510200164864|0.087875366|-0.35134888|0.06388855
1510200164976|-0.17233276|0.17990112|-0.022232056
1510200165090|0.12902832|0.044906616|0.007080078
1510200165206|-0.028381348|-0.2833252|0.0178833
1510200165322|0.2271576|-0.32424927|0.063690186
1510200165438|-0.031845093|-0.008026123|-0.019378662
1510200165552|0.21534729|-0.19291687|-0.028137207
1510200165667|0.17237854|0.10864258|-0.013076782
1510200165781|0.08157349|-0.19923401|0.14553833
1510200165902|0.1194458|0.0031738281|-0.007583618
1510200166012|-0.009033203|0.04612732|0.040267944
1510200166125|0.09968567|-0.146698|0.14248657
1510200166242|0.26036072|-0.16929626|0.1133728
1510200166358|-0.16073608|0.18234253|0.10522461
1510200166473|-0.05444336|-0.041625977|0.08364868
1510200166589|-0.012298584|0.009277344|0.099121094
1510200166702|0.2984314|-0.05709839|0.10787964
1510200166816|0.774292|-0.40753174|0.0017852783
1510200166932|0.3314209|-0.11268616|-0.15620422
1510200167050|-0.09680176|-0.10658264|0.059829712
1510200167164|0.03779602|0.48880005|0.044143677
1510200167277|0.20863342|0.4898224|-0.09370422
1510200167391|0.15914917|0.1713562|-0.07191467
1510200167508|0.14694214|-0.22387695|-0.06906128
1510200167625|-0.5799866|-0.35968018|-0.23542786
1510200167737|-1.103302|-0.23690796|-0.3160553
1510200167855|-0.8210907|0.37008667|-0.1517334
1510200167969|0.35482788|-0.25868225|-0.20936584
1510200168085|1.6362305|-0.46170044|-0.45819092
1510200168197|-1.4335785|0.33140564|0.10910034
1510200168313|1.1727905|0.2149353|-0.49645996
1510200168428|0.8023987|0.33303833|-0.38305664
1510200168544|0.032302856|-0.0074157715|0.12049866
1510200168660|0.33488464|0.28823853|0.09587097
1510200168773|0.5112152|0.18560791|-0.4620514
1510200168890|-0.6164398|0.4841156|-0.25151062
1510200169003|-0.29370117|0.20495605|-0.17474365
1510200169120|-0.16419983|-0.07563782|0.035995483
1510200169231|-0.60014343|-0.90234375|-0.16842651
1510200169347|0.17605591|-1.4663849|0.25489807
1510200169463|-0.29003906|-2.677124|-0.21749878
1510200169580|0.31370544|-0.94143677|-0.20324707
1510200169695|0.13858032|-0.27416992|0.21720886
1510200169809|-0.42544556|-0.24891663|-0.045440674
1510200169924|0.028625488|0.14324951|-0.48466492
1510200170038|0.22064209|0.631546|-0.26678467
1510200170151|0.22532654|0.8567505|0.11602783
1510200170269|0.26116943|0.5592499|0.1015625
1510200170383|0.28315735|0.7856903|0.06491089
1510200170499|0.2283783|0.34951782|0.08526611
1510200170614|-0.25746155|0.6366272|0.15899658
1510200170729|-0.33789062|0.51608276|0.20581055
1510200170843|-0.46290588|0.39331055|-0.13726807
1510200170958|-0.69340515|0.39553833|-0.54696655
1510200171078|0.2383728|-0.22956848|-0.4844513
1510200171193|0.47029114|-0.7819977|-0.12159729
1510200171304|1.1817474|-1.1279602|-0.01713562
1510200171418|-0.22242737|0.5541687|-0.3624878
1510200171535|-0.34114075|0.19599915|-0.21444702
1510200171647|0.11373901|-0.1927185|0.059005737
1510200171763|0.10682678|-0.17500305|-0.095947266
1510200171879|-0.43276978|0.42608643|-0.001876831
1510200171994|0.27746582|-0.30674744|0.302536
1510200172111|-0.0513916|0.034118652|0.02947998
1510200172222|0.38456726|-0.6563568|0.21456909
1510200172337|0.16098022|-0.4737091|0.5149231
1510200172456|0.1023407|-0.29330444|0.39091492
1510200172568|0.193573|0.3788452|0.16854858
1510200172685|-0.0131073|0.5223999|0.024383545
1510200172798|-0.30815125|0.13775635|0.03904724
1510200172914|-0.21205139|0.1689148|0.03416443
1510200173027|-0.50057983|0.67471313|-0.16171265
1510200173143|0.040649414|0.8435211|0.36891174
1510200173260|0.05307007|1.473938|0.562973
1510200173373|0.15834045|0.65374756|0.34550476
1510200173487|-0.20674133|0.12635803|-0.048095703
1510200173604|0.10722351|-0.40815735|-0.20631409
1510200173718|-0.030822754|-0.09762573|0.041290283
1510200173833|-0.11125183|-0.08947754|-0.12057495
1510200173949|-0.016571045|0.15505981|0.11805725
1510200174068|-0.4219818|-0.3607025|-0.1370697
1510200174180|-0.002319336|-0.4193573|0.0064849854
1510200174294|-0.17396545|-0.2020874|-0.016937256
1510200174411|0.93536377|0.45133972|-0.40402222
1510200174524|0.46092224|0.9500122|0.4147339
1510200174641|-0.48815918|-0.651886|-0.018569946
1510200174754|-0.16378784|-0.6298981|0.3237152
1510200174869|0.2662506|0.24446106|-0.3201294
1510200174987|0.5596771|0.20617676|-0.03404236
1510200175099|-0.26010132|-0.19433594|0.07550049
1510200175215|-0.28697205|-0.24545288|0.14880371
1510200175329|-0.09761047|0.13938904|0.051879883
1510200175445|0.09011841|0.27378845|-0.114471436
1510200175561|0.269104|0.30371094|0.034576416
1510200175677|-0.048538208|-0.18009949|-0.15194702
1510200175787|-0.08580017|-0.3399353|-0.1769867
1510200175906|-0.15483093|0.123703|0.23330688
1510200176021|-0.07196045|-0.100479126|-0.19509888
1510200176135|0.49899292|-0.5128021|-0.5141907
1510200176251|-0.3417511|-0.27293396|0.16549683
1510200176366|0.10966492|0.21533203|0.23005676
1510200176481|-0.018203735|-0.16522217|-0.21607971
1510200176595|0.0048065186|-0.15382385|0.0040283203
1510200176709|-0.1668396|0.1925354|0.3106842
1510200176827|-0.20085144|-0.0049743652|0.0750885
1510200176939|0.13349915|0.36315918|-0.09429932
1510200177057|-0.103302|-5.0354004E-4|-0.36512756
1510200177169|0.03250122|-0.08439636|-0.01979065
1510200177287|0.065078735|-0.1585083|-0.3461914
1510200177399|0.043502808|0.014984131|0.0013885498
1510200177515|0.0027770996|0.17970276|-0.08392334
1510200177631|-0.18048096|0.0031585693|0.08161926
1510200177745|0.14123535|0.011520386|-0.2948761
1510200177860|-0.07582092|-0.02696228|0.0844574
1510200177975|0.052246094|-0.08988953|-0.22097778
1510200178091|-0.09048462|0.13877869|0.03904724
1510200178204|0.20109558|0.08338928|-0.27737427
1510200178319|0.13574219|0.093170166|0.016860962
1510200178439|-0.105545044|0.061401367|-0.07762146
1510200178549|0.17503357|0.063430786|0.07366943
1510200178665|-0.14932251|0.010910034|-0.1794281
1510200178782|0.27236938|-0.06851196|0.18218994
1510200178897|-0.3519287|-0.11534119|-0.08799744
1510200179009|0.087677|-0.33117676|0.14065552
1510200179124|-0.15075684|0.16117859|-0.02935791
1510200179241|0.08135986|-0.30776978|0.030914307
1510200179360|-0.0872345|0.14671326|0.28726196
1510200179469|-0.16317749|-0.004989624|0.38154602
1510200179583|-0.17070007|0.048568726|0.33755493
1510200179702|-0.010467529|-0.020050049|-0.09063721
1510200179816|0.07261658|-0.02268982|-0.059280396
