1510200148757|-0.5120798|1.8385447|9.6191435
1510200148872|0.47801122|2.2907708|9.523354
1510200148989|1.126058|2.6278474|9.38066
1510200149104|0.774684|3.539779|9.11264
1510200149218|-0.01817425|3.2979283|9.23546
1510200149344|-1.1496518|2.773622|9.335722
1510200149451|-1.6567256|0.6131253|9.646229
1510200149564|-1.8759973|-0.5688039|9.608719
1510200149681|-2.872072|-0.28521892|9.372313
1510200149795|-3.3511646|-0.49708|9.20288
1510200149906|-3.8544276|0.11351975|9.0167
1510200150021|-3.922855|-0.106536105|8.987227
1510200150136|-3.9756172|-0.9072797|8.918615
1510200150253|-4.27733|-0.87976205|8.780709
1510200150368|-3.7936747|-0.68766576|9.016958
1510200150482|-3.9645138|-0.814097|8.93254
1510200150602|-3.2889984|-0.5580214|9.221794
1510200150712|-2.866446|-0.60343903|9.358939
1510200150826|-2.8639262|-0.37252668|9.371741
1510200150942|-2.3506284|-0.3521361|9.51425
1510200151058|-2.400729|-0.4674616|9.496756
1510200151172|-2.3496785|-0.41339478|9.512019
1510200151289|-1.9167528|-0.42874667|9.607945
1510200151402|-1.7305415|0.031006658|9.652701
1510200151517|-1.3529084|0.6286973|9.692512
1510200151635|-1.2276306|0.9886872|9.679143
1510200151751|-1.2214819|1.2527251|9.6493025
1510200151861|-1.2417588|1.304245|9.639884
1510200151980|-1.3376707|1.3292968|9.623617
1510200152094|-1.1052092|1.1106805|9.680666
1510200152208|-1.1712004|1.0893695|9.675327
1510200152326|-1.215606|0.95648545|9.683895
1510200152439|-1.1557791|0.8314275|9.702747
1510200152554|-1.5469577|0.71738374|9.65726
1510200152666|-1.402785|0.72599095|9.678612
1510200152782|-1.3325918|0.8293266|9.680227
1510200152897|-1.6037034|0.901466|9.632543
1510200153012|-1.4619733|0.6964853|9.672018
1510200153127|-1.7796947|0.638382|9.622658
1510200153244|-1.849798|0.46509263|9.619372
1510200153358|-1.8002099|0.5504196|9.624275
1510200153473|-1.7503407|0.2888151|9.644858
1510200153589|-1.9674678|0.534237|9.592395
1510200153703|-2.1056442|0.5493154|9.5621605
1510200153819|-2.0670536|0.3652428|9.579368
1510200153934|-2.0851583|0.33367|9.576595
1510200154049|-2.0595758|0.3530126|9.581436
1510200154165|-2.142095|0.25104386|9.5665455
1510200154280|-2.1879916|0.25658464|9.5560055
1510200154392|-1.961692|0.10828862|9.607831
1510200154508|-2.2655523|0.10458997|9.540792
1510200154628|-2.0032108|0.12623315|9.599041
1510200154741|-2.1682377|0.101554215|9.56341
1510200154854|-2.0761242|0.15252343|9.583153
1510200154968|-2.0209174|0.08820985|9.595755
1510200155085|-2.239435|0.19641863|9.545509
1510200155201|-1.9550824|0.16486089|9.608375
1510200155313|-2.275371|0.2961077|9.534431
1510200155429|-1.9880031|0.25904|9.599538
1510200155545|-2.1303494|0.3546331|9.565889
1510200155658|-1.920167|0.3138261|9.611705
1510200155781|-1.9250538|0.5877556|9.597869
1510200155889|-1.9519656|0.5714508|9.593418
1510200156010|-2.0142453|0.5407661|9.582316
1510200156118|-2.100105|0.29856113|9.574488
1510200156235|-2.307193|0.08136949|9.531034
1510200156348|-2.3722537|0.08818916|9.514989
1510200156463|-2.5146189|0.31690523|9.473472
1510200156580|-2.3865767|0.10536994|9.511232
1510200156696|-2.2323165|-0.35820296|9.542477
1510200156811|-2.2583158|-0.56720537|9.52621
1510200156925|-2.243152|-0.85915124|9.507918
1510200157040|-2.0386918|-0.8167172|9.557568
1510200157154|-1.9033477|-0.31895992|9.61488
1510200157269|-1.6729349|0.42472595|9.653563
1510200157387|-1.941243|0.62436545|9.592296
1510200157501|-2.0416865|0.8132471|9.557223
1510200157623|-1.6421428|1.341042|9.574724
1510200157731|-1.3909314|1.4373531|9.600507
1510200157843|-1.0566845|1.3336484|9.657908
1510200157960|-0.42801085|1.3632019|9.7020035
1510200158074|-0.23173514|1.1542282|9.73573
1510200158188|0.05574952|2.0520663|9.589384
1510200158304|0.16434316|3.0755944|9.310429
1510200158421|0.20694622|3.1759706|9.275816
1510200158535|-0.3938746|3.3435051|9.210657
1510200158654|-0.94326174|3.4974473|9.113095
1510200158764|-1.6276802|3.3712053|9.063996
1510200158880|-2.0397854|3.9415512|8.744932
1510200158995|-2.184386|3.9019608|8.727745
1510200159111|-2.2666683|4.3644605|8.484344
1510200159226|-1.8227733|4.7308006|8.394486
1510200159343|-1.10369|4.827473|8.4645
1510200159455|-1.0672525|5.304722|8.178709
1510200159571|-1.1128753|5.1039205|8.299512
1510200159684|-1.4728276|5.006062|8.303041
1510200159801|-1.8208508|4.918625|8.286255
1510200159914|-2.1052186|5.051089|8.137872
1510200160031|-2.444624|5.0380344|8.050616
1510200160144|-2.6140563|5.1192684|7.9454513
1510200160260|-2.4795082|5.2685647|7.890795
1510200160375|-2.481357|5.3493266|7.8356857
1510200160491|-2.5559566|5.355195|7.807648
1510200160606|-2.259871|5.305547|7.931868
1510200160720|-2.1935403|5.3978305|7.888105
1510200160837|-1.9775727|5.4422493|7.9146395
1510200160950|-2.1257644|5.3747873|7.9223213
1510200161066|-2.1624784|5.5155993|7.8148723
1510200161181|-2.2936018|5.5014553|7.7874103
1510200161297|-2.339767|5.559943|7.7319407
1510200161412|-2.3105354|5.4999127|7.7834935
1510200161526|-2.3846562|5.511715|7.752729
1510200161643|-2.312828|5.450641|7.817399
1510200161757|-2.3691618|5.4440784|7.805093
1510200161870|-2.2578552|5.450208|7.8337545
1510200161987|-2.2968864|5.4065037|7.852669
1510200162103|-2.1850696|5.3782916|7.9037857
1510200162216|-2.1142113|5.368686|7.929546
1510200162333|-2.1048975|5.258243|8.005665
1510200162447|-2.0088713|5.2881713|8.010622
1510200162561|-2.0474079|5.198788|8.059226
1510200162677|-1.9296885|5.202204|8.086022
1510200162792|-1.5865834|5.064603|8.246389
1510200162906|-1.4925178|5.082702|8.252811
1510200163020|-1.4239918|4.9879384|8.322446
1510200163135|-1.2657669|4.8582683|8.424099
1510200163251|-1.2112038|4.843591|8.440557
1510200163368|-1.2312012|5.1112247|8.278279
1510200163482|-1.487206|5.246525|8.150619
1510200163596|-1.4177136|5.059314|8.280327
1510200163714|-1.3962054|4.8468833|8.410037
1510200163825|-1.3255467|4.6322403|8.5414095
1510200163945|-1.466081|4.645209|8.511347
1510200164063|-1.2862221|4.2015147|8.767171
1510200164175|-1.1688164|3.6790745|9.0149145
1510200164286|-0.94818866|4.1771398|8.821725
1510200164407|-0.8773559|3.7878113|9.00295
1510200164517|-0.4836448|3.7609615|9.043873
1510200164631|-0.25406653|3.5945141|9.120598
1510200164747|-0.100303546|3.6811528|9.088974
1510200164863|0.09648052|3.722892|9.071999
1510200164975|0.067070335|3.5982423|9.122419
1510200165090|-0.02243233|3.6463315|9.103524
1510200165206|0.061379872|3.5079403|9.157564
1510200165322|0.20338842|3.7195113|9.071618
1510200165437|0.17884207|3.8089921|9.034932
1510200165553|0.39412177|4.0388713|8.92763
1510200165667|0.37236407|4.300427|8.80557
1510200165781|0.50924665|4.2842965|8.806581
1510200165902|0.7098588|4.5866957|8.638791
1510200166013|0.67824167|4.5723085|8.6489525
1510200166125|0.7465144|4.5675855|8.6458235
1510200166242|0.9229019|4.696776|8.559144
1510200166358|0.94895303|4.6933117|8.558195
1510200166472|1.0130844|4.629144|8.585748
1510200166588|1.0473872|4.5650134|8.615916
1510200166703|1.1243366|4.7346005|8.514095
1510200166816|1.3688534|5.2742324|8.153472
1510200166932|1.2386526|5.6073833|7.949426
1510200167050|1.3404996|5.6144667|7.927875
1510200167163|1.0747957|5.607016|7.973492
1510200167277|0.592468|5.7847223|7.896604
1510200167391|0.3782782|5.998169|7.749146
1510200167509|0.4680449|6.179533|7.600309
1510200167624|0.5463858|5.8409424|7.8584504
1510200167737|0.6945875|4.855518|8.491872
1510200167853|0.27549574|3.755192|9.055
1510200167970|0.40266734|3.808806|9.027804
1510200168086|0.7844941|5.249878|8.2458315
1510200168198|0.6422201|4.331518|8.774731
1510200168312|0.3969044|4.807819|8.538016
1510200168428|-0.111325204|5.8262043|7.887543
1510200168543|-0.47407788|5.6067247|8.031829
1510200168660|-0.23785762|6.073349|7.695988
1510200168774|-0.57974005|6.443925|7.3695393
1510200168889|-1.282327|6.128549|7.547643
1510200169003|-1.3531706|5.998431|7.63925
1510200169120|-1.450909|5.737471|7.8196344
1510200169232|-0.98697513|5.414111|8.116875
1510200169346|0.28333646|5.2390304|8.285088
1510200169464|2.2905798|4.9967346|8.121346
1510200169578|3.5709858|5.094933|7.580244
1510200169695|3.9462583|5.0327783|7.4342833
1510200169809|4.2446556|4.8532586|7.389124
1510200169925|3.923166|4.797348|7.6003036
1510200170037|3.4642487|5.031059|7.6718845
1510200170152|2.790097|5.2362046|7.808195
1510200170270|2.1047566|5.3505306|7.9443192
1510200170384|1.5016867|5.442095|8.018661
1510200170498|0.90284663|5.5977197|8.0013
1510200170615|0.56458235|5.5653977|8.0546875
1510200170728|0.21366495|5.3006344|8.24791
1510200170844|-0.18699114|5.007201|8.429909
1510200170958|-1.0297327|4.3010707|8.752761
1510200171076|-1.3275968|4.060121|8.827417
1510200171193|-0.70319754|4.358403|8.756724
1510200171304|0.21092452|5.511876|8.108336
1510200171419|-0.19379666|5.3326874|8.227715
1510200171534|-0.7759097|4.794006|8.519733
1510200171648|-0.57986426|4.872754|8.490607
1510200171764|-0.36569366|5.1141386|8.359561
1510200171880|-0.74333346|4.705101|8.572041
1510200171993|-0.16278912|5.1214085|8.361523
1510200172111|-0.14169523|5.1699724|8.331967
1510200172223|0.44368422|5.4701643|8.127166
1510200172337|1.1454428|5.613955|7.9587603
1510200172455|1.8362522|5.6190495|7.824631
1510200172568|1.8414408|5.8576245|7.64642
1510200172685|1.4215404|5.904338|7.6998963
1510200172798|1.2514973|5.7000284|7.8812323
1510200172914|1.1482793|5.5733285|7.986855
1510200173027|0.48148575|5.171713|8.31817
1510200173143|-0.025954833|5.2250905|8.298683
1510200173258|-1.0595613|5.0622044|8.331974
1510200173373|-1.7673244|5.225043|8.108382
1510200173487|-2.0829022|5.2230124|8.034429
1510200173604|-1.8335891|5.193577|8.113883
1510200173719|-1.7310723|5.1859217|8.1412525
1510200173833|-1.6879196|5.1433473|8.177242
1510200173950|-1.7936105|5.1231227|8.167434
1510200174067|-1.563373|4.873052|8.365382
1510200174181|-1.249844|4.8291416|8.443203
1510200174295|-0.9534152|4.8527193|8.468323
1510200174410|-1.3454623|5.234806|8.182721
1510200174524|-2.129929|6.077988|7.395394
1510200174640|-1.8660877|5.7925396|7.689902
1510200174754|-0.9610387|5.45109|8.09521
1510200174868|-1.0714043|5.44011|8.088739
1510200174986|-1.3494815|5.7530775|7.826327
1510200175100|-1.26085|5.6527686|7.9137135
1510200175215|-0.9333482|5.346399|8.167942
1510200175329|-1.006737|5.3352103|8.166542
1510200175444|-1.2376194|5.350791|8.124514
1510200175560|-1.496337|5.6095047|7.903469
1510200175675|-1.582737|5.6315765|7.870875
1510200175788|-1.5169458|5.5112033|7.9684315
1510200175907|-1.4247763|5.473763|8.011137
1510200176022|-1.6385847|5.523185|7.9359856
1510200176136|-1.2919796|5.6598725|7.903608
1510200176251|-0.99449354|5.5476227|8.025288
1510200176365|-0.86117524|5.473472|8.091345
1510200176480|-0.65711045|5.456143|8.122136
1510200176596|-0.5556938|5.325406|8.215939
1510200176709|-0.6101994|5.350307|8.1958685
1510200176827|-0.48047453|5.042027|8.3974695
1510200176939|-0.8412628|5.1921062|8.276756
1510200177055|-1.0746235|5.077898|8.320488
1510200177169|-1.1456414|5.0377455|8.335407
1510200177286|-1.18766|5.088046|8.298894
1510200177400|-1.3533458|5.2747107|8.15575
1510200177515|-1.4451176|5.193143|8.19227
1510200177630|-1.5558085|5.0890017|8.237227
1510200177745|-1.6187456|5.0710454|8.236174
1510200177861|-1.5991598|5.0656314|8.243328
1510200177975|-1.5489054|4.9563065|8.319033
1510200178092|-1.7095308|4.9144325|8.312415
1510200178205|-1.797326|4.9859357|8.251088
1510200178320|-1.9516091|5.049042|8.177333
1510200178439|-1.8852694|5.0159926|8.213158
1510200178549|-2.0318463|4.976012|8.202517
1510200178665|-1.9420716|4.992521|8.214225
1510200178783|-2.1538692|5.0050516|8.15357
1510200178895|-1.9026421|4.881724|8.289698
1510200179009|-1.7564247|4.823659|8.355697
1510200179124|-1.7323449|4.7152324|8.422348
1510200179241|-1.6209998|4.687402|8.459965
1510200179355|-1.598785|4.6666527|8.475649
1510200179469|-1.2000365|4.62551|8.563583
1510200179585|-1.138902|4.5635905|8.605052
1510200179702|-1.0861187|4.520655|8.63449
1510200179818|-1.1390162|4.557368|8.608335
