1510206465132|-0.041624308|-0.02861777|0.4074402
1510206465245|-0.11204696|-0.06190616|-0.047574043
1510206465362|-0.029694319|-0.068095386|0.062690735
1510206465477|-0.50610495|-0.2620715|0.5690594
1510206465591|0.52295685|-0.15614879|-1.5789223
1510206465707|-0.32168627|0.062725425|0.72070503
1510206465820|0.0014770031|0.06033945|0.010181427
1510206465936|0.07580948|0.17896378|-0.29629326
1510206466051|-0.1374526|0.10894275|-0.029068947
1510206466168|0.09963846|-0.1483202|0.24995232
1510206466283|-0.25238466|0.1867969|0.2145567
1510206466395|-0.2763636|-0.060950637|0.27643204
1510206466512|-0.078688145|0.032817602|-0.14983654
1510206466626|-0.26099706|-0.05055797|-0.24736214
1510206466742|0.10166049|-0.1592902|-0.5166302
1510206466857|0.13227582|0.13393986|-0.31033325
1510206466972|-0.14906383|-0.18142843|-0.06573868
1510206467087|0.45054936|0.0378263|0.65582275
1510206467201|-0.07325292|0.11726534|-0.04251671
1510206467317|0.019301891|-0.14843988|0.12661457
1510206467433|-0.123539686|0.064572334|0.121772766
1510206467547|0.2638173|-0.13159323|0.09847641
1510206467660|0.15274549|0.13040388|0.25029755
1510206467777|-0.012373686|0.053023934|-0.2833004
1510206467892|0.3646114|-0.0049529076|0.15672588
1510206468007|0.022043705|-0.3198402|-0.28129005
1510206468122|-0.07573414|0.06628978|-0.3866892
1510206468236|-0.28439403|-0.31381798|0.35655308
1510206468353|-0.015594959|-0.06294286|-0.16335773
1510206468468|-0.8647461|-0.34825265|-0.1697712
1510206468582|0.178092|0.37415338|-0.7404394
1510206468696|-0.20766497|-0.14687586|-0.48224735
1510206468811|-0.09492254|0.05546713|-0.19193077
1510206468927|-0.08708191|0.024111986|0.6084833
1510206469042|0.24176097|-0.052991867|0.27512074
1510206469156|-0.14535308|-0.17916036|0.36477184
1510206469273|-0.06828618|-0.033023357|0.3311243
1510206469388|-0.007566452|0.0092020035|0.03360367
1510206469502|0.111849785|0.037136078|-0.22186947
1510206469617|0.37768292|0.17066312|-0.008179665
1510206469732|0.040297747|0.045411825|-0.3298378
1510206469847|0.21157074|0.19482684|-0.42244434
1510206469962|-0.07767153|0.2936492|-0.056242943
1510206470077|-0.13991952|-0.03163314|0.6134491
1510206470196|-0.020563602|0.2554505|-0.30479527
1510206470308|-0.41549683|-0.26194775|-0.51486015
1510206470422|0.031102896|0.34473753|-0.09873581
1510206470537|-0.13484907|-0.12614083|-0.26962662
1510206470655|0.18544483|0.17733866|0.36898422
1510206470770|0.08755803|0.011427477|-0.2517872
1510206470883|-0.1737814|-0.17112355|-0.24556255
1510206470997|0.3618219|0.013728142|0.6762638
1510206471112|-0.11325288|0.07022089|-0.2980461
1510206471228|0.12788796|0.10479009|0.20325851
1510206471344|0.06974888|-0.02131772|-0.60254097
1510206471459|-0.3171661|0.078035235|0.06569481
1510206471573|0.13461637|-0.15285349|-0.00459671
1510206471688|0.15173435|-0.05666876|-1.6316032
1510206471802|-0.03459716|-0.1768043|0.7998047
1510206471917|0.1654458|-0.13072681|-0.78081703
1510206472033|-0.15379667|-0.1493516|-0.13638973
1510206472148|0.073578596|-0.081355095|-0.6935358
1510206472263|-0.032189846|0.019378424|-0.12881088
1510206472378|0.15931201|-0.17779946|-0.7676296
1510206472494|0.10712385|0.031231642|0.5815697
1510206472608|-0.03910494|-0.06891489|-0.09559059
1510206472725|-0.18222022|-0.110284686|-0.8456621
1510206472837|-0.0106163025|-0.0629611|0.12526417
1510206472953|-0.37408423|-0.6327554|0.9092207
1510206473068|0.17810726|0.059693456|-0.013822556
1510206473183|-0.115804434|-0.14849526|0.61714077
1510206473298|-0.046449184|-0.061416253|-0.080703735
1510206473414|0.6119127|0.11084455|-0.9870672
1510206473528|0.29139066|0.07195634|0.07337093
1510206473644|0.24727058|-6.098747E-4|0.017775536
1510206473757|0.31158018|0.11454946|-0.47846413
1510206473872|-0.73110795|-0.22713315|-0.6695204
1510206473991|-0.5296159|-0.19083196|0.18791294
1510206474104|0.04314518|0.14928725|0.67373943
1510206474219|0.11326933|-0.116999984|0.23019409
1510206474333|0.86351943|0.111718774|0.12264633
1510206474448|-0.02051115|-0.17857075|-0.4577856
1510206474563|-0.13514352|-0.17944169|0.711401
1510206474680|0.7270086|-0.10701394|-0.22104168
1510206474792|-0.11039162|0.15828598|-0.30488014
1510206474908|0.45183277|0.096729994|0.1941061
1510206475024|0.11484575|-0.0026049614|0.16166115
1510206475138|0.15194535|-0.17011237|0.85216045
1510206475253|0.12300086|0.087239504|0.7357292
1510206475369|-0.12672853|0.0073418617|0.4457283
1510206475483|0.4806378|0.14905334|-0.10412216
1510206475599|0.13579273|0.3330419|0.87282944
1510206475714|0.2777984|-0.0133116245|0.41646385
1510206475828|-0.29430342|-0.28729427|-0.47871208
1510206475944|0.33023405|0.07019758|0.6092901
1510206476058|-0.106915|-0.31780756|-0.09689236
1510206476173|0.19126225|0.27596295|-0.15996075
1510206476290|-0.46715355|-0.17456615|0.15795422
1510206476403|-0.41692972|0.06816852|0.04789543
1510206476518|0.19055557|0.07068133|-0.08372593
1510206476634|-0.10731912|0.017847896|-0.07726383
1510206476749|-0.52953124|-0.49176323|-0.47059917
1510206476865|0.27421904|0.5061799|0.45654678
1510206476979|0.08111191|-0.19266802|-0.19983292
1510206477093|-0.15948606|-0.111879945|-0.08808613
1510206477210|-0.03936267|0.14570165|0.25547504
1510206477324|0.010427713|0.10268688|0.066348076
1510206477439|0.20338821|-0.119898975|-0.11486149
1510206477555|-0.03225851|0.075677454|0.14219189
1510206477669|-0.1547916|-0.2790838|-0.24991512
1510206477783|0.1565342|0.083915114|0.2700405
1510206477899|0.041195393|-0.068456054|-0.46660805
1510206478015|-0.39593148|0.121593714|0.1665039
1510206478129|-0.07029843|-0.11883974|0.15281296
1510206478244|0.1745019|0.16290998|0.11619377
1510206478359|0.14572644|-0.19048226|-0.20438576
1510206478474|0.072466135|-0.017739236|0.23888493
1510206478589|-0.3481791|-0.5184425|-0.6746645
1510206478705|-0.022389174|0.28088486|0.15797997
1510206478819|0.30787182|-0.082422495|-0.11557865
1510206478935|0.07560325|-0.027281046|0.56023693
1510206479050|-0.11566019|0.115682125|0.7511091
1510206479164|0.09255576|-0.017613888|0.14348125
1510206479280|0.42089915|0.2752713|0.33805656
1510206479394|-0.07509112|-0.16790926|0.46060658
1510206479509|-0.11853027|-0.102731705|-0.45747662
1510206479626|0.2701211|0.17400253|0.10408783
1510206479739|0.09482479|-0.3546263|-0.16990376
1510206479855|-0.23720694|-0.16705263|4.196167E-5
1510206479971|-0.27082634|0.19515455|0.15897465
1510206480085|0.23131895|0.4429984|-0.07063675
1510206480199|0.002002716|-0.28598177|-0.042913437
1510206480314|0.1301403|-0.03954208|-0.53037643
1510206480430|-0.23924685|-0.12126887|-0.28510284
1510206480545|-0.5412297|0.3664794|-0.049340248
1510206480660|0.62621117|-0.24484503|0.013934135
1510206480775|0.40961862|-0.123853266|-0.6350479
1510206480890|-0.46849465|0.061573923|0.46588898
1510206481006|-0.023585081|3.992319E-4|0.3309412
1510206481121|-0.050261974|0.03830135|0.19118786
1510206481236|-0.06844473|-0.5278361|0.74492073
1510206481350|0.6454356|0.16225195|-0.0049829483
1510206481466|0.09066558|0.005176306|-0.16096878
1510206481580|-0.098052025|-0.05657935|-0.22510433
1510206481695|0.3639226|0.03335643|0.10464001
1510206481810|0.052785397|-0.19785404|-0.4800663
1510206481926|0.31593156|0.09859395|-1.0881634
1510206482040|-0.14355946|0.053475857|-0.29044437
1510206482156|0.35859704|-0.39488292|-0.032328606
1510206482271|-0.31033278|0.024859428|-0.15989304
1510206482385|-0.028603554|0.11461854|0.1767292
1510206482502|0.009583473|0.117040634|-0.12849998
1510206482615|-0.028047085|-0.06576824|0.1736145
1510206482737|-0.09286833|0.12514877|-0.29625893
1510206482845|0.21624088|-0.2695148|-0.11388874
1510206482961|-0.039241314|0.10449386|-0.2832718
1510206483077|-0.064748526|-0.38362837|-0.32645512
1510206483191|0.031629086|0.24306893|0.18683815
1510206483307|-0.023541212|0.058595657|0.50678635
1510206483420|-0.052319527|-0.23906946|0.5316124
1510206483537|-0.25146627|0.18478799|0.29485035
1510206483651|-0.49301696|-0.10267401|-0.26072788
1510206483766|0.23854017|0.39079785|0.22888947
1510206483882|-0.020738602|0.0068864822|-0.19558716
1510206483995|0.35191512|-0.09149718|0.24873829
1510206484112|-0.013043165|0.04464078|0.07446194
1510206484225|0.002985239|-0.029884338|0.56787395
1510206484340|0.27534962|-0.14951634|0.06993008
1510206484456|0.047623873|-0.028015614|0.017165184
1510206484570|-0.23060012|-0.10458708|0.042219162
1510206484687|-0.1068604|0.11678553|0.015753746
1510206484800|-0.15578961|0.11099458|0.05854988
1510206484916|0.13275146|-0.08491874|0.09990215
1510206485032|0.09959769|0.12256193|-0.06910324
1510206485146|-0.04812336|-0.08274698|0.27791977
1510206485262|0.045595407|0.11238754|0.13474083
1510206485376|-0.05546522|0.012560368|0.019417763
1510206485490|-0.13861561|-0.024430275|-0.12749958
1510206485606|-0.018640041|0.18879306|0.095936775
1510206485722|0.02535963|-0.09352589|0.008544922
1510206485836|0.2430489|0.03538549|-0.085944176
1510206485952|-0.014360189|-0.0068348646|-0.11802292
1510206486067|0.18082547|-0.03154993|-0.20475578
1510206486182|-0.1777482|-0.11548066|0.23520947
1510206486296|-0.23005748|-0.11742675|0.38681316
1510206486412|0.46927023|0.20951438|0.26114464
1510206486526|0.12641144|-0.15527773|0.022203445
1510206486641|0.012139082|0.014997721|0.4098072
1510206486755|-0.21370363|-0.077054024|0.075434685
1510206486871|0.14738035|0.30368257|0.6179466
1510206486987|-0.11055088|-0.15313411|0.037402153
1510206487101|-0.08610606|0.024054289|0.08833313
1510206487218|-0.11346197|0.002594471|-0.20969391
1510206487332|0.13669586|0.08863735|-0.12693977
1510206487449|0.18905735|-0.12429404|-0.1755867
1510206487563|0.09670162|-0.0035541058|-0.10680771
1510206487676|-0.25325894|0.08410621|-0.10362053
1510206487796|-0.07921314|0.105757|0.047099113
1510206487907|-0.055708647|0.18008423|0.42237854
1510206488022|-0.38468027|-0.09362173|-0.3865404
1510206488137|0.008505583|0.3566842|-0.16095543
1510206488251|0.15364623|-0.33848023|-0.0995512
1510206488367|0.16666913|0.15231371|-0.040966034
1510206488483|0.020155907|-0.09836817|8.354187E-4
1510206488597|0.050252676|0.032268524|-0.023713112
1510206488712|0.15132141|0.05876112|-0.002954483
1510206488828|-0.0062708855|-0.15185738|0.19995594
1510206488943|-0.036789656|0.1226635|0.1763792
1510206489056|0.13068318|-0.03262329|0.5426941
1510206489171|-0.06704068|-0.01848197|-0.17190266
1510206489286|0.06434274|0.14295626|0.21002197
1510206489403|-0.06262326|-1.6212463E-4|0.18385601
1510206489518|0.081367254|0.106998205|-0.074747086
1510206489633|-0.08157802|-0.15155768|-0.23812771
1510206489748|0.038938046|-0.06945348|-0.022270203
1510206489863|0.18509746|-0.06101823|0.15811443
1510206489977|0.049122572|0.17698383|-0.22641659
1510206490091|-0.09144449|-0.17650557|-0.40884304
1510206490208|0.12029314|0.07780099|0.39895535
1510206490322|-0.16194749|-0.21093655|0.51998425
1510206490438|0.3354609|0.009330034|0.07483673
1510206490553|-0.09724212|0.16599798|-0.2261591
1510206490667|-0.11597705|-0.30007768|-0.084114075
1510206490785|0.25394845|-0.114665985|0.022986412
1510206490898|-0.0017983913|0.07677984|-0.30287838
1510206491013|0.12285209|0.28163362|-0.044861794
1510206491128|0.18331003|-0.30146906|0.67327404
1510206491244|-0.4604969|-0.048721135|0.30407238
1510206491357|0.17607307|0.15470588|0.34831142
1510206491473|0.06792545|-0.045191824|-0.39196205
1510206491589|-0.21322346|-0.083300054|-0.07485676
1510206491704|0.28866482|0.2004934|0.05115509
1510206491817|-0.08138609|-0.18095613|-0.18503666
1510206491933|-0.45372438|-0.54367566|-0.35058403
1510206492048|0.10335851|0.3052262|0.17946815
1510206492162|0.16070151|-0.08628166|-0.22758389
1510206492278|0.13162518|-0.18861365|0.072999954
1510206492392|0.20544124|-0.14168286|0.39737225
1510206492509|-0.09688902|0.066287994|0.2945757
1510206492624|0.24992466|-0.04020405|0.19976902
1510206492740|-0.106061935|0.026700258|-0.3613224
1510206492852|-0.17160845|0.26333094|0.30537224
1510206492968|-0.013871431|0.10635471|0.27943134
1510206493083|0.40679717|0.10575771|0.25518894
1510206493198|-0.111640215|0.14060068|0.0683918
1510206493315|-0.09538245|0.12957191|-0.15115929
1510206493429|0.17753887|0.23097765|0.05603695
1510206493543|0.884717|-0.02965331|-0.2351675
1510206493659|-0.42027044|-0.18605375|-0.43381786
1510206493773|0.016860962|0.04620719|0.41713047
1510206493888|-0.037414074|-0.18715549|0.023486137
1510206494006|0.16899371|0.20494187|-0.40592003
1510206494118|0.12788248|-0.05028844|-0.18817043
1510206494233|0.0309062|-0.23195398|-0.43025875
1510206494350|0.12587571|0.18807852|0.1933899
1510206494464|-0.07348108|0.2004292|-0.6559019
1510206494578|-0.1646936|-0.15064156|0.08133316
1510206494693|-0.18159795|0.060863137|0.45880795
1510206494808|0.4537456|0.08226323|-0.66158295
1510206494923|-0.03763461|0.015918493|-0.16915989
1510206495040|0.14865875|-0.19771373|-0.6858206
1510206495154|0.0018777847|0.005421877|-0.1532898
1510206495268|-0.10636568|0.25329816|1.0260658
1510206495384|-0.04197502|-0.17662406|1.10742
1510206495498|0.36584568|0.13724566|0.6974611
1510206495614|0.035572052|0.082176805|0.92222786
1510206495728|-0.112398624|-0.107169986|-0.30696487
1510206495843|0.1479919|0.09839022|0.21188354
1510206495960|0.048184633|-0.016820908|0.056711197
1510206496074|0.16273785|-0.41351676|-0.70387745
1510206496189|-0.542151|0.048517704|-0.16429996
1510206496306|0.06259465|0.52315927|0.059761047
1510206496419|0.0037899017|-0.21296382|-0.33151627
1510206496535|-0.096230984|0.20508063|-0.0025482178
1510206496648|-0.20155072|0.09904575|-0.5528259
1510206496764|-0.21217155|-0.1503739|0.46333027
1510206496879|0.26640153|0.2572749|-0.53935814
1510206496994|0.11022067|-0.14687523|0.13671684
