1509201577610|0
1509201577943|0
1509201578276|0
1509201578610|0
1509201578943|0
1509201579277|0
1509201579610|0
1509201579949|0
1509201580278|0
1509201580610|0
1509201580943|0
1509201581278|0
1509201581611|0
1509201581943|0
1509201582277|0
1509201582610|0
1509201582948|0
1509201583276|0
1509201583609|0
1509201583943|0
1509201584278|0
1509201584610|0
1509201584943|0
1509201585277|0
1509201585609|0
1509201585943|0
1509201586277|0
1509201586609|0
1509201586944|0
1509201587277|0
1509201587610|0
1509201587945|0
1509201588275|0
1509201588609|0
1509201588943|0
1509201589276|0
1509201589609|0
1509201589942|0
1509201590279|0
1509201590609|0
1509201590943|0
1509201591276|0
1509201591612|0
1509201591944|0
1509201592275|0
1509201592615|0
1509201592943|0
1509201593276|0
1509201593610|0
1509201593950|0
