1510206465192|37.622833|-10.446548|-19.420624
1510206465342|37.345123|-10.322952|-19.325256
1510206465445|36.833572|-10.617065|-19.242859
1510206465544|36.93161|-11.392593|-19.387054
1510206465695|36.23314|-13.3003235|-19.561005
1510206465793|35.496902|-15.32402|-20.04242
1510206465892|35.417557|-15.7260895|-20.054245
1510206466042|35.35919|-15.945435|-19.211578
1510206466193|35.512543|-15.446091|-18.470001
1510206466344|35.267258|-15.194321|-19.169617
1510206466443|35.336304|-15.481186|-18.572998
1510206466542|35.46982|-15.471268|-18.39447
1510206466692|35.704803|-15.494156|-18.4803
1510206466796|35.8696|-15.488052|-18.72902
1510206466893|35.75859|-15.604782|-18.681335
1510206467042|35.954666|-15.685272|-18.433762
1510206467193|35.49156|-15.196228|-18.323517
1510206467344|35.124588|-15.557098|-18.79425
1510206467444|35.849762|-15.595245|-19.18869
1510206467542|35.748672|-15.47699|-19.30046
1510206467693|35.172653|-15.300369|-19.115448
1510206467795|35.053253|-15.701294|-18.924713
1510206467892|35.2993|-15.71846|-18.472672
1510206468043|35.82306|-15.718842|-17.47284
1510206468195|36.53221|-15.218735|-17.524338
1510206468343|37.04567|-15.063095|-15.919113
1510206468442|37.626266|-15.548706|-14.833069
1510206468542|37.203598|-16.141891|-14.491653
1510206468692|36.304474|-16.87584|-13.471222
1510206468793|35.749817|-17.797089|-14.001465
1510206468892|35.80551|-18.221283|-14.1922
1510206469044|35.02083|-19.467545|-13.74855
1510206469193|34.301758|-20.158005|-13.698196
1510206469343|33.813477|-21.658325|-13.158035
1510206469442|34.088135|-23.061752|-13.475037
1510206469543|33.356857|-23.860931|-13.593292
1510206469692|32.315826|-25.032043|-13.143921
1510206469791|32.096863|-25.082016|-12.828064
1510206469892|32.229614|-24.793243|-13.638306
1510206470042|32.864|-22.655869|-15.958023
1510206470197|33.337402|-20.454025|-17.485428
1510206470342|33.631516|-18.702316|-18.381882
1510206470442|33.039856|-17.542648|-18.953323
1510206470541|33.104324|-17.090225|-19.607162
1510206470691|33.917618|-15.579224|-21.530533
1510206470792|34.689713|-12.732697|-22.430801
1510206470892|34.89456|-11.33461|-22.22023
1510206471041|35.894775|-8.943176|-21.782303
1510206471191|36.654663|-8.127213|-21.04683
1510206471344|37.27722|-6.3732147|-21.289062
1510206471441|38.150406|-4.4670105|-20.950317
1510206471542|38.582993|-3.6533356|-20.82367
1510206471691|38.962555|-1.9325256|-20.849228
1510206471791|39.23073|-1.8913269|-20.318222
1510206471892|38.96866|-1.9245148|-20.36438
1510206472040|38.78212|-1.8440247|-20.433044
1510206472191|38.217545|-2.1175385|-21.074677
1510206472341|38.367462|-2.1614075|-20.555496
1510206472440|38.648987|-2.2945404|-20.52536
1510206472541|38.19313|-2.229309|-21.109772
1510206472691|37.05063|-2.13089|-22.172546
1510206472791|36.649704|-2.5100708|-22.82753
1510206472894|36.59973|-2.7702332|-22.939682
1510206473042|36.862564|-3.806305|-23.270798
1510206473192|37.382126|-6.1107635|-23.543549
1510206473342|36.826706|-8.784485|-20.764542
1510206473442|36.5963|-10.715485|-19.439697
1510206473543|36.546707|-12.036514|-18.347168
1510206473701|36.585236|-13.727951|-15.874863
1510206473791|37.19864|-13.973618|-14.455414
1510206473892|37.96463|-13.595963|-14.48555
1510206474040|38.23242|-12.633514|-15.715408
1510206474190|38.004684|-11.986923|-16.843796
1510206474341|37.550735|-13.788223|-16.102982
1510206474441|36.911392|-15.83252|-16.098785
1510206474542|36.623383|-16.151428|-16.136932
1510206474691|36.769867|-16.765213|-15.037918
1510206474791|36.193466|-18.107605|-14.493561
1510206474891|36.00197|-18.424225|-14.385986
1510206475040|35.269547|-18.995667|-14.0686035
1510206475191|34.94339|-19.945526|-14.07814
1510206475292|35.029602|-20.241165|-14.140701
1510206475392|34.949875|-20.046616|-14.09874
1510206475491|34.811783|-20.089722|-14.116287
1510206475591|34.920883|-20.15686|-14.334488
1510206475690|34.97467|-20.3228|-14.348602
1510206475792|35.85701|-20.037842|-14.844131
1510206475893|35.79445|-19.865036|-15.108871
1510206476041|36.20987|-19.403076|-15.097046
1510206476191|36.499786|-18.774033|-14.255524
1510206476290|37.110138|-17.837906|-14.162827
1510206476391|37.282562|-16.822815|-15.091324
1510206476490|37.199783|-16.373825|-15.489197
1510206476590|36.847305|-15.929031|-16.817474
1510206476692|36.670303|-16.156387|-17.507172
1510206476791|35.983276|-16.366959|-18.376923
1510206476890|35.66284|-16.143417|-18.736267
1510206477041|35.788727|-15.604401|-19.28444
1510206477193|36.38344|-14.946747|-19.52858
1510206477291|36.26976|-14.87236|-19.064713
1510206477390|35.671997|-15.044403|-18.738937
1510206477490|35.74028|-14.841461|-18.437195
1510206477590|36.013412|-14.690399|-17.658234
1510206477689|35.969543|-14.816284|-17.373657
1510206477789|35.825348|-15.325928|-17.894363
1510206477889|35.930252|-15.304947|-18.042374
1510206478039|35.983276|-15.24086|-18.177795
1510206478191|35.977173|-15.719986|-18.697357
1510206478290|35.40764|-16.833115|-19.124222
1510206478390|35.248566|-16.987228|-18.545532
1510206478491|35.809708|-16.536331|-18.167877
1510206478591|36.737442|-16.093063|-17.900848
1510206478690|36.71341|-16.07666|-17.471695
1510206478790|35.538483|-16.598892|-17.116928
1510206478891|35.066605|-16.697693|-17.31224
1510206479040|35.429382|-16.581726|-18.0027
1510206479192|35.606384|-16.670227|-18.292236
1510206479289|35.552216|-16.913605|-18.333817
1510206479389|35.63652|-16.61148|-18.442917
1510206479490|35.71701|-16.601181|-17.879486
1510206479591|35.969162|-17.004013|-16.287231
1510206479689|36.079025|-17.142105|-15.349579
1510206479790|36.02867|-16.82129|-14.648056
1510206479890|36.32469|-17.114258|-13.998795
1510206480039|37.068558|-16.828537|-12.459946
1510206480192|37.25586|-16.419983|-11.698914
1510206480290|37.000656|-15.864563|-12.243652
1510206480390|36.665344|-15.863419|-13.260269
1510206480489|36.408615|-16.352463|-13.805008
1510206480591|36.338425|-16.408157|-15.908813
1510206480690|36.468506|-16.09497|-17.380905
1510206480789|35.64415|-15.135956|-19.981384
1510206480891|35.210037|-14.989853|-20.636368
1510206481039|34.768677|-14.936829|-21.403122
1510206481190|34.2968|-14.92691|-21.089554
1510206481289|33.82187|-15.470886|-19.62967
1510206481389|34.176636|-17.816925|-17.387009
1510206481489|34.408188|-19.09523|-16.263962
1510206481588|34.283447|-21.107483|-14.636612
1510206481690|34.303665|-21.065903|-14.287186
1510206481790|34.735107|-21.010208|-14.199829
1510206481889|34.773636|-20.916748|-14.454269
1510206482038|34.958267|-20.847702|-14.564514
1510206482190|34.13925|-20.650864|-13.962555
1510206482290|34.77211|-20.621872|-12.915421
1510206482388|35.671616|-21.356201|-11.325073
1510206482490|35.608673|-21.725845|-10.507202
1510206482588|35.809708|-21.585464|-10.387421
1510206482688|35.41794|-21.411896|-10.488129
1510206482789|35.121918|-21.304703|-11.240387
1510206482888|35.13336|-20.91713|-11.275864
1510206483038|35.303116|-20.357132|-11.88736
1510206483188|35.663223|-19.885254|-12.668991
1510206483289|35.97145|-19.479752|-12.672424
1510206483388|35.933304|-19.629288|-13.021469
1510206483488|35.710907|-19.87648|-13.315582
1510206483590|35.142136|-20.233536|-14.144516
1510206483688|35.049057|-20.260239|-14.454269
1510206483788|35.92987|-19.238281|-15.119934
1510206483888|35.77156|-18.666077|-15.965271
1510206484038|35.182953|-17.893219|-17.058182
1510206484188|34.965134|-18.136597|-17.732239
1510206484289|34.39026|-18.55812|-17.75093
1510206484388|34.687424|-18.959045|-17.366028
1510206484490|35.22072|-18.843079|-17.549133
1510206484588|35.36377|-18.787384|-18.092728
1510206484692|34.916687|-18.389511|-18.428421
1510206484791|34.486008|-17.95082|-18.68782
1510206484889|34.502792|-17.74292|-18.722153
1510206485037|35.22339|-17.52472|-17.904663
1510206485189|35.954285|-16.843414|-17.493439
1510206485289|36.14807|-16.274643|-17.51442
1510206485389|36.289597|-15.652847|-17.687988
1510206485489|36.34529|-15.4548645|-18.079376
1510206485588|36.390686|-14.999771|-18.52951
1510206485688|36.28807|-14.801788|-18.494797
1510206485788|36.108017|-14.63623|-17.824554
1510206485888|35.89821|-14.603806|-18.33229
1510206486039|36.588287|-14.2829895|-18.626785
1510206486188|36.71646|-14.225769|-18.704224
1510206486288|36.278152|-14.075851|-18.392563
1510206486388|36.48529|-14.799881|-18.19191
1510206486489|36.05957|-15.618134|-18.51616
1510206486588|35.50453|-17.01088|-18.244171
1510206486689|35.09941|-17.502213|-17.75093
1510206486789|34.632492|-18.013382|-16.883469
1510206486889|34.76944|-18.009186|-17.300415
1510206487038|34.926605|-17.745209|-17.87262
1510206487187|35.555267|-17.329025|-17.716217
1510206487289|35.783768|-17.513657|-17.930984
1510206487390|35.3817|-17.868805|-18.11943
1510206487487|35.12497|-17.584991|-18.001938
1510206487588|35.30655|-17.159653|-18.048096
1510206487687|35.05974|-16.932678|-18.132019
1510206487789|34.682465|-17.322922|-17.66777
1510206487889|34.68628|-17.681503|-17.628098
1510206488038|34.843826|-17.822266|-17.697144
1510206488188|34.767532|-17.58194|-18.141937
1510206488289|35.223007|-17.498398|-18.044662
1510206488390|34.979248|-17.584229|-17.89093
1510206488487|34.980392|-17.552185|-17.892838
1510206488589|34.897614|-17.412567|-17.889023
1510206488688|35.23712|-17.456436|-17.753601
1510206488787|35.388947|-17.549515|-17.803574
1510206488887|35.52246|-17.427063|-17.588806
1510206489037|35.201645|-17.484665|-18.095016
1510206489187|35.424805|-18.065643|-18.437958
1510206489287|35.546112|-17.750168|-17.819214
1510206489387|35.48355|-17.452621|-17.858887
1510206489487|35.297012|-17.75093|-18.162918
1510206489587|35.370255|-17.655182|-17.925644
1510206489687|34.92012|-17.95082|-17.913818
1510206489787|34.677124|-18.209076|-17.678452
1510206489887|34.87816|-18.336868|-17.816925
1510206490037|35.37712|-17.896652|-18.053436
1510206490187|35.408783|-17.152786|-17.843628
1510206490287|35.575867|-16.418076|-16.566086
1510206490389|36.603928|-16.641998|-15.431213
1510206490487|37.288666|-17.228317|-14.683914
1510206490588|37.4485|-17.782211|-13.677216
1510206490688|37.270737|-17.953873|-13.263702
1510206490787|36.89995|-18.030167|-14.533997
1510206490888|36.63788|-18.042755|-15.282059
1510206491037|36.928177|-16.938782|-15.992355
1510206491187|37.483215|-15.655136|-16.24794
1510206491287|38.038254|-14.962006|-15.592194
1510206491387|38.106155|-14.493561|-14.398575
1510206491488|38.085175|-14.605713|-14.240265
1510206491588|37.81662|-14.361191|-14.327621
1510206491687|37.934875|-14.3520355|-14.120865
1510206491787|38.16948|-14.356995|-13.204193
1510206491887|38.328934|-14.586639|-13.440704
1510206492037|37.81395|-15.381622|-13.869476
1510206492188|36.961746|-16.93573|-14.789963
1510206492286|36.368942|-17.845154|-15.169907
1510206492387|35.760498|-18.305588|-14.687347
1510206492487|35.790253|-18.575287|-14.60495
1510206492588|35.62889|-18.524933|-14.748383
1510206492687|35.43434|-18.712234|-14.793396
1510206492787|35.315323|-18.326569|-14.510727
1510206492887|35.52971|-18.483353|-14.208603
1510206493039|36.15303|-18.650436|-14.355087
1510206493187|35.39238|-19.09256|-14.761734
1510206493288|34.46541|-19.87114|-15.470123
1510206493386|34.67903|-19.796371|-16.15448
1510206493486|35.35919|-19.166565|-16.308975
1510206493587|36.589813|-17.026138|-16.495895
1510206493686|37.122726|-15.789413|-16.212463
1510206493788|37.03766|-14.93988|-16.14418
1510206493886|36.657333|-15.408325|-15.974426
1510206494036|36.076355|-15.930939|-16.3208
1510206494185|36.51657|-15.625763|-16.65268
1510206494287|37.0018|-15.405655|-15.958023
1510206494386|37.036896|-15.230179|-15.39917
1510206494486|37.17003|-15.311813|-15.719223
1510206494586|36.766434|-15.910339|-16.646576
1510206494685|36.44333|-16.303253|-16.485596
1510206494785|35.998917|-16.542816|-15.567398
1510206494885|36.216354|-16.629028|-15.169525
1510206494986|36.16028|-16.913223|-15.402222
1510206495086|36.17668|-17.459488|-15.810776
1510206495236|36.689377|-17.5766|-15.648651
1510206495337|36.697388|-17.228699|-15.464783
1510206495485|36.127853|-17.30957|-15.890121
1510206495586|36.52687|-17.061996|-15.554047
1510206495737|36.655426|-17.07611|-15.385437
1510206495886|36.577225|-17.031097|-15.158081
1510206495986|36.6539|-17.237473|-15.016556
1510206496086|36.42502|-18.424606|-15.077972
1510206496235|35.865784|-19.54689|-13.877106
1510206496336|35.596085|-20.446014|-12.968445
1510206496485|35.512543|-19.984436|-13.679123
1510206496585|35.800934|-18.092728|-14.151001
1510206496685|36.232758|-17.264557|-14.5225525
1510206496786|36.857605|-15.2404785|-15.444183
1510206496886|37.26616|-14.414597|-16.139984
1510206496985|37.442398|-13.30719|-16.664124
1510206497086|37.636185|-11.835098|-17.691803
