1510198806633|-0.0881958|-0.11843872|-0.28103638
1510198806754|0.33979797|-0.42225647|-0.16374207
1510198806864|-0.20549011|-0.98179626|-0.8432312
1510198806979|-0.4510498|-0.44648743|-1.173111
1510198807095|0.6238556|0.0597229|-0.5158081
1510198807212|1.4385529|0.6685486|-1.1360474
1510198807325|-0.017562866|0.9010925|0.18179321
1510198807439|-1.4907532|0.06278992|0.17324829
1510198807554|-0.69662476|-0.38824463|-0.27166748
1510198807670|-0.7188263|-0.39353943|-0.06967163
1510198807787|0.3701477|-0.2758484|0.10443115
1510198807899|-1.1608887|-0.4552307|-0.21057129
1510198808015|0.5951538|-0.83132935|-0.6153717
1510198808130|0.30885315|-0.59654236|-0.12036133
1510198808246|0.30763245|-2.3739777|0.50942993
1510198808361|0.22395325|-0.4519806|0.0284729
1510198808475|-0.7485504|0.03100586|0.5035248
1510198808591|0.8879547|2.7255554|-0.22665405
1510198808704|0.7523346|0.46655273|-0.3360138
1510198808825|-0.13523865|-0.55888367|-0.22584534
1510198808934|-0.0786438|-0.23898315|0.04801941
1510198809051|-0.02772522|0.13363647|0.1903534
1510198809165|-0.07984924|0.055862427|0.5051575
1510198809280|0.43510437|0.38734436|0.082229614
1510198809394|0.25245667|-0.08546448|0.2086792
1510198809510|-0.012252808|0.18414307|0.24003601
1510198809624|0.32818604|0.009017944|-0.097976685
1510198809741|-0.13179016|0.50442505|0.05290222
1510198809854|0.0697937|-0.15672302|0.0443573
1510198809969|-0.14033508|-0.03475952|0.14331055
1510198810096|-0.20793152|0.06806946|0.027862549
1510198810213|-0.046875|0.037322998|-0.09451294
1510198810316|0.1781311|-0.12719727|-0.12057495
1510198810431|0.8366394|-0.26992798|-0.77134705
1510198810545|-0.4779358|-0.2253418|-0.4380188
1510198810660|0.07325745|-0.11213684|0.22129822
1510198810775|-0.039749146|0.15705872|0.15634155
1510198810890|-0.027938843|0.05381775|0.074279785
1510198811006|-0.21383667|-0.05206299|0.24125671
1510198811121|-0.1647644|-0.0021820068|0.26771545
1510198811236|-0.22911072|-0.078933716|0.15939331
1510198811354|-0.24031067|0.13729858|0.23616028
1510198811466|-0.031799316|-0.018463135|0.15675354
1510198811581|-0.015930176|0.08761597|0.009735107
1510198811696|-0.018569946|0.0027160645|0.01727295
1510198811810|-0.087387085|0.056259155|0.031936646
1510198811926|0.08833313|0.096572876|-0.030166626
1510198812042|-0.08882141|-0.01133728|0.07550049
1510198812157|0.1304779|0.06399536|-0.032196045
1510198812270|0.19238281|0.027145386|-0.07455444
1510198812386|0.16244507|-0.25650024|-0.2219696
1510198812502|0.19013977|-0.07324219|-0.24111938
1510198812616|-0.015731812|0.26130676|-0.077194214
1510198812730|-0.03567505|0.010040283|0.086502075
1510198812845|0.12823486|-0.055923462|-0.13665771
1510198812962|0.12376404|-0.0036010742|-0.1582489
1510198813077|0.036819458|0.035690308|-0.04258728
1510198813190|-0.11894226|0.16743469|0.0054626465
1510198813305|0.026016235|-0.060821533|0.0549469
1510198813420|-0.03425598|0.06970215|0.059005737
1510198813536|0.046798706|-0.06976318|0.005264282
1510198813651|-0.10775757|0.03956604|-0.020187378
1510198813766|0.049224854|-0.15814209|0.047409058
1510198813881|-0.1676178|0.16682434|-0.072509766
1510198813996|-0.021835327|-0.11395264|0.1797638
1510198814112|-0.12281799|-0.03251648|-0.07475281
1510198814228|-0.015716553|0.081100464|0.057174683
1510198814347|0.09585571|-0.1400299|0.023788452
1510198814456|-0.039749146|0.04119873|0.020126343
1510198814571|-0.06742859|0.10838318|0.009735107
1510198814687|0.13516235|-0.11985779|0.047805786
1510198814802|-0.090652466|0.011871338|0.020523071
1510198814918|-0.06864929|-0.016021729|0.06390381
1510198815033|-0.08921814|0.091278076|0.11766052
1510198815148|-0.25619507|0.10064697|0.029281616
1510198815263|0.22027588|0.044036865|0.0921936
1510198815376|-0.10531616|0.03529358|-0.04319763
1510198815491|0.015426636|-0.039642334|-0.025894165
1510198815606|0.0032196045|-0.008087158|-0.09024048
1510198815723|0.44262695|-0.12863159|-0.1912384
1510198815836|0.2642517|-0.20314026|-0.47488403
1510198815952|-0.17556763|-0.16975403|-0.041778564
1510198816068|-0.009613037|0.17456055|0.12864685
1510198816183|-0.08148193|-0.1312561|0.07672119
1510198816297|-0.24641418|-0.10296631|0.037231445
1510198816413|0.03538513|-0.15447998|0.11112976
1510198816529|-0.033432007|-0.029464722|-0.025283813
1510198816641|-0.10795593|0.05015564|0.06512451
1510198816758|0.07814026|-0.10194397|0.07978821
1510198816873|-0.040359497|0.06074524|-0.07170105
1510198816987|0.07652283|-0.028640747|0.18179321
1510198817102|-0.11100769|-0.026000977|-0.0075683594
1510198817218|0.015838623|0.058303833|0.15063477
1510198817335|-0.05256653|0.08049011|0.0077056885
1510198817448|0.14350891|-0.19845581|0.0443573
1510198817562|0.010131836|0.020019531|-0.075164795
1510198817679|-0.053588867|0.0796814|0.029281616
1510198817791|0.014007568|-0.022125244|-0.029144287
1510198817907|0.02357483|0.025512695|0.0011901855
1510198818022|0.050872803|-0.15162659|-0.028747559
1510198818137|-0.026916504|0.033050537|-0.02079773
1510198818254|0.01889038|-0.013168335|0.0064849854
1510198818366|0.018692017|0.07662964|-0.012863159
1510198818482|0.11785889|-0.022125244|-0.046661377
1510198818598|-0.1370697|0.10513306|-0.017745972
1510198818712|0.09402466|-0.13249207|-0.05949402
1510198818828|-0.05480957|0.03427124|0.011566162
1510198818942|-0.008392334|-0.0634613|-0.0605011
1510198819057|-0.0043182373|-0.06387329|0.07571411
1510198819172|-0.03363037|0.017166138|-0.03526306
1510198819289|0.113983154|0.03691101|0.070007324
1510198819404|-0.17984009|0.10472107|-0.095321655
1510198819519|-0.03262329|0.023269653|0.06329346
1510198819634|0.134552|-0.13859558|-0.065597534
1510198819747|-0.0035095215|0.039764404|-0.023651123
1510198819863|-0.0030975342|0.01411438|-6.4086914E-4
1510198819979|-0.036880493|0.08049011|0.06491089
1510198820093|0.0023956299|-0.05470276|-0.038513184
1510198820209|0.04373169|0.018188477|-0.026901245
1510198820323|0.019500732|0.048721313|3.6621094E-4
1510198820440|0.081207275|-0.07548523|-0.010620117
1510198820553|-0.04789734|0.037322998|-0.007965088
1510198820668|0.07121277|-0.03149414|-0.006134033
1510198820786|0.014205933|0.052597046|0.01625061
1510198820898|0.065719604|-0.030059814|-0.022232056
1510198821015|-0.031188965|0.028152466|3.8146973E-4
1510198821129|-0.013687134|-0.03353882|-0.005935669
1510198821243|-0.016952515|-0.037399292|0.031936646
1510198821359|-0.040145874|-0.042495728|-0.025482178
1510198821474|-2.4414062E-4|-0.024368286|0.010360718
1510198821591|-0.01449585|0.029586792|0.030914307
1510198821703|0.0023956299|-0.060806274|-0.020187378
1510198821818|-0.09573364|0.09474182|9.918213E-4
1510198821933|0.048416138|-0.09013367|0.049438477
1510198822048|-0.05683899|0.05117798|-0.0605011
1510198822164|0.018692017|-0.070999146|0.055145264
1510198822279|-0.05278015|0.005355835|-0.031799316
1510198822395|-0.042800903|0.036102295|0.02949524
1510198822510|0.06573486|-0.055725098|-0.0014648438
1510198822623|0.011566162|-0.02192688|-0.015914917
1510198822738|-0.101242065|0.037322998|0.007095337
1510198822854|0.039260864|-0.060195923|-0.04849243
1510198822970|-0.028747559|0.030197144|0.028884888
1510198823085|0.044555664|-0.032928467|-0.013259888
1510198823200|-0.031799316|0.013702393|-0.012863159
1510198823315|-0.007156372|-0.030471802|0.013809204
1510198823430|-0.011856079|-0.011749268|-0.018356323
1510198823544|-0.07374573|0.010650635|0.03845215
1510198823660|0.04170227|-0.05001831|-0.031188965
1510198823774|0.043121338|0.0332489|0.0032196045
1510198823889|0.017471313|0.008407593|-0.002670288
1510198824004|-0.050338745|0.058303833|0.0062713623
1510198824119|0.03213501|-0.020904541|-0.017745972
1510198824234|-0.073349|0.058502197|0.022964478
1510198824349|0.03213501|-0.051239014|-0.030563354
1510198824464|0.0032196045|0.05116272|0.01524353
1510198824579|0.0044403076|0.0057678223|-0.008773804
1510198824694|0.0074920654|-0.03312683|-0.019577026
1510198824810|-0.053390503|0.06889343|0.006881714
1510198824925|0.003616333|-0.03312683|7.7819824E-4
1510198825039|0.020111084|-0.020904541|-0.022018433
1510198825163|-0.032211304|-0.004623413|0.05697632
1510198825270|0.013793945|0.0012817383|-0.045639038
1510198825385|-0.0065612793|-0.00340271|0.049850464
1510198825500|-0.030380249|0.011672974|-0.032806396
1510198825616|0.022354126|-0.040252686|0.0030212402
1510198825730|-0.08616638|-0.048599243|0.05126953
1510198825845|-0.22015381|-0.1471405|0.060836792
1510198825960|-0.08026123|-0.10235596|-4.4250488E-4
1510198826076|-2.4414062E-4|-0.038009644|0.019302368
1510198826189|-0.08230591|0.06867981|-0.018966675
1510198826305|0.066329956|-0.0769043|-0.010620117
1510198826421|-0.11264038|0.036102295|0.08345032
1510198826535|-0.038726807|-0.056747437|-0.05908203
1510198826650|-4.5776367E-5|-0.06916809|0.049850464
1510198826764|-0.07762146|0.06602478|-0.045028687
1510198826880|0.047607422|-0.0793457|0.061660767
1510198826995|-0.04626465|-0.024169922|-0.115478516
1510198827110|0.03741455|0.015533447|0.075302124
1510198827225|0.06715393|0.03956604|-0.066207886
1510198827341|0.5381317|0.621933|-0.4384308
1510198827456|0.405365|0.062164307|-0.52293396
1510198827570|0.15390015|-0.04045105|-0.47325134
1510198827686|-0.19163513|-0.03312683|0.09729004
1510198827800|-0.43069458|-0.59695435|0.7989807
1510198827918|0.22842407|0.08068848|0.7859497
1510198828032|0.3387909|0.31689453|-0.73999023
1510198828146|0.103393555|-0.4861908|-0.68888855
1510198828261|-0.16252136|-0.13127136|0.49945068
1510198828375|-0.3164673|-0.113357544|0.9514923
1510198828491|-0.0045166016|0.38938904|-0.1281128
1510198828605|0.31007385|0.035705566|-0.72839355
1510198828721|0.16142273|-0.1400299|-0.0763855
1510198828835|-0.32624817|-0.06427002|0.5436249
1510198828952|-0.09941101|0.15196228|0.8042755
1510198829066|0.071640015|0.4046631|-0.42030334
1510198829182|0.484787|0.48468018|-1.3127899
1510198829296|-0.15927124|-0.30760193|-0.028533936
1510198829411|-0.22117615|-0.17993164|0.5401764
1510198829528|-0.0256958|2.746582E-4|-0.05908203
1510198829641|0.0011749268|-0.09298706|-0.046051025
1510198829756|-0.10021973|-0.11457825|0.13374329
1510198829870|0.019515991|0.066848755|0.1463623
1510198829987|-0.08413696|-0.06488037|0.14738464
1510198830101|-0.021209717|-0.028640747|0.038848877
1510198830215|-0.038116455|-0.06794739|0.1410675
1510198830332|-0.15336609|0.014724731|0.11338806
1510198830446|-0.05970764|-0.17260742|0.123565674
1510198830562|-0.12322998|0.12528992|0.109313965
1510198830677|0.1003418|-0.06977844|-0.071502686
1510198830791|-0.042999268|0.065216064|0.11154175
1510198830905|0.035186768|-0.03048706|-0.058059692
1510198831024|-0.06173706|0.18515015|0.15390015
1510198831136|0.05595398|0.06806946|-0.0499115
1510198831252|0.010757446|0.04710388|-0.0030975342
1510198831366|-0.020401001|0.04017639|0.011169434
1510198831482|0.117248535|-0.14613342|-0.12567139
1510198831599|-0.015930176|0.08985901|0.006072998
1510198831713|0.20785522|0.19024658|-0.04727173
1510198831827|0.2394104|-0.040664673|-0.13441467
1510198831941|0.07733154|0.05708313|0.011367798
1510198832056|0.023162842|-0.061431885|-0.016738892
1510198832173|0.047805786|-0.06285095|-0.021408081
1510198832287|-0.060928345|0.0650177|-0.037902832
1510198832404|0.14370728|-0.18910217|-0.058670044
1510198832518|-0.02406311|-0.012145996|-0.046661377
1510198832631|-0.10246277|0.040786743|0.12295532
1510198832746|0.09362793|-0.12107849|0.011779785
1510198832863|-0.09736633|0.22099304|0.082229614
1510198832978|0.111343384|-0.2742157|-0.0022735596
1510198833091|-0.369812|0.18048096|0.2675171
1510198833206|0.20602417|-0.22737122|-0.04197693
1510198833322|-0.14074707|0.07763672|0.13027954
1510198833438|-0.0057373047|0.09718323|-0.0077667236
1510198833554|0.08528137|-0.13676453|-0.2895813
1510198833669|0.26649475|-0.03312683|-0.7204437
1510198833781|0.11663818|0.11633301|-0.043395996
1510198833897|0.16000366|0.28634644|0.1903534
1510198834013|0.044952393|-0.13371277|0.03540039
1510198834127|0.11051941|0.015945435|0.07896423
1510198834242|0.06390381|-0.15223694|-0.023849487
1510198834357|0.033966064|0.05381775|0.022155762
1510198834471|0.016662598|-0.27563477|0.013412476
1510198834586|0.018692017|0.07194519|-0.009796143
1510198834702|0.11541748|-0.16751099|0.025817871
1510198834817|-0.09410095|-0.053085327|0.590271
1510198834932|0.05819702|-0.022949219|0.14167786
1510198835047|-0.1240387|0.071121216|-0.31402588
1510198835162|-0.05480957|0.060333252|0.27954102
1510198835279|-0.14726257|-0.030075073|0.18566895
1510198835394|-0.011657715|-0.40493774|-0.03504944
1510198835509|-0.22871399|0.005355835|0.24389648
1510198835624|-0.15744019|0.042617798|0.39520264
1510198835738|0.31658936|0.19615173|0.21824646
1510198835854|-0.22627258|-0.15489197|0.022979736
1510198835969|-0.062347412|0.24847412|0.17303467
1510198836084|-0.04585266|-0.20925903|0.0443573
1510198836199|-0.068862915|6.1035156E-5|0.11785889
1510198836312|0.11256409|-0.14593506|-0.09736633
1510198836428|-0.04423523|0.02999878|0.025619507
1510198836542|0.20317078|-0.07141113|-0.22523499
1510198836657|0.064697266|-0.090545654|-0.53860474
1510198836773|0.8704529|0.33848572|-0.86990356
1510198836888|-0.0077819824|0.15338135|-0.39485168
1510198837002|-0.10041809|0.005569458|0.08731079
1510198837118|-0.0057373047|-0.1341095|0.053512573
1510198837233|-0.15966797|0.03590393|-0.01550293
1510198837349|0.024993896|-0.12475586|-0.05215454
1510198837464|-0.04319763|0.11979675|0.04801941
1510198837578|0.016448975|-0.03781128|0.18261719
1510198837694|-0.10102844|0.112457275|-0.08596802
1510198837807|0.015029907|-0.2265625|0.04862976
1510198837925|-0.1305542|0.08538818|-0.07130432
1510198838038|0.09729004|-0.101135254|0.013000488
1510198838154|-0.07640076|0.09312439|-0.08494568
1510198838270|0.04963684|-0.064071655|0.004852295
1510198838384|-0.085357666|0.08251953|-0.019989014
1510198838498|0.05168152|-0.09828186|-0.04727173
1510198838613|-0.07191467|0.10391235|0.06695557
1510198838728|0.044143677|-0.09033203|-0.061325073
1510198838843|-0.09350586|0.03366089|0.053726196
1510198838959|0.019302368|-0.02192688|-0.041778564
1510198839073|-0.023254395|-0.015411377|-0.029968262
1510198839188|-0.051757812|0.04689026|0.009536743
1510198839303|0.022979736|-0.111709595|-0.048690796
1510198839418|-0.12953186|0.10513306|0.058807373
1510198839535|0.11764526|-0.12495422|-0.09124756
1510198839648|-0.067840576|0.08415222|0.08325195
1510198839764|0.063079834|-0.10479736|-0.0934906
1510198839880|-0.047470093|0.07601929|0.101364136
1510198839997|0.07611084|-0.09176636|-0.1028595
1510198840108|-0.013885498|0.09169006|0.11886597
1510198840223|0.03477478|-0.07324219|-0.090026855
1510198840340|-0.011245728|0.09515381|0.053100586
1510198840454|0.05126953|-0.0357666|-0.0309906
1510198840571|-0.041168213|0.048934937|0.014419556
1510198840686|0.007904053|-0.0040130615|-0.007980347
1510198840801|0.0036315918|-0.019073486|-0.023452759
1510198840915|-0.0309906|0.016357422|0.030303955
1510198841029|0.004638672|-0.07344055|-0.05052185
1510198841145|-0.026107788|0.02368164|0.051879883
1510198841261|0.034973145|-0.086883545|-0.07496643
1510198841374|-0.042800903|0.11653137|0.13128662
1510198841489|0.06817627|-0.12983704|-0.10876465
1510198841604|-0.056640625|0.08639526|0.13169861
1510198841718|0.068573|-0.08198547|-0.10447693
1510198841835|-0.04890442|0.09249878|0.113983154
1510198841951|0.051467896|-0.11212158|-0.09451294
1510198842063|-0.036483765|0.10635376|0.090164185
1510198842181|0.062057495|-0.0634613|-0.07170105
1510198842295|-0.030578613|0.09820557|0.043533325
1510198842410|0.045166016|-0.04798889|-0.041168213
1510198842526|-0.0309906|0.025314331|0.02053833
1510198842639|-0.019989014|-0.020706177|-0.016937256
1510198842755|-0.0057373047|-0.01826477|-0.02772522
1510198842871|3.6621094E-4|0.004333496|0.056777954
1510198842985|0.020523071|-0.010528564|-0.09043884
1510198843100|-0.014709473|0.02998352|0.09870911
1510198843213|0.045166016|-0.0569458|-0.107940674
1510198843331|-0.08128357|0.08822632|0.11154175
1510198843446|0.033966064|-0.12434387|-0.121398926
1510198843560|-0.08453369|0.06480408|0.07815552
1510198843675|0.046188354|-0.06611633|-0.06782532
1510198843790|-0.066833496|0.051574707|0.049041748
1510198843904|0.018081665|-0.05206299|-0.03668213
1510198844019|-0.017150879|0.03956604|0.013000488
1510198844135|0.0178833|-0.011749268|-2.4414062E-4
1510198844251|0.048416138|-0.021728516|-0.072525024
1510198844364|-0.012664795|0.043426514|0.07551575
1510198844479|0.06491089|-0.06997681|-0.0947113
1510198844596|-0.037094116|0.079055786|0.124572754
1510198844711|0.07286072|-0.08769226|-0.11099243
1510198844826|-0.031204224|0.06074524|0.08364868
1510198844942|0.04170227|-0.049621582|-0.059890747
1510198845055|-0.0309906|-0.04208374|0.06390381
1510198845172|-0.05847168|-0.12963867|0.016860962
1510198845286|-0.38406372|-0.20864868|0.19606018
1510198845402|-0.095947266|-0.0834198|0.09526062
1510198845515|-0.17922974|-0.014801025|0.112960815
1510198845630|-0.09553528|-0.02192688|0.027252197
1510198845745|-0.10632324|-0.11375427|0.12600708
1510198845861|0.019515991|-0.11253357|0.017471313
1510198845978|-0.3820343|-0.109069824|0.046188354
1510198846091|0.18301392|-0.20254517|-0.22096252
1510198846206|-0.09716797|0.10391235|0.119277954
1510198846320|0.0791626|-0.12861633|-0.10020447
1510198846439|-0.04951477|0.035079956|-0.047470093
1510198846553|0.82299805|0.6642761|-0.82388306
1510198846667|0.5678711|0.21142578|-0.94403076
1510198846781|0.056152344|0.15991211|0.037841797
1510198846900|-0.07069397|-0.23144531|0.012176514
1510198847011|-0.21424866|-0.11212158|0.17874146
1510198847126|-0.17454529|-0.29986572|0.16183472
1510198847242|-0.30892944|-0.20436096|0.3383789
1510198847358|-0.0639801|-0.33509827|0.30233765
1510198847471|-0.013687134|-0.043304443|0.09220886
1510198847586|0.0084991455|-0.07119751|-0.07740784
1510198847702|0.011352539|-0.08932495|-0.08494568
1510198847816|0.13719177|0.10369873|-0.18675232
1510198847932|0.11439514|0.13302612|-0.19407654
1510198848048|0.027038574|-0.12678528|-0.36553955
1510198848161|-0.07028198|-0.026397705|-0.28489685
1510198848280|-0.14990234|-0.10296631|-0.036071777
1510198848395|-0.13931274|0.04710388|-0.13787842
1510198848508|-0.057052612|-0.010940552|-0.091049194
1510198848630|0.15919495|0.06074524|-0.14907837
1510198848741|0.1875|0.21325684|-0.06417847
1510198848857|0.09056091|-0.0015716553|-0.07923889
1510198848967|-0.108566284|-0.06387329|-0.038726807
1510198849083|0.24552917|0.17314148|0.14472961
1510198849215|-0.7831726|-0.2947693|0.065322876
1510198849313|0.11642456|0.07092285|0.06776428
1510198849429|-0.047683716|-0.1829834|-0.17637634
1510198849548|-0.25924683|-0.34466553|0.13842773
1510198849662|0.39071655|-0.61813354|-0.36817932
1510198849778|0.706131|0.48692322|-0.1387024
1510198849888|0.7016449|-0.233078|-0.8183899
1510198850003|0.7407379|-0.5796509|-0.8860016
1510198850118|1.5711212|-0.17810059|-1.5418701
1510198850233|-0.70599365|-0.5450287|-0.7277832
1510198850351|0.23025513|0.056671143|-0.4791565
1510198850467|0.17425537|-0.5625458|0.19238281
1510198850580|0.47705078|-0.0940094|-0.1240387
1510198850691|0.4477234|-0.42570496|-1.4934082
1510198850806|-0.071517944|-0.48251343|-0.7375488
1510198850925|-0.31056213|-0.5385132|-0.290802
1510198851037|-0.21485901|-0.039642334|-0.11364746
1510198851164|-0.06703186|-0.35118103|-0.25741577
1510198851268|0.2223053|0.06440735|0.108078
1510198851384|0.030303955|-0.27929688|-0.043807983
1510198851497|0.19482422|-0.045959473|0.052093506
1510198851611|-0.080062866|-0.25628662|0.134552
1510198851727|-0.021209717|0.10940552|-0.00920105
1510198851842|-0.041381836|0.12936401|0.14596558
1510198851967|0.28829956|0.23239136|0.13008118
1510198852073|0.15368652|0.054626465|-0.0077667236
1510198852189|-0.054397583|-0.033325195|0.014221191
1510198852304|-0.07821655|0.20837402|0.10380554
1510198852418|-0.0869751|0.13587952|-0.020599365
1510198852533|0.18199158|0.07601929|0.1516571
1510198852647|-0.035064697|0.17538452|0.1109314
1510198852762|0.012390137|0.10491943|-0.09776306
1510198852878|-0.1158905|0.020629883|-0.19062805
1510198852993|-0.17718506|-0.06489563|-0.2684021
1510198853107|-0.13748169|-0.3159485|-0.30749512
1510198853223|-0.04789734|-0.14144897|-0.34558105
1510198853339|0.029083252|-0.3585205|-0.33457947
1510198853453|-0.0521698|-0.12739563|-0.33885193
1510198853568|-0.10795593|-0.21963501|-0.4502411
1510198853682|-0.19082642|-0.121902466|-0.3278656
1510198853798|-0.0639801|-0.07485962|-0.045028687
1510198853914|-0.06764221|0.47633362|-0.029144287
1510198854028|-0.077819824|-0.2359314|-0.10021973
1510198854143|-0.13259888|0.44721985|0.12275696
1510198854259|-0.046875|0.22506714|0.45098877
1510198854372|0.09565735|0.7455292|0.48703003
1510198854488|-0.015106201|0.07133484|0.23249817
1510198854604|-0.25619507|0.6530762|0.47827148
1510198854718|-0.37937927|0.32382202|0.52531433
1510198854837|-0.29855347|0.70887756|0.95536804
1510198854947|-0.4138031|0.35334778|0.8203583
1510198855063|-0.4632721|0.75956726|1.0223541
1510198855178|-0.14868164|0.5738678|1.0598145
1510198855295|0.005859375|0.6284485|1.1553192
1510198855408|0.1056366|0.22628784|1.0011749
1510198855525|0.236969|0.14076233|1.110321
1510198855638|0.20928955|0.32992554|0.7806549
1510198855753|0.05392456|-0.123931885|0.64097595
1510198855872|0.12213135|0.2423706|0.14453125
1510198855985|-0.12689209|-0.4572754|-0.21606445
1510198856099|-0.08413696|-0.50105286|-0.4608307
1510198856214|-0.18167114|-0.14857483|-0.056640625
1510198856329|-0.472229|-0.5841217|0.083847046
1510198856445|-0.02406311|0.2647705|0.44325256
1510198856559|-0.31951904|-0.3585205|0.3453064
1510198856673|0.1946106|0.19737244|0.5189972
1510198856788|-0.1676178|-0.14857483|-0.029144287
1510198856905|-0.29570007|-0.18624878|0.19340515
1510198857019|-0.2177124|0.009429932|-0.06864929
1510198857134|-0.10673523|0.46269226|-0.039733887
1510198857250|-0.20223999|-0.06448364|-0.3632965
1510198857364|0.19869995|0.43011475|-0.10122681
1510198857479|0.07060242|0.061141968|-0.2606659
1510198857594|0.047409058|-0.17056274|-0.3091278
1510198857708|-0.08291626|-0.08381653|-0.019180298
1510198857824|-0.16171265|-0.061019897|-0.107543945
1510198857940|0.0791626|0.18229675|0.02053833
