1509453173344|-0.4875965|-0.29261872|0.20291042
1509453173464|0.066086054|0.025448918|-0.34897327
1509453173597|0.47878122|0.13703513|-0.20495415
1509453173713|-0.19419599|-0.12975764|0.16775608
1509453173830|-0.23306388|-0.08040547|0.15563297
1509453173946|0.29661694|-0.2592187|0.41989326
1509453174065|0.1756637|-0.5847907|0.3802662
1509453174187|0.01315105|-0.48576927|-2.6790104
1509453174308|-0.10817838|1.6024868|1.5709314
1509453174430|-0.23679614|-0.33885264|-1.679224
1509453174545|0.15932155|-1.0695758|2.062049
1509453174672|0.31881487|-0.2745397|1.0980301
1509453174785|-0.24662709|0.5640671|-2.3451242
1509453174910|0.6852138|1.6291735|-1.4358997
1509453175025|0.30202585|-2.1746774|2.3653297
1509453175146|0.1484791|-0.27152872|1.2579517
1509453175264|0.5045879|0.69561815|-2.170556
1509453175393|0.07120299|0.68408275|-1.5615807
1509453175508|-0.51136804|-0.95829964|1.5558262
1509453175626|1.1176362|-0.27641702|-0.42200565
1509453175748|-0.8964324|0.4013059|-0.20066357
1509453175868|-0.07672548|0.4419403|-2.1860318
1509453175996|-0.5651598|-1.271095|1.4944115
1509453176111|0.6485858|0.121115446|1.098216
1509453176228|1.0196657|0.44781446|-1.0186362
1509453176346|-0.65743446|-0.27097607|-0.032443523
1509453176465|0.52177763|0.5428791|-1.1157045
1509453176592|0.12596416|-0.086657286|0.34869146
1509453176705|-0.15952015|0.0515635|-0.054266453
1509453176826|-0.14042759|-0.37384915|-0.46760082
1509453176945|0.18632197|0.090256214|0.51003456
1509453177067|-0.022497892|-0.2096138|0.4923277
1509453177185|-0.25340474|-0.35179448|0.14424133
1509453177310|0.96978366|0.5205121|-0.57831764
1509453177426|-0.09478235|-0.24855614|0.0535326
1509453177548|-0.04405117|0.030004501|0.5012131
1509453177666|-0.5330708|-0.5822005|0.4542861
1509453177790|0.3287549|0.47363424|-2.2667694
1509453177909|-0.1286459|0.14456582|0.9088764
1509453178030|-0.3725078|-0.37612605|0.16393471
1509453178146|0.12019491|0.090376616|-0.23098087
1509453178265|0.009942532|-0.12281728|-0.056489944
1509453178386|-0.16865838|-0.068534136|0.2754774
1509453178509|0.44572175|-0.23261547|0.07938862
1509453178632|0.29356837|-0.75988436|0.22870159
1509453178746|0.37017107|-0.5547948|0.73718643
1509453178864|-0.34033895|-0.4130969|-0.40121365
1509453178990|-0.14003253|0.7326622|0.95767593
1509453179109|-0.82676053|-0.7151418|-1.68364
1509453179226|-0.04430461|0.60971117|-1.7868276
1509453179347|0.10198021|0.3609736|0.30025005
1509453179465|-0.3111863|-0.36558223|-0.17853355
1509453179585|0.1938572|0.08565998|0.15494537
1509453179708|0.42053652|0.106859684|0.3412714
1509453179826|0.5897517|-0.3008163|-0.0919857
1509453179946|-0.2953303|-0.086449385|1.7901173
1509453180068|0.7074237|-0.33848|-1.1454115
1509453180185|0.26358008|0.3754897|0.9257021
1509453180305|-1.0873685|-0.75704813|-0.13481426
1509453180428|0.212219|0.73250866|-2.3991475
1509453180545|-0.12935734|-0.009620428|0.99213696
1509453180666|0.040093422|-0.26521134|-0.56786156
1509453180791|0.068001986|-0.124108315|-0.25947285
1509453180907|-0.022120416|0.0634383|0.76657677
1509453181030|-0.2775777|-0.58768165|1.7968302
1509453181149|0.014941096|-0.35994864|0.2587614
1509453181267|0.23664856|0.107527256|-0.17774487
1509453181384|0.08966589|0.15671945|0.18343163
1509453181511|-0.1691215|-0.38573885|-0.21512127
1509453181626|-0.098268986|0.71041226|-2.1121378
1509453181746|0.3322463|0.101038575|0.34590816
1509453181873|-0.1988256|-0.18001223|0.30978012
1509453181993|0.31163955|0.33834326|0.4072237
1509453182108|-0.21001923|-0.72373235|1.2504654
1509453182229|-0.14362407|-1.1374614|-0.8689089
1509453182347|0.8899429|1.0668936|-0.28421307
1509453182468|-0.06577897|0.14856768|0.9556122
1509453182586|-0.19947195|0.53007746|-2.8634748
1509453182706|-0.64033175|-0.6446297|1.0796728
1509453182825|0.068903446|-0.15026498|0.039575577
1509453182946|-0.0031218529|-0.13927746|-0.18644619
1509453183065|0.5451648|0.45323336|-0.10133839
1509453183192|-0.51838315|-1.047728|2.4197292
1509453183310|-0.12858105|-0.78559923|-0.60590935
1509453183429|0.13397384|0.027644157|0.8588524
1509453183550|0.5509186|0.5027418|-0.7824969
1509453183668|-0.49500513|0.22150755|-0.6881285
1509453183787|0.040127754|-0.06639671|-0.13149929
1509453183905|0.3642583|0.029239416|0.0852232
1509453184032|-0.15137458|-0.31993246|0.23318768
1509453184149|-0.12146127|-0.3517859|0.93920135
1509453184269|0.07034111|-0.78805566|-0.61784554
1509453184386|-0.21942568|-0.09993315|1.244318
1509453184513|0.47103548|0.356524|-1.0928884
1509453184628|-0.0502131|0.5702388|0.12879753
1509453184748|-0.046337128|-0.5364647|0.4198656
1509453184868|0.3710916|0.790076|0.66495514
1509453184988|-0.538851|-0.2636441|-0.106933594
1509453185113|0.110034585|-0.34018922|-0.22294712
1509453185229|0.48782027|-0.11293572|0.23990059
1509453185347|-0.056805838|-0.15845257|0.22457027
1509453185468|-0.36413878|-0.35983953|-0.085858345
1509453185588|0.16920295|-0.035164773|0.6589613
1509453185706|-0.032794833|0.09427196|-0.7050295
