1509548396283|0.17706451|0.0|0.0
1509548396415|0.17706451|0.0|-0.013620348
1509548396547|0.14982383|0.013620348|0.013620348
1509548396678|0.14982383|0.013620348|0.013620348
1509548396810|0.14982383|0.013620348|0.013620348
1509548396943|0.14982383|0.013620348|0.0
1509548397074|0.16344418|-0.027240695|0.013620348
1509548397206|0.16344418|0.0|-0.013620348
1509548397339|0.16344418|-0.040861044|0.013620348
1509548397470|0.16344418|-0.027240695|0.0
1509548397603|0.2043052|-0.040861044|0.013620348
1509548397736|0.16344418|0.0|-0.05448139
1509548397866|0.13620347|0.0|-0.08172209
1509548397999|0.13620347|-0.027240695|-0.068101734
1509548398130|0.16344418|0.0|-0.068101734
1509548398263|0.16344418|-0.027240695|-0.068101734
1509548398394|0.13620347|0.0|-0.068101734
1509548398527|0.16344418|-0.027240695|-0.068101734
1509548398658|0.16344418|-0.013620348|-0.08172209
1509548398791|0.16344418|0.0|-0.05448139
1509548398922|0.13620347|-0.027240695|-0.08172209
1509548399055|0.16344418|0.0|-0.08172209
1509548399186|0.16344418|-0.040861044|-0.05448139
1509548399318|0.16344418|0.013620348|-0.05448139
1509548399450|0.13620347|-0.040861044|-0.05448139
1509548399583|0.16344418|0.0|-0.05448139
1509548399715|0.14982383|-0.040861044|-0.05448139
1509548399847|0.14982383|0.0|-0.05448139
1509548399979|0.14982383|-0.040861044|-0.05448139
1509548400112|0.14982383|0.0|-0.068101734
1509548400243|0.14982383|0.013620348|-0.08172209
1509548400374|0.13620347|-0.027240695|-0.08172209
1509548400507|0.16344418|0.0|-0.08172209
1509548400644|0.16344418|-0.040861044|-0.068101734
1509548400770|0.16344418|0.0|-0.068101734
1509548400903|0.16344418|-0.027240695|-0.068101734
1509548401034|0.16344418|-0.013620348|-0.068101734
1509548401167|0.14982383|-0.013620348|-0.068101734
1509548401298|0.14982383|-0.040861044|-0.08172209
1509548401431|0.16344418|0.0|-0.05448139
1509548401562|0.13620347|-0.040861044|-0.08172209
1509548401694|0.16344418|0.0|-0.08172209
1509548401826|0.14982383|-0.05448139|-0.08172209
1509548401958|0.14982383|-0.013620348|-0.08172209
1509548402091|0.13620347|-0.040861044|-0.05448139
1509548402222|0.14982383|-0.013620348|-0.05448139
1509548402354|0.14982383|-0.040861044|-0.05448139
1509548402486|0.14982383|-0.013620348|-0.040861044
1509548402618|0.14982383|-0.013620348|-0.05448139
1509548402751|0.14982383|-0.040861044|-0.040861044
1509548402884|0.14982383|0.0|-0.040861044
1509548403014|0.14982383|0.0|-0.040861044
1509548403147|0.13620347|0.0|-0.05448139
1509548403278|0.16344418|0.013620348|-0.068101734
1509548403411|0.16344418|-0.040861044|-0.040861044
1509548403543|0.14982383|0.0|-0.05448139
1509548403675|0.16344418|0.0|-0.068101734
1509548403807|0.16344418|-0.027240695|-0.040861044
1509548403938|0.16344418|-0.013620348|-0.068101734
1509548404070|0.16344418|-0.05448139|-0.040861044
1509548404202|0.14982383|0.0|-0.05448139
1509548404335|0.14982383|-0.013620348|-0.040861044
1509548404466|0.14982383|0.0|-0.040861044
1509548404598|0.14982383|0.0|-0.068101734
1509548404731|0.12258312|-0.013620348|-0.013620348
1509548404862|0.13620347|0.013620348|-0.013620348
1509548404995|0.13620347|-0.013620348|-0.013620348
1509548405126|0.13620347|0.0|-0.040861044
1509548405259|0.14982383|0.0|-0.068101734
1509548405389|0.13620347|-0.05448139|-0.040861044
1509548405522|0.16344418|-0.013620348|-0.068101734
1509548405657|0.16344418|-0.05448139|-0.040861044
1509548405786|0.14982383|-0.027240695|-0.05448139
1509548405919|0.14982383|-0.013620348|-0.068101734
1509548406051|0.14982383|-0.040861044|-0.08172209
1509548406182|0.14982383|-0.013620348|-0.05448139
1509548406315|0.14982383|-0.05448139|-0.05448139
1509548406447|0.14982383|-0.013620348|-0.068101734
1509548406579|0.14982383|-0.027240695|-0.05448139
1509548406711|0.13620347|-0.027240695|-0.08172209
1509548406842|0.16344418|-0.013620348|-0.08172209
1509548406975|0.16344418|-0.068101734|-0.05448139
1509548407106|0.16344418|-0.027240695|-0.068101734
1509548407238|0.16344418|-0.013620348|-0.08172209
1509548407370|0.16344418|-0.040861044|-0.08172209
1509548407503|0.14982383|-0.013620348|-0.08172209
1509548407635|0.13620347|-0.040861044|-0.068101734
1509548407767|0.14982383|0.0|-0.05448139
1509548407899|0.14982383|-0.05448139|-0.05448139
1509548408030|0.14982383|-0.027240695|-0.05448139
1509548408162|0.13620347|-0.013620348|-0.08172209
1509548408295|0.13620347|-0.040861044|-0.05448139
1509548408430|0.16344418|-0.013620348|-0.05448139
1509548408558|0.16344418|-0.040861044|-0.040861044
1509548408690|0.14982383|-0.013620348|-0.05448139
1509548408823|0.14982383|0.0|-0.05448139
1509548408954|0.13620347|-0.027240695|-0.08172209
1509548409086|0.13620347|0.013620348|-0.08172209
1509548409219|0.13620347|-0.05448139|-0.040861044
1509548409351|0.14982383|0.0|-0.05448139
1509548409483|0.14982383|-0.040861044|-0.040861044
1509548409614|0.13620347|-0.013620348|-0.08172209
1509548409747|0.13620347|0.0|-0.068101734
1509548409878|0.13620347|0.0|-0.068101734
1509548410010|0.16344418|0.0|-0.040861044
1509548410144|0.13620347|-0.040861044|-0.040861044
1509548410275|0.14982383|0.0|-0.040861044
1509548410406|0.14982383|0.0|-0.05448139
1509548410538|0.14982383|0.0|-0.068101734
1509548410670|0.13620347|0.0|-0.05448139
1509548410803|0.13620347|-0.013620348|-0.068101734
1509548410935|0.16344418|0.0|-0.040861044
1509548411067|0.13620347|-0.013620348|-0.013620348
1509548411198|0.13620347|0.027240695|-0.027240695
1509548411331|0.14982383|0.0|-0.05448139
1509548411462|0.14982383|-0.013620348|-0.040861044
1509548411595|0.13620347|0.0|-0.040861044
1509548411727|0.14982383|-0.040861044|-0.013620348
1509548411859|0.14982383|0.0|-0.013620348
1509548411991|0.14982383|-0.040861044|0.013620348
1509548412122|0.14982383|0.0|-0.027240695
1509548412255|0.13620347|0.0|-0.040861044
1509548412385|0.12258312|0.0|-0.013620348
1509548412517|0.16344418|0.0|-0.013620348
1509548412650|0.14982383|-0.040861044|-0.013620348
1509548412781|0.16344418|0.0|-0.027240695
1509548412913|0.16344418|-0.040861044|-0.027240695
1509548413046|0.16344418|0.0|-0.05448139
1509548413178|0.13620347|0.0|-0.05448139
1509548413310|0.13620347|-0.013620348|-0.027240695
1509548413443|0.16344418|-0.013620348|-0.027240695
1509548413574|0.16344418|-0.027240695|-0.027240695
1509548413706|0.16344418|0.0|-0.027240695
1509548413839|0.13620347|0.013620348|-0.05448139
1509548413970|0.13620347|-0.013620348|-0.027240695
1509548414102|0.16344418|0.0|-0.027240695
1509548414234|0.14982383|-0.013620348|-0.027240695
1509548414368|0.14982383|0.0|-0.027240695
1509548414499|0.13620347|0.013620348|-0.027240695
1509548414630|0.13620347|0.0|-0.040861044
1509548414763|0.16344418|0.013620348|-0.040861044
1509548414895|0.14982383|-0.040861044|-0.027240695
1509548415026|0.14982383|0.013620348|-0.040861044
1509548415159|0.14982383|-0.040861044|-0.027240695
1509548415290|0.14982383|0.013620348|-0.040861044
1509548415422|0.16344418|-0.027240695|-0.040861044
1509548415554|0.13620347|0.013620348|-0.068101734
1509548415687|0.16344418|0.013620348|-0.068101734
1509548415818|0.13620347|0.0|-0.05448139
1509548415950|0.16344418|0.013620348|-0.040861044
1509548416083|0.14982383|-0.027240695|-0.040861044
1509548416214|0.14982383|0.013620348|-0.040861044
1509548416347|0.14982383|0.013620348|-0.027240695
1509548416482|0.14982383|0.013620348|-0.040861044
1509548416611|0.12258312|0.040861044|-0.040861044
1509548416744|0.12258312|0.013620348|0.0
1509548416875|0.13620347|0.040861044|-0.013620348
1509548417006|0.13620347|-0.013620348|-0.013620348
1509548417138|0.13620347|0.040861044|-0.013620348
1509548417271|0.13620347|0.027240695|-0.027240695
1509548417402|0.13620347|0.040861044|-0.040861044
1509548417534|0.13620347|0.040861044|-0.05448139
1509548417666|0.14982383|-0.027240695|-0.040861044
1509548417798|0.14982383|0.0|-0.05448139
1509548417932|0.14982383|-0.040861044|-0.05448139
1509548418062|0.14982383|0.0|-0.05448139
1509548418195|0.14982383|-0.040861044|-0.05448139
1509548418326|0.14982383|0.0|-0.08172209
1509548418459|0.14982383|0.0|-0.08172209
1509548418591|0.14982383|0.0|-0.08172209
1509548418722|0.14982383|0.0|-0.068101734
1509548418854|0.16344418|-0.040861044|-0.027240695
1509548418986|0.16344418|0.0|-0.05448139
1509548419118|0.16344418|-0.040861044|-0.040861044
1509548419251|0.14982383|0.0|-0.05448139
1509548419383|0.14982383|-0.040861044|-0.040861044
1509548419515|0.14982383|0.0|-0.068101734
1509548419647|0.14982383|-0.040861044|-0.040861044
1509548419778|0.13620347|0.0|-0.068101734
1509548419911|0.14982383|0.013620348|-0.068101734
1509548420042|0.13620347|-0.013620348|-0.068101734
1509548420175|0.16344418|0.0|-0.068101734
1509548420308|0.13620347|-0.013620348|-0.068101734
1509548420438|0.16344418|0.0|-0.040861044
1509548420571|0.14982383|-0.040861044|-0.027240695
1509548420703|0.14982383|0.0|-0.040861044
1509548420835|0.14982383|-0.040861044|-0.040861044
1509548420966|0.13620347|-0.013620348|-0.068101734
1509548421099|0.13620347|-0.013620348|-0.05448139
1509548421231|0.13620347|-0.027240695|-0.040861044
1509548421362|0.16344418|-0.013620348|-0.068101734
1509548421495|0.16344418|-0.068101734|-0.027240695
1509548421626|0.16344418|0.0|-0.05448139
1509548421759|0.16344418|-0.05448139|-0.040861044
1509548421890|0.16344418|0.0|-0.068101734
1509548422023|0.16344418|0.0|-0.068101734
1509548422154|0.13620347|0.0|-0.068101734
1509548422287|0.16344418|0.027240695|-0.05448139
1509548422418|0.13620347|0.0|-0.05448139
1509548422551|0.16344418|0.013620348|-0.05448139
1509548422685|0.13620347|-0.040861044|-0.027240695
1509548422814|0.16344418|0.013620348|-0.040861044
1509548422947|0.16344418|-0.027240695|-0.040861044
1509548423079|0.14982383|0.013620348|-0.068101734
1509548423211|0.14982383|0.027240695|-0.068101734
1509548423343|0.13620347|-0.027240695|-0.05448139
1509548423475|0.16344418|0.013620348|-0.05448139
1509548423618|0.14982383|-0.040861044|-0.027240695
1509548423738|0.14982383|0.013620348|-0.05448139
1509548423871|0.14982383|0.0|-0.05448139
1509548424002|0.13620347|-0.013620348|-0.068101734
1509548424135|0.16344418|0.013620348|-0.040861044
1509548424267|0.14982383|-0.027240695|-0.040861044
1509548424398|0.14982383|0.013620348|-0.040861044
1509548424531|0.14982383|-0.027240695|-0.027240695
1509548424662|0.14982383|0.013620348|-0.05448139
1509548424794|0.14982383|0.013620348|-0.068101734
1509548424928|0.13620347|0.027240695|-0.068101734
1509548425059|0.13620347|0.027240695|-0.040861044
1509548425191|0.13620347|-0.027240695|-0.027240695
1509548425322|0.13620347|0.027240695|-0.040861044
1509548425455|0.13620347|-0.027240695|-0.027240695
1509548425586|0.16344418|0.013620348|-0.040861044
1509548425718|0.13620347|0.013620348|-0.040861044
1509548425851|0.13620347|0.013620348|-0.068101734
1509548425982|0.13620347|0.027240695|-0.068101734
1509548426115|0.16344418|-0.027240695|-0.040861044
1509548426246|0.14982383|0.013620348|-0.05448139
1509548426379|0.14982383|0.0|-0.040861044
1509548426511|0.14982383|0.013620348|-0.068101734
1509548426643|0.14982383|0.013620348|-0.068101734
1509548426774|0.14982383|-0.027240695|-0.040861044
1509548426906|0.14982383|0.013620348|-0.040861044
1509548427039|0.14982383|0.013620348|-0.040861044
1509548427171|0.13620347|0.013620348|-0.05448139
1509548427302|0.16344418|0.013620348|-0.040861044
1509548427435|0.14982383|-0.027240695|-0.040861044
1509548427567|0.14982383|0.0|-0.040861044
1509548427699|0.14982383|-0.013620348|-0.040861044
1509548427832|0.13620347|0.013620348|-0.068101734
1509548427963|0.14982383|0.0|-0.05448139
1509548428095|0.13620347|-0.040861044|-0.040861044
1509548428227|0.16344418|0.0|-0.040861044
1509548428359|0.14982383|-0.013620348|-0.040861044
1509548428490|0.14982383|0.0|-0.068101734
1509548428622|0.13620347|0.0|-0.068101734
1509548428754|0.13620347|0.0|-0.068101734
1509548428887|0.16344418|0.0|-0.040861044
1509548429019|0.14982383|-0.040861044|-0.027240695
1509548429150|0.14982383|-0.013620348|-0.040861044
1509548429283|0.14982383|0.0|-0.05448139
1509548429415|0.13620347|0.0|-0.05448139
1509548429546|0.12258312|0.027240695|-0.040861044
1509548429681|0.13620347|-0.013620348|-0.013620348
1509548429810|0.13620347|0.013620348|-0.013620348
1509548429944|0.12258312|0.013620348|-0.013620348
1509548430076|0.10896278|0.027240695|-0.040861044
1509548430207|0.12258312|0.027240695|-0.040861044
1509548430339|0.13620347|-0.013620348|-0.013620348
1509548430470|0.13620347|0.0|-0.05448139
1509548430603|0.16344418|-0.040861044|-0.040861044
1509548430734|0.14982383|0.0|-0.068101734
1509548430867|0.14982383|-0.013620348|-0.040861044
1509548430998|0.13620347|-0.013620348|-0.068101734
1509548431130|0.16344418|0.0|-0.05448139
1509548431263|0.13620347|-0.027240695|-0.040861044
1509548431394|0.16344418|0.0|-0.040861044
1509548431535|0.14982383|-0.013620348|-0.040861044
1509548431658|0.14982383|0.0|-0.05448139
1509548431790|0.13620347|0.013620348|-0.08172209
1509548431926|0.13620347|-0.013620348|-0.08172209
1509548432055|0.16344418|-0.013620348|-0.08172209
1509548432187|0.16344418|-0.040861044|-0.05448139
1509548432317|0.16344418|0.0|-0.05448139
1509548432451|0.13620347|0.0|-0.08172209
1509548432582|0.13620347|0.0|-0.05448139
1509548432715|0.12258312|0.027240695|-0.040861044
1509548432846|0.13620347|-0.013620348|-0.013620348
1509548432978|0.13620347|0.013620348|-0.027240695
1509548433111|0.14982383|-0.027240695|-0.040861044
1509548433243|0.13620347|0.027240695|-0.040861044
1509548433375|0.14982383|0.0|-0.05448139
1509548433506|0.13620347|-0.013620348|-0.068101734
1509548433639|0.16344418|0.0|-0.05448139
1509548433771|0.16344418|-0.040861044|-0.040861044
1509548433902|0.16344418|-0.013620348|-0.05448139
1509548434035|0.16344418|-0.05448139|-0.040861044
1509548434166|0.16344418|0.0|-0.05448139
1509548434299|0.16344418|-0.013620348|-0.05448139
1509548434430|0.14982383|0.0|-0.068101734
1509548434563|0.14982383|0.0|-0.068101734
1509548434694|0.16344418|-0.068101734|-0.040861044
1509548434826|0.16344418|-0.013620348|-0.040861044
1509548434959|0.16344418|-0.027240695|-0.040861044
1509548435090|0.14982383|0.013620348|-0.040861044
1509548435223|0.13620347|0.013620348|-0.068101734
1509548435355|0.14982383|-0.027240695|-0.05448139
1509548435486|0.14982383|0.013620348|-0.068101734
1509548435617|0.14982383|-0.027240695|-0.040861044
1509548435751|0.16344418|0.013620348|-0.068101734
1509548435883|0.16344418|-0.05448139|-0.040861044
1509548436015|0.14982383|0.013620348|-0.068101734
1509548436147|0.14982383|-0.027240695|-0.040861044
1509548436278|0.14982383|0.013620348|-0.068101734
1509548436422|0.14982383|0.027240695|-0.068101734
1509548436542|0.14982383|0.0|-0.068101734
1509548436675|0.14982383|0.027240695|-0.05448139
1509548436807|0.14982383|-0.040861044|-0.027240695
1509548436939|0.14982383|0.013620348|-0.040861044
1509548437071|0.14982383|-0.027240695|-0.040861044
1509548437202|0.14982383|0.013620348|-0.05448139
1509548437335|0.13620347|0.013620348|-0.05448139
1509548437466|0.13620347|0.0|-0.068101734
1509548437598|0.13620347|0.013620348|-0.068101734
1509548437732|0.16344418|-0.027240695|-0.040861044
1509548437865|0.16344418|0.013620348|-0.040861044
1509548438001|0.16344418|-0.040861044|-0.027240695
1509548438127|0.14982383|0.027240695|-0.05448139
1509548438259|0.14982383|-0.027240695|-0.040861044
1509548438392|0.13620347|0.040861044|-0.068101734
1509548438523|0.13620347|0.013620348|-0.05448139
1509548438655|0.13620347|0.013620348|-0.068101734
1509548438786|0.16344418|0.013620348|-0.040861044
1509548438919|0.14982383|-0.027240695|-0.040861044
1509548439050|0.16344418|0.0|-0.040861044
1509548439183|0.16344418|0.0|-0.040861044
1509548439314|0.13620347|0.013620348|-0.05448139
1509548439447|0.13620347|0.013620348|-0.068101734
1509548439578|0.13620347|-0.013620348|-0.040861044
1509548439710|0.13620347|0.013620348|-0.040861044
1509548439842|0.16344418|-0.027240695|-0.027240695
1509548439975|0.14982383|0.013620348|-0.05448139
1509548440107|0.14982383|0.0|-0.05448139
1509548440239|0.13620347|0.0|-0.068101734
1509548440370|0.14982383|0.0|-0.08172209
1509548440504|0.14982383|-0.040861044|-0.040861044
1509548440634|0.16344418|-0.013620348|-0.05448139
1509548440767|0.14982383|-0.040861044|-0.027240695
1509548440898|0.14982383|0.0|-0.068101734
1509548441032|0.13620347|0.013620348|-0.068101734
1509548441162|0.13620347|0.0|-0.068101734
1509548441295|0.14982383|0.0|-0.040861044
1509548441437|0.14982383|-0.013620348|-0.040861044
1509548441558|0.14982383|0.0|-0.040861044
1509548441691|0.14982383|-0.027240695|-0.027240695
1509548441822|0.14982383|0.0|-0.040861044
1509548441955|0.13620347|0.0|-0.040861044
1509548442086|0.13620347|0.0|-0.068101734
1509548442219|0.13620347|0.013620348|-0.05448139
1509548442351|0.13620347|-0.027240695|-0.040861044
1509548442483|0.13620347|0.027240695|-0.013620348
1509548442615|0.13620347|-0.013620348|-0.013620348
1509548442746|0.13620347|0.040861044|-0.040861044
1509548442879|0.12258312|-0.013620348|-0.013620348
1509548443011|0.12258312|0.040861044|-0.040861044
1509548443143|0.12258312|0.027240695|-0.040861044
1509548443274|0.13620347|0.0|-0.05448139
1509548443408|0.14982383|0.0|-0.040861044
1509548443539|0.14982383|-0.027240695|-0.027240695
1509548443674|0.14982383|0.0|-0.040861044
1509548443803|0.14982383|0.0|-0.068101734
1509548443935|0.13620347|0.0|-0.05448139
1509548444067|0.16344418|0.0|-0.040861044
1509548444199|0.14982383|-0.040861044|-0.040861044
1509548444332|0.14982383|0.0|-0.040861044
1509548444463|0.13620347|-0.027240695|-0.040861044
1509548444594|0.16344418|0.0|-0.05448139
1509548444726|0.14982383|0.0|-0.068101734
1509548444859|0.14982383|-0.027240695|-0.05448139
1509548444990|0.14982383|0.0|-0.05448139
1509548445123|0.14982383|-0.040861044|-0.040861044
1509548445254|0.14982383|0.0|-0.05448139
1509548445387|0.14982383|-0.027240695|-0.040861044
1509548445518|0.13620347|0.0|-0.068101734
1509548445651|0.14982383|0.0|-0.068101734
1509548445784|0.13620347|-0.013620348|-0.05448139
1509548445915|0.16344418|0.0|-0.05448139
1509548446047|0.16344418|-0.05448139|-0.040861044
1509548446178|0.16344418|-0.013620348|-0.05448139
1509548446315|0.16344418|-0.013620348|-0.05448139
1509548446442|0.13620347|0.013620348|-0.05448139
1509548446575|0.12258312|0.027240695|-0.040861044
1509548446707|0.12258312|0.013620348|-0.040861044
1509548446838|0.13620347|0.013620348|-0.013620348
1509548446971|0.13620347|-0.027240695|-0.013620348
1509548447102|0.13620347|0.013620348|-0.027240695
1509548447234|0.12258312|0.0|-0.013620348
1509548447367|0.10896278|0.027240695|-0.040861044
1509548447499|0.14982383|0.0|-0.068101734
1509548447630|0.14982383|-0.027240695|-0.068101734
1509548447763|0.14982383|0.0|-0.068101734
1509548447895|0.14982383|-0.05448139|-0.040861044
1509548448027|0.16344418|0.0|-0.05448139
1509548448159|0.16344418|-0.040861044|-0.040861044
1509548448290|0.13620347|0.013620348|-0.068101734
1509548448423|0.13620347|0.0|-0.068101734
1509548448557|0.13620347|0.0|-0.068101734
1509548448687|0.16344418|0.0|-0.05448139
1509548448818|0.16344418|-0.027240695|-0.05448139
1509548448950|0.13620347|0.027240695|-0.013620348
1509548449083|0.13620347|0.0|-0.013620348
1509548449214|0.12258312|0.027240695|-0.013620348
1509548449347|0.13620347|0.013620348|-0.05448139
1509548449480|0.13620347|-0.013620348|-0.068101734
1509548449611|0.16344418|0.013620348|-0.068101734
1509548449751|0.14982383|-0.040861044|-0.027240695
1509548449875|0.14982383|0.0|-0.040861044
1509548450007|0.14982383|-0.027240695|-0.040861044
1509548450139|0.13620347|-0.013620348|-0.068101734
1509548450270|0.13620347|0.0|-0.068101734
1509548450403|0.16344418|-0.013620348|-0.040861044
1509548450534|0.14982383|-0.013620348|-0.040861044
1509548450668|0.14982383|0.0|-0.040861044
1509548450799|0.13620347|0.0|-0.013620348
1509548450930|0.13620347|0.0|-0.040861044
1509548451063|0.14982383|-0.013620348|-0.040861044
1509548451195|0.14982383|-0.013620348|-0.068101734
1509548451332|0.14982383|0.0|-0.068101734
1509548451470|0.14982383|-0.040861044|-0.040861044
1509548451590|0.14982383|0.0|-0.05448139
1509548451723|0.14982383|-0.027240695|-0.05448139
1509548451855|0.14982383|-0.027240695|-0.05448139
1509548451986|0.14982383|-0.013620348|-0.05448139
1509548452119|0.14982383|-0.013620348|-0.05448139
1509548452251|0.14982383|-0.05448139|-0.05448139
1509548452382|0.16344418|-0.013620348|-0.05448139
1509548452515|0.16344418|-0.040861044|-0.05448139
1509548452647|0.16344418|-0.05448139|-0.05448139
1509548452778|0.14982383|-0.013620348|-0.05448139
1509548452915|0.13620347|-0.040861044|-0.05448139
1509548453042|0.16344418|-0.013620348|-0.068101734
1509548453175|0.16344418|-0.027240695|-0.068101734
1509548453307|0.16344418|-0.027240695|-0.040861044
1509548453439|0.16344418|-0.027240695|-0.040861044
1509548453571|0.16344418|-0.027240695|-0.040861044
1509548453702|0.13620347|-0.013620348|-0.027240695
1509548453834|0.14982383|0.0|-0.027240695
1509548453966|0.13620347|-0.013620348|-0.027240695
