1509548056711|-26.58|17.1|10.86
1509548056843|-27.06|17.039999|10.92
1509548056975|-27.06|17.039999|10.86
1509548057107|-26.64|17.039999|10.679999
1509548057239|-26.46|17.039999|10.559999
1509548057371|-25.98|17.039999|10.62
1509548057503|-26.16|17.039999|10.559999
1509548057641|-26.22|16.8|10.44
1509548057767|-26.22|16.8|10.86
1509548057899|-26.4|16.98|10.62
1509548058031|-26.58|16.8|10.86
1509548058163|-26.76|16.8|10.74
1509548058295|-26.58|16.92|10.2
1509548058427|-26.88|16.859999|10.44
1509548058559|-27.06|16.859999|10.32
1509548058691|-27.06|16.92|10.08
1509548058823|-26.88|16.619999|10.44
1509548058955|-26.46|16.56|10.32
1509548059087|-26.099998|16.68|10.2
1509548059223|-25.98|16.74|10.32
1509548059352|-26.46|16.98|9.96
1509548059483|-26.46|17.039999|10.139999
1509548059616|-26.58|17.039999|10.139999
1509548059747|-26.76|16.98|10.38
1509548059879|-26.4|16.859999|10.5
1509548060011|-27.0|16.98|10.2
1509548060143|-27.06|16.98|10.5
1509548060275|-26.88|17.039999|10.679999
1509548060407|-27.24|17.039999|10.62
1509548060539|-27.06|16.8|10.74
1509548060671|-27.06|16.74|10.44
1509548060803|-27.06|16.74|10.2
1509548060935|-26.58|16.74|10.08
1509548061067|-26.279999|16.74|10.139999
1509548061199|-26.46|16.92|10.139999
1509548061331|-27.0|16.92|10.139999
1509548061463|-27.359999|16.8|10.559999
1509548061595|-27.42|16.859999|10.44
1509548061727|-27.42|16.859999|10.559999
1509548061859|-26.82|16.8|10.38
1509548061991|-26.64|16.68|10.38
1509548062123|-26.46|16.619999|10.08
1509548062256|-26.46|16.5|10.08
1509548062387|-26.4|16.74|10.679999
1509548062519|-26.58|17.039999|10.32
1509548062651|-27.06|17.1|10.559999
1509548062783|-27.06|17.1|10.38
1509548062915|-27.42|17.039999|9.9
1509548063047|-27.24|16.98|10.139999
1509548063179|-27.06|16.98|10.32
1509548063311|-26.76|16.859999|10.559999
1509548063443|-26.4|16.74|10.38
1509548063575|-26.76|16.74|10.44
1509548063707|-26.22|16.74|10.8
1509548063839|-26.039999|16.859999|10.86
1509548063971|-26.16|17.1|11.4
1509548064103|-25.98|17.16|11.4
1509548064235|-26.16|17.1|10.92
1509548064367|-26.46|17.34|10.8
1509548064499|-26.76|17.22|10.2
1509548064631|-26.76|17.16|9.9
1509548064763|-26.76|17.16|9.9
1509548064895|-27.06|17.039999|10.2
1509548065027|-27.42|17.039999|10.62
1509548065159|-27.0|17.1|10.98
1509548065291|-26.76|17.34|11.16
1509548065424|-26.039999|17.1|10.62
1509548065555|-25.38|16.98|10.38
1509548065687|-25.98|17.1|10.32
1509548065819|-26.22|16.98|9.96
1509548065951|-26.22|16.98|10.139999
1509548066083|-26.88|17.22|10.32
1509548066216|-26.76|17.16|10.0199995
1509548066347|-26.76|17.039999|10.38
1509548066479|-26.88|17.039999|10.26
1509548066611|-26.4|16.98|10.44
1509548066743|-26.039999|16.8|10.559999
1509548066875|-26.22|16.8|10.139999
1509548067007|-26.039999|16.92|10.139999
1509548067139|-26.4|16.8|9.96
1509548067271|-26.4|16.859999|10.32
1509548067403|-26.4|16.98|10.559999
1509548067535|-26.58|17.039999|10.559999
1509548067667|-26.4|16.98|10.32
1509548067799|-26.58|16.8|10.2
1509548067931|-26.58|16.68|10.559999
1509548068063|-26.58|16.5|10.92
1509548068195|-26.4|16.56|10.98
1509548068327|-26.16|16.74|10.86
1509548068459|-25.98|16.92|10.44
1509548068591|-26.16|16.98|10.2
1509548068723|-25.859999|16.98|10.0199995
1509548068855|-26.279999|16.92|10.139999
1509548068988|-26.46|16.859999|10.44
1509548069119|-26.64|16.619999|10.559999
1509548069251|-26.88|16.619999|10.92
1509548069383|-27.06|16.619999|11.4
1509548069515|-27.42|16.5|11.46
1509548069647|-26.88|16.68|11.4
1509548069779|-27.06|16.619999|11.4
1509548069911|-26.76|16.619999|10.98
1509548070043|-26.22|16.619999|10.679999
1509548070175|-26.22|16.619999|10.679999
1509548070307|-26.22|16.68|10.32
1509548070439|-26.4|16.68|10.08
1509548070571|-26.4|16.74|9.78
1509548070703|-26.58|16.859999|9.9
1509548070839|-26.4|16.98|10.2
1509548070967|-26.4|16.98|10.08
1509548071099|-26.4|16.859999|10.32
1509548071231|-26.76|16.8|10.2
1509548071364|-26.88|16.44|10.08
1509548071495|-26.699999|16.5|10.08
1509548071627|-26.699999|16.44|9.9
1509548071759|-26.22|16.44|9.9
1509548071891|-26.22|16.74|9.96
1509548072023|-26.4|16.74|10.139999
1509548072155|-26.58|16.98|10.139999
1509548072287|-26.76|17.1|9.9
1509548072419|-27.06|17.16|9.66
1509548072551|-26.88|17.039999|9.96
1509548072683|-26.76|16.98|10.38
1509548072816|-27.06|16.859999|10.5
1509548072947|-26.4|16.859999|10.92
1509548073079|-26.4|16.859999|10.559999
1509548073211|-26.22|16.8|10.32
1509548073343|-25.68|16.8|10.559999
1509548073475|-25.68|16.74|10.08
1509548073607|-25.859999|16.74|10.44
1509548073739|-25.859999|16.619999|10.559999
1509548073871|-26.22|16.74|10.38
1509548074003|-26.4|16.68|10.44
1509548074135|-26.4|16.74|10.62
1509548074267|-26.58|16.859999|10.559999
1509548074399|-26.22|16.8|10.679999
1509548074531|-26.22|17.039999|11.099999
1509548074663|-26.4|16.8|10.62
1509548074795|-26.58|16.8|10.62
1509548074927|-26.58|16.74|10.44
1509548075059|-26.699999|16.32|10.38
1509548075191|-26.58|16.5|10.62
1509548075323|-26.58|16.38|10.679999
1509548075455|-27.06|16.32|10.62
1509548075587|-26.699999|16.619999|10.32
1509548075719|-26.4|16.98|10.559999
1509548075852|-26.4|17.039999|10.44
1509548075984|-25.859999|17.52|10.32
1509548076115|-26.039999|17.52|10.32
1509548076247|-26.22|17.22|10.2
1509548076379|-26.039999|17.16|10.2
1509548076511|-25.98|16.859999|10.679999
1509548076643|-26.099998|16.68|11.099999
1509548076775|-26.279999|16.859999|10.679999
1509548076907|-26.64|16.92|10.92
1509548077039|-27.42|17.039999|10.86
1509548077171|-27.24|17.34|10.86
1509548077303|-27.06|17.16|10.86
1509548077435|-26.88|17.16|11.099999
1509548077567|-26.099998|17.039999|10.92
1509548077699|-26.099998|16.8|10.8
1509548077831|-26.64|16.8|10.98
1509548077963|-26.64|16.8|10.92
1509548078095|-26.76|16.859999|11.099999
1509548078227|-26.88|16.68|10.98
1509548078359|-26.4|16.68|11.099999
1509548078491|-26.4|16.619999|10.92
1509548078623|-26.58|16.619999|10.679999
1509548078755|-26.4|16.92|10.44
1509548078887|-26.22|16.859999|10.0199995
1509548079019|-25.98|16.74|9.059999
1509548079151|-25.32|16.44|8.4
1509548079283|-25.439999|16.38|8.639999
1509548079415|-25.68|16.5|8.82
1509548079547|-25.98|16.5|9.78
1509548079679|-26.939999|16.74|10.32
1509548079811|-27.0|16.68|10.32
1509548079943|-27.06|16.8|10.44
1509548080075|-26.88|16.92|10.2
1509548080207|-26.76|17.039999|10.559999
1509548080339|-26.279999|17.1|10.38
1509548080471|-26.279999|16.98|10.559999
1509548080603|-26.16|16.98|10.32
1509548080735|-25.859999|16.74|10.08
1509548080867|-26.279999|16.859999|10.679999
1509548080999|-26.279999|16.8|10.8
1509548081131|-26.46|16.8|10.8
1509548081262|-26.88|16.8|10.86
1509548081395|-26.58|16.68|10.38
1509548081527|-26.4|16.68|10.139999
1509548081659|-26.4|16.619999|10.86
1509548081791|-26.039999|16.68|11.28
1509548081923|-26.22|16.859999|11.16
1509548082055|-26.4|16.92|10.86
1509548082187|-26.58|17.039999|10.62
1509548082319|-26.58|17.039999|10.2
1509548082457|-26.76|17.22|10.559999
1509548082583|-26.58|17.1|10.679999
1509548082715|-26.76|17.1|10.32
1509548082847|-26.88|17.1|10.559999
1509548082979|-26.88|16.74|10.32
1509548083111|-26.88|16.74|10.38
1509548083243|-26.76|16.74|10.38
1509548083375|-26.58|16.98|10.139999
1509548083507|-26.699999|17.039999|10.38
1509548083639|-26.58|16.98|10.2
1509548083771|-26.22|16.92|10.38
1509548083903|-26.58|16.74|10.559999
1509548084035|-26.22|16.8|10.44
1509548084167|-26.4|16.92|10.38
1509548084299|-26.76|16.98|10.62
1509548084431|-26.76|16.92|10.44
1509548084564|-26.58|16.92|10.38
1509548084695|-26.4|17.039999|10.8
1509548084827|-26.22|17.039999|10.8
1509548084959|-26.22|17.1|10.44
1509548085091|-26.22|17.16|10.2
1509548085223|-26.22|16.92|9.96
1509548085355|-26.76|16.92|9.96
1509548085487|-26.58|16.92|10.08
1509548085619|-26.58|16.92|10.08
1509548085752|-26.64|17.22|10.139999
1509548085883|-25.68|17.16|10.139999
1509548086016|-25.38|17.22|10.559999
1509548086147|-26.039999|17.1|10.92
1509548086279|-26.039999|16.859999|10.44
1509548086411|-26.64|16.92|10.32
1509548086544|-26.82|16.68|10.32
1509548086675|-26.46|16.74|10.32
1509548086806|-26.4|16.68|11.099999
1509548086939|-26.4|16.68|10.86
1509548087071|-26.22|16.56|10.679999
1509548087203|-25.859999|16.44|10.44
1509548087335|-26.039999|16.44|10.44
1509548087467|-25.8|16.38|10.74
1509548087599|-25.8|16.68|10.559999
1509548087731|-26.099998|16.74|10.679999
1509548087863|-26.039999|16.92|10.139999
1509548087995|-26.279999|16.98|10.38
1509548088127|-26.64|16.98|10.559999
1509548088259|-26.64|16.859999|10.44
1509548088391|-26.76|16.68|10.92
1509548088524|-27.06|16.56|10.92
1509548088655|-26.88|16.56|11.099999
1509548088787|-26.88|16.68|10.86
1509548088920|-26.82|16.74|10.38
1509548089051|-26.64|17.16|9.78
1509548089183|-26.4|17.16|9.599999
1509548089315|-26.22|16.98|9.78
1509548089447|-26.279999|16.98|9.78
1509548089579|-25.98|16.619999|10.08
1509548089711|-26.4|16.5|10.08
1509548089843|-26.22|16.68|10.44
1509548089975|-26.22|16.74|10.44
1509548090107|-26.099998|16.8|10.38
1509548090239|-25.8|16.92|10.74
1509548090371|-26.099998|17.16|10.139999
1509548090503|-26.279999|17.039999|10.32
1509548090636|-26.58|17.039999|10.2
1509548090767|-26.76|16.92|9.84
1509548090899|-26.76|16.68|10.139999
1509548091031|-26.279999|16.74|9.96
1509548091163|-25.859999|16.8|10.139999
1509548091295|-26.4|17.039999|10.32
1509548091427|-26.4|17.039999|10.08
1509548091559|-26.64|17.039999|10.2
1509548091691|-26.76|16.98|9.96
1509548091823|-26.22|16.92|9.84
1509548091958|-26.22|16.859999|10.32
1509548092087|-26.58|16.8|10.38
1509548092219|-27.24|16.74|10.679999
1509548092351|-27.42|16.56|10.86
1509548092483|-27.42|16.56|10.559999
1509548092615|-27.24|16.8|10.62
1509548092747|-26.76|16.8|10.62
1509548092879|-26.76|16.859999|10.8
1509548093011|-26.76|16.8|10.62
1509548093143|-26.76|16.8|10.679999
1509548093275|-26.76|16.92|10.559999
1509548093407|-26.4|16.859999|10.44
1509548093539|-26.039999|16.859999|10.559999
1509548093672|-25.619999|16.44|10.38
1509548093803|-25.439999|16.32|10.44
1509548093935|-25.8|16.44|9.96
1509548094067|-26.099998|16.38|10.08
1509548094199|-26.58|16.68|9.84
1509548094331|-26.699999|16.74|10.139999
1509548094463|-26.699999|16.56|10.559999
1509548094595|-26.76|16.619999|10.679999
1509548094727|-26.58|16.619999|10.86
1509548094859|-26.76|16.56|10.44
1509548094991|-26.88|16.74|10.139999
1509548095123|-26.76|16.74|9.96
1509548095255|-26.76|16.619999|10.08
1509548095387|-26.76|16.68|10.32
1509548095519|-26.4|16.5|10.44
1509548095651|-26.76|16.619999|10.74
1509548095783|-26.88|16.8|10.44
1509548095915|-26.76|16.92|10.38
1509548096047|-26.58|17.1|10.62
1509548096179|-26.58|17.1|10.62
1509548096311|-26.4|17.1|10.86
1509548096443|-26.22|17.1|10.5
1509548096575|-26.58|17.16|10.139999
1509548096707|-26.4|17.1|9.599999
1509548096839|-26.22|16.8|9.42
1509548096971|-26.4|16.8|9.42
1509548097106|-26.58|16.56|9.42
1509548097236|-26.76|16.74|10.139999
1509548097367|-27.06|16.98|10.679999
1509548097499|-27.24|17.1|10.86
1509548097631|-27.24|17.279999|11.099999
1509548097763|-26.88|16.859999|10.679999
1509548097895|-26.58|16.98|10.139999
1509548098027|-26.58|16.74|9.9
1509548098159|-26.699999|16.68|9.66
1509548098291|-26.88|16.859999|9.78
1509548098423|-27.24|16.74|9.78
1509548098555|-27.599998|16.74|9.96
1509548098687|-27.06|17.22|10.38
1509548098819|-27.42|17.22|10.2
1509548098952|-27.24|17.22|10.62
1509548099083|-26.58|17.22|10.38
1509548099215|-26.76|16.74|10.559999
1509548099348|-26.4|16.98|10.38
1509548099479|-26.88|16.98|10.2
1509548099611|-27.0|16.92|10.679999
1509548099743|-27.0|16.98|10.139999
1509548099875|-26.76|16.8|10.38
1509548100007|-26.22|16.74|10.139999
1509548100139|-26.64|16.74|9.9
1509548100271|-26.58|16.8|10.08
1509548100403|-26.46|16.68|9.84
1509548100535|-26.279999|16.74|9.84
1509548100669|-26.279999|16.74|9.84
1509548100799|-26.039999|16.68|9.84
1509548100931|-26.22|17.039999|9.96
1509548101063|-26.88|17.1|9.9
1509548101195|-26.76|17.16|9.78
1509548101327|-26.76|17.16|9.78
1509548101459|-26.88|16.68|9.78
1509548101591|-26.22|16.68|10.139999
1509548101723|-26.039999|16.56|10.08
1509548101855|-26.039999|16.5|10.32
1509548101987|-26.039999|16.619999|10.62
1509548102119|-26.58|16.68|10.32
1509548102251|-26.76|16.68|10.44
1509548102383|-26.88|16.74|10.2
1509548102515|-26.64|16.859999|9.9
1509548102647|-26.279999|16.92|10.32
1509548102779|-25.859999|16.92|10.2
1509548102911|-26.039999|16.98|10.62
1509548103044|-26.279999|16.92|10.38
1509548103175|-26.46|16.92|10.38
1509548103307|-26.76|16.98|10.559999
1509548103439|-26.58|17.22|10.38
1509548103571|-26.16|17.279999|10.62
1509548103703|-26.46|17.22|10.44
1509548103835|-26.279999|17.22|10.559999
1509548103967|-26.279999|16.859999|10.559999
1509548104099|-26.4|16.68|10.74
1509548104232|-26.039999|16.74|10.679999
1509548104363|-26.039999|16.68|10.98
1509548104495|-26.4|16.68|10.86
1509548104627|-26.58|16.8|10.62
1509548104759|-26.4|16.8|10.62
1509548104891|-26.58|16.74|10.62
1509548105024|-26.4|16.859999|10.559999
1509548105155|-26.76|16.859999|10.559999
1509548105287|-26.58|16.92|10.38
1509548105419|-26.4|16.98|9.96
1509548105551|-26.039999|16.74|10.08
1509548105683|-25.859999|16.74|9.9
1509548105815|-26.22|16.74|9.9
1509548105947|-26.4|16.74|10.139999
1509548106079|-26.76|16.8|10.139999
1509548106211|-26.58|16.8|10.32
1509548106343|-26.4|16.74|10.32
1509548106475|-26.58|16.68|10.08
1509548106607|-26.22|16.74|9.84
1509548106740|-26.4|16.56|9.599999
1509548106871|-26.22|16.68|9.599999
1509548107003|-26.4|16.44|9.84
1509548107136|-26.58|16.32|10.38
1509548107269|-26.699999|16.8|10.74
