1509418832765|0.07622699|-0.0053209024|0.017791795|0.99691755
1509418832884|0.071310975|-0.0024373177|0.02466782|0.99714607
1509418833004|0.056677837|-0.003501004|0.030215537|0.99792904
1509418833124|0.052588712|-0.0030392767|0.033840988|0.99803805
1509418833245|0.05281288|-0.0013940504|0.03514034|0.997985
1509418833364|0.05323522|4.7738833E-4|0.03357816|0.9980172
1509418833486|0.058241162|0.0034961863|0.032220334|0.9977763
1509418833606|0.06017432|0.0046262504|0.031773157|0.99767137
1509418833731|0.062273793|0.0043678465|0.03249184|0.9975205
1509418833849|0.062223423|0.0041054003|0.033497717|0.9974915
1509418833969|0.061717436|0.00396975|0.032974504|0.9975409
1509418834087|0.060173444|0.0044196285|0.032613087|0.99764526
1509418834211|0.06118467|0.0040590353|0.03338033|0.9975599
1509418834325|0.0619205|0.003670049|0.033730295|0.99750423
1509418834453|0.06359518|0.0032587138|0.034118596|0.99738705
1509418834569|0.06488497|0.003457992|0.033588324|0.9973213
1509418834685|0.06487062|0.0036011967|0.03318079|0.9973354
1509418834811|0.06532701|0.003437223|0.033058662|0.9973102
1509418834925|0.06538461|0.0034222722|0.033627745|0.99728745
1509418835055|0.06554294|0.0032639431|0.033773214|0.99727273
1509418835173|0.065246314|0.00340555|0.034000687|0.99728394
1509418835289|0.065918826|0.0033039239|0.034888316|0.9972094
1509418835389|0.06574975|0.003327034|0.034818668|0.9972229
1509418835526|0.06528045|0.003589665|0.034947045|0.99724835
1509418835659|0.06610726|0.0033635139|0.03501745|0.9971922
1509418835791|0.06848141|0.0023901681|0.03424165|0.9970617
1509418835921|0.06869022|0.0026799615|0.034618247|0.9970336
1509418836003|0.06903171|0.0033000493|0.03480759|0.9970016
1509418836127|0.0661157|0.0032694705|0.03465211|0.9972047
1509418836265|0.06722643|0.0027083342|0.034352936|0.9971425
1509418836454|0.07120009|0.0030907965|0.036366552|0.9967941
1509418836578|0.071293585|0.003797613|0.03719994|0.9967542
1509418836695|0.06931639|0.0050471076|0.03663229|0.99690914
1509418836810|0.0678757|0.004408352|0.036364477|0.9970211
1509418836935|0.06349315|0.004147202|0.034182865|0.99738806
1509418837054|0.06259883|0.0044846786|0.03473086|0.9974242
1509418837177|0.059316214|0.0035534415|0.032965343|0.9976885
1509418837290|0.058711562|0.0047765514|0.03271268|0.99772745
1509418837411|0.05768139|0.005420172|0.03276673|0.99778247
1509418837531|0.058350693|0.006593347|0.031602502|0.997774
1509418837651|0.059265625|0.00675984|0.032860603|0.99767834
1509418837775|0.060627263|0.007412572|0.032586828|0.99760085
1509418837889|0.06121759|0.007731271|0.03393825|0.99751735
1509418838023|0.059038952|0.008253192|0.03417026|0.99763656
1509418838134|0.06378144|0.008497734|0.03447771|0.9973319
1509418838256|0.062476315|0.006464122|0.03349558|0.9974633
1509418838377|0.062439412|0.006495751|0.03422403|0.99744064
1509418838493|0.06184315|0.006936909|0.03396775|0.9974836
1509418838625|0.06131759|0.007659675|0.033219993|0.99753594
1509418838735|0.061086204|0.007830316|0.03374337|0.99753124
1509418838861|0.0589248|0.007834064|0.033860855|0.99765724
1509418838978|0.059056852|0.007681505|0.03336732|0.99766725
1509418839090|0.05981493|0.008205316|0.03389339|0.99760014
1509418839214|0.060310725|0.008304445|0.03372919|0.99757504
1509418839336|0.06059519|0.008536098|0.03384141|0.99755204
1509418839433|0.060852744|0.008542192|0.033963434|0.9975322
1509418839571|0.06089006|0.00846212|0.034649093|0.99750704
1509418839702|0.060901478|0.008479944|0.03424537|0.9975201
1509418839835|0.06096674|0.008499305|0.035039682|0.9974884
1509418839968|0.060314752|0.008688592|0.034743126|0.9975367
1509418840102|0.05951078|0.008754156|0.03505992|0.9975734
1509418840240|0.05846695|0.009273135|0.034548596|0.99764824
1509418840375|0.05624182|0.00952015|0.03482497|0.9977642
1509418840507|0.056663334|0.009389192|0.034308374|0.9977595
1509418840637|0.05664975|0.009613833|0.034057964|0.99776673
1509418840775|0.05580961|0.0099377725|0.033794593|0.99781984
1509418840910|0.056552477|0.0098189125|0.034263447|0.9977632
1509418841048|0.056990303|0.00968362|0.0341314|0.99774414
1509418841171|0.065406255|0.011518008|0.033254083|0.9972379
1509418841310|0.061493434|0.010530548|0.033318028|0.99749565
