1510198806651|1020.06
1510198806732|1020.0297
1510198806850|1020.01807
1510198806934|1020.0365
1510198807051|1020.13306
1510198807136|1020.1116
1510198807251|1019.963
1510198807332|1019.9474
1510198807451|1019.9891
1510198807573|1020.05725
1510198807732|1020.0561
1510198807853|1020.0692
1510198807972|1020.0617
1510198808131|1020.0577
1510198808252|1020.0332
1510198808333|1020.0043
1510198808454|1019.99927
1510198808571|1019.9917
1510198808653|1019.995
1510198808771|1020.0165
1510198808854|1020.04034
1510198808972|1020.05225
1510198809133|1020.0463
1510198809256|1020.07227
1510198809371|1020.0613
1510198809452|1020.0545
1510198809575|1020.0531
1510198809734|1020.07605
1510198809853|1020.0711
1510198809973|1020.0526
1510198810146|1020.05115
1510198810280|1020.0364
1510198810381|1020.0485
1510198810532|1020.03406
1510198810654|1020.0344
1510198810774|1020.03406
1510198810932|1020.0418
1510198811055|1020.04376
1510198811172|1020.04144
1510198811256|1020.042
1510198811372|1020.0487
1510198811453|1020.05597
1510198811572|1020.0592
1510198811653|1020.05115
1510198811773|1020.0575
1510198811854|1020.0586
1510198811973|1020.0485
1510198812054|1020.04895
1510198812172|1020.0433
1510198812332|1020.0469
1510198812454|1020.0194
1510198812574|1020.0238
1510198812732|1020.06055
1510198812853|1020.0562
1510198812974|1020.0275
1510198813133|1020.03253
1510198813252|1020.03845
1510198813333|1020.0524
1510198813452|1020.0444
1510198813533|1020.0425
1510198813652|1020.03906
1510198813735|1020.041
1510198813854|1020.025
1510198813973|1020.0417
1510198814134|1020.04065
1510198814253|1020.03723
1510198814374|1020.0382
1510198814536|1020.0351
1510198814655|1020.0315
1510198814774|1020.01917
1510198814935|1020.032
1510198815056|1020.03107
1510198815174|1020.0325
1510198815337|1020.02747
1510198815455|1020.02484
1510198815536|1020.02545
1510198815653|1020.0512
1510198815734|1020.05786
1510198815853|1020.0201
1510198815973|1020.01605
1510198816133|1020.05206
1510198816256|1020.034
1510198816377|1020.04297
1510198816533|1020.04895
1510198816657|1020.0154
1510198816773|1020.0179
1510198816854|1020.01587
1510198816974|1020.0254
1510198817134|1020.0173
1510198817253|1020.02075
1510198817335|1020.0259
1510198817453|1020.035
1510198817534|1020.0332
1510198817655|1020.0256
1510198817773|1020.0215
1510198817933|1020.058
1510198818055|1020.04584
1510198818136|1020.0327
1510198818254|1020.03284
1510198818376|1020.0422
1510198818535|1020.04144
1510198818654|1020.0474
1510198818735|1020.0574
1510198818854|1020.0324
1510198818936|1020.0365
1510198819054|1020.04474
1510198819173|1020.0267
1510198819255|1020.03394
1510198819374|1020.0266
1510198819455|1020.0331
1510198819574|1020.03674
1510198819660|1020.0371
1510198819774|1020.0191
1510198819855|1020.02856
1510198819975|1020.02405
1510198820134|1020.03986
1510198820257|1020.0439
1510198820375|1020.034
1510198820457|1020.03406
1510198820576|1020.03436
1510198820734|1020.0449
1510198820854|1020.02924
1510198820935|1020.0315
1510198821056|1020.0234
1510198821138|1020.0193
1510198821254|1020.02954
1510198821335|1020.0384
1510198821456|1020.04016
1510198821574|1020.0378
1510198821737|1020.0493
1510198821855|1020.04095
1510198821975|1020.0524
1510198822135|1020.0643
1510198822254|1020.0531
1510198822335|1020.0523
1510198822454|1020.0393
1510198822535|1020.0427
1510198822655|1020.02734
1510198822737|1020.02185
1510198822854|1020.0316
1510198822937|1020.03937
1510198823056|1020.04266
1510198823175|1020.0364
1510198823337|1020.0411
1510198823454|1020.03595
1510198823536|1020.04724
1510198823655|1020.0454
1510198823736|1020.058
1510198823855|1020.0326
1510198823936|1020.0248
1510198824056|1020.03284
1510198824176|1020.03143
1510198824257|1020.04846
1510198824375|1020.051
1510198824535|1020.05634
1510198824656|1020.0477
1510198824781|1020.0454
1510198824935|1020.04736
1510198825055|1020.04083
1510198825137|1020.03656
1510198825255|1020.0469
1510198825375|1020.06165
1510198825456|1020.05225
1510198825576|1020.03656
1510198825735|1020.0507
1510198825856|1020.0564
1510198825977|1020.0555
1510198826135|1020.04614
1510198826262|1020.03217
1510198826378|1020.05334
1510198826536|1020.05444
1510198826657|1020.04956
1510198826775|1020.03217
1510198826856|1020.05035
1510198826937|1020.0509
1510198827056|1020.0493
1510198827137|1020.04767
1510198827258|1020.05273
1510198827376|1020.04114
1510198827535|1020.05505
1510198827656|1020.0481
1510198827777|1020.0583
1510198827938|1020.0522
1510198828056|1020.04834
1510198828138|1020.0446
1510198828256|1020.0477
1510198828376|1020.0409
1510198828535|1020.0386
1510198828658|1020.0458
1510198828776|1020.05115
1510198828936|1020.0429
1510198829057|1020.0378
1510198829181|1020.0461
1510198829336|1020.0543
1510198829456|1020.0393
1510198829577|1020.03735
1510198829736|1020.0573
1510198829856|1020.05804
1510198829937|1020.0598
1510198830056|1020.07086
1510198830138|1020.0738
1510198830257|1020.06067
1510198830378|1020.06335
1510198830540|1020.0743
1510198830656|1020.0725
1510198830738|1020.0734
1510198830856|1020.06335
1510198830940|1020.0448
1510198831059|1020.0668
1510198831177|1020.056
1510198831258|1020.06555
1510198831376|1020.0473
1510198831457|1020.0549
1510198831580|1019.9908
1510198831740|1020.0104
1510198831859|1020.02563
1510198831980|1020.04297
1510198832136|1020.0442
1510198832256|1020.0408
1510198832337|1020.0497
1510198832457|1020.0658
1510198832538|1020.05505
1510198832660|1020.0569
1510198832777|1020.0549
1510198832858|1020.0652
1510198832979|1020.0769
1510198833138|1020.0733
1510198833258|1020.073
1510198833377|1020.0782
1510198833538|1020.07697
1510198833659|1020.029
1510198833779|1020.01917
1510198833939|1020.0418
1510198834057|1020.03595
1510198834138|1020.0666
1510198834257|1020.04156
1510198834338|1020.04517
1510198834456|1020.0558
1510198834538|1020.0487
1510198834658|1020.06213
1510198834777|1020.06177
1510198834859|1020.0752
1510198834977|1020.09247
1510198835059|1020.0642
1510198835178|1020.0793
1510198835259|1020.0608
1510198835378|1020.0429
1510198835460|1020.04236
1510198835579|1020.0348
1510198835660|1020.03986
1510198835779|1020.0499
1510198835940|1020.06744
1510198836057|1020.095
1510198836138|1020.07904
1510198836257|1020.0646
1510198836338|1020.06464
1510198836460|1020.06195
1510198836578|1020.0382
1510198836738|1020.03754
1510198836858|1020.0315
1510198836978|1020.0526
1510198837060|1020.0499
1510198837179|1020.05457
1510198837260|1020.0513
1510198837379|1020.0565
1510198837538|1020.0516
1510198837661|1020.0561
1510198837778|1020.04767
1510198837938|1020.0427
1510198838059|1020.03516
1510198838179|1020.04004
1510198838337|1020.0391
1510198838459|1020.0332
1510198838577|1020.03076
1510198838658|1020.0457
1510198838739|1020.045
1510198838860|1020.0493
1510198838978|1020.04803
1510198839059|1020.04193
1510198839178|1020.0524
1510198839260|1020.0529
1510198839379|1020.04706
1510198839538|1020.0548
1510198839658|1020.0601
1510198839781|1020.05975
1510198839938|1020.0469
1510198840058|1020.0576
1510198840180|1020.0515
1510198840340|1020.0543
1510198840459|1020.0432
1510198840581|1020.0355
1510198840738|1020.0321
1510198840858|1020.0348
1510198840939|1020.0331
1510198841059|1020.04517
1510198841178|1020.0425
1510198841261|1020.04333
1510198841378|1020.04114
1510198841459|1020.0456
1510198841578|1020.04266
1510198841660|1020.04626
1510198841778|1020.0488
1510198841939|1020.037
1510198842061|1020.03644
1510198842182|1020.0453
1510198842339|1020.0423
1510198842460|1020.04114
1510198842580|1020.0419
1510198842739|1020.0425
1510198842860|1020.03784
1510198842979|1020.03375
1510198843061|1020.0418
1510198843178|1020.0419
1510198843262|1020.04504
1510198843381|1020.03076
1510198843539|1020.0459
1510198843659|1020.0376
1510198843741|1020.0431
1510198843859|1020.0513
1510198843981|1020.0458
1510198844139|1020.0418
1510198844259|1020.0444
1510198844340|1020.0396
1510198844459|1020.0517
1510198844540|1020.05176
1510198844659|1020.0564
1510198844741|1020.0537
1510198844859|1020.03796
1510198844942|1020.04816
1510198845062|1020.05493
1510198845181|1020.0413
1510198845340|1020.0345
1510198845460|1020.0429
1510198845579|1020.0589
1510198845660|1020.0481
1510198845741|1020.05316
1510198845860|1020.0413
1510198845979|1020.0563
1510198846062|1020.0674
1510198846180|1020.0569
1510198846341|1020.0496
1510198846459|1020.0626
1510198846541|1020.04016
1510198846660|1020.01904
1510198846780|1020.0355
1510198846861|1020.0426
1510198846982|1020.04974
1510198847141|1020.04205
1510198847261|1020.04333
1510198847382|1020.0513
1510198847540|1020.0637
1510198847660|1020.0404
1510198847781|1020.03644
1510198847940|1020.02014
1510198848060|1020.0239
1510198848141|1020.0364
1510198848264|1020.04425
1510198848381|1020.0353
1510198848543|1020.0366
1510198848661|1020.0495
1510198848748|1020.051
1510198848864|1020.04456
1510198848981|1020.03906
1510198849078|1020.03613
1510198849181|1020.04626
1510198849350|1020.0379
1510198849476|1020.04236
1510198849581|1020.03906
1510198849666|1020.04663
1510198849780|1020.0431
1510198849863|1020.04333
1510198849982|1020.0285
1510198850148|1020.02325
1510198850263|1020.0194
1510198850349|1020.03253
1510198850462|1020.0311
1510198850546|1020.03296
1510198850663|1020.0365
1510198850781|1020.0544
1510198850862|1020.0552
1510198850944|1020.0669
1510198851065|1020.06433
1510198851163|1020.0454
1510198851260|1020.02673
1510198851342|1020.04645
1510198851461|1020.0079
1510198851584|1020.0075
1510198851743|1020.0134
1510198851870|1020.0146
1510198851985|1020.0223
1510198852143|1020.03015
1510198852261|1020.0747
1510198852382|1020.016
1510198852546|1020.00494
1510198852663|1020.0199
1510198852782|1020.015
1510198852941|1020.0174
1510198853063|1020.0192
1510198853183|1020.02075
1510198853264|1020.01025
1510198853381|1020.02295
1510198853462|1020.00507
1510198853581|1020.0322
1510198853741|1020.01245
1510198853861|1020.0209
1510198853981|1020.0383
1510198854142|1020.0406
1510198854261|1020.03064
1510198854342|1020.03796
1510198854461|1020.0602
1510198854543|1020.03033
1510198854662|1020.04205
1510198854783|1020.0158
1510198854941|1020.0464
1510198855062|1020.01483
1510198855181|1020.0077
1510198855262|1020.0
1510198855381|1020.0446
1510198855463|1020.0328
1510198855583|1020.03345
1510198855742|1020.02686
1510198855863|1020.0035
1510198855983|1020.0134
1510198856143|1020.0178
1510198856263|1020.0459
1510198856345|1020.044
1510198856463|1020.0434
1510198856582|1020.047
1510198856742|1020.03937
1510198856863|1020.03534
1510198856983|1020.036
1510198857065|1020.02814
1510198857183|1020.03503
1510198857265|1020.0418
1510198857382|1020.06036
1510198857465|1020.0474
1510198857583|1020.04346
1510198857664|1020.04895
1510198857784|1020.05115
1510198857869|1020.0497
1510198857983|1020.0394
