1509586997540|-0.62249243|1.1013328|9.873688
1509586997659|-0.4309563|1.2354081|9.3661175
1509586997791|-0.40222588|1.2066777|9.56723
1509586997923|-0.4213795|1.283292|9.375694
1509586998055|-0.39264908|1.0247183|9.873688
1509586998187|-0.7757214|1.2737153|9.662998
1509586998318|-0.40222588|1.091756|9.662998
1509586998450|-0.31603462|1.1300632|9.634268
1509586998583|-0.48841715|1.2162545|9.634268
1509586998714|-0.40222588|1.2354081|9.624691
1509586998846|-0.2777274|1.13964|9.615114
1509586998984|-0.29688102|1.4939818|9.155427
1509586999117|-0.4309563|1.0534488|10.036493
1509586999243|-0.32561144|1.2449849|9.615114
1509586999375|-0.4309563|1.1492168|9.921572
1509586999507|-0.2777274|1.2162545|9.749189
1509586999639|-0.1436521|1.3215994|9.797073
1509586999771|-0.36391866|1.0726024|10.0269165
1509586999903|-0.08619126|0.94810385|9.548077
1509587000034|-0.45968673|1.2545617|10.582372
1509587000166|-0.23942018|1.1492168|9.998186
1509587000298|-0.12449849|1.5514427|10.007763
1509587000430|0.02873042|1.2258313|10.151415
1509587000570|0.10534488|1.2258313|10.429143
1509587000703|-0.39264908|1.5801731|10.055647
1509587000829|-0.41180268|1.0726024|10.907983
1509587000958|0.17238252|1.1204864|9.950302
1509587001091|-0.545878|1.388637|10.697293
1509587001224|-0.047884032|1.043872|10.304645
1509587001355|-0.2777274|1.1779473|10.582372
1509587001490|0.02873042|0.9672575|10.228029
1509587001619|-0.17238252|1.3694834|10.266336
1509587001752|-0.17238252|1.2258313|10.036493
1509587001882|-0.23942018|1.2641385|10.333375
1509587002017|-0.17238252|1.1013328|9.844957
1509587002152|-0.40222588|1.4077905|10.036493
1509587002280|-0.06703765|1.13964|9.643845
1509587002415|-0.29688102|1.3982137|9.56723
1509587002543|-0.1340753|1.1587936|9.672575
1509587002676|-0.31603462|1.3790601|9.509769
1509587002807|-0.1340753|1.1492168|9.710882
1509587002940|-0.4405331|1.5035586|9.576807
1509587003071|-0.019153614|1.283292|9.289502
1509587003203|-0.20111294|1.532289|9.193734
1509587003335|-0.009576807|1.283292|9.030929
1509587003467|-0.076614454|1.436521|8.63828
1509587003599|-0.2873042|1.2162545|9.3182335
1509587003732|-0.17238252|1.3694834|8.762778
1509587003868|-0.19153613|1.2066777|9.337387
1509587004000|-0.16280572|1.2545617|8.887277
1509587004126|-0.16280572|1.2258313|9.184157
1509587004259|-0.1436521|1.2545617|8.954314
1509587004390|-0.16280572|1.532289|8.590396
1509587004523|-0.12449849|1.2737153|8.887277
1509587004654|-0.22984336|1.5227122|8.619126
1509587004787|-0.16280572|1.3024458|8.829816
1509587004919|-0.20111294|1.4173675|8.8777
1509587005051|-0.22984336|1.2737153|9.203311
1509587005183|-0.24899697|1.3790601|9.14585
1509587005314|-0.21068975|1.2066777|9.32781
1509587005447|-0.33518824|1.3311762|9.289502
1509587005581|-0.20111294|1.3024458|9.212888
1509587005719|-0.25857377|1.3024458|9.481039
1509587005843|-0.18195933|1.3790601|9.289502
1509587005975|-0.23942018|1.2066777|9.691729
1509587006107|-0.36391866|1.3982137|9.414001
1509587006240|-0.30645782|1.292869|9.634268
1509587006371|-0.2777274|1.340753|9.375694
1509587006504|-0.2681506|1.1875241|9.758766
1509587006639|-0.17238252|1.283292|9.385271
1509587006767|-0.32561144|1.2258313|9.77792
1509587006899|-0.2681506|1.3503298|9.452309
1509587007035|-0.24899697|1.13964|9.80665
1509587007165|-0.33518824|1.3790601|9.471462
1509587007295|-0.22026655|1.1109096|9.835381
1509587007427|-0.23942018|1.283292|9.5385
1509587007559|-0.17238252|1.1300632|9.662998
1509587007691|-0.15322891|1.388637|9.11712
1509587007823|-0.41180268|0.89064306|10.295067
1509587007956|-0.22026655|1.1109096|9.442732
1509587008087|-0.2777274|1.0821792|9.710882
1509587008219|-0.17238252|0.90979666|9.787497
1509587008351|-0.35434186|0.90979666|9.998186
1509587008483|-0.12449849|0.91937345|9.519346
1509587008615|-0.32561144|1.1875241|9.404425
1509587008750|-0.05746084|0.9576807|9.471462
1509587008887|-0.36391866|1.1971009|9.461885
1509587009016|-0.15322891|0.90979666|9.816227
1509587009143|-0.36391866|1.1779473|9.5385
1509587009276|-0.2873042|0.8523358|9.921572
1509587009407|-0.22026655|0.9959879|9.595961
1509587009539|-0.4405331|0.90021986|10.160992
1509587009671|-0.047884032|0.94810385|9.212888
1509587009803|-0.32561144|1.0055647|9.653421
1509587009935|-0.12449849|0.94810385|9.605537
1509587010067|-0.37349546|1.0534488|9.595961
1509587010198|-0.20111294|1.0247183|9.586384
1509587010336|-0.19153613|0.90021986|9.710882
1509587010469|-0.40222588|0.93852705|9.950302
1509587010596|-0.10534488|0.8331822|9.548077
1509587010727|-0.25857377|1.0055647|9.835381
1509587010859|-0.22984336|0.94810385|9.643845
1509587010991|-0.25857377|1.0630256|9.576807
1509587011122|-0.15322891|0.94810385|9.586384
1509587011256|-0.4309563|1.1971009|9.490616
1509587011387|-0.10534488|0.8331822|9.682152
1509587011519|-0.641646|1.2737153|9.595961
1509587011653|-0.11492168|0.8714894|9.682152
1509587011790|-0.37349546|1.1013328|9.471462
1509587011915|-0.41180268|0.89064306|9.969456
1509587012050|-0.2777274|1.0055647|9.356541
1509587012180|-0.29688102|1.0821792|9.557653
1509587012315|-0.2681506|0.9768343|9.509769
1509587012443|-0.37349546|1.1300632|9.509769
1509587012574|-0.23942018|0.9672575|9.481039
1509587012706|-0.24899697|1.1013328|9.500193
1509587012839|-0.2777274|0.9864111|9.77792
1509587012971|-0.22026655|1.0342951|9.586384
1509587013103|-0.29688102|0.9864111|9.797073
1509587013235|-0.2873042|1.1013328|9.203311
1509587013367|-0.34476504|0.94810385|9.892841
1509587013499|-0.23942018|1.1109096|9.232041
1509587013634|-0.4309563|0.9768343|9.911995
1509587013763|-0.11492168|1.1013328|9.011775
1509587013898|-0.4309563|0.8810662|10.1226845
1509587014040|-0.34476504|1.0726024|9.56723
1509587014158|-0.2873042|1.0151415|9.624691
1509587014291|-0.31603462|1.0342951|9.80665
1509587014422|-0.33518824|1.0151415|9.710882
1509587014556|-0.30645782|1.0726024|9.662998
1509587014687|-0.19153613|0.9959879|9.5385
1509587014819|-0.4309563|1.1013328|9.739613
1509587014951|-0.22984336|0.9959879|9.720459
1509587015083|-0.2873042|1.0342951|9.739613
1509587015214|-0.35434186|1.091756|9.710882
1509587015348|-0.019153614|0.91937345|9.461885
1509587015488|-0.41180268|1.2449849|9.471462
1509587015615|0.22984336|0.8714894|9.32781
1509587015743|-0.50757074|1.1300632|9.528923
1509587015874|-0.1436521|1.0342951|9.481039
1509587016007|-0.40222588|1.0151415|9.892841
1509587016139|-0.22984336|1.1204864|9.701305
1509587016271|-0.24899697|1.1013328|9.337387
1509587016403|-0.22984336|0.90979666|9.80665
1509587016535|-0.29688102|0.8810662|10.065224
1509587016670|-0.20111294|1.0342951|9.299079
1509587016799|-0.1436521|1.0247183|9.414001
1509587016931|-0.23942018|0.842759|9.940725
1509587017070|-0.29688102|1.2066777|9.308656
1509587017200|-0.20111294|0.8714894|9.854534
1509587017327|-0.2873042|1.1492168|9.595961
1509587017459|-0.22984336|0.9768343|9.797073
1509587017591|-0.24899697|1.2162545|9.5385
1509587017723|-0.1340753|0.9768343|9.643845
1509587017855|-0.11492168|1.0630256|9.557653
1509587017987|-0.17238252|1.1109096|9.672575
1509587018119|-0.24899697|1.1779473|9.481039
1509587018251|-0.2873042|0.91937345|10.055647
1509587018384|-0.31603462|1.2258313|9.423578
1509587018517|-0.11492168|0.9959879|9.509769
1509587018649|-0.25857377|0.8714894|9.854534
1509587018782|-0.4405331|1.2545617|9.241618
1509587018920|-0.2873042|0.80445176|9.864111
1509587019043|-0.22026655|1.1971009|9.126697
1509587019175|-0.31603462|0.79487497|10.065224
1509587019308|-0.24899697|0.8714894|9.873688
1509587019439|-0.32561144|1.0821792|9.548077
1509587019571|-0.41180268|0.79487497|10.208876
1509587019703|-0.19153613|0.8714894|10.247183
1509587019836|-0.23942018|1.0726024|9.873688
1509587019967|-0.2873042|0.9864111|10.304645
1509587020098|-0.2681506|1.0055647|10.189722
1509587020233|-0.2873042|1.0151415|10.266336
1509587020368|-0.36391866|1.0821792|10.0748005
1509587020500|-0.36391866|0.90979666|10.524911
1509587020626|-0.29688102|1.1779473|9.950302
1509587020759|-0.34476504|0.94810385|10.390836
1509587020890|-0.22026655|1.0630256|10.160992
1509587021023|-0.2777274|0.94810385|10.505757
1509587021155|-0.29688102|1.1013328|10.25676
1509587021287|-0.21068975|0.9959879|10.103531
1509587021418|-0.34476504|1.2258313|10.093954
1509587021551|-0.076614454|0.92895025|9.998186
1509587021683|-0.47884035|1.2449849|10.237606
1509587021820|-0.39264908|1.1109096|10.04607
1509587021949|-0.38307226|0.9768343|10.515334
1509587022088|-0.39264908|1.1779473|9.969456
1509587022215|-0.2681506|0.7565677|10.496181
1509587022343|-0.17238252|1.0534488|9.911995
1509587022474|-0.29688102|0.78529817|9.998186
1509587022607|-0.2681506|0.8714894|9.931149
1509587022739|-0.1340753|1.1109096|9.337387
1509587022871|-0.16280572|0.90021986|9.749189
1509587023002|-0.25857377|1.0534488|9.624691
1509587023134|-0.29688102|1.043872|9.461885
1509587023274|-0.23942018|0.9864111|9.56723
1509587023402|-0.4309563|1.0055647|9.77792
1509587023534|-0.2681506|0.94810385|9.643845
1509587023664|-0.12449849|0.91937345|9.509769
1509587023798|-0.16280572|1.0247183|9.548077
1509587023927|-0.25857377|0.7278373|10.01734
1509587024059|-0.16280572|1.0534488|9.404425
1509587024191|-0.15322891|0.7661445|9.80665
1509587024323|-0.23942018|1.0726024|9.548077
1509587024455|-0.009576807|0.89064306|9.433155
1509587024587|-0.23942018|1.0151415|9.615114
1509587024719|-0.2777274|0.82360536|9.739613
1509587024851|-0.2873042|0.7469909|9.998186
1509587024983|0.02873042|0.81402856|9.672575
1509587025116|0.0|0.81402856|9.595961
1509587025248|-0.31603462|1.0630256|9.404425
1509587025382|-0.019153614|0.6512229|9.730036
1509587025515|-0.36391866|0.81402856|10.007763
1509587025643|0.05746084|0.842759|9.624691
1509587025775|-0.35434186|0.8331822|9.911995
1509587025907|-0.02873042|0.7565677|9.394848
1509587026039|0.2873042|0.36391866|9.643845
1509587026170|0.20111294|0.50757074|9.749189
1509587026303|0.18195933|0.49799395|9.720459
1509587026434|0.05746084|0.60333884|9.682152
1509587026567|0.06703765|0.6512229|9.662998
1509587026699|0.12449849|0.5746084|9.682152
1509587026836|0.11492168|0.59376204|9.682152
1509587026964|0.12449849|0.58418524|9.682152
1509587027100|0.10534488|0.6512229|9.56723
1509587027227|0.038307227|0.62249243|9.720459
