1509526728178|12.3|-21.06|-9.84
1509526728306|12.3|-20.88|-10.38
1509526728439|12.48|-20.88|-10.559999
1509526728571|12.42|-20.82|-10.8
1509526728703|12.42|-20.699999|-10.98
1509526728835|12.48|-20.82|-10.92
1509526728968|12.42|-21.119999|-10.62
1509526729098|12.48|-21.119999|-10.559999
1509526729231|12.48|-21.24|-10.62
1509526729364|12.48|-21.119999|-10.62
1509526729495|12.48|-21.0|-10.92
1509526729627|12.48|-21.0|-10.92
1509526729759|12.48|-21.0|-10.98
1509526729891|12.54|-21.3|-11.04
1509526730022|12.42|-21.3|-11.04
1509526730155|12.36|-21.48|-11.04
1509526730288|12.54|-21.48|-10.62
1509526730419|12.42|-21.359999|-10.32
1509526730552|12.54|-21.359999|-10.08
1509526730682|12.42|-21.24|-9.9
1509526730816|12.48|-21.18|-10.26
1509526730947|12.599999|-21.18|-10.38
1509526731079|12.78|-21.0|-10.62
1509526731211|12.9|-21.06|-10.62
1509526731343|12.96|-21.06|-10.559999
1509526731475|12.9|-20.88|-10.26
1509526731607|12.78|-20.76|-10.32
1509526731739|12.36|-21.18|-10.44
1509526731870|12.179999|-20.82|-10.38
1509526732003|12.059999|-20.939999|-10.86
1509526732136|12.24|-21.24|-10.8
1509526732267|12.84|-20.46|-10.74
1509526732399|12.84|-20.699999|-10.62
1509526732531|12.42|-20.88|-9.96
1509526732665|12.24|-20.58|-9.96
1509526732804|12.059999|-20.76|-9.96
1509526732927|11.88|-20.88|-10.139999
1509526733059|12.42|-20.76|-10.62
1509526733191|12.42|-20.939999|-10.38
1509526733323|12.42|-20.939999|-10.38
1509526733455|12.599999|-21.119999|-10.44
1509526733586|12.599999|-21.06|-10.44
1509526733718|12.48|-21.06|-10.38
1509526733850|12.48|-21.18|-10.44
1509526733983|12.48|-21.24|-10.08
1509526734117|12.42|-21.18|-10.2
1509526734247|12.48|-21.06|-10.38
1509526734378|12.66|-21.24|-10.139999
1509526734510|13.0199995|-20.88|-10.32
1509526734642|13.0199995|-21.119999|-10.139999
1509526734774|13.2|-21.3|-10.139999
1509526734906|12.96|-21.3|-10.139999
1509526735038|12.48|-21.24|-10.44
1509526735170|12.9|-20.88|-10.62
1509526735303|12.78|-21.06|-10.44
1509526735435|12.84|-20.52|-10.62
1509526735567|13.08|-20.4|-10.44
1509526735699|12.78|-20.58|-10.44
1509526735830|12.84|-20.22|-10.86
1509526735962|12.3|-20.82|-10.92
1509526736094|12.059999|-21.3|-11.219999
1509526736226|12.059999|-21.119999|-11.099999
1509526736358|12.179999|-21.119999|-10.98
1509526736490|12.84|-20.82|-10.92
1509526736622|12.84|-20.939999|-10.44
1509526736754|12.66|-21.24|-10.679999
1509526736886|12.24|-21.24|-10.559999
1509526737018|12.059999|-20.939999|-10.62
1509526737151|12.179999|-20.52|-10.74
1509526737283|12.3|-20.22|-10.559999
1509526737415|12.719999|-20.22|-10.559999
1509526737546|12.719999|-20.4|-10.32
1509526737679|12.719999|-20.58|-10.32
1509526737810|12.599999|-20.699999|-10.559999
1509526737942|12.42|-20.88|-10.559999
1509526738075|12.3|-20.88|-10.679999
1509526738210|12.24|-21.0|-10.92
1509526738338|12.599999|-21.0|-10.86
1509526738471|12.78|-21.0|-11.04
1509526738603|12.84|-21.06|-10.679999
1509526738735|12.84|-20.88|-10.32
1509526738872|12.66|-21.06|-10.32
1509526738999|12.42|-21.359999|-10.32
1509526739131|12.36|-21.359999|-10.8
1509526739263|12.42|-21.48|-11.16
1509526739395|12.42|-21.18|-11.099999
1509526739527|12.42|-20.699999|-11.099999
1509526739659|12.84|-20.88|-10.74
1509526739790|12.78|-20.699999|-10.62
1509526739923|12.78|-20.88|-10.559999
1509526740055|12.84|-20.88|-10.38
1509526740187|12.48|-20.76|-10.2
1509526740319|12.66|-20.76|-10.0199995
1509526740451|12.66|-20.76|-9.84
1509526740583|12.599999|-20.88|-10.0199995
1509526740715|13.08|-20.88|-10.38
1509526740848|13.0199995|-20.52|-10.679999
1509526740979|13.08|-20.699999|-11.099999
1509526741110|13.2|-20.699999|-11.099999
1509526741253|12.78|-21.18|-10.679999
1509526741374|12.66|-21.359999|-10.679999
1509526741506|12.599999|-21.18|-10.32
1509526741639|12.54|-21.359999|-10.0199995
1509526741771|12.36|-21.06|-10.32
1509526741904|12.78|-21.24|-10.139999
1509526742034|12.66|-21.24|-10.139999
1509526742167|12.84|-21.06|-10.44
1509526742299|12.84|-21.359999|-10.26
1509526742431|12.66|-21.359999|-10.2
1509526742563|12.96|-21.359999|-10.38
1509526742695|12.78|-21.359999|-10.2
1509526742827|12.78|-21.42|-10.139999
1509526742959|12.599999|-21.84|-10.32
1509526743091|12.42|-21.84|-10.44
1509526743223|12.42|-21.66|-10.5
1509526743355|12.42|-21.24|-10.8
1509526743487|12.24|-20.699999|-10.44
1509526743619|12.179999|-20.76|-10.139999
1509526743751|12.24|-21.18|-10.38
1509526743883|12.24|-21.18|-10.38
1509526744017|12.42|-21.359999|-10.559999
1509526744147|12.66|-21.3|-10.92
1509526744279|12.599999|-20.88|-10.86
1509526744411|12.66|-21.18|-10.86
1509526744543|12.78|-21.0|-10.679999
1509526744675|12.599999|-21.3|-10.32
1509526744807|12.84|-21.48|-10.0199995
1509526744939|12.78|-21.0|-10.0199995
1509526745085|12.66|-21.0|-10.0199995
1509526745203|12.599999|-20.939999|-10.32
1509526745335|12.24|-20.76|-10.679999
1509526745467|12.48|-20.939999|-10.559999
1509526745600|12.42|-20.76|-10.8
1509526745732|12.42|-20.52|-10.679999
1509526745863|12.78|-20.88|-10.139999
1509526745995|12.599999|-21.3|-10.139999
1509526746127|12.599999|-21.6|-10.08
1509526746259|12.84|-21.6|-10.139999
1509526746391|12.66|-21.66|-10.679999
1509526746522|13.0199995|-21.42|-10.86
1509526746655|13.08|-21.24|-10.98
1509526746787|12.96|-21.66|-10.74
1509526746919|12.96|-21.42|-10.38
1509526747051|12.599999|-21.119999|-10.2
1509526747184|12.48|-21.24|-10.2
1509526747315|12.48|-20.88|-10.32
1509526747447|12.48|-20.699999|-10.38
1509526747579|12.42|-21.119999|-10.38
1509526747711|12.66|-21.3|-10.2
1509526747843|12.599999|-21.48|-10.0199995
1509526747975|12.42|-21.3|-10.08
1509526748107|12.42|-21.18|-10.26
1509526748239|12.24|-21.06|-10.26
1509526748371|12.24|-20.699999|-10.62
1509526748503|12.42|-20.88|-10.86
1509526748635|12.48|-20.699999|-10.559999
1509526748767|12.48|-20.58|-10.2
1509526748899|12.48|-20.76|-9.9
1509526749031|12.48|-20.939999|-9.66
1509526749163|12.42|-20.76|-10.0199995
1509526749295|12.48|-20.699999|-10.44
1509526749427|12.78|-20.88|-10.44
1509526749559|12.78|-20.88|-10.139999
1509526749691|12.66|-21.06|-10.0199995
1509526749823|12.48|-21.06|-9.84
1509526749955|12.599999|-20.76|-9.96
1509526750087|12.599999|-20.699999|-10.38
1509526750220|12.78|-20.699999|-10.2
1509526750351|12.84|-20.88|-9.9
1509526750485|12.42|-21.06|-9.78
1509526750615|12.3|-20.88|-9.9
1509526750748|12.48|-20.699999|-10.32
1509526750879|12.42|-21.0|-10.679999
1509526751011|12.96|-21.0|-10.86
1509526751143|13.2|-21.0|-10.74
1509526751275|13.259999|-21.18|-10.559999
1509526751407|13.259999|-20.88|-10.74
1509526751539|12.9|-20.82|-10.92
1509526751671|12.66|-20.88|-10.62
1509526751803|12.42|-21.119999|-10.62
1509526751935|12.48|-20.82|-10.32
1509526752067|12.48|-20.82|-10.0199995
1509526752200|12.48|-20.939999|-10.32
1509526752331|12.48|-20.699999|-10.32
1509526752463|12.48|-20.88|-10.44
1509526752595|12.66|-20.699999|-10.44
1509526752727|12.719999|-20.58|-10.44
1509526752859|12.719999|-20.58|-10.44
1509526752991|12.78|-20.939999|-10.44
1509526753123|12.9|-20.939999|-10.8
1509526753255|12.84|-21.3|-10.32
1509526753387|12.78|-21.3|-10.44
1509526753524|13.08|-20.88|-10.44
1509526753652|12.78|-20.88|-10.44
1509526753783|12.78|-20.52|-10.74
1509526753916|13.2|-20.76|-10.62
1509526754047|12.84|-20.939999|-10.679999
1509526754179|12.84|-20.939999|-10.559999
1509526754311|13.259999|-21.119999|-10.679999
1509526754444|12.84|-20.699999|-10.92
1509526754582|12.78|-20.699999|-10.679999
1509526754707|12.78|-20.699999|-10.92
1509526754839|12.0|-20.699999|-10.92
1509526754971|12.42|-20.88|-10.559999
1509526755103|12.48|-20.699999|-10.679999
1509526755235|12.36|-20.88|-10.44
1509526755367|12.66|-20.939999|-10.32
1509526755499|12.3|-20.76|-10.44
1509526755632|12.42|-20.939999|-10.44
1509526755763|12.78|-20.76|-10.38
1509526755895|13.2|-20.939999|-10.62
1509526756027|13.2|-21.3|-10.32
1509526756159|13.38|-21.3|-9.84
1509526756291|13.139999|-21.72|-9.9
1509526756423|12.66|-21.3|-9.54
1509526756555|12.84|-20.82|-9.66
1509526756687|12.48|-21.0|-9.96
1509526756819|12.9|-20.58|-10.139999
1509526756951|12.96|-20.88|-10.44
1509526757083|12.66|-21.42|-10.62
1509526757215|12.66|-21.24|-10.62
1509526757347|12.36|-21.06|-10.679999
1509526757478|12.3|-20.939999|-10.8
1509526757611|12.599999|-20.82|-10.92
1509526757743|12.48|-20.82|-11.099999
1509526757875|12.36|-21.119999|-11.04
1509526758007|12.599999|-21.18|-10.92
1509526758139|12.42|-21.18|-10.62
1509526758271|12.599999|-21.18|-10.32
1509526758403|12.78|-21.24|-10.139999
1509526758535|12.599999|-21.06|-10.139999
1509526758667|12.42|-21.06|-10.32
1509526758799|12.42|-20.699999|-10.679999
1509526758931|12.3|-20.52|-10.679999
1509526759063|12.3|-20.52|-10.44
1509526759195|12.48|-20.22|-10.62
1509526759327|12.48|-20.4|-10.62
1509526759459|12.66|-20.22|-10.62
1509526759593|12.78|-20.4|-10.44
