1510196729712|44
1510196729794|42
1510196729942|29
1510196730089|32
1510196730248|42
1510196730403|29
1510196730556|28
1510196730694|31
1510196730844|34
1510196731001|34
1510196731151|37
1510196731232|36
1510196731378|35
1510196731528|35
1510196731673|40
1510196731820|40
1510196731966|45
1510196732107|46
1510196732243|46
1510196732386|45
1510196732529|45
1510196732664|43
1510196732810|43
1510196732970|45
1510196733052|44
1510196733202|42
1510196733355|43
1510196733496|43
1510196733642|43
1510196733797|42
1510196733949|42
1510196734030|42
1510196734169|42
1510196734314|42
1510196734466|42
1510196734620|41
1510196734703|41
1510196734866|41
1510196735010|41
1510196735160|40
1510196735302|40
1510196735444|39
1510196735602|38
1510196735753|37
1510196735905|34
1510196736064|33
1510196736191|33
1510196736274|33
1510196736422|30
1510196736563|28
1510196736708|28
1510196736792|29
1510196736930|30
1510196737084|29
1510196737224|28
1510196737374|34
1510196737532|35
1510196737687|36
1510196737834|36
1510196737917|35
1510196738071|36
1510196738224|36
1510196738370|35
1510196738451|35
1510196738596|35
1510196738733|34
1510196738889|34
1510196738970|35
1510196739125|35
1510196739275|35
1510196739356|35
1510196739493|35
1510196739644|34
1510196739796|34
1510196739954|34
1510196740103|35
1510196740241|35
1510196740391|35
1510196740549|35
1510196740680|35
1510196740831|35
1510196740967|35
1510196741114|35
1510196741195|35
1510196741350|36
1510196741491|35
1510196741636|37
1510196741790|38
1510196741873|31
1510196742011|32
1510196742159|24
1510196742291|44
1510196742446|49
1510196742593|52
1510196742748|50
1510196742890|50
1510196743035|47
1510196743188|40
1510196743333|36
1510196743490|33
1510196743572|35
1510196743722|28
1510196743805|25
1510196743956|23
1510196744109|19
1510196744250|15
1510196744392|17
1510196744551|20
1510196744691|19
1510196744840|23
1510196744993|27
1510196745145|33
1510196745280|34
1510196745435|33
1510196745572|33
1510196745715|32
1510196745796|33
1510196745949|34
1510196746031|34
1510196746172|38
1510196746314|40
1510196746396|40
1510196746545|42
1510196746680|48
1510196746828|53
1510196746970|54
1510196747118|55
1510196747271|52
1510196747422|39
1510196747560|37
1510196747715|37
1510196747867|33
1510196748018|37
1510196748174|34
1510196748323|28
1510196748406|25
1510196748539|17
1510196748694|35
1510196748845|27
1510196748993|35
1510196749154|34
1510196749292|26
1510196749440|23
1510196749592|31
1510196749747|28
1510196749891|27
1510196750052|32
1510196750207|32
1510196750360|34
1510196750512|38
1510196750647|48
1510196750792|47
1510196750949|42
1510196751031|42
1510196751183|44
1510196751322|42
1510196751471|42
1510196751621|40
1510196751757|41
1510196751901|40
1510196752045|37
1510196752183|35
1510196752321|37
1510196752467|39
1510196752613|24
1510196752770|17
1510196752853|15
1510196753005|12
1510196753160|27
1510196753311|39
1510196753452|41
1510196753596|45
1510196753756|43
1510196753886|40
1510196754043|37
1510196754192|37
1510196754347|37
1510196754495|36
1510196754653|36
1510196754793|36
1510196754935|35
1510196755094|35
1510196755250|35
1510196755393|37
1510196755553|40
1510196755698|41
1510196755842|42
1510196755998|41
1510196756149|41
1510196756293|41
1510196756437|42
1510196756571|41
1510196756716|32
1510196756802|29
1510196756955|25
1510196757110|11
1510196757255|16
1510196757402|30
1510196757548|30
1510196757693|28
1510196757836|25
1510196757985|21
1510196758123|26
1510196758272|30
1510196758355|31
1510196758506|30
1510196758642|29
1510196758795|29
1510196758936|44
1510196759081|52
1510196759234|53
1510196759374|47
1510196759518|28
1510196759599|30
1510196759753|28
1510196759908|27
1510196760047|28
1510196760193|27
1510196760348|28
1510196760483|28
1510196760629|27
1510196760713|27
1510196760855|28
1510196760999|28
1510196761152|27
1510196761305|27
1510196761455|27
1510196761612|27
1510196761766|29
1510196761918|28
1510196762069|29
1510196762209|28
1510196762361|27
1510196762514|28
1510196762655|28
1510196762798|28
1510196762938|28
1510196763090|28
1510196763249|28
1510196763395|28
1510196763537|28
1510196763618|27
1510196763763|24
1510196763908|30
1510196764052|29
1510196764203|30
1510196764353|36
1510196764511|27
1510196764648|31
1510196764799|34
1510196764936|36
