1510206422052|-0.35421133|0.17072189|0.77354336
1510206422168|0.52173066|-1.7024238|0.89591694
1510206422284|0.74419355|-0.42060924|-1.225277
1510206422398|1.2275963|-0.28569078|0.44561577
1510206422515|0.16656685|-0.5303924|1.6914902
1510206422627|-0.017916203|0.08662319|-1.3480988
1510206422743|0.15786648|0.017665148|0.6601639
1510206422858|-0.15553236|-0.056139708|-0.33122635
1510206422974|-0.66721106|0.5144274|-1.565628
1510206423088|-0.16616702|-0.023964524|0.4704256
1510206423202|-0.019054174|-0.030897915|0.84174156
1510206423318|0.1394856|-0.017309189|0.4446392
1510206423433|0.076206446|0.11140871|-1.1188068
1510206423548|-0.1923008|-0.34374285|0.40502548
1510206423665|0.6828637|-0.08303857|0.09969711
1510206423777|-0.5532527|0.0706203|-0.034810066
1510206423893|0.030260563|0.100806594|-0.32957268
1510206424007|0.47601604|-0.18289387|0.049768448
1510206424123|0.22184777|-0.11642122|0.30476665
1510206424238|0.12298679|0.059716225|-0.1538353
1510206424352|-0.25073528|0.20999277|0.006116867
1510206424468|-0.34977818|0.19125736|-0.6653261
1510206424582|0.66229725|-0.0573612|-0.42823887
1510206424698|-1.4426863|0.44031012|1.2289038
1510206424813|0.9130009|-1.1586008|-1.4357777
1510206424928|0.63911915|-1.6317854|2.1369047
1510206425044|0.31816626|-0.67775506|-2.1952019
1510206425157|0.061029434|-0.04948771|1.9200344
1510206425273|-0.32822442|0.13605839|-1.1795845
1510206425387|0.042708278|-0.019509315|0.42665958
1510206425504|0.14793539|-0.04788977|0.19359493
1510206425620|0.08602023|0.10776365|-0.107419014
1510206425735|0.35962343|-0.36297327|-0.7121191
1510206425848|0.22840679|-0.88900614|0.58904266
1510206425964|0.7322695|-0.058000922|1.151618
1510206426079|-0.07063103|0.3608706|-1.0162382
1510206426194|0.32720637|-0.15315509|0.8638878
1510206426308|-0.17679238|-0.15826356|-0.4723568
1510206426424|-0.4153278|0.3338766|-0.29751015
1510206426540|-0.103756905|0.15113187|0.45132732
1510206426655|0.117831945|-0.16140819|-0.5583658
1510206426768|-0.31576085|-0.19936466|-0.24974537
1510206426885|-0.004478216|0.14502001|0.124017715
1510206427000|0.28354192|0.06927729|-0.031514168
1510206427114|-0.344702|-0.1585424|0.5190115
1510206427230|0.16415381|-0.40580344|-0.40745258
1510206427344|0.1244092|0.3373642|-0.8354473
1510206427460|-0.30105352|0.0050629377|0.6520376
1510206427575|1.8286705E-4|-0.06996012|-0.088074684
1510206427691|-0.15523219|0.05519843|-0.09798813
1510206427805|0.18867493|0.068954706|0.4330244
1510206427918|0.26198077|-0.02674532|-0.104846
1510206428035|-0.12267566|-0.002992034|0.030584335
1510206428151|-0.040102243|0.15488064|-0.42966747
1510206428266|0.25225902|-0.16430497|-0.2674322
1510206428379|0.04305029|0.06031525|0.83195114
1510206428495|-0.07271528|0.05990565|-0.11721039
1510206428610|-0.06396675|-0.078737736|-0.29489517
1510206428725|-0.34615135|0.07669163|0.5836096
1510206428840|0.08706522|-0.20571864|0.13038445
1510206428954|0.134305|-0.18324709|-0.5202236
1510206429071|0.17032814|0.046913266|-0.41162395
1510206429187|0.11613417|0.07689452|-0.33656025
1510206429301|-0.37433147|-0.28333044|-0.08119106
1510206429414|0.3119011|0.060476065|-0.09134865
1510206429531|0.31694603|0.27244973|-0.35232258
1510206429645|-0.5407951|-0.54486114|0.1196146
1510206429760|0.25952482|-0.009866595|-0.4679575
1510206429875|0.21149635|0.11538619|0.25637245
1510206429990|-0.19590473|-0.057856977|-0.03905773
1510206430105|-0.15590715|-0.100739956|-0.27649593
1510206430219|0.33914232|0.13493276|0.35888386
1510206430335|0.015827656|-0.15391767|0.107245445
1510206430450|-0.0030150414|-0.19644761|-0.28230572
1510206430565|0.009049892|0.25770998|-0.4043789
1510206430680|-0.19491172|0.028007925|0.4056549
1510206430794|0.012585402|-0.07248396|0.29723454
1510206430909|0.016624928|-0.0498783|-0.19379234
1510206431024|-0.19996071|0.041998267|-0.16845226
1510206431141|-0.4394238|0.25080872|-0.2194128
1510206431255|-0.08276963|-0.018983498|0.037039757
1510206431370|0.05079031|0.09226821|-0.17596054
1510206431485|0.02355647|-0.08561967|0.12870312
1510206431600|0.043234825|0.07503627|-0.14034367
1510206431715|0.10851717|-0.18060723|0.15059853
1510206431831|0.34816313|-0.005373299|-0.17200565
1510206431945|0.16375303|0.039057285|0.20217991
1510206432059|-0.11435318|-0.18453741|0.267622
1510206432175|0.011706114|-0.18013|0.15996075
1510206432290|0.13750553|-0.33797073|-1.1979656
1510206432382|0.8579135|0.005808592|0.27017498
1510206432520|-0.014109135|-0.08480334|-0.62790775
1510206432635|0.1145854|-0.21572065|0.96608067
1510206432749|0.5510578|0.25702453|-0.53047466
1510206432866|-0.76592827|0.036848783|0.055493355
1510206432980|-0.1763773|-0.1287744|-0.040341377
1510206433095|0.45984507|0.064305544|-0.011878967
1510206433210|0.11270332|-0.19233942|1.1314678
1510206433325|0.71805763|-0.06698871|-0.68847275
1510206433441|-0.5984802|0.188689|0.3851776
1510206433556|0.20652914|0.17647386|-0.73492813
1510206433670|-0.52330875|-0.09110451|0.49056244
1510206433786|0.15475607|0.012483478|0.20172882
1510206433902|0.21967554|0.05887115|-0.16383362
1510206434015|0.2601347|0.3110633|0.05005741
1510206434131|-0.37811136|0.1201148|-0.0054559708
1510206434245|-2.2936616|0.5539963|0.58614063
1510206434360|-1.9685748|1.478512|-0.054296494
1510206434475|1.5870616|-1.9822807|-0.9554949
1510206434591|0.06333232|-0.050403833|-1.1063585
1510206434705|-0.18370676|0.3283611|0.8387041
1510206434822|-0.49772787|-0.00842531|-0.45447254
1510206434936|0.26070797|-0.045828104|0.06958294
1510206435050|-0.4460032|5.431175E-4|0.5196018
1510206435166|0.2944857|-0.3886614|0.8752861
1510206435281|0.41727734|-0.15108073|-1.9577875
1510206435397|0.12365508|-0.5533333|0.3736534
1510206435510|0.35896063|-0.07729423|0.6089735
1510206435627|0.045743942|-0.2608863|0.31394005
1510206435741|-0.18595552|0.07550514|0.09988403
1510206435858|-0.13612461|0.21462166|-0.4006672
1510206435972|-0.002450943|-0.23974276|0.45829868
1510206436088|-0.056699753|0.033649683|-0.5043535
1510206436202|-0.070111275|-0.10422301|-2.7656555E-5
1510206436317|-0.09959173|-0.0012021065|-0.3645525
1510206436431|0.34750032|-0.0074739456|-0.020349503
1510206436547|-0.21690321|-0.24206758|0.45229673
1510206436661|0.64985657|-0.30746245|0.6739526
1510206436776|0.060374737|-0.012680292|-0.5853672
1510206436891|-0.39340782|0.1272819|-0.755456
1510206437006|0.058423996|-0.039047956|-0.37318516
1510206437122|-0.33480406|0.1641097|-0.053048134
1510206437238|0.20636368|-0.16166711|0.391438
1510206437351|0.18069887|0.012155056|-0.448833
1510206437467|-0.030754566|-0.056224346|0.2983408
1510206437582|0.45144606|-0.16601205|0.2612548
1510206437696|-0.40558577|-0.37621474|0.42680693
1510206437812|0.93795776|-0.28944755|0.064855576
1510206437926|0.16069126|-0.030185938|0.1970005
1510206438042|0.18874836|0.13403642|-0.13319206
1510206438157|0.07677221|-0.02662158|0.51173687
1510206438272|-0.053924084|0.13160133|-0.22305489
1510206438388|-0.23154402|0.11499226|-0.099541664
1510206438501|-0.030400515|-0.17737588|0.40881062
1510206438617|-0.04053545|0.26358572|-0.08336353
1510206438732|-0.24010515|-0.038031742|0.030043602
1510206438846|-0.3553369|-0.0038605072|0.037644386
1510206438962|0.28579307|-0.29143232|0.48392105
1510206439077|0.10616255|0.29327607|-0.63544273
1510206439192|0.021752596|-0.2690513|0.057076454
1510206439308|-0.09280944|0.029078603|0.1565342
1510206439422|0.021904469|0.17037335|-0.12937927
1510206439537|-0.10441303|-0.057520032|0.10106373
1510206439651|-0.10257149|-0.048958898|0.65547276
1510206439768|-0.3072908|0.24481076|0.09822655
1510206439882|-0.568357|0.16283429|-0.27004337
1510206439997|-0.38049555|-0.37053275|0.8530035
1510206440112|0.8272517|0.19440496|0.5899811
1510206440230|-0.21146369|-2.1961768|-1.3144646
1510206440344|-0.5342965|-0.5057045|0.93873787
1510206440456|0.061071634|0.35446155|-1.7130489
1510206440574|0.67476964|-0.5493053|1.0299406
1510206440687|-0.14167714|0.07813609|0.93582726
1510206440802|-0.53144836|-0.15461767|-2.2231922
1510206440918|-0.15691876|0.03578961|1.0868626
1510206441032|-0.8015394|-0.30559838|1.3826656
1510206441148|1.1345584|0.27492833|-0.9846716
1510206441262|0.49807167|0.27326345|1.0231152
1510206441377|-0.34545445|0.004011154|0.6778698
1510206441491|-0.39258814|0.018453836|-0.7638655
1510206441608|0.15008688|0.3861425|-0.36593246
1510206441723|0.3062911|0.083308935|0.83671665
1510206441837|-0.1790204|-0.10767388|0.0495615
1510206441951|-0.100432396|0.082966805|-0.93175316
1510206442068|-1.0589676|-0.3169155|-0.15260696
1510206442184|1.7770679|0.36530924|-1.5842619
1510206442298|0.6733315|-0.13598633|-0.8807068
1510206442413|1.2547352|0.62465334|-0.17649364
1510206442526|-0.3929937|-0.22207904|0.09964371
1510206442642|-0.86671734|-0.29192662|1.3570614
1510206442756|-0.87245107|-0.54014874|0.81231403
1510206442872|1.2732539|0.25658107|-1.9401207
1510206442987|-0.2818582|0.25913715|0.5334997
1510206443102|-0.92675114|-0.12147331|0.027980804
1510206443217|-0.48551726|-0.21439028|-0.07361317
1510206443332|1.4296643|0.09330416|-1.4556761
1510206443448|0.032194853|0.016861916|-0.25710392
1510206443562|0.35803485|0.15538359|1.2953281
1510206443677|-0.07509351|-0.46430588|0.13853264
1510206443792|0.024230003|0.088982105|0.7433939
1510206443908|0.33776093|0.03381586|-0.37252045
1510206444024|0.19295049|-0.20367146|-0.121949196
1510206444139|-0.39790606|-0.0013093948|-0.77329254
1510206444252|-0.6061833|0.14628601|-0.99526596
1510206444368|0.19646335|-0.29257202|0.69122314
1510206444483|0.09902692|0.23971558|-0.17926502
1510206444598|0.19938064|-0.2702918|-0.085775375
1510206444713|0.75432277|0.1798873|-0.68206596
1510206444829|0.657707|0.40186787|0.5330143
1510206444943|0.086610556|-0.06506193|1.0849724
1510206445060|-0.22921348|-0.114623025|0.18899727
1510206445173|-1.0159287|-0.23326814|0.7240114
1510206445289|0.15095949|-0.22111857|1.7127466
1510206445403|0.26232147|0.2543408|-2.2895794
1510206445518|-0.18015766|-0.039993092|-0.7637148
1510206445634|-0.06871557|0.118504375|0.38632202
1510206445748|-0.38758874|-0.42896456|1.1430883
1510206445864|-0.20230865|-0.33497477|2.20022
1510206445978|-0.4070692|0.2736777|-2.7671976
1510206446094|-0.17337513|-0.019462943|-0.05011463
1510206446209|0.113705635|0.037732124|0.002204895
1510206446325|0.23893595|-0.09022415|-0.060505867
1510206446439|0.28922486|-0.26327193|0.6783562
1510206446553|-0.15859509|-0.28735805|0.01560688
1510206446668|0.052573442|0.045157194|0.23862648
1510206446784|0.36574626|-0.041593075|0.05547619
1510206446899|-0.2677822|0.025256634|-0.56392
1510206447016|0.0901227|0.049293995|-0.041734695
1510206447128|-0.035853386|0.013859034|0.70515347
1510206447245|-0.048001766|-0.12140131|0.4620819
1510206447359|-0.3841138|-0.12529826|0.28762054
1510206447475|-0.35034704|-0.43158078|0.18040943
1510206447589|0.17016864|0.13500595|0.023834229
1510206447703|0.4220817|0.03849554|0.5224943
1510206447819|0.30362296|0.032408237|0.16618824
1510206447935|0.4018805|0.08928919|-0.60034084
1510206448049|0.50933826|-0.04460907|-0.09281635
1510206448163|0.24746823|0.049134254|-0.65886784
1510206448278|0.21328151|-0.066152096|-0.56706524
1510206448394|0.37619936|-0.04855776|0.12755203
1510206448510|-0.067035675|-0.12143469|0.03975582
1510206448624|0.49956703|0.023656368|-0.79973793
1510206448739|-0.53838825|-0.15736532|0.4659586
1510206448854|0.2769029|0.14208817|0.39389324
1510206448969|0.19720125|-0.10969162|0.90332127
1510206449086|0.20319438|0.2207694|-0.2676735
1510206449200|-0.32022238|-0.3259039|-0.054632187
1510206449314|0.53236985|0.011361837|0.36280155
1510206449429|-0.30989718|0.41762328|-0.24653816
1510206449545|-0.13014317|-0.15113199|0.11353397
1510206449659|0.2960689|0.0844897|0.18027115
