1509453173381|5.69458|-12.216187|-19.578552
1509453173495|-0.8834839|-19.487|-16.740417
1509453173608|-0.8178711|-20.976257|-14.448547
1509453173762|-2.5115967|-22.528076|-12.437439
1509453173878|-2.9159546|-22.24121|-12.973022
1509453174032|-2.5421143|-24.72229|-10.621643
1509453174145|-1.2832642|-29.006958|-2.9907227
1509453174299|0.17547607|-24.209595|-11.408997
1509453174384|2.456665|-24.620056|-11.022949
1509453174492|1.0513306|-23.600769|-12.34436
1509453174610|-1.5869141|-23.117065|-11.824036
1509453174761|1.713562|-24.342346|-10.395813
1509453174879|2.482605|-21.083069|-13.803101
1509453175030|-0.8895874|-20.695496|-15.553284
1509453175146|1.1108398|-24.899292|-11.419678
1509453175299|3.616333|-25.883484|-8.74939
1509453175380|5.21698|-25.515747|-10.879517
1509453175492|4.185486|-22.676086|-11.627197
1509453175610|3.7612915|-24.850464|-9.52301
1509453175762|7.7178955|-24.473572|-10.165405
1509453175877|8.4487915|-24.082947|-9.812927
1509453176029|6.877136|-21.266174|-13.729858
1509453176114|5.6488037|-23.316956|-12.016296
1509453176223|4.434204|-25.564575|-8.631897
1509453176304|6.668091|-24.835205|-10.198975
1509453176418|7.562256|-25.605774|-7.3760986
1509453176568|7.6690674|-25.598145|-7.3898315
1509453176683|7.536316|-23.565674|-9.527588
1509453176837|5.984497|-22.24884|-12.887573
1509453176954|2.2323608|-20.507812|-15.77301
1509453177108|0.46539307|-19.769287|-16.215515
1509453177223|-1.0757446|-20.739746|-14.572144
1509453177377|-2.6107788|-23.158264|-11.335754
1509453177490|-1.4175415|-23.614502|-11.645508
1509453177606|-0.24719238|-24.406433|-11.193848
1509453177760|3.3294678|-25.9552|-8.218384
1509453177880|3.552246|-25.151062|-11.074829
1509453178033|2.4139404|-23.480225|-12.423706
1509453178147|0.6134033|-22.23053|-13.084412
1509453178298|-0.26550293|-21.995544|-13.890076
1509453178413|-1.2680054|-21.09375|-14.266968
1509453178572|-1.109314|-22.38617|-13.856506
1509453178683|-0.25634766|-24.006653|-10.864258
1509453178838|-3.0792236|-25.247192|-8.3984375
1509453178952|-0.25177002|-25.334167|-10.03418
1509453179107|1.248169|-26.394653|-8.468628
1509453179221|3.1799316|-25.274658|-8.602905
1509453179375|1.6784668|-24.371338|-10.020447
1509453179491|0.55999756|-23.223877|-12.619019
1509453179651|0.021362305|-22.497559|-13.201904
1509453179760|-1.7227173|-23.155212|-13.446045
1509453179875|-2.3208618|-22.232056|-12.260437
1509453180028|-1.6571045|-25.52185|-9.594727
1509453180145|-0.88653564|-23.919678|-10.972595
1509453180297|1.4938354|-25.58136|-10.058594
1509453180413|2.8839111|-26.905823|-7.293701
1509453180568|3.2150269|-23.754883|-12.75177
1509453180683|3.479004|-22.555542|-12.419128
1509453180836|0.4257202|-21.585083|-15.249634
1509453180952|-1.0757446|-20.317078|-15.567017
1509453181105|-0.56152344|-20.973206|-14.564514
1509453181220|-0.19683838|-21.963501|-13.960266
1509453181379|1.5579224|-20.24231|-14.237976
1509453181491|3.439331|-23.101807|-11.695862
1509453181643|3.3691406|-24.264526|-10.108948
1509453181759|3.199768|-19.818115|-15.782166
1509453181874|1.4511108|-18.984985|-16.693115
1509453182029|-0.45318604|-20.503235|-16.003418
1509453182144|1.2908936|-21.466064|-13.452148
1509453182299|2.6611328|-24.539185|-13.899231
1509453182380|0.20599365|-23.916626|-10.534668
1509453182489|3.7979126|-24.531555|-11.180115
1509453182652|5.4992676|-25.463867|-10.147095
1509453182759|4.5776367|-22.628784|-13.160706
1509453182875|3.3035278|-21.200562|-14.912415
1509453183028|1.1657715|-21.360779|-14.828491
1509453183146|0.7461548|-20.335388|-16.323853
1509453183298|2.0462036|-22.42279|-13.206482
1509453183413|1.890564|-23.422241|-12.70752
1509453183568|2.684021|-26.686096|-8.502197
1509453183683|3.9108276|-25.376892|-9.373474
1509453183835|2.8121948|-23.50769|-12.017822
1509453183951|0.932312|-23.005676|-13.484192
1509453184035|1.197815|-22.924805|-12.922668
1509453184144|2.482605|-21.723938|-13.876343
1509453184297|2.2491455|-23.742676|-11.978149
1509453184412|3.5125732|-25.52185|-11.035156
1509453184567|3.4042358|-25.09613|-9.222412
1509453184682|3.2745361|-22.538757|-12.016296
1509453184836|0.81329346|-22.10083|-14.294434
1509453184957|2.7328491|-20.578003|-15.59906
1509453185114|1.8386841|-19.99054|-16.149902
1509453185220|-1.9073486|-18.385315|-17.932129
1509453185381|-1.6082764|-15.406799|-18.882751
1509453185489|-1.9561768|-16.661072|-18.26477
1509453185647|0.43792725|-15.975952|-16.474915
