1510206605709|25.879288|-18.751907|-28.853226
1510206605859|25.716019|-18.201065|-29.04663
1510206605959|25.713348|-18.177032|-29.722595
1510206606109|25.827408|-18.902588|-30.310059
1510206606215|26.114655|-19.057083|-30.490494
1510206606359|25.899124|-18.832779|-30.047607
1510206606509|25.11139|-19.028854|-28.980637
1510206606609|25.029373|-19.026947|-28.752136
1510206606709|25.229645|-18.796158|-28.474426
1510206606858|25.412369|-18.457031|-29.060364
1510206606960|25.28572|-18.697357|-29.187775
1510206607110|25.102997|-18.122864|-28.70102
1510206607209|24.419022|-18.414307|-29.052734
1510206607360|24.59259|-18.920135|-29.559326
1510206607508|24.684525|-19.422531|-30.45578
1510206607609|24.454498|-18.925095|-30.172348
1510206607709|24.83902|-18.392181|-30.142593
1510206607859|25.234222|-18.444061|-30.319214
1510206607959|25.483322|-18.600464|-30.114365
1510206608109|25.466919|-18.540573|-29.389572
1510206608210|25.195312|-18.58139|-29.553986
1510206608359|25.297165|-18.97049|-29.667664
1510206608509|25.399399|-18.769455|-28.960037
1510206608610|25.178146|-18.567657|-28.796387
1510206608709|25.196075|-18.613052|-29.354858
1510206608858|25.230408|-18.756104|-30.21202
1510206608957|25.567245|-18.727875|-30.204391
1510206609108|25.60997|-18.490982|-30.090714
1510206609208|25.081253|-18.234253|-29.953766
1510206609358|25.440598|-18.301392|-29.81186
1510206609507|26.0746|-18.845749|-29.309464
1510206609611|25.896835|-18.872833|-29.087067
1510206609709|25.279617|-19.12613|-28.446198
1510206609858|25.470734|-18.868637|-28.56865
1510206609959|26.0746|-18.569183|-29.266739
1510206610107|25.863647|-18.865967|-29.504395
1510206610208|25.613785|-19.148254|-29.470825
1510206610356|25.885391|-19.15474|-29.471207
1510206610507|25.867844|-19.106674|-29.794312
1510206610607|25.785446|-19.062805|-29.736328
1510206610709|25.494766|-18.784714|-28.838348
1510206610857|25.479507|-18.582916|-29.652405
1510206610960|25.784683|-18.812943|-30.065918
1510206611107|25.266266|-18.665695|-29.31099
1510206611212|25.116348|-18.100739|-28.785706
1510206611358|25.305176|-18.100357|-28.773499
1510206611507|25.790405|-18.85147|-28.152084
1510206611607|25.819397|-19.129944|-28.280258
1510206611708|25.834656|-19.2379|-28.185654
1510206611858|26.452637|-19.011688|-28.470993
1510206611957|25.851059|-18.529129|-28.889847
1510206612108|25.52452|-18.115997|-28.765106
1510206612209|26.361084|-18.28537|-28.67279
1510206612358|26.737595|-18.12439|-28.321075
1510206612508|27.00653|-18.181229|-27.542496
1510206612607|27.207565|-18.37883|-27.885056
1510206612707|27.159882|-18.916702|-28.564453
1510206612858|26.771164|-19.085312|-28.875732
1510206612957|26.166153|-19.01207|-29.26178
1510206613108|26.14479|-18.389893|-29.279709
1510206613207|26.473236|-18.078995|-29.174042
1510206613358|26.432037|-18.535614|-29.232788
1510206613507|26.095581|-18.683243|-28.889465
1510206613607|25.95253|-18.435669|-28.890228
1510206613708|25.830078|-18.29834|-28.964615
1510206613858|25.904083|-17.979813|-28.874207
1510206613957|25.891876|-18.412018|-29.034424
1510206614108|25.395584|-18.95485|-29.34227
1510206614208|25.24147|-18.977737|-29.400253
1510206614358|26.11351|-18.766022|-29.252625
1510206614507|26.194382|-18.218613|-29.549408
1510206614607|25.346756|-18.37387|-29.687119
1510206614709|25.178146|-18.88237|-29.392624
1510206614857|25.9449|-19.194412|-28.890228
1510206614956|25.99411|-19.428253|-28.654099
1510206615106|26.128769|-18.860245|-28.157425
1510206615207|26.501465|-18.946457|-28.418732
1510206615357|26.471329|-18.949509|-28.517532
1510206615507|25.78659|-18.243408|-28.250885
1510206615607|25.398254|-18.246841|-28.546906
1510206615706|25.64354|-18.040466|-28.590012
1510206615859|26.155472|-18.209839|-29.26445
1510206615956|26.205063|-18.296051|-29.059982
1510206616107|26.117325|-18.194962|-28.922653
1510206616206|26.076126|-18.43338|-29.156494
1510206616356|26.330185|-18.301392|-28.98407
1510206616507|25.755692|-18.114471|-29.011154
1510206616607|25.58899|-18.31665|-29.097748
1510206616706|25.561905|-18.265533|-29.13742
1510206616858|25.28305|-18.670273|-29.558945
1510206616955|25.442886|-18.793106|-29.819489
1510206617105|25.189972|-18.358612|-29.595184
1510206617205|25.327682|-18.450165|-28.745651
1510206617356|25.453568|-18.44368|-28.396988
1510206617505|25.362396|-18.341827|-28.853989
1510206617608|25.349045|-18.523026|-28.852463
1510206617706|25.66185|-19.433594|-28.590775
1510206617856|25.920868|-19.905472|-28.630066
1510206617956|24.386978|-20.345688|-29.187393
1510206618105|23.574448|-21.359634|-28.564835
1510206618206|24.016953|-22.448349|-27.208328
1510206618357|24.118423|-22.681046|-27.316284
1510206618506|23.922348|-21.89598|-27.884293
1510206618605|24.292755|-22.006607|-27.831268
1510206618706|24.966812|-22.574615|-27.697754
1510206618857|24.974442|-22.15271|-27.42424
1510206618957|24.712372|-22.003555|-27.388
1510206619106|24.412155|-22.305298|-26.721191
1510206619205|24.085617|-23.144531|-25.934982
1510206619358|24.403|-23.744965|-26.036072
1510206619505|24.674606|-24.238205|-24.803162
1510206619606|24.703217|-24.510574|-25.115204
1510206619706|24.503708|-25.05989|-26.291656
1510206619856|24.357986|-23.916245|-26.5728
1510206619956|24.837494|-23.156738|-26.274109
1510206620106|24.977493|-22.932816|-25.832748
1510206620206|25.41504|-23.049164|-25.94986
1510206620356|25.862885|-23.508835|-26.062393
1510206620455|27.669907|-21.805954|-25.75264
1510206620606|29.270172|-19.88411|-25.525665
1510206620705|29.231644|-19.224167|-25.491333
1510206620856|29.413223|-18.706894|-24.959183
1510206620956|29.518509|-18.236923|-24.967575
1510206621106|29.592133|-17.734146|-25.106049
1510206621255|30.957031|-17.173386|-24.535751
1510206621355|31.38771|-17.014694|-24.217987
1510206621455|31.646347|-16.850662|-24.030685
1510206621607|32.219315|-16.848755|-23.208237
1510206621706|32.779694|-17.110825|-22.384644
1510206621855|32.40738|-18.34526|-21.142578
1510206621957|32.357788|-18.958282|-20.775223
1510206622106|32.530594|-18.70575|-20.944595
1510206622255|32.67021|-17.790985|-20.92247
1510206622355|33.055878|-17.507935|-20.84694
1510206622454|33.306885|-16.97998|-21.047974
1510206622604|32.75261|-16.77475|-22.10579
1510206622705|32.424164|-16.296387|-23.209763
1510206622855|32.131958|-16.21437|-24.129105
1510206622956|31.647873|-16.257858|-24.372864
1510206623104|31.805038|-16.278076|-24.550629
1510206623254|33.01773|-16.093445|-23.706818
1510206623355|32.99408|-16.21933|-23.06099
1510206623455|32.627487|-16.085052|-23.164368
1510206623604|31.93512|-15.815353|-22.927475
1510206623704|31.57196|-15.771103|-22.92633
1510206623854|31.299973|-15.916443|-23.558044
1510206623954|32.036972|-16.72287|-22.53952
1510206624104|32.950592|-16.646194|-21.702194
1510206624254|33.857346|-14.075851|-21.953201
1510206624354|33.983994|-13.40332|-22.6223
1510206624454|33.95157|-12.277603|-22.626877
1510206624603|33.96988|-12.071228|-23.876953
1510206624704|33.01506|-10.361481|-26.894379
1510206624856|30.876923|-6.770706|-30.335617
1510206624953|29.77295|-7.0461273|-30.023956
1510206625105|30.466843|-7.371521|-29.154205
1510206625254|31.885529|-8.553696|-28.231812
1510206625354|32.045364|-9.861755|-27.321625
1510206625454|32.238007|-11.497116|-25.8255
1510206625604|32.499313|-13.128281|-25.056458
1510206625704|32.019424|-14.80751|-24.481583
1510206625855|30.936813|-17.063522|-23.872757
1510206625954|30.47142|-18.998337|-22.963333
1510206626104|30.644226|-18.763733|-22.722244
1510206626253|30.820084|-17.275238|-23.259735
1510206626354|30.820084|-17.287827|-23.788834
1510206626453|31.230545|-17.171478|-25.329208
1510206626604|30.658722|-17.044449|-26.507187
1510206626704|30.11322|-16.688538|-26.63536
1510206626853|28.614807|-16.81137|-27.344131
1510206626955|27.946472|-16.204834|-29.00467
1510206627105|28.416824|-15.636826|-29.167175
