1510206665746|-0.16529846|-0.057800293|0.008483887
1510206665860|0.0075683594|0.063964844|0.083618164
1510206665976|0.051345825|-0.086502075|-0.19166565
1510206666089|0.05378723|-0.043945312|-0.018188477
1510206666204|0.0010528564|0.042785645|0.108062744
1510206666320|-0.0052490234|-0.032958984|0.0013580322
1510206666434|-0.07286072|-0.042114258|-0.011871338
1510206666549|0.084732056|0.15090942|0.11009216
1510206666665|0.113861084|-0.36546326|-0.17782593
1510206666781|0.020599365|0.018569946|0.049621582
1510206666895|-0.07611084|0.08065796|-0.06460571
1510206667011|-0.049438477|0.06254578|0.027618408
1510206667125|0.0020751953|0.08106995|0.07588196
1510206667242|-0.075302124|-0.08039856|0.008285522
1510206667355|0.038116455|0.029754639|0.029663086
1510206667471|0.033218384|-0.30519104|-0.067871094
1510206667586|0.04360962|0.052978516|0.033325195
1510206667701|-0.0064849854|-0.021759033|-0.020629883
1510206667815|-0.034988403|0.21791077|0.060409546
1510206667932|6.4086914E-4|-0.07510376|-0.11021423
1510206668044|0.0020599365|0.10021973|0.061431885
1510206668161|-0.02217102|-0.11581421|0.04371643
1510206668275|0.061935425|-0.0024108887|-0.016555786
1510206668391|0.012863159|-0.012588501|0.022125244
1510206668507|-0.01461792|-0.0016021729|-0.0849762
1510206668621|6.4086914E-4|0.036895752|-0.030807495
1510206668735|-0.03152466|0.07354736|-8.8500977E-4
1510206668852|-0.01361084|-0.096069336|-0.022659302
1510206668967|-0.026031494|0.084121704|0.14837646
1510206669083|0.014694214|0.00491333|-0.1586914
1510206669197|-0.07469177|0.046447754|0.14164734
1510206669310|-0.07266235|-0.018493652|-0.12487793
1510206669426|0.05807495|-0.11317444|-0.106552124
1510206669540|0.03465271|0.032409668|0.12516785
1510206669656|0.026916504|-0.08039856|0.015823364
1510206669773|-0.023788452|0.04788208|0.031707764
1510206669899|0.006958008|0.0067443848|-0.1421814
1510206670003|-0.032943726|0.058273315|0.27685547
1510206670116|0.01979065|-0.10441589|-0.36515808
1510206670232|-0.070007324|0.20588684|0.4381256
1510206670346|-0.030914307|-0.16122437|-0.31954956
1510206670462|-0.029083252|0.5565338|0.32002258
1510206670578|-0.048217773|-0.08630371|-0.34968567
1510206670692|0.032608032|0.08677673|0.15081787
1510206670807|-0.030914307|-0.010147095|-0.14910889
1510206670919|0.110809326|-0.16326904|0.12312317
1510206671037|-0.11581421|0.18450928|0.19132996
1510206671151|-0.11949158|0.44107056|0.16567993
1510206671266|0.048080444|-0.26405334|-0.40119934
1510206671380|0.08677673|-0.038848877|0.025787354
1510206671497|0.14257812|-0.2842102|-0.14871216
1510206671612|-0.041290283|0.1000061|0.23246765
1510206671726|-0.026229858|-0.03845215|-0.085372925
1510206671841|-0.052490234|0.1847229|0.18197632
1510206671958|0.042999268|-0.22761536|-0.39671326
1510206672071|0.07435608|-0.14901733|0.030471802
1510206672186|-0.21131897|0.44943237|0.27197266
1510206672300|0.01550293|-0.08894348|-0.08985901
1510206672416|0.03404236|-0.13679504|-0.088027954
1510206672531|0.13626099|-0.19606018|-0.056671143
1510206672647|0.030578613|-0.072250366|-0.108184814
1510206672762|-0.040893555|0.02772522|0.031906128
1510206672876|-0.02684021|3.0517578E-5|-0.042617798
1510206672992|0.029968262|-0.15838623|0.07485962
1510206673106|-0.090774536|0.40400696|0.15203857
1510206673222|0.08555603|-0.15533447|-0.3594513
1510206673336|0.017959595|0.38304138|0.5212097
1510206673453|0.12730408|-0.4925232|-0.78074646
1510206673566|-0.37686157|0.24295044|0.7028351
1510206673681|0.112838745|-0.13008118|-0.6683502
1510206673798|-0.038238525|0.2260437|0.5197754
1510206673913|-0.08140564|-0.29032898|-0.12854004
1510206674026|0.07862854|0.11955261|-0.08232117
1510206674142|-0.47297668|0.04095459|0.24325562
1510206674257|-0.33981323|-0.108291626|-0.047714233
1510206674375|0.24438477|-0.2581482|-0.14686584
1510206674489|0.26454163|-0.125|0.124557495
1510206674602|0.29406738|0.08860779|-0.38002014
1510206674718|-0.06959534|0.1940918|0.35179138
1510206674834|-0.43774414|0.013076782|0.033935547
1510206674946|0.24172974|-0.28564453|-0.31282043
1510206675062|0.47080994|-0.06980896|-0.09434509
1510206675178|-0.42227173|0.7554779|0.6566162
1510206675292|-0.276474|-0.110946655|-0.21670532
1510206675409|-0.25102234|-0.03967285|-0.1816864
1510206675522|0.08433533|-0.2886963|-0.36984253
1510206675637|0.08128357|-0.12742615|0.19561768
1510206675753|0.77297974|-0.25387573|-1.0308075
1510206675866|-0.5365143|0.7241211|1.0371857
1510206675984|0.014892578|-0.3901062|-0.9171753
1510206676097|-0.18647766|0.9100189|1.0048218
1510206676213|0.018157959|-0.49842834|-1.0493317
1510206676327|-0.09770203|0.6328888|0.8516846
1510206676443|0.22850037|-0.47114563|-0.9631958
1510206676557|-0.2728119|0.51519775|0.59695435
1510206676673|0.22686768|-0.31536865|-0.74594116
1510206676789|-0.1634674|0.46836853|0.55622864
1510206676904|-0.0231781|-0.26385498|-0.49812317
1510206677017|-0.05026245|0.28450012|0.60469055
1510206677133|-0.3241272|0.0521698|-0.0980072
1510206677251|-0.09301758|0.31503296|0.5645752
1510206677363|0.13911438|0.005126953|-0.24461365
1510206677480|0.056228638|-0.36871338|-0.20755005
1510206677594|-0.024398804|-0.14901733|0.025787354
1510206677708|-0.027862549|0.32847595|0.5837097
1510206677823|-0.0024108887|-0.14086914|-0.8457031
1510206677938|-0.32044983|0.36105347|1.1070251
1510206678055|0.14073181|-0.41108704|-0.76934814
1510206678167|0.05378723|0.3250122|0.64012146
1510206678282|-0.12232971|-0.25001526|-0.8302307
1510206678398|0.04849243|0.432724|1.0331116
1510206678513|-0.13291931|-0.19421387|-0.6225281
1510206678630|0.25761414|0.12750244|0.44259644
1510206678745|0.3408966|0.074142456|0.26809692
1510206678860|0.8487396|0.17372131|0.2803192
1510206678973|0.10041809|8.544922E-4|0.18197632
1510206679088|-0.1027832|-0.07917786|-0.04220581
1510206679204|1.0130615|-0.73851013|-0.4038391
1510206679320|-0.33146667|1.3246002|-0.67507935
1510206679443|-1.0199127|-0.34776306|-0.8145447
1510206679553|0.5726166|0.13320923|-1.0204163
1510206679664|-0.82136536|-1.989975|-0.15216064
1510206679783|0.786026|-0.06410217|-0.4633026
1510206679895|1.6848145|3.7122955|2.0318909
1510206680013|-0.18830872|-0.55992126|-0.99801636
1510206680126|-0.76882935|-0.306015|-0.45230103
1510206680247|-0.5096283|-0.17996216|0.21984863
1510206680357|0.16864014|-0.19482422|0.44178772
1510206680471|0.68930054|0.6781006|0.6737213
1510206680587|0.39709473|0.26576233|0.25650024
1510206680699|0.63534546|0.7371521|-0.059936523
1510206680815|-0.41433716|-0.12966919|-0.0027160645
1510206680929|0.23562622|0.28611755|0.25650024
1510206681044|0.1924591|0.42866516|0.3243103
1510206681158|-0.042922974|0.024871826|0.08239746
1510206681274|-0.07652283|-0.13069153|0.082611084
1510206681389|0.11935425|-0.04496765|-0.0980072
1510206681504|-0.094436646|0.17066956|0.04472351
1510206681620|0.16781616|0.04095459|-0.21121216
1510206681734|0.034851074|0.02243042|-0.104522705
1510206681850|0.111206055|0.028137207|-0.13485718
1510206681963|-0.113983154|0.009399414|0.086883545
1510206682077|-0.13781738|-0.1516571|0.052871704
1510206682193|-0.12579346|-0.11317444|-0.05116272
1510206682311|-0.1728363|0.09043884|0.17362976
1510206682423|0.16456604|-0.0549469|-0.18229675
1510206682541|-0.06613159|-0.12234497|-0.123046875
1510206682654|0.13482666|0.0309906|-0.121017456
1510206682770|-0.21009827|-0.017074585|0.061828613
1510206682884|0.003692627|0.049102783|0.06712341
1510206683000|0.14053345|0.04197693|-0.04586792
1510206683117|-0.12844849|-0.007904053|0.0793457
1510206683229|0.1399231|-0.051483154|-0.051574707
1510206683345|-0.13964844|0.06803894|0.0740509
1510206683462|0.123428345|0.062347412|-0.01512146
1510206683576|-0.17793274|0.014892578|-0.012283325
1510206683691|0.21974182|-0.061050415|-0.1362915
1510206683806|-0.026428223|0.027114868|-0.05809021
1510206683921|-0.017684937|0.072525024|0.040039062
1510206684036|0.006149292|-0.037017822|-0.016143799
1510206684150|-0.036819458|0.19978333|-0.08721924
1510206684264|-0.061462402|-0.1321106|0.08544922
1510206684381|-0.24633789|-0.06918335|-0.061950684
1510206684495|0.022842407|-0.0044403076|0.060195923
1510206684609|-0.03845215|-0.028671265|-0.048721313
1510206684726|-0.12437439|-0.04272461|0.09562683
1510206684840|0.07701111|-0.013412476|-0.09921265
1510206684956|-0.088531494|0.069869995|0.110702515
1510206685070|-0.029281616|0.0012512207|0.07180786
1510206685184|0.04197693|0.08026123|0.043701172
1510206685300|-0.1003418|0.04685974|0.098083496
1510206685413|0.034851074|0.055007935|-0.040374756
1510206685530|-0.19075012|-0.08425903|-0.09677124
1510206685644|0.044830322|-0.017471313|-0.08029175
1510206685760|-0.12313843|0.003692627|0.16304016
1510206685875|-0.5782471|-0.41983032|-0.0821228
1510206685991|-0.29052734|-0.104019165|0.13513184
1510206686106|-0.20968628|-0.0844574|-0.11062622
1510206686221|0.03138733|0.036483765|0.06265259
1510206686335|-0.12498474|0.14480591|0.1388092
1510206686450|-0.0054626465|0.046661377|7.4768066E-4
1510206686567|0.19470215|0.1877594|-0.07417297
