1510199210997|-0.8077416|-0.14508057|0.3883829
1510199211114|0.14427367|-0.9859271|-0.24068356
1510199211229|1.0408988|0.53288126|-1.1438751
1510199211343|-0.27170193|0.12769747|1.0561552
1510199211459|0.33751154|-0.27519417|-0.3202381
1510199211574|-0.10120344|-0.18835735|-0.33608723
1510199211689|-0.22167373|-0.0344882|-0.19915581
1510199211802|-0.030175447|0.022951603|-0.18057346
1510199211920|-0.54178715|-0.11003113|-0.037983894
1510199212034|-0.19541037|-0.11666489|0.3885126
1510199212147|0.052295804|-0.07574558|-0.3992567
1510199212264|0.74677324|0.1687789|-0.73349476
1510199212380|0.1756199|0.1879487|-0.7660599
1510199212494|0.16461742|-0.45604372|0.58022404
1510199212608|-1.903368|-0.35821867|0.40512466
1510199212724|-1.8878888|-1.1565523|0.82093143
1510199212842|-1.3787148|-1.1854157|1.1859002
1510199212954|1.3941267|-0.93828344|1.164691
1510199213069|0.38655698|-0.560936|-1.8087783
1510199213184|0.72760785|0.99880505|-0.630003
1510199213298|0.52293026|0.2568655|0.3100214
1510199213414|0.9388499|0.8554416|0.4824171
1510199213529|1.2272756|-0.22773838|0.9055271
1510199213643|1.0682003|0.17683935|-0.2247572
1510199213759|0.81107664|0.006158352|0.22087574
1510199213874|0.20303857|0.05667448|0.845397
1510199213989|0.6454555|-0.13483381|0.17672539
1510199214103|-0.070978284|0.10543203|0.48695278
1510199214218|0.31444848|-0.2100296|-0.09508419
1510199214335|0.31134808|0.15547514|0.3434124
1510199214448|-0.13304979|-0.39667797|1.25562
1510199214564|-0.40826315|-0.98882484|0.32755852
1510199214679|0.0070389807|-0.02597332|-1.3059673
1510199214794|0.24463144|0.52706623|-0.52329445
1510199214910|0.4013172|-0.058228016|0.06595707
1510199215023|-0.25166637|0.8556533|-1.504858
1510199215140|-0.9419184|1.1352582|0.13722992
1510199215254|-0.86915195|0.029365063|0.4291258
1510199215369|-2.024866|1.4215674|0.3083706
1510199215485|0.5516453|-0.9765768|0.90988636
1510199215599|-1.086629|-2.1463132|-1.3272171
1510199215715|-0.79454315|-1.6905875|-1.2934513
1510199215829|1.450843|-0.34943843|-1.5190296
1510199215947|0.3920622|1.2317977|0.4084034
1510199216061|0.032831848|-0.10944581|2.2511492
1510199216173|0.3519021|-0.9509373|0.7398586
1510199216289|0.017185658|0.20330858|-0.8925257
1510199216404|-0.19932902|-0.42627025|0.35081196
1510199216519|0.043531865|0.25913763|0.39835835
1510199216634|0.06640084|0.11017251|-0.349308
1510199216751|0.02565153|0.1777916|-0.44664764
1510199216868|-0.13249698|-0.02145505|-0.25654888
1510199216979|0.010552466|-0.20901513|-0.2862196
1510199217096|0.051817268|-0.067266464|0.41975594
1510199217211|0.041006118|-0.038211823|-0.14129162
1510199217325|0.0090017915|-0.10131073|-0.32002926
1510199217441|-0.0427303|0.038479805|-0.19457722
1510199217555|-0.04956177|0.060181856|0.6952877
1510199217669|-0.04409647|0.05535555|0.1416521
1510199217784|0.1292339|-0.10763407|0.38705254
1510199217900|-0.043129437|0.03293991|-0.033145905
1510199218017|-0.0049438123|0.004541397|-1.0726776
1510199218131|-0.48514897|-0.5687771|0.6028967
1510199218245|0.53909826|0.086499214|-0.0717144
1510199218360|-0.09581259|0.19556284|0.13785744
1510199218474|-0.18621504|-0.1584239|0.21135902
1510199218590|0.01569277|-0.019971848|-0.023343086
1510199218712|0.03149125|-0.058218956|-0.106238365
1510199218820|0.14978057|-0.13136673|0.35520363
1510199218936|-0.64269316|-0.2644868|0.520875
1510199219051|-0.21249932|-0.19289637|-0.5769639
1510199219165|-0.0057103634|-0.011407852|0.15729332
1510199219279|0.15906763|0.17207241|-0.41521168
1510199219396|-0.0746541|-0.061820984|-0.020654678
1510199219511|-0.10271835|0.002810955|0.0881238
1510199219626|0.10344088|0.060501575|0.029736996
1510199219743|-0.18783867|-0.06751156|-0.23154593
1510199219858|-0.07519138|-5.8603287E-4|-0.027341366
1510199219969|-0.027288675|0.03126955|-0.36079884
1510199220085|-0.030323982|0.16421747|0.11100578
1510199220201|0.14481378|-0.041819572|-0.2571411
1510199220314|0.043833375|0.027256489|-0.035348892
1510199220429|0.029415369|0.0047283173|-0.2795148
1510199220546|0.07345724|0.04686737|0.00141716
1510199220660|0.08410406|0.045469284|0.11840916
1510199220775|-0.0019168854|0.009143829|-0.027823448
1510199220890|0.021576166|0.007863522|0.16701078
1510199221006|0.07702637|-0.023507118|-0.25514317
1510199221120|-0.14028418|-0.031730175|0.10301685
1510199221237|-0.024834752|0.0700469|0.22759485
1510199221352|-0.077558875|-0.072627544|-0.07960701
1510199221465|-0.20131254|-0.07819843|-0.096690655
1510199221581|-0.13035989|-0.04968548|-0.17781353
1510199221696|0.31437242|0.004515648|-0.7037711
1510199221810|-0.0063937902|-0.02461052|0.0494833
1510199221928|-0.0133497715|0.055968285|-0.14419651
1510199222045|0.079128146|-0.02732563|0.4421873
1510199222156|-0.016076088|0.0013589859|-0.13754892
1510199222271|-0.008211374|0.030071735|-0.1268034
1510199222387|-0.005337119|-0.015872478|-0.018428326
1510199222502|-0.019813657|-0.019859314|-0.08269596
1510199222616|-0.03538227|-0.0083966255|-0.06588411
1510199222731|-0.19124079|-0.108101845|0.14412785
1510199222846|0.1355083|-0.0017671585|0.115021706
1510199222962|0.099717855|0.041884422|0.07940245
1510199223077|-0.034077883|-0.01493454|-0.2106142
1510199223191|0.7324555|0.3169036|0.11138058
1510199223307|-0.17399526|-0.114607334|0.31064987
1510199223422|0.12601542|0.030423164|-0.0142326355
1510199223538|0.22893524|-0.13507032|-0.69345284
1510199223651|-0.27346516|-0.12515116|-0.029049397
1510199223767|0.28419232|0.10721588|-1.2414622
1510199223883|-0.20404482|-0.18902302|-0.32363415
1510199223996|0.16560173|0.20880032|0.78954315
1510199224113|0.7613896|0.24371529|0.32203197
1510199224226|-0.3172803|-0.20810938|0.51094913
1510199224343|-0.15174806|-0.03888178|-0.37147808
1510199224457|0.0046043396|0.13713408|0.8446007
1510199224571|-0.19336355|0.055386066|-0.03989935
1510199224686|0.27844453|0.23417902|0.085243225
1510199224802|-0.04066515|-0.028649807|-6.456375E-4
1510199224917|-0.13627946|-0.09876728|0.24444056
1510199225032|0.051470637|-0.13883781|-0.05954504
1510199225146|0.16040194|-0.0023674965|0.07181072
1510199225262|-0.05039227|0.001856327|-0.08666515
1510199225377|0.13721693|0.08858776|0.028491497
1510199225494|-0.12890875|0.051870346|0.12315464
1510199225607|-0.040693045|-0.027990818|0.07963514
1510199225722|0.05299902|0.035903454|0.19316673
1510199225837|-0.0890373|-0.020483494|-0.19592094
1510199225952|0.040446997|0.0219388|0.09634256
1510199226066|-0.11603308|-0.05825472|-0.3078413
1510199226183|0.055848956|0.06624842|0.25958395
1510199226298|-0.28722513|-0.013616085|-0.33780336
1510199226412|-0.0876317|0.05253744|0.3895898
1510199226530|0.038920283|-0.14389849|-0.1824336
1510199226642|-0.11053026|0.021754742|0.32552004
1510199226757|0.022868276|-0.13156223|-0.078519344
1510199226878|0.06560612|-0.0074563026|0.16561127
1510199226987|-0.14978898|0.07947731|0.29321337
1510199227103|0.1822263|-0.11828995|-0.45539093
1510199227216|-0.08713865|0.012284279|-0.06545973
1510199227332|0.0713073|-0.044270992|-0.3705001
1510199227449|0.130144|0.011811733|1.320839E-4
1510199227563|-0.07309055|-0.033908367|-0.14637756
1510199227677|-0.04890871|0.080676556|0.047519684
1510199227793|0.09538007|-0.0795722|0.19946098
1510199227911|0.030094504|-0.06812143|-0.0012636185
1510199228028|-0.0979743|0.04953432|-0.04492712
1510199228136|-0.0017741919|-0.083357334|-0.042972088
1510199228253|-0.0402565|-0.01515913|0.036424637
1510199228367|0.054691076|-0.028273106|-0.020685196
1510199228484|-0.061020494|0.004834175|-0.06350136
1510199228597|-0.053498745|0.035826206|0.014061451
1510199228715|0.14406347|0.11268759|0.076673985
1510199228828|-0.0765872|-0.1023016|-0.28709173
1510199228942|-0.01694417|0.03865242|0.20674229
1510199229057|-0.026269555|0.006600857|0.100820065
1510199229173|-0.05206597|-0.01829958|-0.0720315
1510199229289|-0.04148543|0.08757353|0.30221033
1510199229404|0.029807448|-0.118002415|-0.12859964
1510199229518|-0.0175457|0.039373398|0.031951904
1510199229632|-0.111201644|-0.03540659|-0.18704271
1510199229747|0.040918708|0.025360584|0.03878975
1510199229864|0.12575436|0.10231352|-0.013365746
1510199229978|0.30170274|-0.084141254|0.11474514
1510199230093|0.024917424|0.071154594|-0.51067257
1510199230209|0.15930116|0.18273735|-0.248909
1510199230324|0.14612754|0.4779656|-0.052963257
1510199230439|0.23391794|-0.16749167|0.44851303
1510199230555|-0.093886405|-1.6349733|1.3432283
1510199230674|-0.012400739|0.116120815|-1.84587
1510199230787|-0.21757787|-0.010199547|1.0804176
1510199230901|0.25350046|-0.016763687|0.15347576
1510199231019|0.10616517|0.17428493|-0.2726469
1510199231131|-0.20766294|-0.2925787|0.31311607
1510199231244|0.68566513|-0.16888142|1.3245134
1510199231359|-0.75426495|-0.08535528|0.31726933
1510199231476|0.45370567|-0.19165325|-0.49285507
1510199231589|-0.1874572|0.018303394|0.356184
1510199231704|0.006541252|0.04174137|0.3387766
1510199231818|0.047052264|-0.109576225|-0.072649
1510199231935|0.19211459|-0.087406635|-0.12092686
1510199232048|-0.11565125|-0.011489868|0.28139687
1510199232164|-0.004985571|0.010378838|-0.31017017
1510199232278|-0.035322666|-0.019298077|0.73294544
1510199232393|0.110798955|-0.18166828|-0.26326275
1510199232510|-0.13620263|0.088517666|0.28919888
1510199232625|-0.16655123|0.19292498|-0.2131958
1510199232740|0.314874|-0.12242794|-0.3748865
1510199232854|-0.26541272|-0.08922291|0.13648987
1510199232971|0.06427428|0.06797552|-0.19235802
1510199233083|-0.15233016|0.10603857|0.22832489
1510199233199|0.028808929|0.038517475|0.24561691
1510199233315|0.07820374|-0.08478069|0.14546871
1510199233431|-0.038291372|-0.17126131|0.09928131
1510199233543|-0.25045758|-0.009198189|0.8187952
1510199233659|0.05023686|-0.037144184|0.20870781
1510199233775|-0.14454949|-0.072208405|0.048654556
1510199233888|-0.2020114|-0.10817289|0.29313564
1510199234003|0.18972605|0.057372093|0.39784527
1510199234118|-0.19589353|-0.17911148|0.03517294
1510199234235|0.12369645|-0.0066013336|0.12896872
1510199234350|0.1152395|0.01858139|0.64481163
1510199234465|-0.024007082|-0.036893845|-0.12315893
1510199234580|0.16567421|0.06806326|-0.08233023
1510199234694|-0.089725256|-0.050541878|-0.052912712
1510199234810|0.028169394|-0.02929926|-0.041727066
1510199234946|-0.04970646|0.016597271|0.061166763
1510199235040|0.033626556|-0.14240122|0.40472174
1510199235154|-0.0728398|0.02568674|0.2915678
1510199235279|0.011136293|0.092066765|0.63731575
1510199235386|0.07329613|0.034347057|-0.5076871
1510199235499|-0.08921248|-0.025362968|-0.21277189
1510199235630|0.12033743|-0.041312695|0.02341652
1510199235763|-0.13095039|-0.06380749|-0.15261412
1510199235845|0.09313375|0.05585766|-0.087533
1510199235964|-0.06386924|0.0754652|0.054365158
1510199236076|0.0053818226|0.03303194|-0.22267342
1510199236191|-0.06372839|0.022861004|0.25652313
1510199236305|-0.032164454|0.010516167|-0.14912796
1510199236420|-0.061328173|0.0919857|-0.010741234
1510199236536|0.024426281|0.06448269|0.015636444
1510199236652|0.040955245|-0.047245502|0.16633797
1510199236767|0.008533597|0.071094036|-0.24066734
1510199236880|0.14760852|-0.024772167|0.049746513
1510199236995|0.05654514|-0.066189766|-0.4557104
1510199237110|-0.009552091|-0.050669193|-0.19368172
1510199237224|-0.014068931|-0.009845734|0.07336235
1510199237340|-0.02632448|0.007373333|-0.06325054
1510199237457|0.11165613|-0.07284355|-0.32853413
1510199237569|-0.15142965|-0.0051379204|0.009939194
1510199237701|-0.019799411|0.07272577|-0.01686573
1510199237801|0.036453724|0.06722736|-0.18978977
1510199237916|-0.19744086|-0.06385136|-0.16188812
1510199238030|-0.015330434|-0.029358864|-0.029128075
1510199238145|-0.023195207|-0.060551167|0.07042217
1510199238261|0.022968054|1.296997E-4|-0.018817902
1510199238376|-0.02893436|-0.03535509|-0.12121773
1510199238491|0.031227052|-0.030449867|0.042528152
1510199238608|0.047012955|-0.0254817|0.031048775
1510199238720|0.007712722|-0.024739265|0.046182632
1510199238836|-0.008294642|0.08405876|0.28231907
1510199238950|0.10576904|-0.045244217|-0.23888683
1510199239067|0.004378259|-0.021276474|0.12572956
1510199239182|-0.0044302344|0.03442526|0.07880783
1510199239308|0.055163085|-0.02973795|-0.18148994
1510199239411|-0.04295224|0.10242367|0.10426903
1510199239525|-0.054879725|0.14804316|0.058163643
1510199239642|-0.19959068|0.52580166|-0.5224571
1510199239757|-0.6662523|0.5812228|-0.8644695
1510199239870|0.927362|-0.84052706|1.151329
1510199239988|-0.23560667|0.16310978|-0.5164633
1510199240101|0.094370484|0.03680849|0.40380192
1510199240220|0.079262495|0.04038596|-0.1288147
