1510206252271|442
1510206252425|452
1510206252578|416
1510206252734|439
1510206252885|449
1510206253040|458
1510206253177|466
1510206253327|488
1510206253482|510
1510206253628|505
1510206253768|498
1510206253917|445
1510206254056|535
1510206254209|635
1510206254363|548
1510206254507|506
1510206254588|494
1510206254726|461
1510206254869|449
1510206255014|424
1510206255148|420
1510206255294|441
1510206255381|448
1510206255532|470
1510206255688|496
1510206255838|514
1510206255981|503
1510206256127|506
1510206256268|492
1510206256415|448
1510206256561|440
1510206256644|435
1510206256789|422
1510206256944|358
1510206257026|353
1510206257161|358
1510206257299|377
1510206257445|417
1510206257582|430
1510206257738|433
1510206257886|440
1510206258042|426
1510206258189|427
1510206258343|417
1510206258484|408
1510206258627|410
1510206258709|411
1510206258866|414
1510206259020|410
1510206259175|420
1510206259312|426
1510206259463|428
1510206259615|432
1510206259767|437
1510206259910|441
1510206260053|459
1510206260211|466
1510206260363|457
1510206260509|445
1510206260651|432
1510206260806|401
1510206260948|404
1510206261030|403
1510206261188|400
1510206261339|398
1510206261493|396
1510206261639|398
1510206261781|397
1510206261940|404
1510206262088|422
1510206262242|443
1510206262378|443
1510206262528|453
1510206262682|472
1510206262817|476
1510206262960|499
1510206263103|503
1510206263242|504
1510206263383|509
1510206263468|519
1510206263621|530
1510206263778|498
1510206263910|486
1510206264064|457
1510206264216|409
1510206264350|392
1510206264494|382
1510206264629|330
1510206264792|231
1510206264942|214
1510206265093|236
1510206265241|278
1510206265386|335
1510206265538|308
1510206265691|313
1510206265830|335
1510206265973|313
1510206266110|332
1510206266268|323
1510206266421|337
1510206266573|395
1510206266727|420
1510206266874|429
1510206267015|435
1510206267169|454
1510206267310|482
1510206267456|510
1510206267608|511
1510206267762|542
1510206267910|596
1510206268068|640
1510206268222|621
1510206268377|601
1510206268529|570
1510206268683|571
1510206268831|539
1510206268990|501
1510206269143|494
1510206269293|480
1510206269429|449
1510206269585|450
1510206269730|445
1510206269814|462
1510206269967|495
1510206270112|472
1510206270254|472
1510206270408|461
1510206270563|458
1510206270696|458
1510206270840|461
1510206270983|460
1510206271121|457
1510206271263|453
1510206271422|452
1510206271557|452
1510206271710|453
1510206271865|454
1510206272018|453
1510206272161|455
1510206272306|455
1510206272440|457
1510206272586|458
1510206272671|461
1510206272823|465
1510206272957|472
1510206273110|474
1510206273265|477
1510206273418|489
1510206273571|504
1510206273712|509
1510206273855|490
1510206274013|470
1510206274165|470
1510206274313|473
1510206274452|500
1510206274605|515
1510206274751|529
1510206274834|534
1510206274992|534
1510206275144|592
1510206275290|620
1510206275375|639
1510206275508|663
1510206275652|691
1510206275739|698
1510206275890|687
1510206276041|685
1510206276181|676
1510206276331|678
1510206276485|681
1510206276619|668
1510206276762|655
1510206276906|642
1510206277041|608
1510206277186|583
1510206277272|583
1510206277426|563
1510206277580|548
1510206277730|550
1510206277884|539
1510206278031|490
1510206278112|467
1510206278270|440
1510206278422|427
1510206278556|429
1510206278710|217
1510206278864|57
1510206279018|19
1510206279170|16
1510206279315|18
1510206279457|20
1510206279542|18
1510206279686|19
1510206279771|19
1510206279913|24
1510206280072|27
1510206280228|21
1510206280311|20
1510206280456|20
1510206280607|18
1510206280754|19
1510206280888|20
1510206280972|20
1510206281108|21
1510206281259|23
1510206281414|24
1510206281573|24
1510206281705|23
