1509515804658|0.06703765|1.2162545|9.615114
1509515804788|0.06703765|1.2162545|9.643845
1509515804920|0.047884032|1.2162545|9.634268
1509515805053|0.06703765|1.2162545|9.653421
1509515805185|0.06703765|1.2162545|9.653421
1509515805317|0.047884032|1.2162545|9.653421
1509515805450|0.06703765|1.2162545|9.653421
1509515805581|0.06703765|1.2066777|9.643845
1509515805712|0.05746084|1.2258313|9.643845
1509515805845|0.05746084|1.2258313|9.634268
1509515805977|0.047884032|1.2162545|9.653421
1509515806108|0.047884032|1.2066777|9.653421
1509515806241|0.047884032|1.2066777|9.653421
1509515806372|0.047884032|1.2066777|9.653421
1509515806505|0.047884032|1.2066777|9.653421
1509515806637|0.047884032|1.2066777|9.653421
1509515806770|0.047884032|1.2066777|9.653421
1509515806902|0.047884032|1.2066777|9.653421
1509515807031|0.047884032|1.2066777|9.653421
1509515807165|0.02873042|1.2354081|9.672575
1509515807295|0.047884032|1.2162545|9.643845
1509515807428|0.06703765|1.2162545|9.643845
1509515807561|0.05746084|1.2162545|9.643845
1509515807693|0.05746084|1.2162545|9.643845
1509515807825|0.038307227|1.2354081|9.662998
1509515807957|0.038307227|1.2258313|9.653421
1509515808088|0.05746084|1.2066777|9.634268
1509515808220|0.05746084|1.2258313|9.653421
1509515808353|0.05746084|1.2162545|9.643845
1509515808485|0.047884032|1.2162545|9.643845
1509515808617|0.06703765|1.2162545|9.643845
1509515808749|0.05746084|1.2162545|9.643845
1509515808881|0.05746084|1.2162545|9.643845
1509515809013|0.05746084|1.2162545|9.643845
1509515809145|0.05746084|1.2162545|9.634268
1509515809277|0.05746084|1.2162545|9.662998
1509515809408|0.05746084|1.2162545|9.653421
1509515809540|0.05746084|1.2066777|9.653421
1509515809680|0.05746084|1.2258313|9.653421
1509515809804|0.05746084|1.2258313|9.653421
1509515809936|0.05746084|1.2162545|9.653421
1509515810071|0.05746084|1.2162545|9.653421
1509515810201|0.05746084|1.2066777|9.634268
1509515810332|0.05746084|1.2258313|9.653421
1509515810465|0.05746084|1.2162545|9.653421
1509515810596|0.05746084|1.2066777|9.653421
1509515810729|0.05746084|1.2066777|9.653421
1509515810861|0.02873042|1.2258313|9.653421
1509515810992|0.02873042|1.2449849|9.672575
1509515811124|0.02873042|1.2449849|9.672575
1509515811257|0.02873042|1.2354081|9.672575
1509515811388|0.047884032|1.2258313|9.643845
1509515811520|0.047884032|1.1971009|9.643845
1509515811653|0.047884032|1.2162545|9.643845
1509515811784|0.047884032|1.2162545|9.643845
1509515811917|0.047884032|1.2162545|9.643845
1509515812048|0.06703765|1.1971009|9.643845
1509515812180|0.05746084|1.2162545|9.643845
1509515812313|0.05746084|1.2066777|9.643845
1509515812445|0.05746084|1.2258313|9.643845
1509515812576|0.05746084|1.2258313|9.643845
1509515812709|0.05746084|1.2066777|9.643845
1509515812841|0.047884032|1.2066777|9.643845
1509515812973|0.047884032|1.2066777|9.643845
1509515813104|0.047884032|1.1971009|9.643845
1509515813236|0.047884032|1.2354081|9.662998
1509515813369|0.05746084|1.2066777|9.634268
1509515813503|0.05746084|1.2066777|9.653421
1509515813633|0.02873042|1.2258313|9.653421
1509515813765|0.047884032|1.2162545|9.643845
1509515813897|0.06703765|1.2162545|9.643845
1509515814029|0.06703765|1.1971009|9.643845
1509515814162|0.06703765|1.2162545|9.643845
1509515814295|0.05746084|1.2162545|9.643845
1509515814425|0.05746084|1.2162545|9.643845
1509515814557|0.05746084|1.2162545|9.643845
1509515814688|0.05746084|1.2162545|9.643845
1509515814821|0.05746084|1.2162545|9.634268
1509515814952|0.05746084|1.2162545|9.634268
1509515815085|0.05746084|1.2162545|9.653421
1509515815215|0.05746084|1.2162545|9.653421
1509515815347|0.05746084|1.2162545|9.653421
1509515815480|0.038307227|1.2258313|9.653421
1509515815613|0.02873042|1.2449849|9.653421
1509515815744|0.02873042|1.2449849|9.672575
1509515815876|0.02873042|1.2449849|9.672575
1509515816007|0.047884032|1.2258313|9.672575
1509515816139|0.047884032|1.2066777|9.662998
1509515816271|0.047884032|1.2258313|9.653421
1509515816404|0.047884032|1.2258313|9.653421
1509515816535|0.047884032|1.2258313|9.653421
1509515816668|0.047884032|1.2162545|9.653421
1509515816800|0.047884032|1.2162545|9.653421
1509515816932|0.047884032|1.2162545|9.653421
1509515817064|0.047884032|1.2162545|9.653421
1509515817196|0.06703765|1.2162545|9.653421
1509515817328|0.06703765|1.2162545|9.653421
1509515817460|0.05746084|1.2162545|9.653421
1509515817592|0.05746084|1.2066777|9.653421
1509515817724|0.05746084|1.2258313|9.653421
1509515817857|0.05746084|1.2162545|9.643845
1509515817988|0.05746084|1.2162545|9.643845
1509515818130|0.05746084|1.2162545|9.643845
1509515818252|0.05746084|1.2162545|9.643845
1509515818386|0.05746084|1.2162545|9.643845
1509515818516|0.05746084|1.2066777|9.643845
1509515818649|0.05746084|1.2066777|9.643845
1509515818781|0.047884032|1.2258313|9.662998
1509515818913|0.047884032|1.2162545|9.662998
1509515819044|0.06703765|1.1971009|9.643845
1509515819177|0.06703765|1.1971009|9.643845
1509515819308|0.06703765|1.2162545|9.643845
1509515819440|0.06703765|1.1971009|9.643845
1509515819573|0.05746084|1.2162545|9.662998
1509515819704|0.02873042|1.2354081|9.662998
1509515819837|0.047884032|1.2258313|9.653421
1509515819970|0.047884032|1.2449849|9.672575
1509515820100|0.038307227|1.2354081|9.672575
1509515820232|0.038307227|1.2258313|9.672575
1509515820366|0.038307227|1.2449849|9.672575
1509515820497|0.05746084|1.2066777|9.643845
1509515820628|0.05746084|1.2066777|9.643845
1509515820761|0.05746084|1.2066777|9.643845
1509515820893|0.05746084|1.2066777|9.643845
1509515821025|0.038307227|1.2258313|9.662998
1509515821160|0.038307227|1.2449849|9.653421
1509515821289|0.05746084|1.2066777|9.643845
1509515821422|0.05746084|1.2066777|9.643845
1509515821553|0.038307227|1.2162545|9.662998
1509515821685|0.02873042|1.2354081|9.662998
1509515821825|0.02873042|1.2354081|9.662998
1509515821948|0.047884032|1.2354081|9.662998
1509515822082|0.047884032|1.2258313|9.662998
1509515822213|0.047884032|1.2258313|9.662998
1509515822347|0.047884032|1.2162545|9.662998
1509515822476|0.047884032|1.2162545|9.643845
1509515822608|0.047884032|1.2162545|9.662998
1509515822740|0.047884032|1.2354081|9.662998
1509515822873|0.047884032|1.2354081|9.662998
1509515823005|0.06703765|1.2162545|9.634268
1509515823137|0.05746084|1.2162545|9.634268
1509515823270|0.05746084|1.1971009|9.634268
1509515823401|0.05746084|1.1971009|9.634268
1509515823532|0.05746084|1.1971009|9.634268
1509515823664|0.05746084|1.2162545|9.634268
1509515823797|0.05746084|1.1971009|9.653421
1509515823929|0.05746084|1.1971009|9.643845
1509515824061|0.05746084|1.2162545|9.643845
1509515824192|0.047884032|1.2162545|9.643845
1509515824325|0.047884032|1.2162545|9.643845
1509515824456|0.038307227|1.2258313|9.643845
1509515824589|0.038307227|1.2449849|9.662998
1509515824721|0.038307227|1.2354081|9.662998
1509515824853|0.038307227|1.2354081|9.662998
1509515824985|0.038307227|1.2162545|9.662998
1509515825117|0.05746084|1.2066777|9.643845
1509515825250|0.05746084|1.1971009|9.643845
1509515825380|0.05746084|1.1971009|9.643845
1509515825513|0.05746084|1.1971009|9.643845
1509515825645|0.05746084|1.1971009|9.643845
1509515825776|0.047884032|1.2162545|9.643845
1509515825908|0.038307227|1.2258313|9.662998
1509515826040|0.038307227|1.2449849|9.662998
1509515826173|0.038307227|1.2354081|9.662998
1509515826305|0.038307227|1.2354081|9.662998
1509515826436|0.05746084|1.2162545|9.643845
1509515826568|0.05746084|1.2066777|9.643845
1509515826701|0.047884032|1.2066777|9.643845
1509515826840|0.047884032|1.2066777|9.634268
1509515826964|0.047884032|1.2066777|9.653421
1509515827097|0.06703765|1.2066777|9.634268
1509515827230|0.06703765|1.2066777|9.634268
1509515827360|0.06703765|1.2066777|9.634268
1509515827492|0.06703765|1.2066777|9.634268
1509515827625|0.06703765|1.2066777|9.653421
1509515827757|0.06703765|1.2066777|9.643845
1509515827888|0.06703765|1.1971009|9.643845
1509515828021|0.06703765|1.1971009|9.643845
