1509547851469|9.32781|0.009576807|3.2465374
1509547851604|9.32781|0.0|3.265691
1509547851737|9.32781|0.0|3.2465374
1509547851871|9.32781|0.0|3.2465374
1509547852004|9.3182335|0.0|3.2465374
1509547852129|9.3182335|0.0|3.2465374
1509547852261|9.3182335|0.0|3.2465374
1509547852394|9.337387|0.0|3.2465374
1509547852526|9.32781|0.0|3.2465374
1509547852657|9.32781|0.0|3.2465374
1509547852789|9.32781|0.0|3.2465374
1509547852921|9.32781|0.0|3.2465374
1509547853054|9.3182335|0.0|3.2465374
1509547853191|9.3182335|0.0|3.2465374
1509547853322|9.337387|-0.009576807|3.2465374
1509547853454|9.337387|-0.009576807|3.2369606
1509547853583|9.337387|0.009576807|3.2561142
1509547853721|9.3182335|0.0|3.2561142
1509547853846|9.3182335|0.0|3.2561142
1509547853977|9.3182335|0.0|3.2561142
1509547854110|9.3182335|-0.009576807|3.2561142
1509547854241|9.3182335|0.009576807|3.2561142
1509547854373|9.337387|-0.009576807|3.2465374
1509547854505|9.32781|0.009576807|3.2465374
1509547854639|9.32781|-0.009576807|3.265691
1509547854773|9.299079|0.019153614|3.2848446
1509547854903|9.299079|0.019153614|3.2752678
1509547855039|9.3182335|0.019153614|3.2752678
1509547855172|9.308656|0.0|3.2561142
1509547855304|9.32781|0.0|3.2465374
1509547855433|9.32781|0.0|3.2465374
1509547855561|9.32781|0.0|3.2465374
1509547855693|9.32781|0.0|3.2465374
1509547855825|9.32781|-0.019153614|3.2465374
1509547855957|9.3182335|0.0|3.2465374
1509547856089|9.3182335|0.0|3.2369606
1509547856221|9.3182335|0.0|3.2561142
1509547856354|9.3182335|0.0|3.2465374
1509547856488|9.3182335|0.0|3.2465374
1509547856621|9.3182335|0.0|3.265691
1509547856753|9.3182335|0.0|3.2561142
1509547856889|9.3182335|0.0|3.2561142
1509547857022|9.3182335|0.0|3.2465374
1509547857146|9.3182335|0.0|3.2465374
1509547857277|9.337387|0.0|3.2465374
1509547857409|9.337387|0.0|3.2465374
1509547857541|9.337387|0.0|3.2465374
1509547857673|9.337387|0.0|3.2465374
1509547857806|9.337387|0.0|3.2465374
1509547857939|9.3182335|0.0|3.2465374
1509547858072|9.337387|0.0|3.2369606
1509547858204|9.337387|-0.009576807|3.2369606
1509547858339|9.337387|-0.009576807|3.2369606
1509547858473|9.337387|-0.009576807|3.2369606
1509547858605|9.337387|-0.009576807|3.2369606
1509547858733|9.3182335|-0.009576807|3.2369606
1509547858861|9.337387|-0.019153614|3.2369606
1509547858994|9.337387|0.0|3.2369606
1509547859126|9.337387|0.0|3.2369606
1509547859257|9.337387|0.0|3.2561142
1509547859389|9.337387|0.0|3.2369606
1509547859522|9.337387|0.0|3.2273839
1509547859653|9.32781|0.0|3.2465374
1509547859788|9.3182335|0.0|3.2465374
1509547859923|9.3182335|0.0|3.2465374
1509547860056|9.337387|-0.019153614|3.2465374
1509547860183|9.337387|0.0|3.2465374
1509547860322|9.337387|0.0|3.2465374
1509547860445|9.337387|0.0|3.2465374
1509547860577|9.337387|0.0|3.2465374
1509547860709|9.337387|0.0|3.2465374
1509547860841|9.337387|0.0|3.2465374
1509547860973|9.337387|0.0|3.2465374
1509547861106|9.337387|0.0|3.2465374
1509547861237|9.337387|0.0|3.2465374
1509547861372|9.32781|0.0|3.2465374
1509547861501|9.299079|0.019153614|3.2752678
1509547861634|9.299079|0.019153614|3.265691
1509547861773|9.299079|0.019153614|3.265691
1509547861905|9.299079|0.019153614|3.2848446
1509547862038|9.3182335|0.019153614|3.2752678
1509547862161|9.299079|0.019153614|3.2752678
1509547862294|9.299079|0.019153614|3.2752678
1509547862426|9.299079|0.019153614|3.2752678
1509547862557|9.3182335|0.019153614|3.2752678
1509547862689|9.3182335|0.009576807|3.2752678
1509547862821|9.3182335|0.009576807|3.2752678
1509547862953|9.308656|0.0|3.265691
1509547863089|9.308656|0.019153614|3.2848446
1509547863223|9.308656|0.019153614|3.265691
1509547863353|9.32781|-0.019153614|3.2273839
1509547863483|9.32781|0.0|3.2465374
1509547863623|9.32781|0.0|3.2465374
1509547863748|9.32781|0.0|3.2465374
1509547863878|9.32781|0.0|3.2369606
1509547864009|9.32781|0.0|3.2369606
1509547864141|9.32781|0.0|3.2561142
1509547864273|9.32781|0.0|3.2465374
1509547864406|9.3182335|0.0|3.2369606
1509547864539|9.337387|0.0|3.2369606
1509547864673|9.32781|0.0|3.2561142
1509547864801|9.32781|0.0|3.2561142
1509547864939|9.32781|0.0|3.2561142
1509547865072|9.32781|0.0|3.2561142
1509547865203|9.32781|0.0|3.2561142
1509547865331|9.32781|0.0|3.2561142
1509547865461|9.32781|0.0|3.2561142
1509547865593|9.32781|0.0|3.2465374
1509547865725|9.32781|0.0|3.2465374
1509547865857|9.32781|0.0|3.265691
1509547865989|9.32781|0.0|3.2561142
1509547866121|9.32781|0.0|3.2561142
1509547866253|9.32781|0.0|3.2561142
1509547866389|9.3182335|-0.009576807|3.2561142
1509547866517|9.3182335|-0.009576807|3.2465374
1509547866653|9.3182335|0.009576807|3.2465374
1509547866789|9.3182335|0.0|3.2465374
1509547866922|9.3182335|-0.009576807|3.2465374
1509547867045|9.3182335|0.009576807|3.2465374
1509547867177|9.308656|0.019153614|3.2752678
1509547867309|9.32781|0.0|3.2561142
1509547867441|9.32781|0.0|3.2561142
1509547867573|9.32781|0.0|3.2561142
1509547867706|9.3182335|0.0|3.2561142
1509547867844|9.3182335|0.0|3.2561142
1509547867969|9.299079|0.019153614|3.2752678
1509547868103|9.299079|0.019153614|3.2944214
1509547868239|9.299079|0.009576807|3.2944214
1509547868372|9.299079|0.02873042|3.2944214
1509547868506|9.289502|0.019153614|3.2944214
1509547868629|9.308656|0.009576807|3.2944214
1509547868762|9.308656|0.009576807|3.2944214
1509547868893|9.308656|0.009576807|3.2848446
1509547869025|9.308656|0.009576807|3.2848446
1509547869157|9.32781|0.009576807|3.2561142
1509547869289|9.32781|-0.009576807|3.2561142
1509547869421|9.32781|0.009576807|3.2369606
1509547869553|9.3182335|0.0|3.2369606
1509547869688|9.3182335|-0.009576807|3.2561142
1509547869823|9.3182335|0.009576807|3.2561142
1509547869953|9.337387|0.0|3.2369606
1509547870087|9.32781|-0.019153614|3.2369606
1509547870213|9.32781|0.0|3.2369606
1509547870345|9.32781|0.0|3.2561142
1509547870477|9.32781|0.0|3.2561142
1509547870609|9.32781|0.0|3.2561142
1509547870741|9.32781|0.0|3.2465374
1509547870873|9.32781|0.0|3.2465374
1509547871005|9.3182335|0.0|3.2752678
1509547871139|9.3182335|0.0|3.265691
1509547871273|9.337387|0.0|3.2561142
1509547871403|9.32781|0.0|3.2561142
1509547871533|9.32781|0.0|3.2561142
1509547871672|9.32781|0.0|3.2561142
1509547871805|9.32781|0.0|3.2561142
1509547871929|9.32781|0.0|3.2561142
1509547872061|9.32781|0.0|3.2561142
1509547872194|9.32781|0.0|3.2369606
1509547872325|9.32781|0.0|3.2369606
1509547872464|9.32781|0.0|3.2273839
1509547872589|9.32781|0.0|3.2465374
1509547872721|9.32781|0.0|3.2369606
1509547872853|9.32781|0.0|3.2369606
1509547872989|9.32781|-0.009576807|3.2369606
1509547873122|9.32781|-0.009576807|3.2369606
1509547873253|9.32781|-0.009576807|3.2561142
1509547873389|9.32781|-0.009576807|3.2561142
1509547873522|9.32781|0.009576807|3.2561142
1509547873646|9.32781|-0.009576807|3.2561142
1509547873777|9.32781|-0.009576807|3.2561142
1509547873909|9.32781|-0.009576807|3.2369606
1509547874041|9.32781|-0.009576807|3.2369606
1509547874173|9.32781|-0.009576807|3.2561142
1509547874306|9.32781|-0.009576807|3.2561142
1509547874442|9.32781|0.009576807|3.2465374
1509547874573|9.32781|0.0|3.2465374
1509547874703|9.32781|0.0|3.2465374
1509547874840|9.32781|0.0|3.2465374
1509547874973|9.32781|-0.009576807|3.2369606
1509547875106|9.32781|-0.009576807|3.2561142
1509547875229|9.32781|-0.009576807|3.2561142
1509547875361|9.32781|-0.009576807|3.2369606
1509547875493|9.3182335|-0.009576807|3.2561142
1509547875625|9.3182335|0.009576807|3.2752678
1509547875757|9.3182335|0.009576807|3.2752678
1509547875889|9.3182335|0.009576807|3.2752678
1509547876023|9.3182335|0.009576807|3.2752678
1509547876153|9.3182335|-0.009576807|3.2465374
1509547876289|9.3182335|-0.009576807|3.2465374
1509547876423|9.337387|-0.009576807|3.2465374
1509547876555|9.337387|-0.009576807|3.2465374
1509547876684|9.32781|-0.009576807|3.2465374
1509547876822|9.3182335|-0.009576807|3.265691
1509547876946|9.337387|-0.009576807|3.2561142
1509547877077|9.337387|-0.009576807|3.2561142
1509547877209|9.32781|0.009576807|3.2369606
1509547877341|9.32781|0.0|3.2561142
1509547877473|9.32781|0.0|3.2561142
1509547877606|9.32781|0.0|3.2561142
1509547877737|9.32781|0.0|3.2465374
1509547877873|9.32781|0.0|3.2465374
1509547878003|9.346964|0.0|3.2369606
1509547878139|9.337387|0.0|3.2369606
1509547878272|9.3182335|0.0|3.2561142
1509547878404|9.337387|0.0|3.2561142
1509547878529|9.337387|0.0|3.2561142
1509547878661|9.337387|0.0|3.2561142
1509547878793|9.337387|-0.009576807|3.2369606
1509547878926|9.337387|-0.009576807|3.2273839
1509547879057|9.337387|-0.009576807|3.2273839
1509547879189|9.32781|-0.009576807|3.2465374
1509547879322|9.32781|-0.009576807|3.2465374
1509547879453|9.32781|-0.009576807|3.2465374
1509547879589|9.32781|-0.009576807|3.2465374
1509547879723|9.32781|-0.009576807|3.2465374
1509547879853|9.32781|-0.009576807|3.2465374
1509547879990|9.32781|-0.009576807|3.2465374
1509547880113|9.32781|-0.009576807|3.2465374
1509547880246|9.32781|-0.009576807|3.2465374
1509547880377|9.3182335|-0.009576807|3.2273839
1509547880510|9.337387|-0.009576807|3.2465374
1509547880642|9.337387|-0.009576807|3.2465374
1509547880773|9.337387|-0.019153614|3.2465374
1509547880905|9.337387|-0.019153614|3.2369606
1509547881039|9.337387|0.0|3.2369606
1509547881173|9.337387|0.0|3.2273839
1509547881303|9.337387|-0.009576807|3.2273839
1509547881434|9.337387|-0.009576807|3.2465374
1509547881570|9.337387|-0.009576807|3.2465374
1509547881704|9.337387|-0.009576807|3.2465374
1509547881829|9.337387|-0.009576807|3.2465374
1509547881961|9.3182335|-0.009576807|3.2465374
1509547882093|9.3182335|0.009576807|3.2465374
1509547882225|9.3182335|0.009576807|3.2465374
1509547882357|9.3182335|-0.009576807|3.2465374
1509547882489|9.3182335|-0.009576807|3.2369606
1509547882623|9.3182335|0.009576807|3.2561142
1509547882756|9.337387|0.0|3.2561142
1509547882886|9.337387|0.0|3.2561142
