1509423970333|1023.21344
1509423970463|1023.21344
1509423970600|1023.232
1509423970732|1023.22784
1509423970865|1023.23456
1509423970998|1023.23627
1509423971133|1023.2308
1509423971264|1023.22906
1509423971398|1023.23285
1509423971531|1023.2325
1509423971664|1023.2359
1509423971800|1023.2325
1509423971931|1023.23663
1509423972067|1023.23663
1509423972198|1023.2552
1509423972331|1023.2502
1509423972464|1023.25275
1509423972598|1023.2476
1509423972732|1023.2443
1509423972874|1023.2536
1509423972998|1023.2502
1509423973133|1023.2485
1509423973266|1023.2502
1509423973399|1023.24005
1509423973540|1023.24005
1509423973665|1023.2476
1509423973798|1023.2442
1509423973933|1023.2391
1509423974065|1023.2341
1509423974198|1023.242
1509423974334|1023.23016
1509423974465|1023.22845
1509423974602|1023.22845
1509423974742|1023.2331
1509423974873|1023.2315
1509423974999|1023.2315
1509423975133|1023.2315
1509423975266|1023.2331
1509423975400|1023.23895
1509423975533|1023.2365
1509423975666|1023.24066
1509423975801|1023.23895
1509423975937|1023.24066
1509423976077|1023.23895
1509423976199|1023.23395
1509423976333|1023.2398
1509423976466|1023.242
1509423976602|1023.242
1509423976732|1023.23175
1509423976867|1023.22626
1509423976999|1023.23175
1509423977147|1023.23126
1509423977268|1023.2369
1509423977399|1023.23517
1509423977532|1023.22675
1509423977666|1023.2149
1509423977799|1023.211
1509423977932|1023.22504
1509423978065|1023.22504
1509423978199|1023.22626
1509423978332|1023.22626
1509423978466|1023.2221
1509423978599|1023.2305
1509423978732|1023.2399
1509423978866|1023.23773
1509423979001|1023.23773
1509423979133|1023.24286
1509423979265|1023.24786
1509423979399|1023.2454
