1510199324691|-1.0551453|-46.718216|-15.923691
1510199324792|-1.4030457|-47.027206|-16.843414
1510199324891|-1.1398315|-47.117996|-19.241714
1510199325042|-2.363205|-47.56317|-23.52066
1510199325195|-3.0254364|-47.846985|-24.641418
1510199325345|1.0707855|-50.21591|-26.12381
1510199325445|3.0387878|-52.110672|-24.263763
1510199325542|4.1908264|-53.042984|-21.652603
1510199325701|6.250763|-53.408813|-21.529007
1510199325791|6.8668365|-52.402496|-28.027344
1510199325891|6.3049316|-52.61612|-29.994583
1510199326041|6.972122|-52.498245|-30.685806
1510199326191|7.805252|-51.896286|-31.572342
1510199326341|8.8974|-52.012634|-28.172684
1510199326442|8.550644|-53.321075|-26.578903
1510199326541|8.571625|-53.606033|-25.972366
1510199326691|8.019257|-53.95851|-25.082779
1510199326791|7.6343536|-53.752518|-24.485397
1510199326890|7.339859|-53.94821|-24.71695
1510199327041|7.0358276|-53.57628|-25.417328
1510199327190|7.566452|-53.88794|-24.495697
1510199327340|6.46286|-54.83513|-23.562622
1510199327440|6.6410065|-53.905106|-24.0345
1510199327541|6.781006|-53.881836|-23.70224
1510199327696|7.040024|-53.97644|-23.347092
1510199327790|6.682205|-54.32129|-22.92099
1510199327896|6.9278717|-54.776382|-22.30568
1510199328043|7.2940826|-55.384827|-21.502686
1510199328191|6.9984436|-55.13878|-22.07756
1510199328342|8.136368|-54.530716|-21.818161
1510199328444|7.238388|-53.424072|-21.660995
1510199328541|6.3598633|-53.298187|-22.682953
1510199328691|3.5305023|-53.401184|-25.037766
1510199328791|0.38909912|-52.692413|-25.278091
1510199328890|-1.6963959|-52.265167|-25.414276
1510199328992|-3.9432526|-51.846313|-26.316833
1510199329141|-8.010864|-50.901413|-30.632019
1510199329241|-7.8510284|-50.284576|-31.9973
1510199329343|-7.036209|-49.975204|-34.26895
1510199329491|-7.2055817|-49.752426|-35.277176
1510199329591|-7.1811676|-49.90158|-34.697342
1510199329743|-4.1072845|-51.77231|-31.613922
1510199329842|-1.5541077|-53.209686|-30.111313
1510199329993|-1.6593933|-53.151703|-31.808472
1510199330141|-3.817749|-53.552246|-31.893158
1510199330252|-4.4311523|-53.956604|-30.226517
1510199330340|-5.6720734|-53.210068|-30.721283
1510199330491|-6.027603|-52.21672|-32.12204
1510199330591|-6.5475464|-52.296066|-31.388474
1510199330741|-6.35643|-52.149963|-30.719376
1510199330840|-6.1481476|-52.329254|-30.493927
1510199330990|-6.1157227|-52.041245|-30.290985
1510199331139|-5.590439|-50.648117|-30.391693
1510199331240|-5.60112|-50.762177|-30.290222
1510199331340|-5.5835724|-50.71106|-30.791855
1510199331491|-5.093384|-50.877|-30.868149
1510199331590|-4.647064|-52.06299|-31.302643
1510199331740|-4.6798706|-52.378082|-32.70607
1510199331840|-4.8194885|-52.067947|-33.416748
1510199331990|-4.883194|-51.913452|-33.45871
1510199332140|-5.3863525|-51.467514|-33.311462
1510199332241|-5.283737|-51.729202|-33.118057
1510199332342|-5.6396484|-51.568985|-32.915497
1510199332490|-5.444336|-51.371384|-32.719803
1510199332593|-4.2980194|-51.558304|-32.276154
1510199332740|-2.0599365|-52.287674|-30.125046
1510199332840|-1.9065857|-54.164886|-24.707794
1510199332993|-3.4999847|-55.014038|-22.880173
1510199333140|-7.9982758|-56.24237|-22.671127
1510199333239|-8.44574|-56.306458|-21.920395
1510199333340|-8.488083|-55.823517|-20.93544
1510199333490|-8.4423065|-55.553055|-20.449448
1510199333589|-8.473206|-55.143738|-20.55397
1510199333740|-8.279419|-55.11856|-20.85762
1510199333839|-8.282471|-55.551147|-20.796585
1510199333989|-8.063507|-55.659485|-20.688248
1510199334139|-7.7724457|-56.090927|-19.78798
1510199334240|-7.520294|-56.58722|-18.6203
1510199334341|-6.4170837|-56.2706|-17.235184
1510199334490|-6.1691284|-55.641937|-19.011307
1510199334589|-6.4460754|-55.485153|-20.245743
1510199334739|-7.258606|-55.369568|-20.158005
1510199334841|-7.5813293|-55.55153|-19.84291
1510199334990|-7.338333|-55.395508|-19.203186
1510199335139|-7.035446|-55.42717|-18.774796
1510199335238|-7.1308136|-55.728912|-18.743896
1510199335340|-6.912613|-55.61142|-19.278717
1510199335488|-6.255722|-55.242157|-20.917892
1510199335589|-6.1553955|-55.403137|-20.947266
1510199335738|-6.134033|-55.365753|-20.256042
1510199335838|-5.9295654|-55.358124|-19.709396
1510199335988|-5.4374695|-55.179214|-18.873978
1510199336139|-5.352783|-54.9057|-18.519974
1510199336239|-6.124878|-54.9263|-18.59436
1510199336340|-5.817795|-55.18799|-18.709183
1510199336489|-4.8137665|-55.74951|-19.883347
1510199336588|-4.586792|-55.79834|-19.661331
1510199336740|-4.6653748|-55.552673|-19.156265
1510199336889|-5.2375793|-55.34172|-18.99147
1510199336989|-5.250168|-55.60913|-19.107437
1510199337088|-5.2093506|-56.057358|-18.71872
1510199337239|-4.446411|-55.918884|-17.728043
1510199337338|-4.031372|-55.69687|-17.265701
1510199337488|-3.7143707|-56.75888|-16.235733
1510199337589|-3.604889|-58.12874|-14.939499
1510199337738|-3.5728455|-58.395386|-14.39743
1510199337888|-3.6922455|-57.68013|-15.564728
1510199337988|-4.091263|-57.22847|-17.27295
1510199338091|-5.1380157|-57.266235|-18.027115
1510199338240|-5.0251007|-57.308197|-16.96434
1510199338339|-4.510498|-56.634903|-18.150711
1510199338488|-4.685974|-56.011963|-18.80951
1510199338588|-5.0201416|-56.34346|-17.76619
1510199338738|-5.035782|-56.077576|-18.005753
1510199338888|-4.055023|-56.3118|-16.989899
1510199338989|-3.779602|-56.913376|-15.853119
1510199339089|-3.9772034|-57.65381|-14.981842
1510199339237|-4.273987|-58.314514|-15.2973175
1510199339337|-3.9783478|-58.106613|-15.90271
1510199339487|-3.610611|-57.182312|-17.778778
1510199339588|-4.0218353|-56.545258|-19.24591
1510199339739|-4.505539|-56.060028|-19.052887
1510199339888|-5.1410675|-55.42221|-18.515778
1510199339988|-5.0800323|-56.33087|-17.848206
1510199340088|-4.361725|-57.23381|-15.52887
1510199340238|-4.187393|-56.390762|-15.325928
1510199340337|-4.5402527|-56.03447|-16.137695
1510199340488|-3.5972595|-57.314682|-14.7686
1510199340588|-2.6920319|-57.38449|-15.71579
1510199340737|-2.6317596|-57.1846|-16.740417
1510199340888|-2.917862|-56.59523|-17.55333
1510199340988|-2.817154|-56.53305|-17.70897
1510199341089|-1.9542694|-56.36673|-18.749237
1510199341238|-1.5331268|-56.467438|-18.947601
1510199341339|-1.7284393|-56.50978|-19.263458
1510199341490|-0.8495331|-57.404327|-19.159698
1510199341586|-0.79460144|-57.86133|-18.453217
1510199341737|-0.6916046|-57.678223|-18.323135
1510199341888|-1.0513306|-57.291412|-18.576431
1510199341987|-1.5647888|-57.03087|-19.314575
1510199342092|-1.9561768|-56.403732|-20.038223
1510199342237|-1.7219543|-56.25763|-18.802643
1510199342337|-1.8600464|-57.008743|-17.623901
1510199342487|-1.7848969|-56.2706|-18.060684
1510199342587|-2.166748|-55.493164|-19.291306
1510199342738|-1.9432068|-56.575775|-18.081284
1510199342886|-0.49705505|-58.597565|-15.369797
1510199342987|-0.7171631|-58.341217|-15.864944
1510199343088|-1.2683868|-58.43277|-15.732574
1510199343237|-1.782608|-58.50067|-15.3965
1510199343338|-1.5762329|-58.631134|-15.853119
1510199343487|-1.4274597|-58.509064|-16.612625
1510199343587|-1.7116547|-57.190704|-18.095016
1510199343744|-1.625824|-56.54297|-18.248367
1510199343887|-1.0746002|-56.39229|-16.762543
1510199343988|-1.0707855|-56.879044|-16.66069
1510199344088|-1.4457703|-56.650925|-17.838669
1510199344238|-1.921463|-56.1718|-19.229507
1510199344336|-1.4156342|-56.155014|-19.709778
1510199344488|-1.184845|-55.760574|-20.667648
1510199344586|-1.5800476|-55.36728|-20.899963
1510199344739|-1.4442444|-55.293274|-21.146774
1510199344887|-0.82588196|-55.851364|-21.022034
1510199344988|-0.787735|-56.43387|-20.60051
1510199345089|-0.79460144|-56.34575|-21.325302
1510199345238|-0.88920593|-56.185913|-21.258926
1510199345336|-1.3793945|-56.43463|-20.56923
1510199345488|-1.4259338|-56.058502|-21.448517
1510199345587|-0.90065|-56.21338|-22.047043
1510199345737|-1.1054993|-56.16989|-21.616745
1510199345887|-1.6124725|-56.17218|-21.622086
1510199345986|-1.1760712|-56.39572|-21.736145
1510199346088|-0.80337524|-55.82733|-21.565628
1510199346236|-0.7751465|-55.78537|-20.42923
1510199346337|-1.3801575|-55.66864|-19.743347
1510199346487|-0.9819031|-55.719376|-20.055008
1510199346586|-0.9300232|-56.381607|-20.782852
1510199346736|-1.341629|-56.428146|-21.052551
1510199346886|-1.1196136|-55.767822|-21.691132
1510199346987|-0.95558167|-55.867767|-21.587753
1510199347089|-1.2535095|-56.301117|-21.21811
1510199347236|-1.0318756|-56.258774|-21.162033
1510199347335|-0.863266|-56.269455|-21.646881
1510199347487|-0.56915283|-56.861496|-20.152283
1510199347588|-0.27770996|-56.996918|-19.48204
1510199347736|-0.4776001|-56.22406|-19.998932
1510199347887|-1.5441895|-56.396484|-20.396423
1510199347989|-1.713562|-56.80008|-20.884323
1510199348087|-1.6784668|-56.19774|-21.77353
1510199348235|-0.7774353|-56.99234|-20.191574
1510199348336|-0.45089722|-56.759644|-19.92035
1510199348485|-0.93955994|-56.313324|-20.55931
1510199348587|-1.1787415|-56.83136|-19.47136
1510199348736|-1.625824|-56.6288|-19.403458
1510199348886|-1.7032623|-56.303406|-19.511032
1510199348985|-0.77323914|-56.770706|-19.794083
1510199349086|-0.14038086|-57.255554|-19.43245
1510199349236|-0.7282257|-56.959152|-19.143295
1510199349335|-1.3118744|-56.386185|-20.715332
1510199349486|-1.556015|-56.863403|-21.535492
1510199349586|-1.5071869|-56.90422|-21.630478
1510199349737|-1.644516|-56.24771|-21.332169
1510199349886|-1.9023895|-55.60875|-21.683884
1510199349987|-1.3782501|-56.08177|-21.927261
1510199350085|-1.3320923|-56.60553|-20.858002
1510199350236|-0.9815216|-57.014847|-20.303345
1510199350336|-0.75531006|-56.586075|-21.210098
1510199350486|-1.039505|-55.984497|-21.266174
1510199350584|-1.1196136|-55.820465|-21.084213
1510199350736|-0.7884979|-56.279373|-20.460892
1510199350887|-0.7926941|-57.678986|-19.03801
1510199350985|-1.1219025|-57.300568|-20.016098
1510199351086|-1.4930725|-56.528473|-20.35408
1510199351235|-1.7997742|-56.4682|-20.918274
1510199351336|-2.130127|-56.693268|-20.840454
1510199351486|-1.9470215|-56.61812|-20.03746
1510199351585|-1.5346527|-57.094574|-20.10498
1510199351735|-1.3435364|-56.93512|-19.870377
1510199351887|-1.7173767|-56.043243|-20.800781
1510199351985|-2.3338318|-56.34651|-20.61882
1510199352084|-2.1953583|-56.54297|-20.055008
1510199352238|-1.9260406|-57.566833|-19.96994
1510199352339|-2.1095276|-57.365417|-20.498276
1510199352488|-1.8302917|-56.056595|-20.977783
1510199352588|-1.4575958|-56.78253|-20.319748
1510199352738|-0.951004|-57.263947|-19.50531
1510199352884|-1.2760162|-56.637955|-19.362259
1510199352984|-1.607132|-56.292725|-20.145416
1510199353084|-1.7131805|-56.34613|-20.53566
1510199353234|-2.0767212|-56.88362|-20.334625
1510199353334|-1.6208649|-57.178116|-20.541382
1510199353484|-1.5857697|-56.73752|-20.90683
1510199353588|-1.5480042|-56.845093|-19.969559
1510199353734|-1.5457153|-57.118607|-19.507217
1510199353885|-1.8558502|-57.513046|-18.060303
1510199353987|-1.612854|-57.30095|-18.368149
1510199354086|-1.9073486|-56.918335|-20.017624
1510199354234|-1.864624|-56.77414|-20.031357
1510199354334|-1.625824|-56.37703|-19.738388
1510199354484|-2.3220062|-56.494522|-21.084595
1510199354584|-2.796173|-56.872177|-21.310806
1510199354734|-2.4326324|-56.80046|-21.124268
1510199354884|-1.2042999|-56.474686|-20.97931
1510199354984|-0.81481934|-56.14319|-20.811462
1510199355085|-0.7507324|-55.94139|-20.275497
1510199355234|-0.4600525|-56.667328|-20.845032
1510199355335|-0.2407074|-56.54068|-21.133041
1510199355490|0.2204895|-56.89621|-19.892883
1510199355585|0.6965637|-57.139206|-19.55223
1510199355735|-0.033569336|-56.811905|-20.178223
1510199355883|-0.5130768|-55.6015|-22.605515
1510199355984|0.31814575|-56.14395|-21.944809
1510199356084|0.6275177|-57.3246|-20.165253
1510199356234|-0.15563965|-56.363297|-20.076752
1510199356334|-0.6034851|-55.415726|-19.92569
1510199356485|-0.3604889|-55.84984|-19.950104
1510199356584|-0.2883911|-55.96695|-20.590973
1510199356735|-0.44822693|-56.292725|-20.990372
1510199356883|-0.105667114|-56.077957|-22.401428
1510199356984|0.17929077|-55.781555|-22.115326
1510199357083|-0.44937134|-55.961227|-21.860123
1510199357233|-0.9246826|-56.65779|-21.82579
1510199357351|-0.87394714|-56.63109|-21.115112
1510199357483|-0.23384094|-57.265472|-19.343185
1510199357583|0.3879547|-57.67708|-18.66455
1510199357733|-0.27160645|-57.186127|-19.192505
1510199357885|-1.228714|-57.23419|-20.327759
1510199357984|-0.7499695|-57.661438|-20.30716
1510199358083|-1.259613|-57.585526|-21.061325
1510199358234|-1.5590668|-56.61583|-21.289444
1510199358333|-0.8518219|-56.428146|-21.710968
1510199358483|-0.7335663|-56.267548|-22.346115
1510199358584|-0.7095337|-55.913925|-21.850204
1510199358734|-1.0532379|-55.8609|-21.962738
1510199358883|-0.1247406|-57.0282|-20.108032
1510199358983|0.3643036|-57.66411|-19.083023
1510199359083|-0.06828308|-57.823563|-18.807602
1510199359233|-0.13008118|-57.338715|-17.842865
1510199359333|-0.49819946|-56.201935|-19.0876
1510199359483|-1.15242|-55.88913|-21.461487
1510199359585|-1.2321472|-56.54106|-21.908188
1510199359733|-1.5872955|-56.523895|-21.657562
1510199359882|-1.1283875|-56.669235|-20.988464
1510199359988|-1.146698|-56.837082|-21.190262
1510199360110|-1.3141632|-56.373215|-21.618652
1510199360239|-0.92658997|-55.858612|-21.826553
1510199360333|-0.90026855|-56.396484|-21.829605
1510199360484|-1.1375427|-56.18553|-21.164322
1510199360583|-0.60539246|-55.469513|-21.449661
1510199360732|-0.38833618|-55.462265|-21.620941
1510199360885|-0.43830872|-57.182312|-20.578384
1510199360984|-0.39787292|-57.546997|-20.11795
1510199361082|-0.9338379|-56.81839|-20.968246
1510199361234|-1.2310028|-56.305695|-21.190643
1510199361332|-1.3206482|-55.706406|-20.807648
1510199361482|-0.95939636|-55.687332|-20.758438
1510199361583|-0.41007996|-56.615448|-20.39032
1510199361733|-0.30441284|-56.64749|-20.718384
1510199361882|-0.34561157|-56.006622|-22.005844
1510199361983|-0.61569214|-55.98221|-21.650314
1510199362083|-1.2786865|-56.022644|-21.707535
1510199362233|-0.88920593|-56.37245|-20.592499
1510199362334|-1.0246277|-56.397247|-20.065308
1510199362482|-1.7887115|-56.072617|-20.63446
1510199362583|-1.3771057|-55.895233|-21.236801
1510199362733|-0.94299316|-55.64537|-20.946884
1510199362883|-1.0875702|-55.652237|-21.21315
1510199362982|-0.65727234|-56.110764|-21.433258
1510199363082|-0.82702637|-56.772614|-21.954727
1510199363232|-1.361084|-57.020187|-21.49353
1510199363332|-1.1058807|-56.948853|-21.757126
1510199363483|-0.6057739|-56.322098|-22.390366
1510199363582|-0.70266724|-56.658554|-21.371078
1510199363734|-0.5661011|-56.337357|-20.707703
1510199363882|-0.44555664|-56.741714|-19.648361
1510199363984|-0.76675415|-57.266235|-19.882965
1510199364082|-0.7888794|-56.808853|-20.899963
1510199364232|-0.40016174|-55.661392|-21.57135
1510199364332|1.1550903|-55.168533|-22.782135
1510199364482|2.494049|-55.246735|-24.268341
1510199364583|3.3561707|-55.080414|-24.782944
1510199364732|3.842163|-54.69513|-25.007248
1510199364882|3.7647247|-55.46875|-24.53003
1510199364981|3.8547516|-55.60341|-24.273682
1510199365081|3.703308|-54.51622|-24.285126
1510199365233|3.6056519|-54.377365|-23.437119
1510199365334|3.611374|-54.68788|-23.567963
1510199365482|3.1017303|-55.078125|-24.196625
1510199365581|2.929306|-55.139923|-24.451828
1510199365731|2.8621674|-55.142212|-24.408722
1510199365881|2.09198|-55.53894|-23.500824
1510199365981|2.223587|-55.41992|-23.33374
1510199366081|2.3845673|-55.5851|-23.334122
1510199366232|2.31781|-55.826187|-22.880554
1510199366331|1.5266418|-55.495453|-21.792984
1510199366481|-0.08621216|-55.760193|-20.576477
1510199366583|0.20637512|-56.884003|-19.60907
1510199366732|0.7534027|-56.878662|-19.718552
1510199366883|0.11024475|-55.976105|-20.960999
1510199366982|0.104522705|-56.378937|-20.70961
1510199367081|0.23117065|-56.951904|-19.866943
1510199367231|-0.32157898|-56.811905|-20.038986
1510199367332|-0.119018555|-56.76918|-20.442963
1510199367481|-0.1739502|-56.423187|-20.274353
1510199367584|-0.32958984|-56.082535|-19.995499
1510199367731|0.15602112|-56.348038|-20.061111
1510199367882|0.59432983|-56.503296|-20.698166
1510199367981|0.365448|-56.318283|-20.946121
1510199368081|0.32920837|-56.52237|-20.156097
1510199368232|-0.27618408|-57.03087|-19.20433
1510199368332|-0.9220123|-57.271576|-19.715881
1510199368494|-0.34980774|-56.438828|-20.843124
1510199368592|-0.0019073486|-57.03392|-20.312881
1510199368732|-0.12817383|-57.699966|-19.439697
1510199368893|-0.10910034|-57.271957|-18.3918
1510199368981|0.33073425|-57.242966|-18.374252
1510199369081|0.705719|-56.703568|-19.44046
1510199369230|0.2632141|-55.968094|-20.414352
1510199369332|0.3463745|-56.477356|-20.098114
1510199369481|0.6996155|-56.736755|-19.817352
1510199369580|0.73776245|-57.37343|-19.752884
1510199369731|0.98114014|-57.435226|-20.287323
1510199369880|0.22125244|-56.108093|-21.713638
1510199369981|0.16899109|-55.859375|-21.406937
1510199370080|0.699234|-55.54619|-21.213531
1510199370233|0.7282257|-56.355286|-20.685196
1510199370330|-0.034332275|-56.6967|-21.079636
1510199370480|-0.5718231|-56.179047|-21.06247
1510199370581|-0.7358551|-56.08673|-20.607758
1510199370732|-0.69885254|-56.1718|-21.313095
1510199370881|-0.25291443|-56.655502|-20.638275
1510199370980|-0.10910034|-57.01599|-20.000076
1510199371080|-0.15106201|-57.12776|-19.272232
1510199371230|0.046157837|-56.746292|-19.661331
1510199371330|0.2281189|-56.30722|-20.578766
1510199371480|0.025558472|-56.92978|-19.325256
1510199371580|-0.23002625|-57.504272|-18.631744
1510199371730|-0.24147034|-57.214737|-19.753265
1510199371881|-0.09841919|-56.35414|-21.183395
1510199371982|0.39596558|-56.43425|-21.060944
1510199372080|1.1501312|-56.295013|-21.648026
1510199372233|0.87127686|-56.063843|-21.805191
1510199372330|0.9151459|-56.763077|-20.451355
1510199372480|0.3227234|-56.76155|-20.174408
1510199372630|0.048828125|-55.762863|-21.418762
1510199372730|0.30174255|-55.939484|-21.497345
1510199372830|0.8872986|-55.81169|-21.868134
1510199372981|1.216507|-55.70221|-22.205353
1510199373082|1.0322571|-55.508804|-22.065735
1510199373230|1.4297485|-55.768204|-21.399689
1510199373331|1.795578|-56.10466|-21.356201
1510199373480|1.6376495|-56.266785|-21.588516
1510199373630|1.2748718|-56.063843|-21.86737
1510199373729|1.0936737|-55.847168|-21.653366
1510199373830|1.6265869|-56.388092|-20.920181
1510199373980|1.58844|-57.635117|-19.741058
1510199374080|0.57525635|-56.96678|-20.06569
1510199374230|0.61798096|-56.23741|-21.076965
1510199374330|1.4339447|-56.235886|-21.413422
1510199374480|1.4133453|-56.035614|-21.770859
1510199374629|1.4133453|-56.056976|-22.850037
1510199374729|1.6613007|-56.11801|-22.78328
1510199374829|1.3793945|-55.49164|-22.184372
1510199374941|1.227951|-55.6118|-21.448135
1510199375045|0.39596558|-55.252457|-20.856094
1510199375142|0.6832123|-56.03485|-20.375061
1510199375234|1.215744|-55.73311|-20.528793
1510199375376|2.1453857|-55.88875|-21.056747
1510199375485|2.1385193|-56.201553|-20.814133
1510199375629|1.3366699|-55.981445|-20.472336
1510199375734|1.076889|-55.50728|-21.359253
1510199375832|1.3290405|-55.703735|-22.051239
1510199375980|1.6292572|-55.393982|-22.148514
1510199376064|1.8741608|-55.081177|-22.277832
1510199376183|2.1003723|-55.3463|-22.395706
1510199376315|2.0515442|-55.95436|-21.608734
1510199376478|1.6349792|-56.606674|-20.893097
1510199376629|1.2016296|-58.09822|-18.865204
1510199376729|1.2832642|-57.584763|-19.050598
1510199376828|0.894928|-56.725693|-19.25888
1510199376979|0.95710754|-57.390976|-19.093323
1510199377078|1.3385773|-57.998276|-19.392395
1510199377229|0.9498596|-57.34024|-19.979095
1510199377329|0.9902954|-57.126617|-19.830322
1510199377480|0.9490967|-57.014465|-19.46106
1510199377634|0.52871704|-56.20041|-20.407486
1510199377728|0.42648315|-56.25992|-21.094513
1510199377828|0.78315735|-55.674744|-22.703934
1510199377979|1.9565582|-55.794907|-23.548126
1510199378080|2.558899|-56.363678|-22.774124
1510199378228|2.8327942|-56.443024|-23.474503
1510199378328|3.7158966|-56.118393|-25.180435
1510199378478|4.4059753|-55.584717|-25.695038
1510199378628|4.296112|-54.862213|-27.256393
1510199378728|4.019928|-54.823685|-27.525711
1510199378829|3.483963|-54.64897|-27.09732
1510199378977|2.589798|-54.070282|-26.442719
1510199379080|2.0576477|-54.41475|-25.70076
1510199379229|2.6195526|-56.11229|-23.984146
1510199379329|2.4112701|-57.263565|-23.238754
1510199379480|2.0309448|-57.35588|-23.639679
1510199379629|0.774765|-56.258774|-25.104904
1510199379728|0.51612854|-55.95131|-25.349045
1510199379828|-0.2960205|-56.429672|-25.523758
1510199379978|-0.43067932|-56.142426|-24.898148
1510199380080|-0.5847931|-55.690765|-24.589539
1510199380228|-0.26283264|-56.262207|-23.14148
1510199380330|0.5252838|-56.201935|-23.167038
1510199380479|0.59814453|-55.846405|-23.854446
1510199380628|0.008010864|-55.638885|-25.284958
1510199380729|-0.30555725|-55.813217|-25.54512
1510199380828|-0.9315491|-55.90706|-25.55809
1510199380978|-1.29776|-55.524826|-25.499344
1510199381078|-0.4245758|-55.704117|-25.234985
1510199381228|0.7160187|-56.848526|-23.189163
1510199381328|1.1009216|-56.923294|-22.76001
1510199381478|1.6494751|-56.385803|-23.834991
1510199381627|3.7467957|-55.070877|-27.168274
1510199381727|3.6087036|-55.102158|-27.480316
1510199381829|3.2196045|-55.438614|-27.767181
1510199381978|4.4239044|-54.88777|-27.944565
1510199382077|4.944229|-54.213333|-27.400208
1510199382228|4.8915863|-55.18074|-26.105118
1510199382329|5.3726196|-55.544662|-25.349808
1510199382480|5.4187775|-55.152893|-25.474548
1510199382629|5.239105|-54.720306|-24.771881
1510199382727|4.988098|-54.821014|-24.965286
1510199382828|6.245041|-55.42679|-24.800491
1510199382977|6.147003|-56.373596|-24.66507
1510199383079|5.791092|-56.16417|-25.435638
1510199383227|5.718231|-56.18515|-25.102234
1510199383327|5.0590515|-56.57959|-25.300598
1510199383480|5.099869|-56.417465|-26.116562
1510199383627|5.0685883|-54.78134|-27.651978
1510199383728|4.6440125|-54.493713|-27.378082
1510199383827|4.4692993|-55.14717|-25.749207
1510199383978|4.963684|-55.93643|-24.450302
1510199384076|4.4792175|-55.87921|-25.45433
1510199384227|3.8871765|-56.170654|-25.915527
1510199384328|4.4944763|-56.23398|-24.827194
1510199384477|4.525757|-56.417465|-24.084473
1510199384626|3.0899048|-56.150818|-24.768066
1510199384726|2.9380798|-55.7621|-25.746918
1510199384827|3.023529|-55.48477|-25.940323
1510199384978|2.8533936|-55.6839|-25.71907
1510199385076|2.5096893|-56.19583|-24.487305
1510199385227|1.3202667|-57.16667|-21.322632
1510199385326|-0.037002563|-57.975388|-20.40329
1510199385476|-0.27885437|-57.409286|-22.034454
1510199385645|0.7972717|-56.113815|-25.10643
1510199385728|0.743103|-56.612396|-25.264359
1510199385830|-1.7986298|-56.866074|-23.750305
1510199385978|-3.8597107|-55.779266|-22.528076
1510199386079|-2.3403168|-53.847122|-26.913834
1510199386226|0.4852295|-53.323364|-29.990387
1510199386331|2.896881|-52.983856|-30.942535
1510199386477|3.6384583|-51.87683|-32.250977
1510199386627|4.5482635|-51.400375|-33.156967
1510199386733|4.261017|-52.193832|-32.43599
1510199386826|3.9482117|-53.334427|-31.056595
1510199386982|3.717041|-53.387833|-29.645538
1510199387077|3.9981842|-52.575684|-30.425262
1510199387227|5.25589|-51.366806|-32.60727
1510199387328|6.9156647|-50.133133|-34.32541
1510199387476|7.8022003|-49.97711|-34.61685
1510199387627|8.849335|-50.083923|-34.319687
1510199387727|8.705139|-50.029755|-33.80165
1510199387826|8.343887|-49.44153|-33.74443
1510199388013|8.436584|-50.907516|-32.230377
1510199388126|8.513641|-51.05858|-33.756638
1510199388227|7.9078674|-50.743866|-34.399033
1510199388328|7.208252|-51.59378|-33.125305
