1510198806595|-2.0163722|4.8459396|8.28381
1510198806712|-1.929538|4.768955|8.348912
1510198806827|-1.3490177|4.5302615|8.592279
1510198806942|-0.9907282|4.354287|8.730924
1510198807058|-1.270701|4.216157|8.762404
1510198807172|-2.0685632|4.7801967|8.3091
1510198807287|-3.3614283|5.5872164|7.324903
1510198807400|-3.9696488|4.9739084|7.4614015
1510198807517|-3.1879916|4.040735|8.347428
1510198807632|-3.572987|3.5994718|8.393329
1510198807745|-3.0094473|3.7691514|8.538567
1510198807862|-2.936915|3.3132203|8.750285
1510198807976|-2.4992862|2.7157364|9.085633
1510198808090|-1.9228235|3.0961506|9.104228
1510198808206|-0.311217|3.3291843|9.219006
1510198808320|2.4260807|3.4236786|8.863575
1510198808438|2.5115376|2.838592|9.04461
1510198808552|0.71146977|2.4718504|9.463305
1510198808668|-0.6471386|3.2457387|9.231294
1510198808781|-0.9939003|3.3883593|9.148856
1510198808896|-0.44279787|3.2748678|9.233068
1510198809011|-0.22192687|3.007125|9.331577
1510198809128|-0.061373178|2.6033497|9.454585
1510198809241|-0.5127214|2.7114193|9.410405
1510198809356|-0.5820987|3.3677483|9.191834
1510198809470|-0.41025954|3.4172723|9.182828
1510198809589|-0.51057047|3.3259838|9.211272
1510198809702|-0.65608746|3.3849385|9.18053
1510198809828|-0.6501025|3.270097|9.222485
1510198809933|-0.56458986|3.2944827|9.219436
1510198810046|-0.5818366|3.1387064|9.27256
1510198810162|-0.57083994|2.958302|9.332362
1510198810281|-0.6519376|2.973732|9.32214
1510198810413|-0.51194555|3.4626079|9.160712
1510198810507|-0.47439858|3.8059893|9.025507
1510198810621|-0.8002983|3.8170273|8.997789
1510198810736|-0.56349945|3.7347064|9.050128
1510198810853|-0.6793374|3.66488|9.070697
1510198810969|-0.6558825|3.609371|9.094649
1510198811082|-0.57378|3.4467888|9.1630125
1510198811196|-0.41691494|3.3144996|9.220122
1510198811312|-0.46594402|3.0888963|9.295807
1510198811427|-0.46873507|3.0191228|9.318561
1510198811544|-0.52762663|3.0001535|9.321539
1510198811663|-0.498594|3.0013883|9.322739
1510198811776|-0.60127056|2.953809|9.331874
1510198811889|-0.58461916|2.980271|9.324515
1510198812003|-0.6647812|2.9578717|9.326278
1510198812117|-0.5889563|2.9525805|9.333048
1510198812232|-0.6941177|3.177462|9.251613
1510198812347|-0.6929261|3.4221642|9.164008
1510198812462|-0.62645197|3.7135773|9.054683
1510198812577|-0.70898515|3.7725735|9.0241585
1510198812694|-0.8320367|3.7081132|9.040355
1510198812807|-0.8471537|3.752732|9.020516
1510198812923|-0.92114395|3.9293702|8.93767
1510198813039|-0.99312055|3.9944382|8.901042
1510198813153|-1.0260893|3.937769|8.922528
1510198813266|-1.1074878|3.8699636|8.942441
1510198813382|-1.032453|3.9000752|8.938336
1510198813497|-1.056533|3.8488028|8.957726
1510198813613|-0.9734967|3.8883963|8.950031
1510198813729|-1.0604653|3.8376973|8.962025
1510198813844|-0.9510742|3.8889532|8.9522
1510198813959|-1.0374031|3.7492948|9.002053
1510198814072|-1.0203314|3.727654|9.012985
1510198814189|-0.9430761|3.7332575|9.019079
1510198814302|-0.9648681|3.6845436|9.036789
1510198814422|-0.9513095|3.6735032|9.042719
1510198814535|-0.943988|3.6273613|9.062092
1510198814648|-0.93583274|3.5840616|9.08015
1510198814764|-0.8311857|3.6723998|9.054998
1510198814877|-0.85150146|3.5910904|9.0856695
1510198814995|-0.79475147|3.532831|9.113608
1510198815110|-1.090057|3.4061515|9.131281
1510198815230|-1.068858|3.4188042|9.129059
1510198815339|-1.203351|3.4251544|9.1099205
1510198815453|-1.1322324|3.473657|9.100667
1510198815568|-1.2251323|3.4620552|9.093053
1510198815684|-1.173453|3.5637484|9.060524
1510198815798|-1.1200111|3.7825072|8.9782295
1510198815916|-1.2291867|4.0447674|8.848692
1510198816029|-1.2514807|3.7982183|8.954201
1510198816145|-1.1490937|3.8361135|8.951772
1510198816258|-1.0773103|3.6853323|9.023752
1510198816376|-0.95080954|3.6110685|9.067884
1510198816490|-0.9567996|3.6000192|9.071648
1510198816603|-0.8272872|3.617943|9.07725
1510198816719|-0.8244576|3.554154|9.102673
1510198816833|-0.81998706|3.5552638|9.102643
1510198816949|-0.7765971|3.607725|9.085792
1510198817065|-0.82139415|3.5931232|9.087639
1510198817178|-0.6717516|3.6814556|9.064548
1510198817293|-0.85232985|3.6157746|9.075797
1510198817408|-0.70600176|3.716056|9.047811
1510198817523|-0.6216074|3.7794473|9.027722
1510198817639|-0.6375642|3.80125|9.017449
1510198817755|-0.7513317|3.7196722|9.042672
1510198817868|-0.6767872|3.7656567|9.029517
1510198817983|-0.70979255|3.7468216|9.034817
1510198818100|-0.58599865|3.8105688|9.017015
1510198818215|-0.6568762|3.769716|9.029293
1510198818329|-0.79785943|3.7062914|9.044181
1510198818445|-0.708276|3.780451|9.020915
1510198818560|-0.8251396|3.818904|8.994749
1510198818674|-0.88566935|3.7607949|9.013457
1510198818790|-0.85115284|3.8322191|8.986658
1510198818904|-0.88343847|3.802063|8.9963455
1510198819020|-0.8689185|3.798021|8.999467
1510198819135|-0.9300338|3.754486|9.011618
1510198819251|-0.85841095|3.7923625|9.002861
1510198819366|-0.89618945|3.7880871|9.000979
1510198819479|-0.97619|3.7331028|9.015619
1510198819595|-0.87777543|3.7991195|8.998143
1510198819711|-0.86080086|3.8938785|8.959192
1510198819825|-0.8882192|3.8284566|8.984674
1510198819942|-0.86306053|3.8389099|8.982665
1510198820054|-0.8928183|3.821416|8.987216
1510198820170|-0.8835772|3.8153312|8.990713
1510198820285|-0.8604145|3.853933|8.976485
1510198820401|-0.8977065|3.8324146|8.982044
1510198820515|-0.8449608|3.871749|8.9702835
1510198820631|-0.95156425|3.806324|8.987593
1510198820745|-0.8622035|3.876551|8.966569
1510198820860|-0.95692533|3.8165362|8.982691
1510198820975|-0.8700006|3.878256|8.965077
1510198821089|-0.87655467|3.8259263|8.986897
1510198821205|-0.8913446|3.8234465|8.986498
1510198821319|-0.8609547|3.8427339|8.981233
1510198821434|-0.9090543|3.8087904|8.990947
1510198821551|-0.84924716|3.8335772|8.986259
1510198821666|-0.88582987|3.80996|8.992769
1510198821779|-0.8207637|3.8176699|8.995672
1510198821895|-0.8697541|3.7642236|9.013576
1510198822010|-0.85664666|3.788377|9.004707
1510198822127|-0.80738235|3.7972567|9.005519
1510198822239|-0.8528195|3.7309647|9.029008
1510198822356|-0.75596905|3.7933192|9.011639
1510198822470|-0.86192274|3.6898167|9.045039
1510198822584|-0.73154724|3.8246942|9.000386
1510198822699|-0.78165627|3.7791905|9.015382
1510198822816|-0.7650316|3.7864857|9.013747
1510198822933|-0.7662238|3.810898|9.003351
1510198823047|-0.78401875|3.7854736|9.012541
1510198823160|-0.7434818|3.8171988|9.002589
1510198823277|-0.75127035|3.8105638|9.004753
1510198823391|-0.7508156|3.8016746|9.008548
1510198823505|-0.7437671|3.8107564|9.005295
1510198823624|-0.7761715|3.746761|9.029381
1510198823735|-0.75879854|3.768632|9.021752
1510198823852|-0.742474|3.7981489|9.010726
1510198823965|-0.7403782|3.7906303|9.014064
1510198824080|-0.7437454|3.7988243|9.010337
1510198824196|-0.77096033|3.7749052|9.018098
1510198824310|-0.7311|3.8070564|9.007897
1510198824427|-0.8035888|3.757714|9.0224285
1510198824541|-0.729875|3.8354607|8.995938
1510198824655|-0.8017971|3.766315|9.019001
1510198824770|-0.75176|3.7680817|9.022572
1510198824888|-0.77914447|3.692631|9.051397
1510198825001|-0.7372057|3.7149284|9.045785
1510198825116|-0.73943794|3.7167075|9.044871
1510198825230|-0.7349798|3.6941957|9.054453
1510198825347|-0.7443324|3.71558|9.044933
1510198825461|-0.729115|3.6938634|9.055062
1510198825577|-0.72328204|3.6942666|9.055366
1510198825692|-0.7069757|3.6780212|9.063264
1510198825805|-0.49712884|3.4089372|9.181633
1510198825922|-0.39976165|3.3046708|9.224409
1510198826037|-0.33350092|3.3155155|9.223151
1510198826152|-0.32744995|3.3202398|9.221668
1510198826265|-0.35961935|3.2943459|9.2297535
1510198826381|-0.3700256|3.3115962|9.223166
1510198826497|-0.3134549|3.264134|9.242162
1510198826612|-0.31268868|3.245161|9.248867
1510198826726|-0.2684253|3.214032|9.26112
1510198826842|-0.2931436|3.2113302|9.261308
1510198826957|-0.29705212|3.1991637|9.265392
1510198827072|-0.24585468|3.205196|9.264808
1510198827188|-0.32006994|3.1988807|9.264724
1510198827301|-0.5887708|3.4166925|9.173327
1510198827417|-1.0035357|3.518731|9.098452
1510198827531|-1.1354871|3.7632582|8.984371
1510198827646|-1.3628951|3.7501328|8.958203
1510198827765|-0.860593|3.3969915|9.159161
1510198827878|-0.21860912|3.30097|9.231803
1510198827992|-0.304981|3.3821893|9.199901
1510198828108|-1.0300289|3.8766468|8.948801
1510198828221|-0.63368875|3.864132|8.990957
1510198828337|-0.032101586|3.460746|9.1756525
1510198828453|0.03537792|3.4594493|9.176129
1510198828566|-0.4987171|3.6437871|9.0909
1510198828683|-0.57020414|3.8992403|8.980042
1510198828799|-0.44684845|3.840728|9.012187
1510198828911|-0.030021595|3.4364316|9.184793
1510198829028|-0.27452794|3.4922915|9.159636
1510198829143|-0.9530607|3.8213592|8.981051
1510198829257|-1.5007392|3.8344178|8.900304
1510198829373|-1.1381774|3.714918|9.004128
1510198829488|-0.99701786|3.6935256|9.02963
1510198829602|-0.9627546|3.6865842|9.036182
1510198829720|-0.9149922|3.6968436|9.036953
1510198829831|-0.859886|3.5679276|9.094003
1510198829948|-0.65035|3.4862995|9.142929
1510198830063|-0.6094894|3.4748483|9.150101
1510198830177|-0.5119063|3.4264|9.174318
1510198830292|-0.5029692|3.3691504|9.195991
1510198830407|-0.31956536|3.273216|9.238741
1510198830522|-0.29368156|3.2187688|9.258707
1510198830637|-0.28139102|3.1116529|9.295634
1510198830753|-0.29824007|3.136146|9.286875
1510198830867|-0.25103912|3.1213832|9.293241
1510198830982|-0.35668567|3.0768065|9.304645
1510198831099|-0.35809094|3.0764058|9.304724
1510198831213|-0.4968363|3.0466397|9.308144
1510198831330|-0.41659254|3.0887535|9.298195
1510198831442|-0.40385437|3.1362102|9.282859
1510198831559|-0.36726844|3.1716485|9.272332
1510198831674|-0.57815766|3.06666|9.296865
1510198831789|-0.47267997|3.2200933|9.250835
1510198831903|-0.65369266|3.2016354|9.246222
1510198832019|-0.4936097|3.2670426|9.233264
1510198832134|-0.65963733|3.2039728|9.244989
1510198832249|-0.4936972|3.2940645|9.223654
1510198832364|-0.68900585|3.2505379|9.226573
1510198832479|-0.59558123|3.52809|9.130622
1510198832595|-0.6135473|3.4348001|9.164937
1510198832708|-0.5895074|3.3230665|9.207611
1510198832823|-0.5415381|3.3438046|9.203048
1510198832938|-0.5033696|3.2728522|9.2306795
1510198833055|-0.43956956|3.2473748|9.2429285
1510198833167|-0.30084965|3.1484663|9.28262
1510198833286|-0.37196434|3.1193862|9.289857
1510198833398|-0.20876251|3.176091|9.275735
1510198833514|-0.43758368|3.094093|9.295456
1510198833630|-0.5035212|3.3397267|9.206686
1510198833743|-0.72327286|3.5556996|9.110668
1510198833858|-0.8561432|3.4801543|9.1283045
1510198833975|-0.7758358|3.5184333|9.120806
1510198834090|-0.89796317|3.3772366|9.162877
1510198834205|-0.6317297|3.4829762|9.1455
1510198834319|-0.8322878|3.3659127|9.173239
1510198834433|-0.6284929|3.4607232|9.154167
1510198834551|-0.8075222|3.3364844|9.186194
1510198834663|-0.61474806|3.491581|9.143376
1510198834778|-0.6382245|3.3550737|9.192744
1510198834893|-0.23881851|3.3451717|9.215378
1510198835009|-0.33797944|3.2719226|9.238543
1510198835124|-0.41695997|3.3021204|9.224561
1510198835238|-0.43643337|3.238158|9.24631
1510198835354|-0.14710663|3.1765044|9.276775
1510198835468|0.053528566|3.167072|9.281012
1510198835584|0.14020467|2.8503428|9.382232
1510198835699|0.25364867|2.7962108|9.39613
1510198835814|0.19665734|2.6747603|9.432782
1510198835931|0.22958516|2.8650513|9.375988
1510198836046|0.18638243|2.514203|9.477048
1510198836159|0.39818403|2.6329403|9.438191
1510198836275|0.4618723|2.4855747|9.475177
1510198836391|0.49716845|2.5835097|9.447153
1510198836506|0.52404386|2.60618|9.43947
1510198836621|0.4327964|2.8471105|9.374275
1510198836735|-0.039820734|3.4823303|9.167452
1510198836849|-0.6971953|4.063982|8.89766
1510198836964|-0.8626474|3.9459896|8.936184
1510198837079|-0.76204365|3.817426|9.00094
1510198837195|-0.59696704|3.7408702|9.045436
1510198837309|-0.60324794|3.620324|9.09394
1510198837423|-0.5524939|3.640962|9.0889225
1510198837539|-0.536994|3.5562742|9.123319
1510198837656|-0.46427947|3.6080463|9.106965
1510198837770|-0.5619545|3.5684457|9.117061
1510198837884|-0.4646076|3.68495|9.076104
1510198838000|-0.6040408|3.5949116|9.103963
1510198838116|-0.52441096|3.7224755|9.057513
1510198838231|-0.6667101|3.630028|9.085636
1510198838345|-0.5440909|3.723547|9.055913
1510198838462|-0.6926962|3.651057|9.07526
1510198838576|-0.572647|3.757145|9.040261
1510198838691|-0.69215894|3.6599052|9.071736
1510198838809|-0.5780128|3.7699764|9.034576
1510198838921|-0.70845467|3.668569|9.066977
1510198839035|-0.5832486|3.7393792|9.0469475
1510198839150|-0.6948613|3.6664183|9.068899
1510198839266|-0.6057446|3.6984174|9.062294
1510198839381|-0.6846851|3.6478984|9.077138
1510198839495|-0.6060813|3.6558278|9.079536
1510198839611|-0.64367247|3.674429|9.069434
1510198839725|-0.61604714|3.6758895|9.070761
1510198839842|-0.6496598|3.6598713|9.074893
1510198839955|-0.6261182|3.6430306|9.08332
1510198840071|-0.62553036|3.6619453|9.075751
1510198840186|-0.6210825|3.6437569|9.083374
1510198840302|-0.61348265|3.6621468|9.076492
1510198840415|-0.6234471|3.632463|9.087733
1510198840531|-0.5912671|3.6654663|9.076627
1510198840646|-0.6377783|3.6173427|9.09277
1510198840760|-0.5881848|3.6494727|9.083269
1510198840877|-0.631398|3.6241806|9.090492
1510198840991|-0.5895227|3.6505997|9.082729
1510198841106|-0.62743217|3.6312056|9.087962
1510198841220|-0.5741054|3.6491725|9.0842905
1510198841337|-0.60460705|3.6394002|9.086231
1510198841450|-0.58678037|3.6183195|9.095815
1510198841565|-0.60234493|3.6197858|9.094213
1510198841680|-0.5751575|3.5997608|9.103917
1510198841795|-0.5967043|3.6163719|9.095943
1510198841912|-0.57908237|3.579888|9.111501
1510198842026|-0.5627083|3.5866547|9.109865
1510198842141|-0.55852556|3.5663068|9.118108
1510198842258|-0.5562936|3.5996943|9.105115
1510198842371|-0.58697134|3.5708947|9.114525
1510198842485|-0.5524098|3.618494|9.097897
1510198842603|-0.59438074|3.5958946|9.10421
1510198842716|-0.5704676|3.6141777|9.098498
1510198842831|-0.6009261|3.6098485|9.098256
1510198842946|-0.5803885|3.6047134|9.1016245
1510198843061|-0.6030851|3.6169386|9.095298
1510198843176|-0.5866209|3.6127503|9.098039
1510198843291|-0.574416|3.6508|9.083617
1510198843407|-0.60112923|3.6170468|9.095383
1510198843521|-0.5815448|3.6618626|9.078709
1510198843636|-0.6356431|3.6261125|9.089425
1510198843754|-0.5820284|3.6810493|9.070915
1510198843866|-0.6269426|3.6315947|9.087842
1510198843983|-0.5830125|3.6580756|9.080142
1510198844096|-0.6356667|3.6159773|9.09346
1510198844212|-0.58866274|3.6567895|9.080295
1510198844328|-0.66144204|3.6174881|9.091021
1510198844441|-0.59517145|3.6495543|9.082781
1510198844560|-0.63971114|3.6253939|9.089426
1510198844674|-0.5902625|3.6168077|9.096191
1510198844788|-0.6484125|3.639961|9.082986
1510198844903|-0.60159385|3.6312697|9.0896845
1510198845017|-0.63626957|3.6228251|9.0906925
1510198845133|-0.5106408|3.6116138|9.10307
1510198845247|-0.35660386|3.4129505|9.186675
1510198845361|-0.15877882|3.1215355|9.295224
1510198845477|-0.036604445|2.963183|9.348187
1510198845593|0.025260532|2.7454424|9.414474
1510198845708|0.11126326|2.6041431|9.453911
1510198845829|0.27567902|2.5189507|9.47361
1510198845937|0.11353255|2.5017428|9.481497
1510198846053|0.2941995|2.3475723|9.516971
1510198846167|0.23835367|2.4058104|9.503981
1510198846281|0.29375678|2.3726413|9.510766
1510198846397|0.23468989|2.4481058|9.493266
1510198846513|0.15409489|2.5773878|9.46064
1510198846627|-1.0457932|3.6585054|9.038364
1510198846742|-1.292512|3.6823318|8.996679
1510198846858|-1.17681|3.758852|8.980898
1510198846974|-1.1498358|3.6410856|9.032761
1510198847088|-0.8139453|3.5489688|9.10564
1510198847204|-0.6225914|3.3439531|9.197866
1510198847317|-0.15829031|3.0641434|9.31431
1510198847432|0.03494879|2.9797814|9.342916
1510198847551|0.1626959|2.9403942|9.354037
1510198847662|0.081408165|2.9414337|9.35477
1510198847778|0.09342189|3.049957|9.31984
1510198847895|-0.1721813|3.2459908|9.252258
1510198848008|-0.30848998|3.3493845|9.211777
1510198848124|-0.34398764|3.3158238|9.222656
1510198848239|-0.3284532|3.1936367|9.266239
1510198848353|-0.24076197|2.9910254|9.336284
1510198848470|-0.41876364|2.8726358|9.367123
1510198848583|-0.4891893|2.8602798|9.367491
1510198848698|-0.57422316|3.0270941|9.310067
1510198848815|-0.6319727|3.0686824|9.292695
1510198848927|-0.6224642|3.0308242|9.305752
1510198849043|-0.70585775|3.1173809|9.271143
1510198849160|-0.5550974|2.8598113|9.363959
1510198849275|-0.42419428|2.5600104|9.457103
1510198849390|-0.4215534|2.6756573|9.425155
1510198849503|-0.18929066|2.710743|9.422655
1510198849619|0.41625246|2.505428|9.472062
1510198849736|0.67129254|3.1514056|9.262203
1510198849848|0.020505985|3.4180255|9.191685
1510198849964|-0.011795599|4.4380264|8.74495
1510198850087|-0.11433267|5.144386|8.34821
1510198850194|-0.84192264|6.011999|7.7017803
1510198850313|-0.921671|5.722428|7.9104185
1510198850429|-1.1847572|5.8805285|7.7579713
1510198850539|-0.8763468|6.1866636|7.55828
1510198850654|-1.1527232|6.4465904|7.2995267
1510198850768|-1.7403935|6.354016|7.264152
1510198850889|-1.7710371|6.0182557|7.537534
1510198851000|-1.6476059|5.8107586|7.725986
1510198851113|-1.5360807|5.629178|7.8818274
1510198851231|-1.3024443|5.5532303|7.977196
1510198851343|-1.1384774|5.5790415|7.9842687
1510198851458|-1.0013797|5.8166556|7.8316126
1510198851574|-0.7782669|5.851784|7.830793
1510198851688|-0.6859631|5.967692|7.7515483
1510198851806|-0.77081233|5.9630027|7.7471824
1510198851919|-0.7709855|5.971471|7.7406397
1510198852033|-0.7906823|6.1470957|7.5998964
1510198852149|-0.7957487|6.137973|7.606739
1510198852265|-0.78782845|6.12384|7.6189437
1510198852378|-0.9511814|6.1054544|7.6150546
1510198852495|-0.91112286|6.0633698|7.653482
1510198852609|-0.8983364|6.1195245|7.6101775
1510198852723|-1.1091555|6.1627994|7.5471888
1510198852841|-1.1450567|6.098964|7.5935416
1510198852954|-1.3833872|5.939339|7.6799006
1510198853068|-1.2316607|5.69982|7.884506
1510198853184|-1.3576862|5.6175246|7.922784
1510198853300|-1.2860346|5.5434794|7.9866357
1510198853414|-1.2789246|5.540192|7.9900565
1510198853529|-1.2913549|5.444146|8.053823
1510198853644|-1.4363627|5.2134514|8.180903
1510198853759|-1.3915993|5.0311728|8.301876
1510198853875|-1.6840214|5.0765653|8.219668
1510198853990|-1.9476094|4.882137|8.279006
1510198854106|-1.9266458|4.838744|8.309331
1510198854220|-2.1169245|4.6824107|8.352488
1510198854335|-2.225632|4.7887154|8.263483
1510198854449|-2.4546242|4.9003344|8.1321535
1510198854565|-2.427771|4.880808|8.151934
1510198854679|-2.7382858|4.6543903|8.185892
1510198854796|-2.807565|4.58599|8.201016
1510198854909|-2.7688072|4.46704|8.279471
1510198855025|-2.85443|4.299205|8.339032
1510198855140|-3.0121176|4.308202|8.278704
1510198855255|-3.0254676|4.639241|8.092859
1510198855369|-2.852954|4.9862165|7.947874
1510198855484|-2.352186|5.4211445|7.826161
1510198855600|-1.773136|5.8375654|7.6778383
1510198855715|-1.30587|6.075183|7.586649
1510198855831|-1.0269786|6.1899447|7.5365963
1510198855946|-0.8820585|6.189911|7.554956
1510198856061|-0.57251155|6.0903177|7.6648965
1510198856174|-0.6087372|5.906456|7.804717
1510198856291|-0.59580266|5.66181|7.984943
1510198856404|-0.09556772|5.2997637|8.250682
1510198856523|-0.012130716|5.1135592|8.3679
1510198856635|0.45251533|5.0167427|8.414148
1510198856749|0.6303743|4.937437|8.44954
1510198856865|0.8778978|4.6372857|8.596235
1510198856983|1.1208483|4.36523|8.709698
1510198857099|0.8862522|4.096821|8.865721
1510198857211|0.5613722|3.9757168|8.947006
1510198857325|0.25334218|4.04362|8.930584
1510198857441|0.17174174|3.906563|8.993312
1510198857556|0.09794864|3.9442885|8.977939
1510198857670|0.13414039|3.9775903|8.962767
1510198857786|0.19217119|3.9143648|8.989506
1510198857905|0.13479349|3.8879485|9.002005
