1509528618695|0.013620348|0.013620348|-0.095342435
1509528618827|-0.013620348|0.0|-0.095342435
1509528618959|-0.013620348|-0.027240695|-0.10896278
1509528619091|0.0|-0.027240695|-0.10896278
1509528619223|0.0|0.013620348|-0.10896278
1509528619355|0.013620348|0.0|-0.10896278
1509528619488|0.027240695|-0.013620348|-0.08172209
1509528619620|0.0|0.0|-0.08172209
1509528619751|0.0|0.0|-0.08172209
1509528619885|0.0|0.0|-0.08172209
1509528620015|-0.013620348|-0.013620348|-0.10896278
1509528620147|0.0|0.013620348|-0.08172209
1509528620278|0.0|0.013620348|-0.08172209
1509528620413|0.027240695|0.013620348|-0.08172209
1509528620542|0.013620348|0.013620348|-0.08172209
1509528620675|0.013620348|0.0|-0.095342435
1509528620806|0.013620348|0.0|-0.095342435
1509528620939|0.013620348|0.013620348|-0.05448139
1509528621070|0.027240695|0.013620348|-0.08172209
1509528621203|0.013620348|0.013620348|-0.05448139
1509528621335|0.0|0.0|-0.08172209
1509528621467|-0.013620348|0.0|-0.068101734
1509528621599|0.013620348|0.0|-0.08172209
1509528621731|0.013620348|-0.013620348|-0.095342435
1509528621864|0.013620348|-0.013620348|-0.095342435
1509528621994|0.027240695|-0.013620348|-0.12258312
1509528622126|0.013620348|0.0|-0.095342435
1509528622260|0.013620348|0.0|-0.13620347
1509528622390|0.0|-0.013620348|-0.14982383
1509528622772|-0.013620348|0.0|-0.08172209
1509528622942|-0.013620348|-0.013620348|-0.040861044
1509528623050|0.0|-0.027240695|-0.08172209
1509528623182|0.013620348|-0.013620348|-0.05448139
1509528623314|0.013620348|-0.013620348|-0.10896278
1509528623446|0.027240695|-0.027240695|-0.10896278
1509528623578|-0.013620348|0.0|-0.08172209
1509528623710|0.013620348|-0.027240695|-0.10896278
1509528623843|-0.013620348|-0.027240695|-0.08172209
1509528623974|0.027240695|-0.027240695|-0.08172209
1509528624105|-0.013620348|0.027240695|-0.095342435
1509528624238|-0.013620348|-0.013620348|-0.13620347
1509528624374|0.0|0.013620348|-0.095342435
1509528624502|0.027240695|0.013620348|-0.08172209
1509528624634|0.013620348|0.0|-0.13620347
1509528624766|-0.013620348|0.013620348|-0.08172209
1509528624899|0.0|0.013620348|-0.10896278
1509528625030|-0.013620348|0.0|-0.08172209
1509528625162|0.0|-0.027240695|-0.10896278
1509528625295|0.0|-0.027240695|-0.08172209
1509528625426|0.0|-0.013620348|-0.095342435
1509528625559|0.0|-0.013620348|-0.095342435
1509528625692|0.0|-0.013620348|-0.095342435
1509528625825|0.0|-0.013620348|-0.08172209
1509528625954|-0.013620348|-0.013620348|-0.08172209
1509528626090|0.0|-0.013620348|-0.08172209
1509528626219|-0.027240695|-0.013620348|-0.08172209
1509528626351|0.013620348|0.0|-0.08172209
1509528626482|-0.013620348|0.0|-0.08172209
1509528626615|0.0|0.0|-0.08172209
1509528626746|0.0|-0.013620348|-0.08172209
1509528626879|0.0|-0.013620348|-0.095342435
1509528627011|-0.013620348|-0.05448139|-0.095342435
1509528627141|0.0|-0.013620348|-0.095342435
1509528627275|0.0|-0.013620348|-0.08172209
1509528627411|-0.013620348|0.0|-0.05448139
1509528627792|0.0|-0.013620348|-0.08172209
1509528628089|0.013620348|-0.027240695|-0.08172209
1509528628197|0.013620348|-0.013620348|-0.08172209
1509528628330|0.013620348|-0.013620348|-0.10896278
1509528628462|0.013620348|-0.013620348|-0.08172209
1509528628594|0.013620348|-0.040861044|-0.068101734
1509528628727|0.013620348|-0.013620348|-0.08172209
1509528628858|0.013620348|-0.027240695|-0.068101734
1509528628991|0.027240695|-0.027240695|-0.08172209
1509528629123|0.013620348|-0.027240695|-0.08172209
1509528629255|0.027240695|-0.013620348|-0.08172209
1509528629386|0.013620348|-0.013620348|-0.08172209
1509528629519|0.040861044|-0.013620348|-0.095342435
1509528629650|-0.013620348|-0.027240695|-0.08172209
1509528629784|0.027240695|-0.027240695|-0.08172209
1509528629914|0.0|0.0|-0.08172209
1509528630047|0.027240695|0.0|-0.10896278
1509528630179|0.0|0.0|-0.08172209
1509528630312|0.0|0.0|-0.08172209
1509528630443|0.0|0.0|-0.08172209
1509528630576|0.068101734|-0.05448139|-0.013620348
1509528630708|0.013620348|0.0|-0.08172209
1509528630838|0.013620348|0.0|-0.10896278
1509528630970|0.0|0.0|-0.08172209
1509528631103|0.0|0.0|-0.05448139
1509528631235|0.0|0.0|-0.10896278
1509528631366|-0.027240695|0.0|-0.068101734
1509528631499|-0.013620348|-0.013620348|-0.095342435
1509528631631|-0.013620348|-0.027240695|-0.095342435
1509528631762|-0.013620348|-0.027240695|-0.10896278
1509528631896|-0.013620348|-0.027240695|-0.095342435
1509528632026|-0.013620348|-0.040861044|-0.095342435
1509528632159|0.0|-0.013620348|-0.08172209
1509528632290|-0.027240695|-0.013620348|-0.08172209
1509528632424|0.0|-0.013620348|-0.08172209
1509528632580|0.013620348|0.0|-0.08172209
1509528632762|-0.013620348|-0.027240695|-0.095342435
1509528632884|0.013620348|-0.013620348|-0.08172209
1509528633017|0.013620348|-0.013620348|-0.08172209
1509528633149|0.013620348|-0.013620348|-0.08172209
1509528633280|0.040861044|-0.027240695|-0.13620347
1509528633413|0.013620348|-0.027240695|-0.08172209
1509528633544|0.027240695|-0.013620348|-0.08172209
1509528633678|-0.013620348|-0.013620348|-0.040861044
1509528633808|0.013620348|-0.013620348|-0.05448139
1509528633940|-0.013620348|0.0|-0.05448139
1509528634073|0.0|0.0|-0.068101734
1509528634206|0.013620348|-0.013620348|-0.08172209
1509528634336|0.040861044|-0.027240695|-0.08172209
1509528634469|0.027240695|-0.068101734|-0.095342435
1509528634603|0.040861044|-0.027240695|-0.08172209
1509528634731|0.040861044|-0.027240695|-0.08172209
1509528634865|0.040861044|-0.027240695|-0.095342435
1509528634997|0.027240695|-0.027240695|-0.095342435
1509528635130|0.040861044|-0.013620348|-0.095342435
1509528635261|0.027240695|-0.027240695|-0.10896278
1509528635393|0.027240695|-0.027240695|-0.08172209
1509528635524|0.040861044|-0.027240695|-0.10896278
1509528635658|0.013620348|-0.027240695|-0.08172209
1509528635792|0.040861044|-0.027240695|-0.08172209
1509528635920|0.027240695|-0.027240695|-0.10896278
1509528636057|-0.08172209|-0.013620348|-0.08172209
1509528636185|0.013620348|-0.013620348|-0.08172209
1509528636323|0.040861044|-0.013620348|-0.08172209
1509528636448|0.040861044|-0.013620348|-0.08172209
1509528636581|0.040861044|-0.027240695|-0.08172209
1509528636713|0.040861044|-0.027240695|-0.08172209
1509528636859|-0.040861044|0.0|-0.05448139
1509528636978|0.040861044|-0.013620348|-0.08172209
1509528637109|0.068101734|-0.027240695|-0.095342435
1509528637241|0.08172209|-0.040861044|-0.08172209
1509528637374|0.08172209|-0.040861044|-0.08172209
1509528637505|0.068101734|-0.013620348|-0.08172209
1509528637636|0.05448139|-0.013620348|-0.10896278
1509528637770|0.040861044|-0.013620348|-0.095342435
1509528637900|0.040861044|-0.013620348|-0.08172209
1509528638032|0.013620348|-0.040861044|-0.068101734
1509528638166|0.05448139|-0.027240695|-0.12258312
1509528638296|0.05448139|-0.040861044|-0.08172209
1509528638428|0.040861044|-0.013620348|-0.08172209
1509528638560|0.05448139|-0.013620348|-0.095342435
1509528638693|0.05448139|-0.027240695|-0.095342435
1509528638825|0.05448139|-0.040861044|-0.095342435
1509528638957|0.05448139|-0.013620348|-0.095342435
1509528639088|0.040861044|-0.027240695|-0.08172209
1509528639222|0.040861044|-0.027240695|-0.08172209
1509528639354|0.068101734|-0.027240695|-0.095342435
1509528639485|0.05448139|-0.027240695|-0.08172209
1509528639616|0.05448139|-0.027240695|-0.08172209
1509528639749|0.027240695|-0.027240695|-0.08172209
1509528639881|0.05448139|-0.040861044|-0.095342435
1509528640013|0.068101734|-0.040861044|-0.095342435
1509528640148|0.05448139|-0.013620348|-0.08172209
1509528640276|0.040861044|0.0|-0.08172209
1509528640409|0.013620348|0.0|-0.068101734
1509528640540|0.027240695|0.0|-0.08172209
1509528640673|0.10896278|-0.040861044|-0.10896278
1509528640806|0.027240695|-0.013620348|-0.095342435
1509528640938|0.040861044|-0.013620348|-0.08172209
1509528641069|0.027240695|-0.013620348|-0.068101734
1509528641201|0.05448139|0.0|-0.095342435
1509528641332|0.05448139|-0.027240695|-0.08172209
1509528641467|-0.040861044|0.040861044|-0.08172209
1509528641596|0.013620348|-0.027240695|-0.08172209
1509528641728|0.0|0.0|-0.08172209
1509528641860|-0.013620348|0.013620348|-0.08172209
1509528641994|-0.027240695|0.013620348|-0.08172209
1509528642125|-0.027240695|0.013620348|-0.068101734
1509528642257|-0.08172209|0.027240695|-0.10896278
1509528642389|-0.013620348|0.0|-0.08172209
1509528642521|-0.08172209|0.013620348|-0.068101734
1509528642653|-0.095342435|0.013620348|-0.08172209
1509528642785|-0.095342435|0.040861044|-0.08172209
1509528642917|-0.10896278|0.013620348|-0.08172209
1509528643049|-0.095342435|0.013620348|-0.08172209
1509528643181|-0.095342435|0.027240695|-0.08172209
1509528643313|-0.095342435|0.013620348|-0.08172209
1509528643446|-0.095342435|0.013620348|-0.08172209
1509528643578|-0.095342435|0.027240695|-0.08172209
1509528643709|-0.10896278|0.013620348|-0.08172209
1509528643844|-0.10896278|0.013620348|-0.08172209
