1509546961657|0.038307227|-0.047884032|9.730036
1509546961789|0.019153614|-0.02873042|9.730036
1509546961921|0.038307227|-0.047884032|9.730036
1509546962054|0.02873042|-0.02873042|9.749189
1509546962186|0.047884032|-0.047884032|9.730036
1509546962317|0.019153614|-0.02873042|9.739613
1509546962451|0.019153614|-0.019153614|9.758766
1509546962581|0.019153614|-0.02873042|9.739613
1509546962720|0.019153614|-0.02873042|9.730036
1509546962846|0.038307227|-0.06703765|9.749189
1509546962977|0.02873042|-0.047884032|9.730036
1509546963109|0.038307227|-0.047884032|9.749189
1509546963241|0.019153614|-0.02873042|9.749189
1509546963373|0.047884032|-0.05746084|9.739613
1509546963505|0.019153614|-0.02873042|9.739613
1509546963637|0.009576807|-0.02873042|9.749189
1509546963769|0.02873042|-0.038307227|9.739613
1509546963901|0.02873042|-0.038307227|9.749189
1509546964035|0.038307227|-0.05746084|9.730036
1509546964165|0.02873042|-0.038307227|9.710882
1509546964302|0.02873042|-0.05746084|9.739613
1509546964433|0.019153614|-0.02873042|9.710882
1509546964571|0.02873042|-0.047884032|9.739613
1509546964693|0.02873042|-0.02873042|9.739613
1509546964825|0.038307227|-0.047884032|9.730036
1509546964957|0.009576807|-0.02873042|9.749189
1509546965089|0.038307227|-0.05746084|9.730036
1509546965223|0.047884032|-0.047884032|9.672575
1509546965353|0.047884032|-0.047884032|9.768343
1509546965491|0.02873042|-0.02873042|9.749189
1509546965622|0.02873042|-0.047884032|9.739613
1509546965750|0.038307227|-0.02873042|9.701305
1509546965887|0.02873042|-0.038307227|9.739613
1509546966018|0.009576807|-0.019153614|9.758766
1509546966148|0.009576807|-0.019153614|9.758766
1509546966277|0.009576807|-0.02873042|9.77792
1509546966409|0.009576807|-0.02873042|9.749189
1509546966541|0.009576807|-0.009576807|9.797073
1509546966673|0.009576807|-0.009576807|9.80665
1509546966805|0.02873042|-0.038307227|9.758766
1509546966939|0.009576807|-0.019153614|9.758766
1509546967069|0.009576807|-0.038307227|9.77792
1509546967203|-0.019153614|-0.019153614|9.797073
1509546967333|0.02873042|-0.038307227|9.758766
1509546967473|-0.009576807|-0.009576807|9.77792
1509546967600|0.019153614|-0.038307227|9.768343
1509546967732|0.019153614|-0.02873042|9.701305
1509546967861|0.038307227|-0.076614454|9.749189
1509546967995|0.009576807|-0.02873042|9.730036
1509546968125|0.038307227|-0.05746084|9.749189
1509546968258|0.009576807|-0.02873042|9.730036
1509546968389|0.038307227|-0.05746084|9.749189
1509546968521|0.009576807|-0.02873042|9.749189
1509546968653|0.038307227|-0.06703765|9.730036
1509546968785|0.019153614|-0.047884032|9.710882
1509546968919|0.038307227|-0.06703765|9.739613
1509546969054|0.009576807|-0.047884032|9.730036
1509546969183|0.047884032|-0.06703765|9.730036
1509546969315|0.019153614|-0.038307227|9.720459
1509546969446|0.047884032|-0.076614454|9.720459
1509546969577|0.019153614|-0.038307227|9.710882
1509546969709|0.047884032|-0.06703765|9.730036
1509546969841|0.009576807|-0.038307227|9.720459
1509546969974|0.047884032|-0.06703765|9.720459
1509546970105|0.009576807|-0.02873042|9.739613
1509546970238|0.038307227|-0.06703765|9.730036
1509546970370|0.019153614|-0.038307227|9.730036
1509546970501|0.038307227|-0.038307227|9.758766
1509546970638|0.019153614|-0.038307227|9.739613
1509546970768|0.038307227|-0.05746084|9.739613
1509546970904|0.019153614|-0.038307227|9.739613
1509546971033|0.038307227|-0.05746084|9.730036
1509546971161|0.019153614|-0.047884032|9.730036
1509546971293|0.047884032|-0.05746084|9.730036
1509546971426|0.02873042|-0.047884032|9.730036
1509546971557|0.02873042|-0.02873042|9.739613
1509546971689|0.02873042|-0.038307227|9.730036
1509546971821|0.019153614|-0.038307227|9.768343
1509546971954|0.06703765|-0.076614454|9.730036
1509546972085|0.009576807|-0.047884032|9.730036
1509546972217|0.05746084|-0.08619126|9.730036
1509546972349|0.009576807|-0.047884032|9.730036
1509546972481|0.047884032|-0.076614454|9.701305
1509546972620|0.009576807|-0.02873042|9.739613
1509546972746|0.038307227|-0.05746084|9.749189
1509546972878|0.019153614|-0.038307227|9.730036
1509546973009|0.019153614|-0.038307227|9.758766
1509546973141|0.019153614|-0.038307227|9.730036
1509546973278|0.038307227|-0.047884032|9.739613
1509546973405|0.019153614|-0.038307227|9.739613
1509546973537|0.038307227|-0.038307227|9.720459
1509546973669|0.038307227|-0.05746084|9.749189
1509546973803|0.047884032|-0.038307227|9.691729
1509546973934|0.038307227|-0.06703765|9.749189
1509546974074|0.02873042|-0.047884032|9.730036
1509546974201|0.047884032|-0.076614454|9.739613
1509546974333|0.019153614|-0.038307227|9.730036
1509546974461|0.05746084|-0.08619126|9.720459
1509546974599|0.009576807|-0.02873042|9.739613
1509546974725|0.047884032|-0.047884032|9.739613
1509546974857|0.019153614|-0.02873042|9.739613
1509546974990|0.038307227|-0.038307227|9.710882
1509546975121|0.02873042|-0.047884032|9.739613
1509546975254|0.038307227|-0.02873042|9.749189
1509546975385|0.02873042|-0.047884032|9.730036
1509546975524|0.019153614|-0.047884032|9.730036
1509546975652|0.038307227|-0.05746084|9.730036
1509546975783|0.02873042|-0.047884032|9.730036
1509546975918|0.047884032|-0.06703765|9.730036
1509546976054|0.02873042|-0.047884032|9.720459
1509546976177|0.02873042|-0.06703765|9.768343
1509546976309|0.02873042|-0.047884032|9.730036
1509546976441|0.076614454|-0.05746084|9.691729
1509546976573|0.019153614|-0.02873042|9.739613
1509546976705|0.038307227|-0.038307227|9.739613
1509546976837|0.02873042|-0.038307227|9.730036
1509546976973|0.047884032|-0.047884032|9.730036
1509546977104|0.02873042|-0.047884032|9.730036
1509546977240|0.02873042|-0.047884032|9.710882
1509546977365|0.02873042|-0.038307227|9.739613
1509546977503|0.019153614|-0.019153614|9.749189
1509546977633|0.05746084|-0.06703765|9.739613
1509546977761|0.009576807|-0.019153614|9.739613
1509546977893|0.047884032|-0.076614454|9.739613
1509546978026|0.02873042|-0.038307227|9.672575
1509546978157|0.05746084|-0.095768064|9.749189
1509546978289|0.019153614|-0.047884032|9.720459
1509546978421|0.076614454|-0.10534488|9.710882
1509546978553|0.0|-0.02873042|9.720459
1509546978685|0.05746084|-0.047884032|9.701305
1509546978819|0.009576807|-0.02873042|9.730036
1509546978949|0.038307227|-0.038307227|9.749189
1509546979083|0.038307227|-0.05746084|9.720459
1509546979215|0.019153614|-0.02873042|9.787497
1509546979345|0.05746084|-0.095768064|9.701305
1509546979477|0.02873042|-0.06703765|9.730036
1509546979611|0.05746084|-0.08619126|9.720459
1509546979741|0.009576807|-0.02873042|9.739613
1509546979873|0.038307227|-0.047884032|9.749189
1509546980005|0.019153614|-0.038307227|9.730036
1509546980137|0.038307227|-0.05746084|9.730036
1509546980269|0.05746084|-0.05746084|9.730036
1509546980401|0.038307227|-0.06703765|9.720459
1509546980533|0.05746084|-0.08619126|9.739613
1509546980671|0.019153614|-0.038307227|9.730036
1509546980804|0.02873042|-0.019153614|9.749189
1509546980934|0.009576807|-0.02873042|9.730036
1509546981061|0.02873042|-0.02873042|9.730036
1509546981194|0.038307227|-0.047884032|9.758766
1509546981326|0.019153614|-0.047884032|9.730036
1509546981457|0.038307227|-0.047884032|9.749189
1509546981589|0.019153614|-0.038307227|9.730036
1509546981721|0.019153614|-0.038307227|9.749189
1509546981853|0.02873042|-0.05746084|9.739613
1509546981988|0.02873042|-0.038307227|9.739613
1509546982118|0.047884032|-0.06703765|9.720459
1509546982249|0.02873042|-0.047884032|9.739613
1509546982386|0.038307227|-0.047884032|9.739613
1509546982521|0.009576807|-0.019153614|9.758766
1509546982646|0.02873042|-0.038307227|9.739613
1509546982777|0.02873042|-0.047884032|9.749189
1509546982909|0.02873042|-0.047884032|9.739613
1509546983041|0.047884032|-0.06703765|9.730036
1509546983173|0.038307227|-0.05746084|9.730036
1509546983306|0.038307227|-0.038307227|9.749189
1509546983437|0.009576807|-0.009576807|9.749189
1509546983569|0.02873042|-0.019153614|9.710882
1509546983701|0.05746084|-0.076614454|9.739613
1509546983837|0.02873042|-0.02873042|9.739613
1509546983973|0.038307227|-0.06703765|9.739613
1509546984103|0.019153614|-0.047884032|9.739613
1509546984229|0.038307227|-0.06703765|9.768343
1509546984361|0.02873042|-0.02873042|9.749189
1509546984493|0.047884032|-0.047884032|9.730036
1509546984626|0.02873042|-0.038307227|9.730036
1509546984757|0.02873042|-0.038307227|9.720459
1509546984889|0.02873042|-0.047884032|9.739613
1509546985021|0.019153614|-0.047884032|9.720459
1509546985153|0.047884032|-0.08619126|9.749189
1509546985285|0.019153614|-0.05746084|9.730036
1509546985417|0.06703765|-0.08619126|9.730036
1509546985554|0.009576807|-0.047884032|9.720459
1509546985683|0.038307227|-0.05746084|9.739613
1509546985814|0.0|-0.019153614|9.739613
1509546985946|0.05746084|-0.038307227|9.730036
1509546986077|0.009576807|-0.019153614|9.749189
1509546986209|0.02873042|-0.038307227|9.739613
1509546986342|0.009576807|-0.02873042|9.739613
1509546986476|0.02873042|-0.05746084|9.730036
1509546986605|0.05746084|-0.06703765|9.730036
1509546986737|0.02873042|-0.047884032|9.730036
1509546986869|0.047884032|-0.05746084|9.720459
1509546987004|0.019153614|-0.047884032|9.739613
1509546987133|0.038307227|-0.047884032|9.739613
1509546987268|0.019153614|-0.02873042|9.739613
1509546987397|0.038307227|-0.02873042|9.710882
1509546987533|0.02873042|-0.047884032|9.739613
1509546987661|0.019153614|-0.047884032|9.739613
1509546987793|0.047884032|-0.06703765|9.730036
1509546987925|0.02873042|-0.06703765|9.730036
1509546988057|0.047884032|-0.08619126|9.730036
1509546988189|0.038307227|-0.05746084|9.730036
1509546988321|0.02873042|-0.02873042|9.749189
1509546988454|0.019153614|-0.02873042|9.730036
1509546988586|0.019153614|-0.02873042|9.749189
1509546988717|0.038307227|-0.05746084|9.739613
1509546988852|0.019153614|-0.047884032|9.730036
1509546988984|0.05746084|-0.076614454|9.710882
1509546989121|0.02873042|-0.05746084|9.720459
1509546989247|0.038307227|-0.05746084|9.739613
1509546989377|0.009576807|-0.019153614|9.739613
1509546989511|0.02873042|-0.02873042|9.739613
1509546989642|0.02873042|-0.038307227|9.739613
1509546989773|0.02873042|-0.047884032|9.739613
1509546989905|0.047884032|-0.076614454|9.710882
1509546990038|0.02873042|-0.05746084|9.739613
1509546990169|0.047884032|-0.047884032|9.710882
1509546990304|0.009576807|-0.02873042|9.758766
1509546990433|0.02873042|-0.02873042|9.749189
1509546990570|0.019153614|-0.019153614|9.739613
1509546990701|0.019153614|-0.02873042|9.768343
1509546990830|0.038307227|-0.05746084|9.710882
1509546990961|0.02873042|-0.05746084|9.739613
1509546991096|0.047884032|-0.076614454|9.730036
1509546991225|0.019153614|-0.038307227|9.749189
1509546991357|0.038307227|-0.05746084|9.768343
1509546991489|0.019153614|-0.02873042|9.739613
1509546991623|0.047884032|-0.038307227|9.710882
1509546991753|0.019153614|-0.038307227|9.749189
1509546991891|0.019153614|-0.047884032|9.739613
1509546992021|0.047884032|-0.076614454|9.77792
1509546992154|0.02873042|-0.05746084|9.730036
1509546992288|0.047884032|-0.05746084|9.730036
1509546992422|0.019153614|-0.038307227|9.730036
1509546992547|0.038307227|-0.02873042|9.749189
1509546992677|0.019153614|-0.02873042|9.730036
1509546992809|0.009576807|-0.009576807|9.787497
1509546992941|0.019153614|-0.038307227|9.739613
1509546993073|0.009576807|-0.02873042|9.758766
1509546993205|0.02873042|-0.038307227|9.758766
1509546993338|0.0|-0.019153614|9.749189
1509546993469|0.02873042|-0.02873042|9.758766
1509546993601|0.0|0.0|9.758766
1509546993733|0.0|-0.009576807|9.758766
1509546993872|0.019153614|-0.019153614|9.749189
1509546994004|0.019153614|-0.047884032|9.749189
1509546994129|0.038307227|-0.05746084|9.730036
1509546994261|0.009576807|-0.038307227|9.749189
1509546994394|0.02873042|-0.038307227|9.749189
1509546994525|0.019153614|-0.038307227|9.739613
1509546994657|0.019153614|-0.038307227|9.739613
1509546994789|0.038307227|-0.038307227|9.739613
1509546994921|0.02873042|-0.038307227|9.739613
1509546995053|0.02873042|-0.038307227|9.720459
1509546995185|0.02873042|-0.038307227|9.720459
