1510206314280|-5.46753|2.0866768|7.869071
1510206314387|-5.177866|2.406309|7.9730654
1510206314501|-5.0588818|2.7648237|7.933086
1510206314617|-5.109946|2.7225332|7.9149647
1510206314731|-4.9727774|2.8782876|7.947159
1510206314848|-4.978727|2.8378108|7.957983
1510206314963|-4.9399123|2.8187282|7.9888935
1510206315078|-4.9415584|2.783945|8.000065
1510206315192|-4.973545|2.6372359|8.029896
1510206315309|-5.0373783|2.4970255|8.034927
1510206315423|-5.027457|2.4702294|8.049412
1510206315538|-4.947864|2.5364532|8.078084
1510206315651|-4.9290056|2.5147595|8.096374
1510206315766|-4.9071064|2.495571|8.115591
1510206315881|-4.8954015|2.4238248|8.144354
1510206315996|-4.9324913|2.4054027|8.127419
1510206316112|-4.946638|2.430508|8.111337
1510206316228|-4.8747835|2.4300642|8.154855
1510206316345|-4.8826146|2.5503774|8.113325
1510206316457|-4.610376|3.0062866|8.116468
1510206316572|-4.7393727|2.9997232|8.044276
1510206316688|-4.7962394|2.9626758|8.024277
1510206316803|-4.847097|2.880786|8.023535
1510206316917|-4.854467|3.075892|7.946284
1510206317032|-4.928525|3.162783|7.8661833
1510206317148|-5.0129814|3.1503975|7.817634
1510206317264|-4.8604646|2.997336|7.972594
1510206317376|-4.3968754|2.8875642|8.276463
1510206317491|-4.2527003|2.7777207|8.388635
1510206317608|-4.287551|2.9929476|8.296359
1510206317723|-3.8953617|2.769724|8.563012
1510206317838|-4.1524158|2.9292147|8.387343
1510206317953|-4.0013742|2.757539|8.517944
1510206318068|-4.148948|2.7728872|8.442019
1510206318184|-3.8759766|2.525195|8.646999
1510206318300|-3.7396917|2.736529|8.6427145
1510206318413|-3.131162|2.4764166|8.957319
1510206318529|-2.630371|2.0423398|9.223903
1510206318645|-2.62789|2.6619213|9.065249
1510206318759|-2.760799|2.1141903|9.169437
1510206318874|-3.2558208|1.3822329|9.146554
1510206318988|-3.3713849|0.30292174|9.203935
1510206319103|-2.7623827|0.22673042|9.406817
1510206319220|-2.5111413|-0.27889615|9.475589
1510206319334|-1.517472|-0.22687024|9.685877
1510206319449|-2.3393378|0.4614198|9.51236
1510206319563|-3.2097561|0.22259828|9.263817
1510206319680|-2.9877977|0.65381974|9.317509
1510206319793|-3.426431|0.37317497|9.180997
1510206319909|-3.220824|0.5584208|9.245802
1510206320024|-2.8250303|0.76416445|9.359788
1510206320137|-2.366617|0.8807838|9.475955
1510206320254|-2.1865482|0.8548261|9.521484
1510206320368|-1.851627|0.84044415|9.593514
1510206320482|-1.7965381|0.4289479|9.63114
1510206320599|-1.798656|0.999979|9.588288
1510206320714|-2.8061516|1.2328821|9.315359
1510206320830|-3.8435237|1.4866309|8.898744
1510206320944|-3.109765|2.3309565|9.003688
1510206321060|-2.9748676|3.1414435|8.800675
1510206321173|-3.1388173|3.489297|8.610634
1510206321288|-3.00788|3.6645052|8.584546
1510206321404|-3.273343|3.3692076|8.608372
1510206321519|-3.5009036|2.862025|8.701889
1510206321634|-3.7806172|3.0085077|8.533827
1510206321749|-4.1820107|2.9937644|8.349763
1510206321865|-4.2241087|3.0708127|8.300446
1510206321978|-3.7101328|2.8634117|8.614301
1510206322095|-3.4071562|2.5235167|8.842711
1510206322208|-3.394054|2.3733842|8.889197
1510206322324|-3.045222|2.2742128|9.040187
1510206322439|-2.5813825|1.9301175|9.261829
1510206322554|-2.5820117|1.533612|9.335505
1510206322670|-2.535824|1.5369103|9.347614
1510206322783|-2.4854|1.8825036|9.297815
1510206322901|-2.1069498|2.260052|9.307165
1510206323014|-2.3594797|2.6884|9.131033
1510206323131|-2.9425142|3.4167223|8.708502
1510206323244|-3.1383142|3.7400036|8.504926
1510206323358|-3.2180798|4.033285|8.339481
1510206323473|-3.1934917|4.114532|8.309189
1510206323588|-3.0951633|4.110681|8.348212
1510206323704|-3.6265507|4.3807955|7.989189
1510206323820|-4.0958605|4.2161765|7.849724
1510206323934|-4.4453526|4.113935|7.712637
1510206324049|-4.9019265|4.2158165|7.373493
1510206324164|-4.8383904|4.0477495|7.508402
1510206324281|-5.1513386|3.9151082|7.3692613
1510206324393|-5.7229657|3.9368658|6.922365
1510206324510|-4.6544313|3.2583785|7.9930983
1510206324625|-4.6269765|2.830905|8.169911
1510206324740|-4.612878|2.5154707|8.280348
1510206324854|-4.238603|2.170916|8.572733
1510206324971|-4.077203|1.872682|8.720084
1510206325085|-4.2089634|1.589747|8.713652
1510206325199|-4.317182|0.8973873|8.7593975
1510206325315|-3.9906633|0.72103727|8.928892
1510206325428|-3.8994997|0.7479798|8.966874
1510206325544|-3.1895714|0.50664634|9.259607
1510206325660|-2.1629987|0.28388953|9.560923
1510206325775|-2.3205757|0.13036215|9.527241
1510206325889|-2.455687|0.33499545|9.4882965
1510206326005|-3.1703248|1.0042957|9.225553
1510206326120|-3.5181177|1.1551812|9.080682
1510206326235|-2.3611374|0.5354531|9.503089
1510206326349|-1.46239|-0.03520144|9.696936
1510206326464|-1.3223345|-0.08077342|9.716754
1510206326579|-1.0482156|0.09115481|9.750042
1510206326694|-0.7159182|0.16032794|9.779168
1510206326811|-0.5984389|-0.2492057|9.785201
1510206326925|-0.8244743|-0.09596565|9.77146
1510206327040|-1.538723|0.94845504|9.638628
1510206327154|-2.4036949|1.9277754|9.310013
1510206327270|-2.3094885|1.9632221|9.326436
1510206327384|-2.7135167|1.9926363|9.21068
1510206327500|-3.1739383|2.5385427|8.924813
1510206327615|-3.7007759|2.3572552|8.77029
1510206327729|-3.7074492|2.5088952|8.725288
1510206327845|-3.5944254|2.3564565|8.814624
1510206327960|-3.4953916|2.3069482|8.867391
1510206328075|-3.361725|2.1374161|8.961062
1510206328190|-2.4625127|1.6075917|9.355323
1510206328305|-1.7693616|1.1397651|9.5781355
1510206328420|-1.7378976|1.1984863|9.576729
1510206328535|-1.5408409|1.1497595|9.616353
1510206328651|-1.3104637|1.0364087|9.663278
1510206328764|-0.9686508|0.938863|9.713427
1510206328880|-0.8003862|0.81717014|9.739713
1510206328995|-0.881791|0.70731425|9.74128
1510206329111|-0.96162224|0.70744216|9.733714
1510206329224|-1.4148645|0.78434193|9.672298
1510206329339|-2.389826|0.9760636|9.460783
1510206329455|-2.4583204|0.90750194|9.450052
1510206329570|-2.566122|1.018494|9.409999
1510206329685|-2.8988128|0.9196873|9.323167
1510206329800|-3.7500064|0.84629655|9.02173
1510206329917|-4.225298|0.7244878|8.819998
1510206330029|-4.24631|0.35018295|8.832702
1510206330146|-2.214527|-0.36326125|9.546429
1510206330261|-1.8375252|-0.8218045|9.597839
1510206330376|-2.0703716|-0.526345|9.57115
1510206330490|-2.9069574|0.16828892|9.364383
1510206330607|-2.7724931|-0.23290692|9.403693
1510206330721|-1.8078232|0.81891185|9.603725
1510206330836|-0.28041065|1.1304911|9.737235
1510206330951|0.6050094|1.3758631|9.690787
1510206331066|1.2001746|1.0098443|9.680402
1510206331181|2.1225657|1.7048274|9.421182
1510206331296|2.1393163|2.0601656|9.346091
1510206331412|2.2372818|2.4931908|9.216777
1510206331525|2.2532043|1.9567192|9.341558
1510206331641|2.7816195|2.33942|9.108244
1510206331757|2.7852309|2.246808|9.130428
1510206331870|3.1410272|2.501482|8.946895
1510206331986|3.027879|3.1744998|8.770683
1510206332100|3.0986607|2.9818554|8.813469
1510206332215|3.3473582|2.955152|8.731132
1510206332330|3.3672166|2.6157055|8.831214
1510206332446|3.2410688|2.0959616|9.015142
1510206332561|3.481184|2.212336|8.897039
1510206332675|3.5737004|2.3916438|8.813575
1510206332791|3.3824368|2.2046747|8.936941
1510206332906|3.1780248|1.9619304|9.0676
1510206333020|3.045497|1.9431797|9.116983
1510206333136|3.0010054|1.7865472|9.163656
1510206333251|2.9468641|1.7884223|9.180846
1510206333367|2.917095|1.6951431|9.20801
1510206333480|2.8432903|1.7406132|9.2226
1510206333596|2.852247|1.619755|9.241833
1510206333712|2.798949|1.6276058|9.256737
1510206333827|2.8176599|1.5602608|9.262655
1510206333942|2.8219738|1.5893536|9.2563925
1510206334056|2.8960502|1.530249|9.2434635
1510206334170|2.8974605|1.5160626|9.245359
1510206334285|2.8567278|1.4824479|9.263468
1510206334403|2.7802272|1.3173913|9.311563
1510206334517|2.7765067|1.1061804|9.3401165
1510206334631|2.576976|1.0754589|9.40069
1510206334746|2.668505|1.0306783|9.380148
1510206334860|2.627027|1.0143962|9.393621
1510206334975|2.5236359|0.8832866|9.435118
1510206335091|2.8742414|0.8999752|9.332693
1510206335204|2.9144874|0.25537768|9.360071
1510206335321|2.6405911|-0.27033302|9.440581
1510206335436|2.9605138|-0.21490043|9.346633
1510206335551|3.3219903|-0.040304516|9.226762
1510206335667|3.1653557|0.051077504|9.281611
1510206335780|3.3341322|0.07316844|9.222179
1510206335896|3.3318403|0.0694955|9.223037
1510206336011|3.6427534|0.3700867|9.09746
1510206336126|3.4744473|0.40675136|9.161504
1510206336242|3.8160214|1.4081132|8.923318
1510206336357|3.7501602|1.5542372|8.926983
1510206336472|3.8756723|1.9506296|8.794578
1510206336588|3.7398534|1.582642|8.926316
1510206336702|3.7886248|2.017499|8.817392
1510206336816|3.8410368|1.9017156|8.820448
1510206336932|3.743077|1.9689951|8.847758
1510206337047|3.7096741|1.8625655|8.884793
1510206337161|3.553985|1.8493007|8.950959
1510206337278|3.5753882|1.766757|8.959105
1510206337393|3.5365858|1.6986964|8.987623
1510206337508|3.5769403|1.3938642|9.024025
1510206337623|3.366081|1.5604428|9.077715
1510206337737|3.355373|1.6591277|9.064169
1510206337854|3.3371074|1.6325449|9.075731
1510206337967|3.3518345|1.7886679|9.040811
1510206338084|3.266875|1.6020764|9.106661
1510206338197|3.4764404|1.7454731|9.002114
1510206338312|3.6654258|1.6541407|8.944208
1510206338428|3.5703635|1.6007074|8.992254
1510206338544|3.3762174|1.768707|9.035664
1510206338658|2.9635303|1.8181282|9.16964
1510206338774|3.0448627|1.9113492|9.123922
1510206338886|3.0477858|1.9376547|9.117395
1510206339004|3.1088953|1.700153|9.144104
1510206339119|3.122321|1.596224|9.158252
1510206339236|3.20383|1.4195502|9.159189
1510206339347|3.2284803|1.2287872|9.178093
1510206339464|3.093571|0.8772315|9.264485
1510206339578|3.0491865|0.49835658|9.307227
1510206339693|3.0077212|-0.131893|9.333092
1510206339808|3.2250383|0.2641079|9.257417
1510206339923|3.1164284|0.010292713|9.298287
1510206340037|3.2898097|0.08745684|9.23796
1510206340153|3.261141|0.15456808|9.24724
1510206340269|3.3189394|0.080191724|9.227599
1510206340382|3.3135567|0.09779598|9.229365
1510206340499|3.4001234|0.27214852|9.194318
1510206340614|3.525676|0.49712652|9.137443
1510206340728|3.6802125|1.1400151|9.018136
1510206340844|3.5927846|1.1647648|9.050173
1510206340959|3.832944|1.0752896|8.962293
1510206341074|3.9189634|1.0289348|8.930476
1510206341189|4.11977|0.91111326|8.852556
1510206341306|4.2155414|1.1839408|8.774844
1510206341418|4.2756133|1.3154775|8.726915
1510206341533|4.258335|1.3932266|8.723296
1510206341650|4.209092|1.3873128|8.748103
1510206341764|4.1614647|1.5063194|8.751206
1510206341877|4.3369784|1.9286402|8.581454
1510206341996|4.3676248|2.0298452|8.5424795
1510206342109|4.174656|1.8596568|8.676653
1510206342225|4.1085544|1.8035231|8.719947
1510206342339|3.9474425|1.778233|8.799203
1510206342455|3.7754304|1.6607332|8.897105
1510206342570|3.8138978|1.6773343|8.8775625
1510206342685|3.7429624|1.708771|8.901726
1510206342800|3.7473574|1.7065953|8.900293
1510206342914|3.7392974|1.7333268|8.898518
1510206343029|3.7462294|1.7670394|8.888966
1510206343145|3.9071374|1.8965284|8.792488
1510206343259|4.0105643|1.8601453|8.753606
1510206343375|4.132949|1.721637|8.724969
1510206343487|4.1995993|1.6481454|8.707317
1510206343603|4.2391667|1.620031|8.693409
1510206343718|4.36491|1.6960573|8.616341
1510206343836|4.635388|1.8775762|8.435536
1510206343949|4.8801255|2.1478977|8.230511
1510206344064|4.7587433|1.9933866|8.339734
1510206344178|4.268122|1.9941856|8.600972
1510206344294|3.6617582|1.9544371|8.884936
1510206344408|2.9593835|1.833282|9.16796
1510206344526|2.9632373|1.8380864|9.165754
1510206344639|2.9974377|1.8994052|9.142101
1510206344754|3.0954094|1.9508209|9.098523
1510206344871|3.3549478|2.296038|8.924288
1510206344983|2.9022703|2.2852414|9.084321
1510206345098|3.0332437|2.067192|9.093763
1510206345216|3.1184936|2.0484743|9.069131
1510206345328|2.9767356|1.5978594|9.206318
1510206345444|3.1506083|1.6143383|9.145379
1510206345560|3.3065271|1.5744717|9.097159
1510206345674|3.4342728|1.6273558|9.040346
1510206345790|3.630829|1.3584523|9.00789
1510206345906|3.440417|0.9784325|9.131078
1510206346019|3.273285|0.7890219|9.210506
