1510206296558|-0.1598382|0.13543391|0.3313794
1510206296674|-0.6520324|-0.1642139|-0.19495916
1510206296787|0.877203|-0.18650866|0.40375376
1510206296903|-0.2771883|0.36802292|-1.9038782
1510206297018|-0.043699265|0.34893847|0.6423445
1510206297134|-0.23773766|-0.23963165|-0.6537032
1510206297248|0.23042345|0.15733385|0.38882256
1510206297364|0.1841569|0.04894638|-0.38795948
1510206297480|-0.067209244|-0.13399887|0.22992516
1510206297594|-0.024337769|0.22652245|0.21051836
1510206297708|-0.07508898|-0.041632175|0.016219616
1510206297824|0.23649836|0.15957546|0.52744436
1510206297938|0.048544407|-0.08814764|0.002851963
1510206298055|0.15502691|-0.013327599|0.018455029
1510206298167|0.043718815|0.1813941|0.26339245
1510206298283|-0.19284058|-0.08004999|0.008450031
1510206298398|0.02903986|0.0035648346|0.055075645
1510206298513|0.025051594|0.11873102|0.05765009
1510206298628|-0.08651447|-0.04406643|-0.11044216
1510206298751|0.0101213455|-0.0259943|-0.034204483
1510206298858|-0.07183504|0.0034937859|-0.08494234
1510206298973|0.13727331|0.059129715|-0.42186737
1510206299089|0.0941968|0.09298277|0.3197813
1510206299204|0.016488075|-0.06436205|0.05136633
1510206299317|-0.08332157|0.123720646|-0.22407818
1510206299435|-0.017755032|-0.11124992|-0.24501848
1510206299548|0.21887207|0.17154455|0.3050003
1510206299664|-0.17129469|-0.15066385|0.04664707
1510206299779|-0.0688982|0.25074768|-0.25607777
1510206299893|-0.018635273|-0.1480546|-0.24586678
1510206300008|-1.3399124E-4|0.08476114|0.047531605
1510206300123|-0.113792896|-0.021307945|0.29232168
1510206300238|0.062803745|-0.10444307|-0.19920826
1510206300355|-0.04175949|0.13293695|-0.15073061
1510206300469|0.093957424|0.0501523|0.23308372
1510206300585|0.009660721|0.0687685|-0.2941637
1510206300699|-0.04005432|0.02150917|0.10570097
1510206300815|-0.15100193|-0.06867075|-0.015794754
1510206300928|-0.021159172|0.13182545|-0.25160503
1510206301043|0.09171724|0.08702946|0.1793294
1510206301160|0.24930525|0.07488108|-0.5931778
1510206301274|0.0029888153|0.05972767|0.042131424
1510206301388|0.14268947|0.033014297|-0.1828022
1510206301505|0.030342579|-0.053007364|0.07680607
1510206301619|-0.09475517|0.08148408|0.31403255
1510206301735|-0.0036273003|-0.04194212|-0.27613926
1510206301850|0.00447464|-0.073442936|-0.16709757
1510206301964|-0.12276983|0.19026518|0.23512173
1510206302080|-0.027678013|0.13499117|0.21509314
1510206302195|0.11158228|-0.17041731|-0.239707
1510206302309|-0.12388563|-0.09406853|5.159378E-4
1510206302425|-0.028841019|0.04958105|-0.19149017
1510206302542|0.45964432|0.14306355|-0.26028013
1510206302655|0.07911348|-0.10042477|-0.032730103
1510206302768|0.021280289|0.18226814|-0.25562048
1510206302884|-0.2052722|-0.28617954|-0.41792202
1510206302999|-0.12980604|0.14772797|0.31578875
1510206303115|0.04401827|-0.10103655|-0.026153564
1510206303230|-0.06105423|0.0012598038|-0.06818104
1510206303344|-0.019752026|-0.01069355|0.4824686
1510206303459|0.016660213|0.10868597|0.28046322
1510206303575|0.05524397|-0.08205414|-0.085902214
1510206303690|-0.11750841|-0.022004604|-0.11459112
1510206303805|-0.043498516|-0.07219839|-0.0033564568
1510206303919|0.05407667|0.025654793|0.143219
1510206304034|-0.04797125|-0.061477184|-0.039051533
1510206304150|0.022842407|-0.027049065|-0.0012674332
1510206304264|0.17107105|0.014383793|0.07586908
1510206304380|0.12959623|0.03669834|0.12686634
1510206304496|0.052962303|0.03403902|0.03145981
1510206304609|-0.06463909|-0.05764103|-0.056052208
1510206304724|-0.20487499|0.118545055|0.41862345
1510206304839|0.19137383|-0.076113224|0.22770262
1510206304954|-0.044527054|0.040542603|0.16778946
1510206305072|-0.025046825|0.029886723|-0.05373478
1510206305186|0.033281326|0.072051525|0.1751008
1510206305300|0.033364773|-0.059812546|0.30903578
1510206305414|-0.059271812|0.017615318|-0.020231724
1510206305529|0.023348331|0.03945875|0.09009981
1510206305647|-0.018881321|-0.101462364|0.057072163
1510206305759|0.0033688545|0.03277254|0.029227734
1510206305875|0.014980316|-0.058096886|-0.12992
1510206305990|-0.19051981|-0.14478922|-0.03244114
1510206306105|-0.046156883|0.04532814|0.0985446
1510206306220|-0.062862396|0.005092144|-0.05845642
1510206306335|-0.0060191154|-0.15398741|-0.06640148
1510206306451|0.0026259422|0.24349451|0.17965746
1510206306566|-0.24820662|-0.17948675|-0.25497866
1510206306680|-0.143394|0.008248806|-0.11934471
1510206306797|-0.121647835|0.043055534|0.047940254
1510206306912|0.039534092|-0.018922329|-0.057519436
1510206307024|0.034167767|0.13532066|-0.14029217
1510206307139|-0.03715849|0.48631668|-0.17799139
1510206307255|0.4859228|-0.010341167|-0.25887775
1510206307371|0.21941566|-0.040151|0.014633179
1510206307485|-0.22071362|-0.024681926|1.1193743
1510206307602|-0.25489235|0.19954228|0.33177948
1510206307717|-0.0028309822|-0.2558874|0.20971775
1510206307831|-0.22295189|-0.025775433|1.063777
1510206307945|-0.43285465|0.013156414|0.40913105
1510206308060|-0.04525137|-0.050240636|0.15834999
1510206308175|-0.0034976006|-0.022304893|-0.41110992
1510206308290|-0.08380175|-0.095394015|0.32715893
1510206308404|-0.26986456|0.10542995|1.0421314
1510206308521|0.057792187|-0.075606585|-0.34741879
1510206308636|0.009475708|0.020733237|0.63892365
1510206308751|-0.10901213|0.022104383|0.45505714
1510206308866|-0.005312443|-0.0093512535|-0.41849804
1510206308981|-0.045728683|-0.18349612|0.031871796
1510206309096|0.105778694|0.13937831|0.030524254
1510206309211|-0.016207933|-0.5367155|-0.4192238
1510206309326|0.06627941|0.0046846867|0.75858593
1510206309440|0.087183|0.001928091|-0.14784336
1510206309557|0.10309696|-0.111177444|-0.4167881
1510206309671|-0.01391983|0.03304243|-0.15833187
1510206309785|-0.096517086|0.036393404|0.11378193
1510206309902|-0.13108253|-0.02187705|0.2258339
1510206310018|0.013991833|-0.12622309|0.09330845
1510206310131|-0.0932827|0.032504797|0.04669094
1510206310248|-0.20996618|-0.07436919|-0.10937214
1510206310361|-0.21617174|-0.08262682|-0.07742882
1510206310476|-0.23997736|0.091959|-0.16856003
1510206310591|-0.16781092|-0.27654815|0.30576992
1510206310706|-0.036551952|-0.06822753|-0.7747836
1510206310820|-0.19178057|-0.01920867|0.18620443
1510206310941|0.043504715|0.02500391|0.27306652
1510206311051|-0.0952158|-0.10760641|-0.036817074
1510206311167|0.01063776|-0.015886307|0.03883791
1510206311281|0.08423805|-0.055946827|-0.057264805
1510206311395|-0.07284212|0.015385866|-0.26914644
1510206311512|-0.12377262|-0.09185219|0.1708026
1510206311627|-0.03126812|-0.14931679|0.18164301
1510206311741|0.021959782|-0.058229685|-0.04478407
1510206311858|0.106981754|0.0982275|-0.15674114
1510206311972|0.16418028|0.2171588|0.17542839
1510206312085|-0.1422143|-0.072538376|0.13229704
1510206312201|0.1188035|-0.109725475|-0.2820573
1510206312317|-0.070286274|0.130795|0.10541773
1510206312432|0.10101175|-0.05090809|-0.10239506
1510206312548|-0.10001087|0.041185856|0.11141348
1510206312662|0.06593704|0.013448715|-0.08453703
1510206312777|-0.21030617|-0.19904566|0.07623339
1510206312891|-0.2630825|0.24781346|-0.19178009
1510206313007|0.17778587|-0.107029915|0.2947874
