1509512680801|0.013620348|-0.027240695|9.80665
1509512680933|0.0|-0.027240695|9.80665
1509512681064|0.0|-0.027240695|9.80665
1509512681197|0.0|-0.013620348|9.80665
1509512681330|0.0|-0.013620348|9.80665
1509512681461|0.0|-0.013620348|9.80665
1509512681592|0.0|-0.013620348|9.80665
1509512681724|0.0|-0.013620348|9.80665
1509512681857|0.0|-0.013620348|9.80665
1509512681988|0.0|-0.013620348|9.80665
1509512682122|0.0|-0.013620348|9.80665
1509512682252|0.0|-0.013620348|9.80665
1509512682385|0.0|-0.013620348|9.80665
1509512682516|0.0|-0.013620348|9.80665
1509512682648|0.0|-0.013620348|9.80665
1509512682781|0.0|-0.013620348|9.80665
1509512682912|0.0|-0.013620348|9.80665
1509512683045|0.0|-0.013620348|9.80665
1509512683177|0.0|-0.013620348|9.80665
1509512683308|0.0|-0.013620348|9.80665
1509512683441|0.0|-0.013620348|9.80665
1509512683573|0.0|-0.013620348|9.80665
1509512683705|0.0|-0.013620348|9.80665
1509512683837|0.0|-0.013620348|9.80665
1509512683968|-0.013620348|-0.027240695|9.80665
1509512684100|0.0|-0.027240695|9.80665
1509512684232|0.0|-0.013620348|9.80665
1509512684365|0.0|-0.013620348|9.80665
1509512684496|0.0|-0.013620348|9.80665
1509512684629|0.0|-0.013620348|9.80665
1509512684760|0.0|-0.013620348|9.80665
1509512684893|0.0|-0.013620348|9.80665
1509512685025|0.0|-0.013620348|9.80665
1509512685157|0.0|-0.013620348|9.80665
1509512685289|0.0|-0.013620348|9.80665
1509512685420|0.0|-0.013620348|9.80665
1509512685553|-0.013620348|-0.040861044|9.80665
1509512685685|-0.013620348|-0.040861044|9.80665
1509512685817|0.0|-0.027240695|9.80665
1509512685948|-0.013620348|-0.013620348|9.80665
1509512686080|-0.013620348|-0.013620348|9.80665
1509512686212|0.0|-0.027240695|9.80665
1509512686344|0.0|-0.013620348|9.80665
1509512686476|-0.013620348|-0.027240695|9.80665
1509512686608|-0.013620348|-0.027240695|9.80665
1509512686740|0.0|-0.027240695|9.80665
1509512686873|0.0|-0.027240695|9.80665
1509512687005|0.0|-0.027240695|9.80665
1509512687137|0.0|-0.027240695|9.80665
1509512687269|0.0|-0.013620348|9.80665
1509512687401|-0.027240695|-0.013620348|9.80665
1509512687533|0.0|-0.027240695|9.80665
1509512687665|0.0|-0.027240695|9.80665
1509512687797|0.0|-0.027240695|9.80665
1509512687929|0.0|-0.027240695|9.80665
1509512688061|-0.013620348|-0.027240695|9.80665
1509512688193|0.0|-0.013620348|9.80665
1509512688325|0.0|-0.013620348|9.80665
1509512688457|0.0|-0.013620348|9.80665
1509512688588|0.0|-0.013620348|9.80665
1509512688720|0.0|-0.013620348|9.80665
1509512688852|0.0|-0.013620348|9.80665
1509512688984|0.0|-0.013620348|9.80665
1509512689116|0.0|-0.013620348|9.80665
1509512689248|0.0|-0.013620348|9.80665
1509512689380|0.0|-0.013620348|9.80665
1509512689513|0.0|-0.013620348|9.80665
1509512689646|0.0|-0.013620348|9.80665
1509512689777|0.0|-0.013620348|9.80665
1509512689909|-0.013620348|-0.013620348|9.80665
1509512690040|-0.013620348|0.0|9.80665
1509512690173|-0.013620348|0.0|9.80665
1509512690305|-0.013620348|0.0|9.80665
1509512690436|-0.013620348|0.0|9.80665
1509512690568|-0.013620348|0.0|9.80665
1509512690701|-0.027240695|-0.013620348|9.80665
1509512690832|-0.027240695|-0.013620348|9.80665
1509512690964|-0.027240695|-0.013620348|9.80665
1509512691097|-0.027240695|-0.013620348|9.80665
1509512691229|-0.027240695|-0.013620348|9.80665
1509512691361|-0.013620348|-0.013620348|9.80665
1509512691493|-0.013620348|-0.013620348|9.80665
1509512691625|0.0|-0.027240695|9.80665
1509512691757|0.0|-0.027240695|9.80665
1509512691888|0.0|-0.027240695|9.80665
1509512692021|0.0|-0.027240695|9.80665
1509512692152|0.0|-0.013620348|9.80665
1509512692285|0.0|-0.013620348|9.80665
1509512692416|-0.027240695|0.0|9.80665
1509512692548|-0.040861044|0.0|9.80665
1509512692680|-0.027240695|0.0|9.80665
1509512692812|-0.027240695|0.0|9.80665
1509512692947|-0.027240695|-0.013620348|9.80665
1509512693077|-0.013620348|0.0|9.80665
1509512693209|-0.013620348|-0.013620348|9.80665
1509512693340|-0.013620348|-0.013620348|9.80665
1509512693473|-0.013620348|-0.013620348|9.80665
1509512693605|-0.013620348|-0.013620348|9.80665
1509512693737|-0.013620348|-0.013620348|9.80665
1509512693869|-0.013620348|-0.013620348|9.80665
1509512694000|0.0|-0.027240695|9.80665
1509512694133|-0.013620348|-0.027240695|9.80665
1509512694265|0.0|-0.013620348|9.80665
1509512694397|0.0|-0.013620348|9.80665
1509512694529|0.0|-0.013620348|9.80665
1509512694660|0.0|-0.013620348|9.80665
1509512694792|0.0|-0.013620348|9.80665
1509512694925|0.0|-0.013620348|9.80665
1509512695056|0.0|-0.013620348|9.80665
1509512695189|0.0|-0.013620348|9.80665
1509512695321|0.0|-0.013620348|9.80665
1509512695452|0.0|-0.013620348|9.80665
1509512695585|0.0|-0.013620348|9.80665
1509512695717|-0.013620348|-0.013620348|9.80665
1509512695855|-0.013620348|-0.013620348|9.80665
1509512695983|-0.013620348|-0.013620348|9.80665
1509512696112|-0.013620348|-0.013620348|9.80665
1509512696245|-0.013620348|0.0|9.80665
1509512696377|-0.013620348|-0.013620348|9.80665
1509512696509|-0.013620348|-0.013620348|9.80665
1509512696641|-0.013620348|-0.013620348|9.80665
1509512696773|-0.013620348|-0.013620348|9.80665
1509512696904|-0.013620348|-0.013620348|9.80665
1509512697037|-0.013620348|-0.013620348|9.80665
1509512697168|-0.013620348|-0.013620348|9.80665
1509512697300|-0.013620348|-0.013620348|9.80665
1509512697431|-0.013620348|-0.013620348|9.80665
1509512697564|-0.013620348|-0.013620348|9.80665
1509512697696|-0.013620348|-0.013620348|9.80665
1509512697828|0.0|-0.013620348|9.80665
1509512697960|0.0|-0.013620348|9.80665
1509512698091|0.0|-0.013620348|9.80665
1509512698231|0.0|-0.013620348|9.80665
1509512698356|0.0|-0.027240695|9.80665
1509512698487|0.0|-0.027240695|9.80665
1509512698620|0.0|-0.027240695|9.80665
1509512698751|0.0|-0.027240695|9.80665
1509512698883|0.0|-0.027240695|9.80665
1509512699015|0.0|-0.027240695|9.80665
1509512699148|0.0|-0.027240695|9.80665
1509512699280|0.0|-0.027240695|9.80665
1509512699412|0.0|-0.027240695|9.80665
1509512699544|0.0|-0.027240695|9.80665
1509512699676|0.0|-0.027240695|9.80665
1509512699808|0.0|-0.027240695|9.80665
1509512699940|0.0|-0.027240695|9.80665
1509512700071|0.0|-0.027240695|9.80665
1509512700204|0.0|-0.027240695|9.80665
1509512700336|0.0|-0.027240695|9.80665
1509512700469|0.0|-0.027240695|9.80665
1509512700601|0.0|-0.013620348|9.80665
1509512700733|0.0|-0.013620348|9.80665
1509512700864|0.0|-0.013620348|9.80665
1509512700996|0.0|-0.013620348|9.80665
1509512701129|0.0|-0.013620348|9.80665
1509512701261|0.0|-0.013620348|9.80665
1509512701393|0.0|-0.013620348|9.80665
1509512701524|0.0|-0.013620348|9.80665
1509512701660|0.0|-0.013620348|9.80665
1509512701788|0.0|-0.013620348|9.80665
1509512701921|0.0|-0.013620348|9.80665
1509512702053|0.0|-0.013620348|9.80665
1509512702184|0.0|-0.013620348|9.80665
1509512702317|0.0|-0.013620348|9.80665
1509512702448|0.0|-0.013620348|9.80665
1509512702581|0.0|-0.013620348|9.80665
1509512702713|0.0|-0.013620348|9.80665
1509512702844|0.0|-0.013620348|9.80665
1509512702976|0.0|-0.027240695|9.80665
1509512703109|0.0|-0.027240695|9.80665
1509512703241|0.0|-0.027240695|9.80665
1509512703372|0.0|-0.027240695|9.80665
1509512703505|0.013620348|-0.027240695|9.80665
1509512703637|0.013620348|-0.013620348|9.80665
1509512703769|0.013620348|-0.013620348|9.80665
1509512703903|-0.013620348|-0.027240695|9.80665
1509512704032|0.0|-0.027240695|9.80665
1509512704165|0.0|-0.027240695|9.80665
1509512704297|0.0|-0.027240695|9.80665
1509512704429|0.0|-0.027240695|9.80665
1509512704563|0.0|-0.013620348|9.80665
1509512704692|0.0|-0.013620348|9.80665
1509512704825|0.0|-0.013620348|9.80665
1509512704957|0.0|-0.013620348|9.80665
1509512705088|0.0|-0.013620348|9.80665
1509512705221|0.0|-0.013620348|9.80665
1509512705352|-0.013620348|-0.013620348|9.80665
1509512705484|-0.013620348|-0.013620348|9.80665
1509512705617|-0.013620348|0.0|9.80665
1509512705749|-0.013620348|0.0|9.80665
1509512705881|-0.013620348|0.0|9.80665
1509512706013|-0.013620348|0.0|9.80665
1509512706145|-0.013620348|0.0|9.80665
1509512706277|-0.013620348|0.0|9.80665
1509512706409|-0.013620348|0.0|9.80665
1509512706541|-0.013620348|0.0|9.80665
1509512706674|-0.013620348|0.0|9.80665
1509512706804|-0.013620348|0.0|9.80665
1509512706937|-0.013620348|0.0|9.80665
1509512707070|-0.013620348|-0.013620348|9.80665
1509512707200|-0.013620348|-0.013620348|9.80665
1509512707333|-0.013620348|-0.013620348|9.80665
1509512707464|-0.013620348|-0.013620348|9.80665
1509512707597|-0.013620348|-0.027240695|9.80665
1509512707729|-0.027240695|-0.027240695|9.80665
1509512707861|-0.027240695|-0.027240695|9.80665
1509512707992|-0.027240695|-0.027240695|9.80665
1509512708125|-0.027240695|-0.027240695|9.80665
1509512708257|-0.013620348|-0.013620348|9.80665
1509512708390|-0.013620348|-0.027240695|9.80665
1509512708520|-0.027240695|-0.027240695|9.80665
1509512708653|-0.013620348|-0.027240695|9.80665
1509512708784|-0.013620348|-0.027240695|9.80665
1509512708917|-0.013620348|-0.027240695|9.80665
1509512709049|-0.013620348|-0.027240695|9.80665
1509512709181|0.0|-0.027240695|9.80665
1509512709313|0.0|-0.013620348|9.80665
1509512709445|0.0|-0.027240695|9.80665
1509512709576|-0.013620348|-0.027240695|9.80665
1509512709709|-0.027240695|-0.027240695|9.80665
1509512709841|-0.027240695|-0.027240695|9.80665
1509512709972|-0.027240695|-0.027240695|9.80665
1509512710105|-0.027240695|-0.027240695|9.80665
1509512710237|-0.013620348|-0.027240695|9.80665
1509512710368|-0.013620348|-0.013620348|9.80665
1509512710500|-0.013620348|-0.013620348|9.80665
1509512710632|-0.013620348|-0.013620348|9.80665
1509512710766|-0.013620348|-0.013620348|9.80665
1509512710897|-0.013620348|-0.013620348|9.80665
1509512711029|-0.013620348|-0.013620348|9.80665
1509512711161|-0.013620348|-0.013620348|9.80665
1509512711292|0.013620348|-0.027240695|9.80665
