1509253456658|-0.2043052|9.234595|3.323365
1509253456789|-0.23154591|9.220975|3.3506055
1509253456922|-0.24516624|9.220975|3.3642259
1509253457053|-0.25878662|9.207355|3.3778462
1509253457187|-0.25878662|9.207355|3.3778462
1509253457318|-0.25878662|9.207355|3.3778462
1509253457449|-0.25878662|9.207355|3.3778462
1509253457580|-0.27240694|9.234595|3.296124
1509253457713|-0.27240694|9.275456|3.214402
1509253457845|-0.24516624|9.302697|3.1054392
1509253457978|-0.21792556|9.343558|2.9964767
1509253458109|-0.2043052|9.384419|2.8875136
1509253458241|-0.17706451|9.425281|2.7104492
1509253458373|-0.16344418|9.479762|2.5606253
1509253458504|-0.14982383|9.520623|2.3699405
1509253458636|-0.14982383|9.561484|2.2064962
1509253458769|-0.16344418|9.602345|2.0430522
1509253458901|-0.17706451|9.629586|1.8932283
1509253459033|-0.19068487|9.656826|1.7161638
1509253459168|-0.19068487|9.697687|1.5118586
1509253459297|-0.19068487|9.724928|1.334794
1509253459429|-0.2043052|9.738548|1.1577295
1509253459561|-0.21792556|9.752169|1.0623871
1509253459692|-0.24516624|9.765789|0.95342433
1509253459827|-0.27240694|9.765789|0.939804
1509253459961|-0.27240694|9.765789|0.91256326
1509253460090|-0.27240694|9.765789|0.8989429
1509253460227|-0.25878662|9.765789|0.8853226
1509253460353|-0.24516624|9.765789|0.87170225
1509253460486|-0.19068487|9.765789|0.8853226
1509253460617|-0.16344418|9.765789|0.92618364
1509253460749|-0.13620347|9.765789|1.0215261
1509253460881|-0.12258312|9.752169|1.1304889
1509253461014|-0.10896278|9.738548|1.2122109
1509253461145|-0.10896278|9.738548|1.2122109
1509253461276|-0.10896278|9.738548|1.2394516
1509253461409|-0.095342435|9.738548|1.2530719
1509253461541|-0.095342435|9.738548|1.1849703
1509253461673|-0.095342435|9.738548|1.1577295
1509253461805|-0.095342435|9.752169|1.1032481
1509253461938|-0.095342435|9.752169|1.0487667
1509253462069|-0.13620347|9.752169|1.0623871
1509253462201|-0.13620347|9.752169|1.0623871
1509253462333|-0.17706451|9.752169|1.0760074
1509253462465|-0.17706451|9.752169|1.0760074
1509253462597|-0.17706451|9.752169|1.1032481
1509253462729|-0.19068487|9.752169|1.1441091
1509253462862|-0.19068487|9.738548|1.2394516
1509253462993|-0.2043052|9.724928|1.3211737
1509253463126|-0.21792556|9.711308|1.4165161
1509253463257|-0.25878662|9.697687|1.4982383
1509253463392|-0.29964766|9.684067|1.56634
1509253463523|-0.35412902|9.670446|1.607201
1509253463653|-0.3949901|9.670446|1.648062
1509253463785|-0.4086104|9.670446|1.648062
1509253463918|-0.44947144|9.670446|1.648062
1509253464048|-0.46309182|9.670446|1.6344416
1509253464181|-0.51757324|9.670446|1.607201
1509253464312|-0.57205456|9.670446|1.5799603
1509253464445|-0.61291564|9.670446|1.5390993
1509253464577|-0.6537767|9.670446|1.5118586
1509253464710|-0.6810174|9.670446|1.5118586
1509253464840|-0.70825803|9.670446|1.4982383
1509253464973|-0.7354987|9.670446|1.484618
1509253465105|-0.7627395|9.684067|1.4437568
1509253465243|-0.7627395|9.684067|1.4301364
1509253465369|-0.8036005|9.684067|1.4165161
1509253465501|-0.8172208|9.684067|1.4028958
1509253465634|-0.83084124|9.670446|1.4165161
1509253465765|-0.84446156|9.670446|1.4437568
1509253465897|-0.84446156|9.670446|1.4709975
1509253466029|-0.84446156|9.656826|1.4982383
1509253466161|-0.8172208|9.656826|1.5527196
1509253466295|-0.8036005|9.656826|1.56634
1509253466425|-0.7899802|9.643206|1.607201
1509253466557|-0.7899802|9.643206|1.6889231
1509253466689|-0.7763598|9.629586|1.7570248
1509253466821|-0.7627395|9.615966|1.8115062
1509253466955|-0.74911916|9.615966|1.838747
1509253467086|-0.7354987|9.615966|1.838747
1509253467217|-0.6946377|9.615966|1.838747
1509253467349|-0.6537767|9.615966|1.8251265
1509253467480|-0.62653595|9.629586|1.8251265
1509253467614|-0.58567494|9.629586|1.8115062
1509253467745|-0.5448139|9.629586|1.7978858
1509253467877|-0.50395286|9.643206|1.7978858
1509253468011|-0.46309182|9.643206|1.7706451
1509253468141|-0.43585113|9.643206|1.7434045
1509253468273|-0.4086104|9.656826|1.6753027
1509253468405|-0.38136974|9.670446|1.6208212
1509253468537|-0.38136974|9.670446|1.6344416
1509253468669|-0.36774936|9.670446|1.6208212
1509253468801|-0.36774936|9.670446|1.6208212
1509253468934|-0.35412902|9.670446|1.607201
1509253469065|-0.35412902|9.670446|1.607201
1509253469197|-0.35412902|9.670446|1.607201
1509253469329|-0.3405087|9.670446|1.6344416
1509253469461|-0.32688835|9.670446|1.648062
1509253469593|-0.28602728|9.670446|1.6616825
1509253469725|-0.23154591|9.670446|1.6616825
1509253469857|-0.2043052|9.670446|1.6616825
1509253469989|-0.14982383|9.670446|1.6344416
1509253470121|-0.10896278|9.684067|1.6208212
1509253470256|-0.068101734|9.684067|1.607201
1509253470391|-0.05448139|9.684067|1.5935806
1509253470518|-0.040861044|9.684067|1.5935806
1509253470650|-0.040861044|9.684067|1.6208212
1509253470781|-0.05448139|9.670446|1.648062
1509253470913|-0.08172209|9.670446|1.6616825
1509253471046|-0.12258312|9.670446|1.6753027
1509253471177|-0.17706451|9.670446|1.6889231
1509253471309|-0.23154591|9.656826|1.7161638
1509253471442|-0.28602728|9.643206|1.7842655
1509253471574|-0.32688835|9.629586|1.8523673
1509253471706|-0.38136974|9.615966|1.920469
1509253471837|-0.42223078|9.602345|1.9613299
1509253471969|-0.46309182|9.602345|2.002191
1509253472101|-0.50395286|9.588725|2.0430522
1509253472234|-0.55843425|9.575105|2.0566726
1509253472365|-0.61291564|9.575105|2.070293
1509253472497|-0.667397|9.575105|2.070293
1509253472628|-0.7354987|9.561484|2.083913
1509253472762|-0.7899802|9.547864|2.0975335
1509253472893|-0.8172208|9.547864|2.1383946
1509253473026|-0.83084124|9.534244|2.2064962
1509253473157|-0.83084124|9.520623|2.233737
1509253473290|-0.84446156|9.507003|2.3018386
1509253473421|-0.87170225|9.493382|2.3563201
1509253473553|-0.87170225|9.493382|2.3563201
1509253473686|-0.8853226|9.479762|2.383561
1509253473817|-0.8853226|9.479762|2.383561
1509253473950|-0.8853226|9.479762|2.383561
1509253474087|-0.8580819|9.479762|2.3971813
1509253474213|-0.83084124|9.479762|2.3971813
1509253474344|-0.83084124|9.479762|2.3971813
1509253474477|-0.8036005|9.479762|2.4108014
1509253474609|-0.8036005|9.479762|2.4244218
1509253474742|-0.8172208|9.479762|2.4380422
1509253474874|-0.83084124|9.466142|2.4516625
1509253475006|-0.83084124|9.466142|2.4516625
1509253475137|-0.8580819|9.452521|2.4789033
1509253475270|-0.8580819|9.452521|2.4789033
1509253475402|-0.87170225|9.438901|2.547005
1509253475534|-0.8853226|9.425281|2.587866
1509253475666|-0.8853226|9.41166|2.6423473
1509253475797|-0.8853226|9.384419|2.73769
