1509526728179|0.095768064|-0.095768064|9.749189
1509526728309|0.095768064|-0.095768064|9.749189
1509526728442|0.08619126|-0.076614454|9.749189
1509526728574|0.08619126|-0.076614454|9.749189
1509526728705|0.08619126|-0.08619126|9.749189
1509526728838|0.08619126|-0.08619126|9.739613
1509526728971|0.08619126|-0.08619126|9.739613
1509526729101|0.08619126|-0.08619126|9.730036
1509526729233|0.10534488|-0.095768064|9.730036
1509526729365|0.095768064|-0.076614454|9.749189
1509526729497|0.076614454|-0.076614454|9.749189
1509526729630|0.095768064|-0.076614454|9.749189
1509526729762|0.095768064|-0.08619126|9.739613
1509526729894|0.08619126|-0.06703765|9.758766
1509526730025|0.08619126|-0.076614454|9.739613
1509526730158|0.08619126|-0.076614454|9.739613
1509526730289|0.08619126|-0.095768064|9.739613
1509526730422|0.08619126|-0.095768064|9.739613
1509526730554|0.08619126|-0.076614454|9.739613
1509526730686|0.08619126|-0.095768064|9.739613
1509526730818|0.10534488|-0.076614454|9.739613
1509526730949|0.10534488|-0.095768064|9.720459
1509526731082|0.10534488|-0.095768064|9.739613
1509526731214|0.08619126|-0.095768064|9.739613
1509526731346|0.10534488|-0.095768064|9.739613
1509526731478|0.095768064|-0.076614454|9.739613
1509526731609|0.095768064|-0.08619126|9.720459
1509526731742|0.095768064|-0.08619126|9.739613
1509526731873|0.095768064|-0.08619126|9.730036
1509526732006|0.095768064|-0.08619126|9.730036
1509526732138|0.095768064|-0.08619126|9.730036
1509526732270|0.095768064|-0.076614454|9.730036
1509526732402|0.095768064|-0.076614454|9.749189
1509526732534|0.095768064|-0.076614454|9.749189
1509526732667|0.095768064|-0.076614454|9.749189
1509526732805|0.095768064|-0.076614454|9.749189
1509526732941|0.095768064|-0.076614454|9.730036
1509526733062|0.095768064|-0.076614454|9.749189
1509526733194|0.08619126|-0.076614454|9.749189
1509526733325|0.08619126|-0.076614454|9.749189
1509526733458|0.10534488|-0.076614454|9.749189
1509526733589|0.095768064|-0.076614454|9.749189
1509526733720|0.095768064|-0.076614454|9.749189
1509526733852|0.095768064|-0.076614454|9.739613
1509526733986|0.095768064|-0.076614454|9.730036
1509526734124|0.095768064|-0.076614454|9.730036
1509526734251|0.095768064|-0.076614454|9.749189
1509526734381|0.08619126|-0.076614454|9.730036
1509526734512|0.08619126|-0.08619126|9.730036
1509526734646|0.08619126|-0.08619126|9.730036
1509526734777|0.08619126|-0.08619126|9.730036
1509526734909|0.08619126|-0.08619126|9.730036
1509526735042|0.08619126|-0.08619126|9.730036
1509526735173|0.10534488|-0.095768064|9.730036
1509526735305|0.095768064|-0.076614454|9.730036
1509526735440|0.095768064|-0.076614454|9.749189
1509526735569|0.095768064|-0.076614454|9.749189
1509526735703|0.095768064|-0.076614454|9.730036
1509526735841|0.095768064|-0.076614454|9.730036
1509526735964|0.095768064|-0.076614454|9.749189
1509526736097|0.095768064|-0.076614454|9.749189
1509526736228|0.095768064|-0.076614454|9.749189
1509526736361|0.095768064|-0.095768064|9.730036
1509526736493|0.095768064|-0.095768064|9.730036
1509526736624|0.095768064|-0.095768064|9.749189
1509526736757|0.08619126|-0.076614454|9.739613
1509526736888|0.08619126|-0.095768064|9.730036
1509526737020|0.08619126|-0.076614454|9.749189
1509526737153|0.08619126|-0.076614454|9.749189
1509526737286|0.10534488|-0.095768064|9.730036
1509526737416|0.10534488|-0.095768064|9.730036
1509526737549|0.095768064|-0.076614454|9.749189
1509526737680|0.08619126|-0.08619126|9.739613
1509526737813|0.08619126|-0.08619126|9.739613
1509526737945|0.10534488|-0.095768064|9.739613
1509526738078|0.10534488|-0.095768064|9.739613
1509526738214|0.10534488|-0.095768064|9.739613
1509526738340|0.10534488|-0.10534488|9.739613
1509526738473|0.10534488|-0.08619126|9.739613
1509526738605|0.08619126|-0.08619126|9.739613
1509526738737|0.10534488|-0.095768064|9.730036
1509526738875|0.10534488|-0.095768064|9.730036
1509526739003|0.08619126|-0.095768064|9.749189
1509526739134|0.10534488|-0.095768064|9.749189
1509526739265|0.10534488|-0.095768064|9.739613
1509526739397|0.08619126|-0.095768064|9.739613
1509526739529|0.10534488|-0.095768064|9.739613
1509526739662|0.08619126|-0.076614454|9.730036
1509526739793|0.10534488|-0.08619126|9.749189
1509526739925|0.10534488|-0.08619126|9.739613
1509526740058|0.10534488|-0.08619126|9.739613
1509526740189|0.10534488|-0.08619126|9.739613
1509526740321|0.095768064|-0.08619126|9.739613
1509526740453|0.095768064|-0.08619126|9.739613
1509526740586|0.095768064|-0.08619126|9.739613
1509526740717|0.095768064|-0.08619126|9.739613
1509526740851|0.095768064|-0.08619126|9.739613
1509526740982|0.095768064|-0.08619126|9.739613
1509526741113|0.095768064|-0.08619126|9.739613
1509526741255|0.08619126|-0.08619126|9.739613
1509526741376|0.08619126|-0.08619126|9.739613
1509526741510|0.10534488|-0.095768064|9.739613
1509526741642|0.095768064|-0.076614454|9.739613
1509526741779|0.095768064|-0.076614454|9.739613
1509526741907|0.095768064|-0.095768064|9.730036
1509526742037|0.095768064|-0.095768064|9.730036
1509526742170|0.095768064|-0.095768064|9.730036
1509526742300|0.095768064|-0.076614454|9.730036
1509526742433|0.08619126|-0.076614454|9.730036
1509526742567|0.10534488|-0.076614454|9.749189
1509526742698|0.095768064|-0.076614454|9.749189
1509526742830|0.095768064|-0.076614454|9.739613
1509526742962|0.095768064|-0.076614454|9.730036
1509526743094|0.095768064|-0.08619126|9.749189
1509526743225|0.095768064|-0.08619126|9.749189
1509526743358|0.095768064|-0.08619126|9.749189
1509526743490|0.095768064|-0.08619126|9.749189
1509526743622|0.095768064|-0.08619126|9.749189
1509526743753|0.095768064|-0.08619126|9.749189
1509526743885|0.095768064|-0.08619126|9.749189
1509526744019|0.095768064|-0.08619126|9.749189
1509526744149|0.08619126|-0.08619126|9.739613
1509526744284|0.08619126|-0.08619126|9.739613
1509526744413|0.08619126|-0.08619126|9.739613
1509526744546|0.076614454|-0.08619126|9.739613
1509526744678|0.076614454|-0.08619126|9.730036
1509526744810|0.06703765|-0.06703765|9.749189
1509526744942|0.08619126|-0.076614454|9.749189
1509526745087|0.08619126|-0.08619126|9.730036
1509526745205|0.08619126|-0.08619126|9.749189
1509526745338|0.08619126|-0.08619126|9.749189
1509526745470|0.08619126|-0.08619126|9.730036
1509526745602|0.08619126|-0.076614454|9.749189
1509526745734|0.10534488|-0.076614454|9.730036
1509526745866|0.095768064|-0.076614454|9.730036
1509526745999|0.08619126|-0.08619126|9.730036
1509526746130|0.08619126|-0.08619126|9.730036
1509526746261|0.08619126|-0.08619126|9.730036
1509526746393|0.08619126|-0.08619126|9.749189
1509526746525|0.08619126|-0.08619126|9.749189
1509526746656|0.08619126|-0.08619126|9.739613
1509526746791|0.08619126|-0.06703765|9.739613
1509526746922|0.08619126|-0.08619126|9.739613
1509526747054|0.08619126|-0.08619126|9.739613
1509526747186|0.08619126|-0.08619126|9.730036
1509526747318|0.08619126|-0.08619126|9.730036
1509526747449|0.08619126|-0.08619126|9.749189
1509526747581|0.08619126|-0.08619126|9.749189
1509526747714|0.08619126|-0.06703765|9.749189
1509526747846|0.08619126|-0.06703765|9.749189
1509526747977|0.08619126|-0.06703765|9.749189
1509526748110|0.076614454|-0.06703765|9.739613
1509526748243|0.095768064|-0.06703765|9.739613
1509526748374|0.095768064|-0.076614454|9.739613
1509526748506|0.095768064|-0.08619126|9.739613
1509526748638|0.095768064|-0.08619126|9.739613
1509526748769|0.095768064|-0.08619126|9.720459
1509526748902|0.08619126|-0.095768064|9.720459
1509526749034|0.08619126|-0.095768064|9.720459
1509526749166|0.10534488|-0.095768064|9.720459
1509526749299|0.08619126|-0.076614454|9.739613
1509526749430|0.08619126|-0.076614454|9.739613
1509526749567|0.08619126|-0.076614454|9.720459
1509526749694|0.10534488|-0.076614454|9.739613
1509526749826|0.10534488|-0.08619126|9.730036
1509526749958|0.095768064|-0.08619126|9.730036
1509526750090|0.095768064|-0.08619126|9.730036
1509526750223|0.095768064|-0.08619126|9.730036
1509526750353|0.095768064|-0.08619126|9.730036
1509526750487|0.095768064|-0.08619126|9.730036
1509526750618|0.076614454|-0.05746084|9.758766
1509526750751|0.076614454|-0.06703765|9.739613
1509526750882|0.095768064|-0.076614454|9.739613
1509526751013|0.095768064|-0.076614454|9.739613
1509526751146|0.095768064|-0.095768064|9.739613
1509526751279|0.095768064|-0.076614454|9.739613
1509526751409|0.095768064|-0.08619126|9.739613
1509526751541|0.095768064|-0.08619126|9.739613
1509526751674|0.095768064|-0.08619126|9.739613
1509526751805|0.095768064|-0.08619126|9.739613
1509526751938|0.095768064|-0.08619126|9.739613
1509526752070|0.095768064|-0.08619126|9.739613
1509526752203|0.095768064|-0.08619126|9.739613
1509526752334|0.095768064|-0.08619126|9.739613
1509526752476|0.076614454|-0.047884032|9.758766
1509526752598|0.076614454|-0.047884032|9.758766
1509526752729|0.076614454|-0.047884032|9.758766
1509526752861|0.076614454|-0.047884032|9.758766
1509526752994|0.095768064|-0.06703765|9.730036
1509526753125|0.095768064|-0.076614454|9.730036
1509526753258|0.08619126|-0.08619126|9.720459
1509526753390|0.10534488|-0.08619126|9.720459
1509526753527|0.10534488|-0.095768064|9.720459
1509526753655|0.10534488|-0.095768064|9.720459
1509526753786|0.10534488|-0.095768064|9.720459
1509526753919|0.08619126|-0.076614454|9.720459
1509526754049|0.10534488|-0.08619126|9.720459
1509526754183|0.10534488|-0.08619126|9.720459
1509526754313|0.10534488|-0.095768064|9.720459
1509526754447|0.095768064|-0.095768064|9.720459
1509526754583|0.095768064|-0.076614454|9.739613
1509526754710|0.095768064|-0.076614454|9.720459
1509526754842|0.095768064|-0.076614454|9.739613
1509526754975|0.095768064|-0.076614454|9.739613
1509526755105|0.095768064|-0.076614454|9.739613
1509526755238|0.095768064|-0.08619126|9.730036
1509526755370|0.06703765|-0.06703765|9.758766
1509526755502|0.06703765|-0.06703765|9.758766
1509526755635|0.06703765|-0.047884032|9.758766
1509526755766|0.06703765|-0.047884032|9.758766
1509526755898|0.06703765|-0.06703765|9.758766
1509526756030|0.06703765|-0.047884032|9.758766
1509526756162|0.08619126|-0.05746084|9.758766
1509526756295|0.06703765|-0.05746084|9.739613
1509526756426|0.095768064|-0.095768064|9.730036
1509526756557|0.095768064|-0.095768064|9.730036
1509526756690|0.095768064|-0.095768064|9.730036
1509526756822|0.095768064|-0.095768064|9.730036
1509526756954|0.095768064|-0.095768064|9.720459
1509526757087|0.095768064|-0.095768064|9.739613
1509526757218|0.095768064|-0.076614454|9.739613
1509526757355|0.095768064|-0.076614454|9.730036
1509526757482|0.095768064|-0.08619126|9.730036
1509526757614|0.095768064|-0.08619126|9.720459
1509526757746|0.095768064|-0.08619126|9.720459
1509526757878|0.095768064|-0.08619126|9.739613
1509526758009|0.095768064|-0.06703765|9.739613
1509526758141|0.095768064|-0.076614454|9.739613
1509526758274|0.095768064|-0.076614454|9.739613
1509526758406|0.095768064|-0.076614454|9.739613
1509526758538|0.095768064|-0.08619126|9.739613
1509526758670|0.095768064|-0.095768064|9.739613
1509526758802|0.08619126|-0.076614454|9.739613
1509526758934|0.08619126|-0.08619126|9.739613
1509526759066|0.08619126|-0.095768064|9.730036
1509526759197|0.08619126|-0.076614454|9.730036
1509526759330|0.10534488|-0.076614454|9.730036
1509526759462|0.095768064|-0.076614454|9.730036
1509526759624|0.095768064|-0.076614454|9.720459
