1510206731658|-2.1442065|0.9492552|9.522167
1510206731772|-2.1312938|0.9226203|9.527684
1510206731889|-2.109764|0.8970105|9.534918
1510206732003|-2.1500807|0.90514505|9.525137
1510206732118|-2.1747968|0.91466504|9.518615
1510206732239|-2.1681097|0.9138702|9.520217
1510206732355|-2.1673775|0.91064644|9.520693
1510206732468|-2.173811|0.9184357|9.5184765
1510206732578|-2.1728146|0.8799441|9.52234
1510206732694|-2.1600134|0.8740237|9.525798
1510206732808|-2.183316|0.8474842|9.522882
1510206732924|-2.1873212|0.87615514|9.519367
1510206733040|-2.1880891|0.87681395|9.519131
1510206733153|-2.1911187|0.8980458|9.516454
1510206733269|-2.1803608|0.9037085|9.518389
1510206733383|-2.1920266|0.875655|9.518332
1510206733499|-2.1802678|0.8862808|9.520049
1510206733614|-2.2051356|0.8866156|9.514288
1510206733731|-2.1932251|0.9091077|9.514918
1510206733845|-2.173449|0.9003824|9.520285
1510206733960|-2.160083|0.87983644|9.525247
1510206734075|-2.1561906|0.885984|9.525558
1510206734189|-2.1612291|0.9107905|9.522076
1510206734305|-2.2436833|1.1734877|9.4741335
1510206734420|-2.444708|1.4449427|9.386476
1510206734534|-2.5943878|1.7853125|9.287206
1510206734650|-2.4821377|1.6921152|9.335209
1510206734765|-2.5050616|1.7385056|9.32055
1510206734881|-2.347261|1.67659|9.372823
1510206734995|-2.3215425|1.5623746|9.398927
1510206735109|-2.2099464|1.3871279|9.453169
1510206735224|-2.329787|1.3713413|9.42666
1510206735341|-2.370872|1.4675318|9.401899
1510206735455|-2.3049169|1.2745686|9.446334
1510206735571|-2.6002798|1.4072607|9.350323
1510206735685|-2.8858252|1.6824844|9.220176
1510206735800|-2.9717267|1.7501816|9.180202
1510206735915|-2.9080393|1.3047804|9.274225
1510206736030|-2.763422|1.324451|9.315564
1510206736146|-2.709266|1.2417841|9.342817
1510206736259|-2.638664|1.0612043|9.385184
1510206736374|-2.6152828|1.0334582|9.39482
1510206736490|-2.5724497|1.1106354|9.39784
1510206736606|-2.5458186|1.1043873|9.405824
1510206736721|-2.5394576|1.1662116|9.400079
1510206736835|-2.6646392|1.2013333|9.360923
1510206736951|-2.5719554|1.138293|9.394665
1510206737065|-2.671287|1.2012937|9.359033
1510206737180|-2.5689564|1.2109803|9.386393
1510206737294|-2.5364714|1.2575812|9.389099
1510206737411|-2.5648086|1.3206031|9.372734
1510206737525|-2.6106071|1.3618016|9.3541765
1510206737641|-2.5503273|1.3589671|9.3712015
1510206737757|-2.5801227|1.3785251|9.360183
1510206737870|-2.5967476|1.3682895|9.357087
1510206737986|-2.6109056|1.3509011|9.355674
1510206738103|-2.6175725|1.3050296|9.360321
1510206738217|-2.6455452|1.2990963|9.353279
1510206738330|-2.6875124|1.3033392|9.340715
1510206738444|-2.681813|1.2911751|9.344043
1510206738561|-2.6795554|1.3226146|9.340292
1510206738676|-2.6853719|1.3280548|9.33785
1510206738790|-2.7071924|1.3586212|9.327146
1510206738905|-2.6988544|1.3420208|9.3319645
1510206739022|-2.6604688|1.3587219|9.340566
1510206739139|-2.3220346|1.224531|9.448759
1510206739250|-2.2585692|1.0058067|9.489869
1510206739366|-2.509753|0.4560779|9.469082
1510206739480|-2.8836997|0.5025783|9.359598
1510206739597|-2.1344354|0.79243845|9.53869
1510206739712|-2.6348555|0.6792425|9.4216
1510206739826|-2.219523|1.366304|9.453958
1510206739944|-1.4448686|1.9900461|9.493285
1510206740058|-1.1052562|2.788901|9.336533
1510206740172|-1.0071896|2.657326|9.385871
1510206740288|-0.8536909|2.4946864|9.445535
1510206740404|-0.8978837|2.3830683|9.470225
1510206740516|-0.93444663|2.3436594|9.4765215
1510206740632|-0.8954225|1.9126862|9.576547
1510206740747|-0.3666619|1.7281641|9.646212
1510206740863|-0.48074916|2.2001157|9.544567
1510206740976|-0.44223455|2.265518|9.53112
1510206741091|-0.43542546|2.3248873|9.517126
1510206741205|-0.4722432|2.2564304|9.5318365
1510206741321|-0.3969674|1.8692123|9.618671
1510206741438|-1.0724646|2.2034755|9.49552
1510206741553|-1.1360377|3.0666394|9.245297
1510206741666|-0.97058785|3.5152428|9.103374
1510206741781|-1.0204289|3.3013701|9.177694
1510206741895|-0.99640626|3.2125983|9.211774
1510206742011|-0.8714946|3.1185257|9.256656
1510206742126|-0.8521431|3.0386257|9.284987
1510206742242|-0.4568222|2.853167|9.371293
1510206742356|-0.6178821|2.7666976|9.387971
1510206742471|-0.6604745|3.119992|9.273609
1510206742587|-0.91013736|3.2381284|9.211762
1510206742702|-1.1099254|3.4062903|9.128835
1510206742818|-1.2624934|3.561484|9.0494375
1510206742934|-1.4086796|3.6724172|8.983283
1510206743047|-1.3741738|3.660834|8.993349
1510206743164|-1.3299865|3.6265247|9.013869
1510206743279|-1.3242007|3.6434464|9.0078945
1510206743393|-1.3145796|3.6717029|8.997826
1510206743509|-1.2919854|3.6293354|9.018263
1510206743622|-1.2317438|3.6169634|9.031654
1510206743738|-1.1756711|3.598139|9.046634
1510206743853|-1.1035722|3.574299|9.065147
1510206743967|-1.1994123|3.47923|9.089926
1510206744083|-1.1242566|3.4720173|9.102282
1510206744198|-1.2731308|3.3877327|9.1144285
1510206744312|-1.2250772|3.3614147|9.130743
1510206744428|-1.1989886|3.294452|9.158569
1510206744543|-1.2232301|3.2544873|9.169645
1510206744658|-1.2223687|3.2541263|9.169889
1510206744774|-1.2048053|3.2066286|9.188927
1510206744887|-1.2521112|3.2684844|9.160765
1510206745001|-1.2255425|3.272487|9.162929
1510206745119|-1.2152323|3.3422837|9.139077
1510206745232|-1.1552732|3.2559803|9.177925
1510206745347|-1.1833061|3.2248769|9.185333
1510206745461|-1.1093624|3.2438707|9.187872
1510206745578|-1.1240636|3.1956475|9.202973
1510206745692|-0.94644654|3.161067|9.23484
1510206745807|-1.0644416|3.1185281|9.236456
1510206745924|-0.99631613|3.0968618|9.251334
1510206746039|-0.9148281|3.0376663|9.279334
1510206746152|-0.8662008|2.9671445|9.306779
1510206746267|-0.85292375|2.9684477|9.3075905
1510206746383|-0.7642324|2.931477|9.326992
1510206746497|-0.7217864|2.9655776|9.31959
1510206746612|-0.7969912|2.9193106|9.328066
1510206746728|-0.77284276|2.9195387|9.330026
1510206746843|-0.67554444|2.794704|9.375695
1510206746959|-0.708494|1.9883077|9.5767975
1510206747072|-0.14367777|-0.16648756|9.804184
1510206747190|0.7555216|0.0907008|9.777083
1510206747302|0.12941058|-0.2991868|9.80123
1510206747417|-0.012294847|-0.018225344|9.806626
1510206747533|-0.15213893|0.4634116|9.794513
1510206747647|-0.6028963|0.560967|9.772012
1510206747764|-1.7020439|0.86177194|9.619292
1510206747877|-1.5049261|2.0059826|9.480592
1510206747993|-2.1278684|2.2360845|9.308195
1510206748109|-1.792377|3.1381667|9.116451
1510206748225|-2.0124335|3.2170165|9.042749
1510206748344|-2.4926536|3.1435204|8.9484825
1510206748462|-3.1026118|3.2483919|8.717347
1510206748569|-2.745081|3.0972533|8.890553
1510206748684|-1.6599249|2.6645734|9.290591
1510206748799|-0.83464587|2.3614674|9.481415
1510206748914|-1.0252968|2.6066911|9.398101
1510206749030|-1.4257475|2.892544|9.261253
1510206749144|-2.00151|2.9389062|9.13932
1510206749259|-2.4114993|3.0499985|9.00292
1510206749375|-2.12663|2.8665252|9.134049
1510206749488|-1.422441|2.4868083|9.378851
1510206749603|-1.0168562|2.310672|9.476138
1510206749721|-1.0492396|2.3863597|9.453823
1510206749835|-1.2090608|2.4628563|9.415035
1510206749948|-1.1271796|2.417769|9.436856
1510206750064|-0.7354184|2.2257924|9.522363
1510206750178|-0.59521985|2.1815221|9.542382
1510206750293|-0.5418163|2.1465662|9.553485
1510206750408|-0.26762584|2.0832422|9.579085
1510206750525|-0.236042|1.953831|9.607143
1510206750639|-0.05914275|1.9196079|9.6167555
1510206750754|0.026323479|1.9407963|9.612648
1510206750870|-0.07902986|1.8812512|9.62419
1510206750983|-0.023056371|1.8475782|9.631007
1510206751103|0.05498805|1.8750008|9.625577
1510206751215|0.026345741|1.7900714|9.641853
1510206751329|0.18466222|1.7264341|9.651721
1510206751444|0.010047969|1.793661|9.641217
1510206751558|0.08289992|1.8376172|9.632585
1510206751675|0.25786006|1.726311|9.650064
1510206751788|-0.24549262|2.138078|9.567589
1510206751904|-0.59761584|2.4634507|9.473365
1510206752020|-0.13231851|2.1800954|9.560338
1510206752134|-0.08104051|2.1377065|9.5704775
1510206752248|0.10810834|2.0007706|9.5997715
1510206752363|0.29127833|1.9334596|9.609749
1510206752478|0.42138934|1.7383989|9.642137
1510206752593|0.7436344|1.5231932|9.659052
1510206752711|0.68782663|1.7207644|9.629966
1510206752825|0.5016881|1.6136284|9.659965
1510206752942|0.8695218|1.3086126|9.679972
1510206753057|0.8732773|1.1566094|9.698971
1510206753170|0.77984893|0.9810064|9.726245
1510206753285|0.77355886|0.9193127|9.732773
1510206753402|0.74684286|0.8920506|9.737394
