1510200247947|-24.733734|10.896683|-38.656616
1510200248068|-26.037598|12.798691|-35.918427
1510200248217|-30.604553|11.282349|-30.807877
1510200248319|-31.32019|8.480072|-30.277634
1510200248418|-31.090164|6.1634064|-30.723572
1510200248568|-31.78215|2.474594|-30.821228
1510200248668|-33.733368|2.1499634|-28.971863
1510200248818|-34.409714|2.1640778|-27.44217
1510200248917|-33.340073|1.852417|-27.889252
1510200249067|-30.913925|2.1762848|-29.588318
1510200249218|-30.971146|5.00679|-31.605911
1510200249316|-30.801392|4.8542023|-32.159805
1510200249416|-30.746841|3.2794952|-32.647324
1510200249568|-29.58641|-0.39978027|-34.34372
1510200249667|-29.133606|-1.0604858|-34.304047
1510200249866|-28.006744|-0.17547607|-34.56726
1510200250017|-25.73471|4.771042|-36.38649
1510200250117|-25.792313|7.11174|-36.43799
1510200250220|-27.207947|8.351898|-36.04355
1510200250366|-28.382874|5.805588|-35.591125
1510200250466|-28.723907|2.1701813|-36.100388
1510200250620|-27.478027|0.5092621|-37.176895
1510200250716|-26.612091|0.96588135|-38.04474
1510200250865|-27.158737|1.9668579|-38.02986
1510200251015|-29.38118|5.791855|-36.035156
1510200251117|-28.110504|6.4315796|-36.89804
1510200251216|-24.987411|3.2829285|-40.18364
1510200251368|-25.643158|-3.3687592|-39.907455
1510200251466|-26.350784|-6.9675446|-39.27498
1510200251617|-25.209808|-6.283188|-40.54756
1510200251717|-23.69957|-3.5110474|-41.11519
1510200251866|-22.767258|-2.3017883|-41.2529
1510200252017|-22.645187|0.8281708|-40.784073
1510200252115|-23.218918|1.3408661|-40.633774
1510200252217|-21.783447|2.1263123|-41.36467
1510200252365|-21.961212|0.6137848|-41.923904
1510200252466|-24.238205|-1.6654968|-40.579987
1510200252615|-26.07727|-4.663086|-39.00261
1510200252716|-26.26381|-6.965637|-38.379288
1510200252864|-26.272583|-6.9576263|-37.782288
1510200253017|-29.821777|-6.003952|-34.860992
1510200253114|-30.281067|-6.0020447|-34.737778
1510200253215|-31.236649|-5.25856|-33.92639
1510200253364|-32.156372|-6.6482544|-32.120132
1510200253466|-32.55768|-9.638596|-31.43158
1510200253615|-31.929398|-13.375092|-30.067825
1510200253716|-26.991653|-17.092514|-31.62613
1510200253865|-23.57521|-17.638779|-33.92296
1510200254014|-20.15953|-17.015839|-37.00142
1510200254115|-20.929337|-16.32309|-37.114334
1510200254216|-23.035812|-15.058899|-36.76262
1510200254365|-25.777054|-13.557434|-35.20584
1510200254466|-28.744507|-13.28125|-32.85675
1510200254615|-29.803467|-15.478897|-30.908585
1510200254716|-27.644348|-18.704224|-31.202698
1510200254866|-26.784134|-19.413376|-31.580734
1510200255016|-30.138779|-17.435455|-30.586243
1510200255116|-31.701279|-16.113281|-30.265427
1510200255214|-32.98149|-13.09967|-30.245972
1510200255364|-34.367752|-9.443665|-29.299927
1510200255465|-36.70044|-8.343124|-27.563095
1510200255614|-36.60202|-10.411453|-26.605225
1510200255714|-34.222794|-13.908386|-27.178574
1510200255865|-33.483505|-15.214157|-27.829361
1510200256016|-32.897186|-16.194534|-28.560638
1510200256117|-33.70018|-15.295792|-28.535843
1510200256214|-35.699844|-12.157822|-29.395294
1510200256364|-36.83586|-8.773422|-29.636383
1510200256465|-38.202286|-7.4695587|-28.227997
1510200256614|-38.89084|-8.731842|-26.755142
1510200256715|-37.817764|-11.375046|-27.534485
1510200256864|-36.319733|-12.230682|-28.921509
1510200257014|-34.570312|-10.988998|-31.589127
1510200257117|-35.131073|-9.764099|-31.60019
1510200257214|-36.662674|-6.8157196|-31.624603
1510200257364|-37.08458|-3.8722992|-32.152557
1510200257464|-37.14409|-1.3298035|-32.444763
1510200257614|-38.1958|-0.25482178|-30.967712
1510200257714|-38.62915|-1.8787384|-30.293274
1510200257866|-37.667847|-2.8484344|-31.396103
1510200258036|-35.562134|-3.124237|-34.38034
1510200258213|-36.899567|-0.01411438|-34.165573
1510200258405|-35.113907|0.8026123|-35.56938
1510200258488|-34.256363|3.0349731|-36.14502
1510200258615|-35.224533|5.429077|-34.675217
1510200258716|-36.253357|5.3272247|-33.683777
1510200258863|-36.408234|4.3174744|-33.8871
1510200259015|-33.882523|1.9947052|-36.31935
1510200259115|-32.847977|1.2203217|-36.85913
1510200259217|-32.601547|-0.30593872|-38.10959
1510200259369|-32.327652|-0.58174133|-38.165283
1510200259471|-32.684708|0.7198334|-37.426758
1510200259616|-33.309174|2.6378632|-37.477493
1510200259717|-32.624054|4.172516|-37.66327
1510200259866|-32.470703|4.030609|-37.84294
1510200260014|-32.216644|0.18730164|-38.6528
1510200260116|-31.753159|-0.72288513|-39.016342
1510200260217|-31.448746|-0.23269653|-38.59787
1510200260365|-31.95839|2.4787903|-38.13629
1510200260465|-31.064987|5.259323|-38.537216
1510200260614|-31.565857|6.8496704|-37.58583
1510200260715|-33.74214|8.315277|-35.593033
1510200260864|-34.983063|8.476257|-34.630585
1510200261015|-34.84268|2.2174835|-35.294724
1510200261115|-33.60443|0.16479492|-36.281586
1510200261212|-31.977081|1.5995026|-37.381363
1510200261364|-31.362534|6.1935425|-37.443924
1510200261465|-30.342102|8.276749|-37.688446
1510200261616|-30.926895|8.047867|-37.549973
1510200261713|-32.208252|9.004211|-36.580658
1510200261866|-32.7034|9.484482|-36.07025
1510200262021|-31.066513|5.873108|-38.0394
1510200262117|-29.83017|4.2137146|-39.4413
1510200262213|-28.063583|3.099823|-41.11519
1510200262365|-27.158356|4.866028|-41.68396
1510200262470|-26.826859|5.288315|-41.259003
1510200262614|-28.091812|2.008438|-39.945984
1510200262715|-28.69873|0.49819946|-39.422226
1510200262868|-28.59497|0.89912415|-39.274216
1510200263013|-28.453827|0.79956055|-39.793777
1510200263116|-28.352356|0.63552856|-40.10048
1510200263215|-28.102493|0.64086914|-40.18593
1510200263366|-28.874588|4.462433|-39.040375
1510200263463|-28.074265|10.48584|-38.51776
1510200263616|-26.932526|16.026306|-37.875748
1510200263712|-28.089905|19.176483|-35.18181
1510200263865|-29.309845|18.766022|-34.619904
1510200264012|-30.865097|15.966034|-34.65576
1510200264111|-29.838562|14.938736|-35.642242
1510200264216|-27.217102|12.504578|-38.293076
1510200264362|-25.772095|12.662125|-40.02571
1510200264461|-24.7818|15.218353|-40.525436
1510200264611|-23.893356|16.60347|-40.490723
1510200264712|-24.528885|16.278076|-40.203094
1510200264868|-25.411987|15.961075|-39.81285
1510200265018|-28.816605|12.509155|-38.744354
1510200265130|-30.238724|10.719299|-38.072586
1510200265215|-33.594513|6.472397|-36.188507
1510200265386|-35.544205|3.113556|-35.302353
1510200265480|-37.991333|4.23584|-33.332825
1510200265611|-36.472065|5.875651|-33.672077
1510200265712|-35.606766|6.8675995|-34.508514
1510200265861|-35.6781|6.6200256|-34.690475
1510200266011|-36.6436|5.9841156|-33.691788
1510200266111|-36.94763|5.7495117|-33.587646
1510200266211|-36.444473|3.9901733|-34.319687
1510200266361|-34.952927|1.852417|-35.72235
1510200266461|-34.251785|1.128006|-36.452484
1510200266611|-33.5804|1.8825531|-37.259674
1510200266711|-31.475067|3.0330658|-39.452362
1510200266861|-31.106949|2.9258728|-40.024185
1510200267012|-34.337616|3.703308|-37.685776
1510200267111|-35.256958|4.222107|-36.72142
1510200267211|-36.123657|3.7643433|-36.37619
1510200267369|-34.993362|1.2168884|-38.274765
1510200267463|-33.39157|-0.52948|-39.929962
1510200267613|-33.548737|1.9477844|-38.885117
1510200267712|-33.109665|5.5339813|-38.985825
1510200267865|-32.81784|6.339264|-39.549637
1510200268015|-35.964966|6.072235|-37.66098
1510200268113|-37.257385|5.6934357|-36.436844
1510200268215|-37.773895|4.189682|-35.29892
1510200268370|-36.776733|0.04386902|-35.660553
1510200268464|-34.965897|-3.2157898|-37.08496
1510200268613|-33.694458|-3.8272858|-38.749313
1510200268713|-33.690643|-0.86860657|-39.191437
