1509512630181|0.013620348|-0.013620348|-0.08172209
1509512630309|0.013620348|-0.013620348|-0.05448139
1509512630442|0.013620348|-0.027240695|-0.08172209
1509512630573|0.013620348|-0.040861044|-0.05448139
1509512630705|0.013620348|-0.013620348|-0.05448139
1509512630836|0.013620348|-0.013620348|-0.05448139
1509512630969|0.013620348|0.0|-0.05448139
1509512631101|0.013620348|0.0|-0.05448139
1509512631235|0.013620348|0.0|-0.05448139
1509512631366|0.013620348|-0.013620348|-0.05448139
1509512631497|0.013620348|-0.013620348|-0.05448139
1509512631629|0.013620348|-0.013620348|-0.05448139
1509512631761|0.013620348|-0.013620348|-0.05448139
1509512631894|0.013620348|-0.013620348|-0.05448139
1509512632026|0.013620348|0.0|-0.05448139
1509512632157|0.013620348|-0.013620348|-0.068101734
1509512632292|0.013620348|-0.013620348|-0.068101734
1509512632422|0.027240695|-0.027240695|-0.068101734
1509512632554|0.027240695|0.013620348|-0.040861044
1509512632685|0.027240695|-0.013620348|-0.05448139
1509512632818|0.027240695|0.0|-0.05448139
1509512632950|0.027240695|0.0|-0.05448139
1509512633082|0.0|0.0|-0.027240695
1509512633214|0.0|0.040861044|-0.027240695
1509512633345|-0.013620348|0.040861044|-0.027240695
1509512633478|0.013620348|0.040861044|-0.040861044
1509512633610|0.027240695|0.013620348|-0.05448139
1509512633742|0.027240695|0.013620348|-0.05448139
1509512633874|0.0|0.027240695|-0.040861044
1509512634006|0.027240695|0.013620348|-0.05448139
1509512634138|0.027240695|0.013620348|-0.068101734
1509512634270|0.027240695|0.013620348|-0.068101734
1509512634402|0.027240695|0.013620348|-0.068101734
1509512634535|0.027240695|0.013620348|-0.068101734
1509512634666|0.027240695|0.013620348|-0.05448139
1509512634801|0.027240695|-0.027240695|-0.068101734
1509512634930|0.013620348|0.0|-0.068101734
1509512635062|0.013620348|0.0|-0.068101734
1509512635194|0.013620348|0.0|-0.05448139
1509512635327|0.027240695|0.0|-0.05448139
1509512635457|0.027240695|0.0|-0.08172209
1509512635590|0.027240695|0.0|-0.05448139
1509512635722|0.027240695|0.0|-0.068101734
1509512635854|0.0|-0.013620348|-0.08172209
1509512635985|0.0|-0.013620348|-0.05448139
1509512636118|-0.013620348|0.0|-0.040861044
1509512636250|0.0|-0.013620348|-0.05448139
1509512636381|0.0|-0.013620348|-0.05448139
1509512636514|0.013620348|-0.013620348|-0.05448139
1509512636646|0.013620348|0.0|-0.05448139
1509512636778|0.013620348|0.0|-0.05448139
1509512636910|0.013620348|0.0|-0.068101734
1509512637042|0.013620348|0.0|-0.068101734
1509512637174|0.013620348|0.0|-0.068101734
1509512637305|0.013620348|0.0|-0.068101734
1509512637437|0.013620348|0.0|-0.068101734
1509512637569|0.013620348|-0.013620348|-0.068101734
1509512637702|0.013620348|-0.013620348|-0.068101734
1509512637836|0.013620348|0.0|-0.068101734
1509512637966|0.013620348|-0.013620348|-0.068101734
1509512638098|0.013620348|0.0|-0.068101734
1509512638230|0.027240695|0.0|-0.068101734
1509512638362|0.013620348|0.0|-0.068101734
1509512638494|0.013620348|0.0|-0.068101734
1509512638626|0.013620348|0.0|-0.068101734
1509512638758|0.013620348|0.0|-0.068101734
1509512638890|0.013620348|0.0|-0.068101734
1509512639021|0.027240695|0.0|-0.068101734
1509512639154|0.013620348|0.0|-0.08172209
1509512639286|0.013620348|0.0|-0.05448139
1509512639417|0.013620348|-0.013620348|-0.08172209
1509512639549|0.013620348|-0.013620348|-0.08172209
1509512639682|0.013620348|-0.013620348|-0.08172209
1509512639814|0.013620348|-0.013620348|-0.05448139
1509512639946|-0.013620348|0.013620348|-0.040861044
1509512640077|-0.027240695|0.027240695|-0.040861044
1509512640209|0.0|0.013620348|-0.040861044
1509512640341|0.013620348|0.0|-0.05448139
1509512640474|0.013620348|0.0|-0.068101734
1509512640606|0.013620348|0.0|-0.068101734
1509512640738|0.013620348|0.0|-0.068101734
1509512640870|0.013620348|0.0|-0.068101734
1509512641001|0.013620348|0.0|-0.068101734
1509512641133|0.013620348|0.0|-0.068101734
1509512641266|0.013620348|0.0|-0.068101734
1509512641398|0.013620348|-0.013620348|-0.068101734
1509512641530|0.013620348|-0.013620348|-0.068101734
1509512641662|0.027240695|-0.013620348|-0.068101734
1509512641795|0.027240695|-0.013620348|-0.08172209
1509512641927|0.013620348|-0.013620348|-0.05448139
1509512642058|0.027240695|-0.013620348|-0.068101734
1509512642190|0.027240695|-0.013620348|-0.068101734
1509512642322|0.027240695|-0.027240695|-0.068101734
1509512642455|0.027240695|-0.027240695|-0.068101734
1509512642585|0.027240695|0.0|-0.068101734
1509512642718|0.027240695|0.0|-0.068101734
1509512642850|0.027240695|-0.027240695|-0.08172209
1509512642982|0.013620348|0.0|-0.068101734
1509512643114|0.013620348|0.0|-0.068101734
1509512643246|0.027240695|0.0|-0.068101734
1509512643377|0.027240695|-0.027240695|-0.08172209
1509512643510|0.027240695|-0.027240695|-0.08172209
1509512643642|0.013620348|0.0|-0.08172209
1509512643774|0.027240695|0.0|-0.08172209
1509512643906|0.0|0.013620348|-0.05448139
1509512644038|-0.013620348|0.013620348|-0.05448139
1509512644170|-0.013620348|0.0|-0.05448139
1509512644302|-0.013620348|0.0|-0.08172209
1509512644434|-0.013620348|0.013620348|-0.08172209
1509512644566|0.0|-0.013620348|-0.08172209
1509512644698|0.027240695|0.013620348|-0.068101734
1509512644830|0.027240695|0.013620348|-0.068101734
1509512644962|0.013620348|0.013620348|-0.068101734
1509512645094|0.027240695|0.013620348|-0.068101734
1509512645226|0.027240695|0.013620348|-0.068101734
1509512645358|0.027240695|0.0|-0.08172209
1509512645489|0.013620348|0.0|-0.08172209
1509512645622|0.013620348|0.0|-0.08172209
1509512645753|0.013620348|0.0|-0.08172209
1509512645886|0.0|0.0|-0.08172209
1509512646018|0.013620348|-0.013620348|-0.08172209
1509512646149|0.013620348|-0.027240695|-0.08172209
1509512646282|0.013620348|0.013620348|-0.068101734
1509512646419|0.013620348|0.013620348|-0.068101734
1509512646545|0.027240695|0.013620348|-0.068101734
1509512646678|0.013620348|0.013620348|-0.068101734
1509512646810|0.013620348|0.013620348|-0.068101734
1509512646943|0.013620348|0.013620348|-0.068101734
1509512647074|0.013620348|-0.013620348|-0.068101734
1509512647206|0.013620348|0.013620348|-0.068101734
1509512647338|0.027240695|0.013620348|-0.068101734
1509512647470|0.013620348|0.013620348|-0.068101734
1509512647602|0.027240695|-0.013620348|-0.068101734
1509512647734|0.027240695|0.013620348|-0.068101734
1509512647866|0.027240695|0.013620348|-0.068101734
1509512647998|0.027240695|0.013620348|-0.068101734
1509512648131|0.027240695|0.0|-0.08172209
1509512648262|0.027240695|0.0|-0.08172209
1509512648394|0.013620348|0.0|-0.05448139
1509512648526|0.013620348|0.0|-0.08172209
1509512648657|0.013620348|0.0|-0.08172209
1509512648789|0.013620348|0.0|-0.08172209
1509512648921|0.013620348|-0.013620348|-0.08172209
1509512649054|0.013620348|-0.013620348|-0.08172209
1509512649186|0.013620348|0.013620348|-0.08172209
1509512649318|0.013620348|0.013620348|-0.08172209
1509512649452|0.013620348|0.013620348|-0.068101734
1509512649582|0.013620348|0.013620348|-0.068101734
1509512649714|0.013620348|0.013620348|-0.068101734
1509512649847|0.0|0.0|-0.068101734
1509512649977|0.0|0.0|-0.068101734
1509512650110|0.0|0.0|-0.068101734
1509512650242|0.0|0.0|-0.068101734
1509512650374|0.027240695|-0.013620348|-0.068101734
1509512650506|0.040861044|-0.013620348|-0.08172209
1509512650638|0.027240695|-0.013620348|-0.08172209
1509512650770|0.027240695|-0.013620348|-0.08172209
1509512650902|0.027240695|-0.013620348|-0.08172209
1509512651034|0.027240695|0.013620348|-0.08172209
1509512651166|0.027240695|0.0|-0.08172209
1509512651298|0.027240695|0.0|-0.068101734
1509512651430|0.013620348|0.0|-0.068101734
1509512651562|0.013620348|0.013620348|-0.068101734
1509512651694|0.0|0.013620348|-0.05448139
1509512651826|0.0|0.013620348|-0.05448139
1509512651958|0.013620348|0.0|-0.068101734
1509512652090|0.013620348|0.0|-0.068101734
1509512652222|0.013620348|0.013620348|-0.068101734
1509512652354|0.013620348|0.013620348|-0.068101734
1509512652487|0.013620348|0.013620348|-0.068101734
1509512652618|0.013620348|0.013620348|-0.068101734
1509512652750|-0.013620348|0.040861044|-0.05448139
1509512652882|-0.027240695|0.027240695|-0.05448139
1509512653015|-0.013620348|0.0|-0.05448139
1509512653146|0.013620348|-0.013620348|-0.08172209
1509512653277|0.027240695|-0.013620348|-0.08172209
1509512653411|0.013620348|-0.027240695|-0.08172209
1509512653541|0.013620348|-0.040861044|-0.08172209
1509512653674|0.013620348|-0.040861044|-0.08172209
1509512653806|0.013620348|-0.027240695|-0.08172209
1509512653938|0.0|-0.027240695|-0.08172209
1509512654070|0.013620348|-0.027240695|-0.08172209
1509512654202|0.013620348|0.0|-0.068101734
1509512654335|0.013620348|0.0|-0.068101734
1509512654466|0.013620348|0.0|-0.068101734
1509512654597|0.013620348|0.0|-0.068101734
1509512654729|0.040861044|0.013620348|-0.08172209
1509512654862|0.027240695|0.013620348|-0.08172209
1509512654993|0.027240695|0.0|-0.08172209
1509512655131|-0.013620348|0.0|-0.05448139
1509512655258|-0.013620348|-0.013620348|-0.08172209
1509512655390|0.0|0.0|-0.08172209
1509512655522|0.0|-0.013620348|-0.08172209
1509512655654|0.0|0.013620348|-0.08172209
1509512655786|0.0|0.0|-0.08172209
1509512655918|0.0|0.0|-0.08172209
1509512656050|-0.013620348|-0.013620348|-0.08172209
1509512656182|0.0|0.0|-0.08172209
1509512656313|0.0|-0.013620348|-0.08172209
1509512656446|-0.013620348|0.0|-0.08172209
1509512656577|-0.013620348|0.0|-0.08172209
1509512656711|-0.013620348|0.013620348|-0.08172209
1509512656842|-0.013620348|0.013620348|-0.08172209
1509512656974|-0.013620348|0.013620348|-0.08172209
1509512657106|0.0|0.013620348|-0.08172209
1509512657238|0.013620348|0.013620348|-0.08172209
1509512657370|0.0|0.0|-0.08172209
1509512657502|0.013620348|0.0|-0.08172209
1509512657634|0.040861044|0.0|-0.08172209
1509512657766|0.040861044|0.0|-0.08172209
1509512657898|0.013620348|-0.013620348|-0.08172209
1509512658035|0.013620348|-0.027240695|-0.08172209
1509512658162|0.013620348|-0.027240695|-0.08172209
1509512658294|0.013620348|0.0|-0.068101734
1509512658426|0.013620348|0.0|-0.068101734
1509512658560|0.0|0.013620348|-0.068101734
1509512658690|-0.013620348|0.0|-0.08172209
1509512658822|-0.013620348|0.0|-0.08172209
1509512658954|-0.013620348|0.0|-0.08172209
1509512659086|0.0|-0.013620348|-0.08172209
1509512659218|-0.013620348|0.0|-0.08172209
1509512659350|-0.013620348|-0.027240695|-0.08172209
1509512659482|-0.013620348|-0.027240695|-0.08172209
1509512659614|0.0|0.0|-0.068101734
1509512659746|0.0|-0.027240695|-0.08172209
1509512659878|-0.013620348|-0.013620348|-0.08172209
1509512660009|0.013620348|-0.013620348|-0.08172209
1509512660142|0.0|-0.013620348|-0.08172209
1509512660275|0.013620348|-0.027240695|-0.08172209
1509512660406|0.013620348|-0.027240695|-0.08172209
1509512660538|0.013620348|-0.027240695|-0.08172209
1509512660670|0.013620348|0.0|-0.08172209
1509512660802|0.013620348|-0.013620348|-0.08172209
1509512660934|0.013620348|-0.013620348|-0.08172209
1509512661069|0.013620348|-0.013620348|-0.08172209
1509512661198|0.0|-0.013620348|-0.08172209
