1510199324640|-0.7411804|0.72612|-0.025375366
1510199324746|-1.2909698|-0.5996704|-0.23123169
1510199324863|-0.47036743|-1.6664581|0.0131073
1510199324978|-0.31887817|-1.2787476|0.110443115
1510199325092|-0.1932373|1.2380219|0.22732544
1510199325209|-0.4546814|0.8798523|-0.035354614
1510199325331|1.4422607|-0.024429321|-0.07810974
1510199325439|0.6939392|0.058029175|-0.5716858
1510199325556|-1.5705414|0.84013367|0.1656189
1510199325669|-1.6847839|0.29301453|0.33135986
1510199325783|1.2481995|1.0238037|0.54599
1510199325898|-0.52474976|0.1378479|-0.29333496
1510199326013|-0.13825989|-0.5813446|-0.26158142
1510199326126|-0.10772705|0.26817322|0.03529358
1510199326241|0.7470856|-0.34249878|-0.13349915
1510199326357|0.2722473|-0.068618774|-0.032302856
1510199326472|-0.0053100586|0.031555176|0.09414673
1510199326587|0.19384766|-0.10954285|-0.0440979
1510199326702|0.027679443|-0.21095276|0.061569214
1510199326817|-0.025863647|-0.07676697|8.8500977E-4
1510199326932|0.050079346|-0.01852417|0.0010986328
1510199327048|0.17042542|-0.11769104|0.020233154
1510199327165|-0.14538574|-0.03868103|-0.0068359375
1510199327278|0.25839233|-0.10832214|-0.0135650635
1510199327392|-0.05029297|0.022399902|-0.035354614
1510199327507|0.10058594|0.07167053|-0.01966858
1510199327623|0.22662354|-0.099975586|0.032455444
1510199327738|-0.03237915|0.03543091|-0.023956299
1510199327853|0.11991882|-0.13764954|-0.10682678
1510199327967|-0.037872314|-0.016494751|-0.039016724
1510199328085|-0.1459961|0.1602478|0.004348755
1510199328198|0.018722534|0.20178223|-0.004196167
1510199328313|0.25126648|0.37852478|0.0017089844
1510199328427|-0.05458069|0.34248352|0.5233917
1510199328545|-0.9608917|0.5479431|0.5936432
1510199328658|1.2976837|-0.039505005|0.0039520264
1510199328772|-0.7212372|0.7841644|0.9512024
1510199328888|0.13703918|-0.44857788|0.51971436
1510199329004|-0.6519928|-0.031555176|0.21266174
1510199329118|-0.28344727|0.17449951|-0.010101318
1510199329233|-0.09631348|0.08123779|-0.043899536
1510199329352|0.013626099|-0.23864746|-0.1524353
1510199329464|-0.7432251|-0.29606628|-0.14633179
1510199329584|0.6833496|0.26490784|-0.29925537
1510199329695|0.081451416|-0.0069274902|-0.37805176
1510199329812|-0.4129486|-0.26408386|-0.09176636
1510199329925|0.29483032|0.06881714|0.11430359
1510199330040|0.47932434|-0.18855286|0.298172
1510199330155|0.013839722|-0.052124023|0.060760498
1510199330269|-0.073913574|0.03338623|-0.030670166
1510199330386|0.03440857|-0.06556702|0.02166748
1510199330502|-0.046218872|-0.054977417|0.010665894
1510199330621|4.119873E-4|0.0010223389|0.011886597
1510199330730|0.084487915|0.012832642|0.089263916
1510199330843|-0.124420166|0.19587708|0.027359009
1510199330960|-0.23274231|-0.19873047|-0.1312561
1510199331075|0.0730896|0.12298584|0.20553589
1510199331189|0.030944824|0.63061523|0.044067383
1510199331304|-0.07106018|0.19445801|-0.13919067
1510199331419|-0.118515015|-0.36895752|-0.036972046
1510199331533|-0.19873047|-0.012008667|0.061569214
1510199331650|-0.3068695|-0.1985321|-0.067108154
1510199331764|0.03604126|-0.05355835|0.023086548
1510199331880|0.019332886|-0.038085938|-0.01701355
1510199331993|0.012207031|-0.029724121|0.027572632
1510199332109|0.051513672|0.22520447|-0.057739258
1510199332224|0.11381531|0.010375977|0.09680176
1510199332341|-0.07940674|0.1260376|-0.05632019
1510199332453|0.03074646|-0.07147217|-0.14164734
1510199332591|0.18060303|0.12155151|-0.51916504
1510199332691|0.96455383|-0.48034668|-0.42285156
1510199332799|0.19506836|-1.8100128|-0.20272827
1510199332915|-0.8981781|-0.41233826|0.5264435
1510199333030|0.81814575|-0.4223175|-0.12149048
1510199333143|-0.07839966|0.09060669|0.09353638
1510199333260|0.35021973|-0.21339417|-0.08137512
1510199333375|0.09039307|0.17755127|0.0061950684
1510199333489|-0.14723206|0.09794617|-0.029647827
1510199333605|0.015472412|0.0073242188|-0.0046081543
1510199333719|-0.01852417|0.020355225|-0.014175415
1510199333836|0.06556702|0.044387817|-0.07220459
1510199333950|0.08938599|-0.062316895|-0.019882202
1510199334064|-0.028305054|0.18325806|-0.07444763
1510199334180|0.021987915|-0.12991333|-0.02293396
1510199334294|0.02545166|0.06942749|0.013931274
1510199334410|-0.015274048|-0.027282715|-0.015792847
1510199334524|-0.010391235|0.03930664|0.021057129
1510199334642|-0.04826355|-0.053344727|-0.0025634766
1510199334754|-0.015075684|0.13357544|-0.002166748
1510199334870|-0.02545166|-0.009780884|-0.010925293
1510199334986|0.058639526|0.033996582|-0.027618408
1510199335102|-0.006729126|0.041732788|0.049346924
1510199335215|-0.12625122|0.0158844|-0.0033874512
1510199335330|0.04336548|-0.047439575|-0.02557373
1510199335447|0.07859802|0.03543091|-0.057540894
1510199335559|-0.013641357|0.066986084|-0.051223755
1510199335676|0.09814453|-0.05986023|0.04324341
1510199335791|-0.046020508|-0.2156372|-0.042678833
1510199335906|-0.027694702|-0.09326172|-0.014785767
1510199336020|-0.026885986|0.047439575|-0.020690918
1510199336134|0.06251526|-0.14477539|-0.07322693
1510199336253|0.012420654|0.011199951|-0.010910034
1510199336366|-0.0046844482|-0.01751709|-0.007247925
1510199336480|0.0028533936|-0.095703125|0.0029296875
1510199336595|-0.044799805|0.07777405|-0.0039978027
1510199336710|-0.034622192|0.047042847|-0.022720337
1510199336825|-0.05029297|0.12869263|0.0131073
1510199336942|0.111587524|-0.19364929|-0.061813354
1510199337057|-0.019546509|-0.020568848|-0.028839111
1510199337172|0.07594299|-0.25941467|-0.024139404
1510199337286|-0.0036773682|-0.13825989|-0.022521973
1510199337402|0.0073242188|-0.044799805|-0.0021514893
1510199337515|-0.050094604|0.02015686|-0.007659912
1510199337631|-0.028503418|0.029525757|-0.0035858154
1510199337748|0.031158447|0.04866028|0.014526367
1510199337861|-0.08592224|-0.0050964355|-0.013153076
1510199337976|-0.0038757324|-0.021987915|0.02003479
1510199338092|0.025650024|0.016494751|-0.009902954
1510199338206|-0.066986084|0.16268921|0.015350342
1510199338321|-0.052947998|0.021575928|0.04385376
1510199338437|0.0028533936|0.06088257|0.020645142
1510199338551|-0.0977478|0.09732056|0.058517456
1510199338666|-0.08755493|-0.17510986|-0.092559814
1510199338782|0.16859436|0.16249084|0.036727905
1510199338896|0.07208252|0.069229126|0.09170532
1510199339012|0.035827637|0.14050293|-0.13716125
1510199339128|-0.14335632|-0.18367004|-0.13044739
1510199339241|0.30155945|0.09976196|-0.10519409
1510199339356|-0.2531128|0.23313904|-0.047561646
1510199339471|0.061691284|-0.06271362|-0.0033874512
1510199339586|-0.03604126|-0.13581848|0.1020813
1510199339702|0.08857727|0.053756714|-0.01234436
1510199339817|0.0024414062|-6.1035156E-4|-0.010910034
1510199339932|0.23252869|0.103027344|0.04812622
1510199340046|-0.03440857|0.14741516|-0.054901123
1510199340162|0.0901947|0.07003784|-0.011123657
1510199340276|-0.03237915|-0.009979248|-0.00970459
1510199340391|0.021575928|-0.053146362|-0.058761597
1510199340507|0.027069092|-0.056411743|-0.0811615
1510199340621|-0.035629272|-0.07249451|-0.02659607
1510199340737|-0.0382843|2.1362305E-4|-0.012130737
1510199340851|-0.104263306|0.1667633|-0.087890625
1510199340966|-0.27876282|0.13948059|-0.07525635
1510199341085|0.09732056|-0.17756653|0.034072876
1510199341198|-0.06536865|-0.10282898|-0.030456543
1510199341314|-0.005508423|-0.044189453|-0.020477295
1510199341426|-0.025863647|-0.20768738|-0.034118652
1510199341542|0.06881714|0.016296387|0.0017089844
1510199341657|-0.005508423|0.012008667|0.009033203
1510199341772|-0.07696533|0.0038604736|0.0053710938
1510199341888|0.055389404|0.20075989|0.028381348
1510199342008|-0.09692383|0.15678406|-0.01864624
1510199342119|-0.0014343262|-0.23254395|-0.023330688
1510199342232|0.10914612|0.07513428|0.007003784
1510199342349|3.9672852E-4|-0.03604126|-0.0013427734
1510199342462|0.0038604736|-0.19567871|-0.007858276
1510199342576|0.031555176|0.05722046|-0.012954712
1510199342691|-0.057022095|-0.062301636|-0.018051147
1510199342808|0.09487915|0.045410156|0.042419434
1510199342922|0.061691284|-0.20606995|0.016159058
1510199343038|-0.008148193|-0.034622192|0.013717651
1510199343155|-0.12258911|-0.1724701|-0.029846191
1510199343268|0.09265137|0.05680847|0.013305664
1510199343382|-0.023208618|-0.12705994|-0.02760315
1510199343497|-0.040924072|-0.05783081|-0.04675293
1510199343613|-0.0012207031|0.045410156|0.002532959
1510199343727|0.09182739|-0.17410278|-0.01335144
1510199343843|-0.036254883|8.087158E-4|-0.0035858154
1510199343958|0.008956909|0.1455841|-0.01071167
1510199344073|-0.092437744|0.07369995|-0.026382446
1510199344190|-0.16981506|0.21400452|-0.030059814
1510199344304|-0.056610107|-0.059051514|-0.05000305
1510199344418|0.06576538|-0.008148193|0.003540039
1510199344533|-0.07269287|0.1390686|0.015548706
1510199344647|-0.008758545|0.019332886|0.008026123
1510199344763|-0.19934082|0.29362488|9.0026855E-4
1510199344878|-0.10404968|0.069625854|-0.018234253
1510199344994|-0.025253296|0.05029297|-0.017623901
1510199345109|0.0022277832|0.104660034|0.015350342
1510199345224|-0.08206177|0.14578247|0.010055542
1510199345337|0.03277588|-0.047042847|-0.0070495605
1510199345453|-0.0435791|0.08816528|0.013717651
1510199345567|-0.023010254|-0.12786865|-0.014572144
1510199345685|0.14170837|-0.06291199|0.042633057
1510199345798|-0.03135681|0.07635498|-0.014984131
1510199345913|-0.02015686|0.04397583|-0.004196167
1510199346030|-0.0095825195|0.02279663|-0.0048065186
1510199346143|0.067611694|-0.1973114|-0.002166748
1510199346258|0.055374146|-0.10568237|-0.007247925
1510199346373|0.0012207031|0.091415405|0.0059814453
1510199346490|-0.13072205|-0.070251465|-0.032699585
1510199346607|-0.010391235|-0.08958435|-0.03453064
1510199346718|0.08062744|0.09529114|0.035705566
1510199346833|0.06800842|-0.24719238|-0.020477295
1510199346949|0.115448|-0.08306885|-0.028427124
1510199347064|-0.06983948|-0.18122864|-0.04084778
1510199347180|0.028503418|-0.05680847|0.015960693
1510199347293|0.00793457|-0.008956909|-0.0058288574
1510199347409|-0.06515503|0.029937744|0.0049591064
1510199347523|0.009567261|-0.16452026|0.0019073486
1510199347639|-0.0071258545|-0.053756714|0.015960693
1510199347754|-0.008361816|-0.28059387|-0.03514099
1510199347870|0.06515503|4.119873E-4|0.035095215
1510199347984|0.09712219|-0.21421814|-0.02130127
1510199348099|0.05293274|-0.03564453|0.009033203
1510199348215|-0.05293274|-0.026275635|-0.01600647
1510199348330|-0.03767395|0.0024414062|0.012084961
1510199348446|0.021575928|-0.15577698|-0.01763916
1510199348558|-0.009170532|0.0093688965|-0.023330688
1510199348674|0.011199951|0.017105103|0.006591797
1510199348789|0.036239624|0.09080505|0.005783081
1510199348905|-0.04499817|-0.03665161|-0.0068511963
1510199349019|-0.039916992|0.07106018|-0.006439209
1510199349134|-0.010177612|0.024230957|-0.0046081543
1510199349248|-0.0028533936|0.018936157|0.010253906
1510199349367|0.041534424|-0.062301636|0.0076141357
1510199349479|-0.008560181|-0.021987915|-0.008270264
1510199349594|-0.088378906|0.030136108|-0.0070495605
1510199349710|-0.038894653|0.033996582|-0.0035858154
1510199349824|-0.06942749|-0.015075684|0.004760742
1510199349939|0.09631348|0.031967163|0.041000366
1510199350054|0.040924072|-0.016693115|0.020446777
1510199350170|-0.050094604|-0.025863647|-0.021911621
1510199350285|0.09060669|0.09631348|0.034072876
1510199350400|-0.091430664|0.041534424|-0.0011444092
1510199350514|-0.006515503|-0.124816895|-0.0058288574
1510199350630|0.055786133|-0.0020446777|0.0078125
1510199350744|-0.07635498|-0.027694702|6.866455E-4
1510199350861|0.16818237|0.051315308|0.04324341
1510199350975|0.087142944|-0.097732544|0.014328003
1510199351089|-0.16249084|-0.17103577|-0.027816772
1510199351205|0.100372314|-0.030548096|0.031021118
1510199351321|0.07167053|0.027282715|0.009643555
1510199351435|-0.14701843|0.08470154|0.025939941
1510199351549|0.10119629|0.064941406|0.008834839
1510199351664|-0.0061187744|-0.0063171387|-0.01864624
1510199351780|-0.05458069|0.009567261|-0.010101318
1510199351894|0.03237915|0.017913818|0.0031433105
1510199352010|0.047027588|-0.052124023|-0.0031738281
1510199352126|-0.0050964355|0.06413269|-0.002166748
1510199352240|-0.046020508|0.0024414062|0.002319336
1510199352355|0.0069122314|0.06413269|0.0031280518
1510199352471|-0.079818726|0.016296387|0.002319336
1510199352588|0.028900146|-0.040527344|0.018005371
1510199352700|-0.021987915|0.016281128|-0.007858276
1510199352816|-0.10446167|-0.069229126|-0.037994385
1510199352930|0.021377563|0.019744873|-0.0090789795
1510199353047|0.032165527|0.00793457|-0.008468628
1510199353162|-0.016296387|0.10180664|-0.012130737
1510199353277|0.073913574|0.06739807|0.009033203
1510199353392|-0.055389404|0.12889099|-0.005218506
1510199353507|-0.12684631|-0.057022095|-0.0048065186
1510199353622|0.12705994|0.072280884|0.015960693
1510199353735|-0.018936157|-0.0012207031|-0.007247925
1510199353850|-0.035842896|0.023406982|-0.010101318
1510199353966|-0.0635376|0.04499817|0.003540039
1510199354082|-0.06047058|-0.020980835|-0.021713257
1510199354195|-0.0048980713|-0.006515503|-0.0031738281
1510199354313|0.008544922|-0.017715454|9.0026855E-4
1510199354427|0.00630188|0.044784546|0.018798828
1510199354540|-0.032577515|0.024230957|-0.023742676
1510199354655|-0.08430481|0.06413269|-0.08035278
1510199354771|-0.0036773682|-0.057617188|-0.0113220215
1510199354885|0.08143616|0.018127441|0.0063934326
1510199355001|-0.1349945|0.21888733|-0.03413391
1510199355116|-0.0753479|-0.041534424|-0.02557373
1510199355234|0.08143616|-0.005493164|-0.008880615
1510199355348|-0.07003784|0.06413269|-0.023330688
1510199355461|0.016082764|-0.08552551|0.01737976
1510199355576|0.082458496|-0.019134521|0.0010986328
1510199355690|-0.008560181|0.013641357|0.0074005127
1510199355807|0.02748108|-0.043167114|6.866455E-4
1510199355922|0.059448242|0.0010070801|0.012908936
1510199356037|0.018325806|-0.0030517578|-7.324219E-4
1510199356151|-0.005706787|0.008743286|-0.0046081543
1510199356266|-0.026275635|0.018112183|0.009033203
1510199356382|0.031967163|-0.041748047|0.0017089844
1510199356498|-0.018951416|-0.050704956|-0.005004883
1510199356611|0.0050811768|0.0|0.011474609
1510199356726|-0.0046844482|-0.043777466|-0.0135650635
1510199356843|-0.0014343262|-0.041137695|0.022064209
1510199356957|0.014862061|-0.032180786|-5.340576E-4
1510199357072|-0.021377563|0.013031006|0.0041656494
1510199357187|-0.04133606|0.0036621094|2.746582E-4
1510199357302|-0.020370483|0.03868103|7.6293945E-5
1510199357417|-0.033798218|0.02218628|0.020843506
1510199357532|0.009963989|-0.005493164|-0.0029754639
1510199357648|-0.029525757|0.018112183|0.011077881
1510199357762|-2.1362305E-4|0.06617737|0.026138306
1510199357877|-0.027282715|1.9836426E-4|-0.0011444092
1510199357991|-0.0024414062|0.028305054|0.012496948
1510199358107|-0.014663696|-0.0059051514|0.0061950684
1510199358223|-0.014053345|-0.008956909|-0.0023651123
1510199358336|0.02218628|-0.0046844482|0.004760742
1510199358452|-0.018737793|-0.029327393|-0.009490967
1510199358567|0.039901733|0.019134521|0.0078125
1510199358683|-0.03543091|-0.01322937|0.004760742
1510199358797|0.017303467|0.032974243|0.008224487
1510199358911|0.025039673|0.03604126|-0.0060272217
1510199359029|0.0071258545|0.035217285|-0.0037841797
1510199359144|-0.0014343262|-0.0069122314|0.003540039
1510199359259|0.014450073|0.037460327|0.011474609
1510199359373|-0.017913818|-0.017929077|-0.0043945312
1510199359487|0.03277588|-0.0105896|0.004760742
1510199359602|-0.021392822|0.016693115|-0.0037841797
1510199359717|0.009155273|0.052124023|7.6293945E-5
1510199359834|0.018112183|-0.005706787|0.0072021484
1510199359949|0.047027588|0.048049927|0.012283325
1510199360064|0.018325806|-0.024429321|0.0027313232
1510199360190|0.033187866|0.048049927|0.010879517
1510199360292|-2.1362305E-4|0.014450073|-0.0043945312
1510199360408|0.043151855|0.03643799|0.014724731
1510199360525|-0.022201538|-0.009567261|-0.007247925
1510199360641|-0.0158844|-0.06556702|-0.003982544
1510199360753|0.010574341|0.032165527|0.009246826
1510199360868|-0.011413574|-0.0020446777|0.0049591064
1510199360984|-0.0034637451|8.087158E-4|0.0012969971
1510199361098|-0.05680847|-0.04399109|-0.034332275
1510199361213|-0.023223877|0.0093688965|-0.0043945312
1510199361329|0.017501831|0.03665161|7.019043E-4
1510199361442|0.036026|0.03175354|0.0041656494
1510199361559|-0.023010254|-0.020767212|0.0027313232
1510199361673|-0.025253296|-0.031967163|-0.01335144
1510199361788|0.023605347|3.9672852E-4|-5.340576E-4
1510199361906|-0.034622192|-0.0061035156|-0.011734009
1510199362018|-0.061294556|0.011810303|-0.008468628
1510199362134|-0.017929077|-0.0069274902|0.009857178
1510199362250|-0.0423584|-0.022201538|-0.0011444092
1510199362365|0.020553589|0.035629272|0.016983032
1510199362479|-0.030349731|0.08387756|-0.009490967
1510199362593|-0.0158844|-0.033187866|-0.015182495
1510199362708|0.008132935|-0.008544922|0.014328003
1510199362824|-0.021194458|-0.026473999|-0.00541687
1510199362939|-0.06047058|-0.0020446777|0.003540039
1510199363053|0.010787964|0.09324646|0.0039520264
1510199363170|-0.03237915|0.012817383|-0.0135650635
1510199363283|0.059448242|0.05659485|0.004562378
1510199363398|0.006500244|-0.097732544|-0.020080566
1510199363515|0.06454468|-0.0016326904|0.021255493
1510199363629|-0.0382843|-0.03135681|-0.015396118
1510199363743|-0.07269287|0.0158844|0.008422852
1510199363859|0.04866028|0.045410156|-0.012954712
1510199363973|-0.05680847|-0.027893066|-0.043701172
1510199364089|0.11076355|0.09202576|0.018203735
1510199364204|-0.47383118|0.5100708|-0.14755249
1510199364321|0.0061035156|-0.14273071|-0.24345398
1510199364434|-0.018936157|0.21073914|-0.031280518
1510199364549|-0.011199951|-0.079208374|0.021240234
1510199364665|-0.01914978|-0.086135864|-0.014373779
1510199364778|0.0050811768|-0.011001587|-0.009292603
1510199364898|-0.033599854|0.041534424|0.010665894
1510199365010|-0.02708435|0.13987732|-0.018249512
1510199365126|-0.03665161|0.013839722|0.020233154
1510199365241|0.023406982|0.0059051514|-0.006439209
1510199365356|0.04927063|-0.019744873|0.018203735
1510199365469|-0.019546509|0.21502686|0.04222107
1510199365586|-0.015472412|0.00793457|0.0039520264
1510199365700|0.08633423|0.029525757|0.030410767
1510199365814|0.021377563|-0.10058594|0.0010986328
1510199365930|0.05783081|0.0977478|0.03489685
1510199366046|0.16186523|-0.15148926|0.025726318
1510199366162|0.084503174|0.17837524|0.059936523
1510199366274|0.16899109|-0.1272583|0.121032715
1510199366389|-0.0071411133|-0.2091217|-0.010299683
1510199366505|0.12237549|0.042144775|0.046707153
1510199366619|-0.067596436|-0.18936157|-0.04714966
1510199366733|0.10546875|-0.14884949|0.038146973
1510199366849|0.014251709|-0.2103424|-0.028625488
1510199366966|0.06271362|-0.10771179|0.020645142
1510199367080|-0.027297974|-0.10241699|0.018814087
1510199367195|0.08836365|0.06088257|-0.007659912
1510199367311|-0.080841064|-0.02281189|-0.01864624
1510199367425|0.03135681|-0.04194641|9.0026855E-4
1510199367541|-0.032165527|-0.07737732|-0.009292603
1510199367654|0.009979248|8.087158E-4|0.0023345947
1510199367770|-0.012832642|-0.029937744|-0.01966858
1510199367885|0.008132935|0.08572388|0.004760742
1510199368000|-8.239746E-4|-0.025039673|-0.017028809
1510199368119|0.016082764|0.08062744|0.021255493
1510199368232|0.00630188|-0.046829224|-0.010101318
1510199368347|0.07696533|0.053344727|0.008834839
1510199368461|-0.06251526|0.07003784|-0.0090789795
1510199368577|0.06616211|0.04133606|-0.0068359375
1510199368696|-0.0488739|-0.024642944|-0.011932373
1510199368805|0.09529114|-0.029937744|0.0063934326
1510199368921|-0.027694702|-0.08430481|-0.021499634
1510199369035|0.12236023|0.08816528|0.00680542
1510199369161|-0.025253296|-0.0063171387|-0.028427124
1510199369266|0.06800842|-0.016082764|0.012908936
1510199369381|-0.08023071|-0.051116943|-0.010299683
1510199369495|0.13092041|0.058441162|0.014541626
1510199369610|-0.0052948|0.03338623|-0.0045928955
1510199369726|-0.019348145|0.05680847|0.0072021484
1510199369841|0.060058594|0.031143188|0.0126953125
1510199369957|0.019943237|0.014862061|-0.0013427734
1510199370071|0.0730896|0.057418823|0.020843506
1510199370187|-0.04336548|-0.0071258545|-0.018447876
1510199370302|0.111572266|0.07513428|0.03489685
1510199370416|0.019958496|-0.09875488|0.023483276
1510199370532|0.02748108|-0.05456543|0.012084961
1510199370647|-0.04663086|-0.10772705|0.009246826
1510199370761|0.04031372|-0.02708435|0.02104187
1510199370876|-0.07086182|-0.038894653|-0.016616821
1510199370992|0.04560852|0.055374146|0.010879517
1510199371107|-0.04663086|0.036026|-0.026794434
1510199371222|-0.044189453|-0.019134521|-0.011932373
1510199371339|0.06842041|0.07962036|-9.3078613E-4
1510199371451|-0.038894653|0.014251709|-0.0050201416
1510199371567|-0.024841309|-0.0038757324|-0.024963379
1510199371682|-0.10241699|0.03237915|-0.046142578
1510199371797|0.09324646|0.004470825|-0.008270264
1510199371911|-0.015472412|0.033798218|-0.037597656
1510199372026|-0.09265137|0.15353394|0.011276245
1510199372142|-0.052124023|0.05781555|-0.0066375732
1510199372256|-0.0594635|-0.10934448|8.8500977E-4
1510199372373|0.10383606|0.011413574|-0.01600647
1510199372486|0.02279663|-0.023208618|-0.007858276
1510199372603|0.04194641|0.17164612|0.016159058
1510199372719|-0.13684082|0.03807068|-0.03352356
1510199372832|0.03807068|-0.017318726|-0.0113220215
1510199372947|0.008956909|-0.033187866|0.0037384033
1510199373064|-0.02381897|-0.025650024|-0.013977051
1510199373177|-0.04194641|-0.023620605|-0.010299683
1510199373292|0.018325806|-0.010803223|0.0078125
1510199373407|-0.030548096|-0.0020446777|2.89917E-4
1510199373522|0.016082764|0.013839722|-0.0033874512
1510199373636|-0.0042877197|0.0046844482|0.008621216
1510199373753|6.1035156E-4|0.0036621094|-0.009292603
1510199373870|-0.0034637451|-0.0073394775|0.0031280518
1510199373984|0.014862061|-0.041534424|-0.008666992
1510199374096|0.0034484863|-0.005493164|0.010665894
1510199374213|0.026260376|-0.040725708|0.0131073
1510199374328|-0.022003174|-0.008972168|2.89917E-4
1510199374445|0.032165527|-2.1362305E-4|-0.0066375732
1510199374557|0.00630188|0.009567261|-0.008666992
1510199374675|-0.011199951|0.01852417|-0.0066375732
1510199374788|-0.0069274902|0.009765625|-0.029647827
1510199374942|-0.032577515|0.0056915283|0.0027313232
1510199375045|6.1035156E-4|0.035629272|-0.0048065186
1510199375143|0.019943237|0.045806885|-0.024353027
1510199375261|-0.045822144|0.019332886|0.0023345947
1510199375377|-0.026062012|0.022399902|-0.009887695
1510199375485|-0.01914978|-0.009979248|0.0019226074
1510199375592|-0.0026550293|-0.0030517578|-0.0090789795
1510199375713|0.0010070801|0.015670776|0.0025177002
1510199375824|-0.042770386|0.008132935|0.0010986328
1510199375955|-0.0065307617|0.025039673|-0.007461548
1510199376062|0.007736206|0.010375977|0.013931274
1510199376184|0.07084656|-0.093048096|-0.016616821
1510199376315|0.03970337|-0.05029297|0.011688232
1510199376397|0.026062012|-0.11178589|-0.010910034
1510199376514|0.05517578|-0.19119263|-0.02557373
1510199376629|0.13194275|-0.34594727|-0.009689331
1510199376743|0.0743103|-0.30278015|-0.062026978
1510199376857|0.01159668|-0.039505005|-0.011932373
1510199376973|0.019348145|-0.08288574|-0.001953125
1510199377090|0.05293274|-0.1631012|-0.004196167
1510199377204|0.04499817|0.03643799|-0.006225586
1510199377323|0.00793457|-0.020980835|0.017791748
1510199377434|-0.103027344|0.12562561|-0.010910034
1510199377555|-0.2850647|0.28201294|-0.0046081543
1510199377664|-0.04296875|0.21318054|0.023284912
1510199377778|-0.1973114|0.15005493|0.003326416
1510199377895|0.02545166|0.10282898|0.03062439
1510199378009|-0.13562012|0.22459412|-3.3569336E-4
1510199378125|-0.16900635|0.51516724|0.025314331
1510199378238|-0.015686035|0.28079224|0.018203735
1510199378354|-0.14987183|0.39460754|0.090270996
1510199378471|0.109954834|-0.17878723|0.09170532
1510199378584|-0.04826355|0.0052948|-0.061416626
1510199378699|0.03440857|-0.12095642|0.036727905
1510199378813|0.05883789|-0.026260376|0.015350342
1510199378929|-0.022613525|-0.112197876|-0.023742676
1510199379045|0.081848145|0.04133606|0.069107056
1510199379159|0.046829224|-0.08430481|0.09170532
1510199379275|0.115448|-0.12359619|0.11125183
1510199379389|-0.03767395|-0.15048218|-0.009902954
1510199379506|0.048446655|-0.012619019|0.027770996
1510199379619|0.004470825|0.010375977|0.013717651
1510199379734|-0.018936157|-0.077178955|-0.01234436
1510199379850|0.045196533|0.09487915|0.013305664
1510199379964|0.01689148|0.073287964|0.030410767
1510199380082|0.022384644|-0.051513672|0.0236969
1510199380195|-0.05253601|-0.0635376|-0.007858276
1510199380310|0.0026397705|0.009979248|-0.009490967
1510199380424|-0.0024414062|0.040115356|-9.3078613E-4
1510199380541|-0.023010254|-0.018737793|-0.019256592
1510199380657|0.04600525|0.044799805|0.0184021
1510199380769|0.035827637|-0.07798767|-0.020889282
1510199380884|0.013427734|-0.06454468|-0.0011444092
1510199380999|-0.046844482|-0.08409119|-0.04837036
1510199381117|-0.009979248|0.029525757|-0.0066375732
1510199381229|-0.048065186|0.049072266|-0.08320618
1510199381347|-0.43025208|0.5426483|-0.27868652
1510199381459|0.054153442|-0.27876282|-0.049194336
1510199381577|0.10810852|-0.21644592|-0.016403198
1510199381690|-0.005706787|0.07064819|-0.020080566
1510199381805|-0.057006836|-0.0040740967|-0.028823853
1510199381920|0.026062012|-0.06881714|0.006790161
1510199382034|-0.023422241|0.052734375|-0.010910034
1510199382151|-0.06149292|0.07798767|-0.050216675
1510199382265|0.035629272|0.07777405|0.0031280518
1510199382379|0.019134521|-0.04194641|-0.024551392
1510199382494|-0.014663696|-0.048461914|0.006790161
1510199382610|0.041534424|-0.09346008|-0.01071167
1510199382725|-0.030136108|-0.038894653|0.007217407
1510199382840|-0.02178955|-0.0032653809|0.0017089844
1510199382955|-0.017303467|0.07044983|-0.02230835
1510199383071|0.015274048|-0.02810669|0.024917603
1510199383188|-0.005508423|-0.021377563|-0.010101318
1510199383300|-0.014251709|0.055999756|-0.007247925
1510199383417|-0.043167114|0.053146362|0.009246826
1510199383530|-0.06881714|0.12440491|-0.049194336
1510199383645|-0.0026550293|0.027282715|-0.028625488
1510199383773|-0.0050964355|0.07940674|-0.014587402
1510199383874|0.033996582|-0.004486084|0.019622803
1510199383990|0.19587708|-0.67663574|-0.052246094
1510199384106|0.06474304|-0.0071258545|-0.01600647
1510199384222|0.038879395|-0.21217346|0.026550293
1510199384335|0.06964111|-0.19343567|-0.014785767
1510199384452|0.0572052|-0.14355469|-0.007858276
1510199384567|0.08755493|-0.22561646|0.008636475
1510199384682|-0.07330322|-0.11117554|-0.047561646
1510199384798|0.010787964|-0.29057312|-0.026184082
1510199384915|-0.092041016|0.12339783|-0.016403198
1510199385025|0.110565186|-0.06739807|0.06523132
1510199385145|0.2050476|-0.15007019|0.24421692
1510199385256|0.080841064|0.037872314|0.07521057
1510199385378|-0.19384766|0.6373291|0.09434509
1510199385487|-0.27386475|-0.06312561|-0.02394104
1510199385603|-1.128067|0.558136|0.028381348
1510199385727|1.0702362|-1.9898071|0.4447937
1510199385833|-0.51475525|1.3742523|0.40956116
1510199385946|-0.60435486|0.27549744|-0.06915283
1510199386060|-0.4174347|0.8916626|-0.037384033
1510199386177|-0.24230957|0.22906494|-0.0693512
1510199386292|0.108932495|-0.10914612|-0.04776001
1510199386406|0.09100342|0.08633423|-0.033721924
1510199386521|0.21156311|-0.10139465|-0.008071899
1510199386639|0.4294281|-0.1354065|0.0131073
1510199386752|0.061080933|0.33535767|0.012496948
1510199386872|-0.0488739|-0.27896118|-0.040023804
1510199386986|-0.48442078|0.20910645|-0.16668701
1510199387104|-0.37019348|-0.0093688965|-0.3310089
1510199387212|-0.29077148|0.08409119|-0.0027770996
1510199387327|0.008743286|0.06210327|0.0074157715
1510199387441|-0.0211792|0.10974121|0.06503296
1510199387558|0.1512909|-0.11117554|0.008834839
1510199387673|0.14904785|-0.0030517578|0.042022705
1510199387787|0.064331055|0.048461914|0.04751587
1510199387901|-0.17532349|0.5876465|0.22242737
1510199388012|-0.0423584|0.881485|0.4624939
1510199388134|0.35572815|-0.47097778|-0.056732178
1510199388247|0.008544922|-0.0028533936|-0.04084778
1510199388362|0.08572388|-0.28710938|-0.079330444
