1510206465131|-3.2860677|0.4733031|9.227575
1510206465245|-3.2985597|0.4777415|9.222888
1510206465361|-3.2381845|0.5161025|9.242195
1510206465476|-3.0434644|0.871037|9.281649
1510206465590|-2.808685|1.6029096|9.258097
1510206465705|-2.9159677|1.4473591|9.25055
1510206465821|-2.9557812|1.6668078|9.200842
1510206465936|-3.09963|1.6067451|9.164117
1510206466052|-3.0741878|1.4669124|9.196082
1510206466167|-3.0644524|1.346806|9.21768
1510206466282|-3.1557229|1.3762288|9.182472
1510206466395|-3.1109576|1.2420192|9.216817
1510206466512|-3.1088548|1.259734|9.215122
1510206466626|-3.0925758|1.2926295|9.216043
1510206466742|-3.0062242|1.3080709|9.2424
1510206466856|-3.0397458|1.3818867|9.220669
1510206466972|-3.0943468|1.4377844|9.19392
1510206467086|-3.0230122|1.4236519|9.219816
1510206467202|-2.995564|1.4882374|9.2185755
1510206467317|-2.9412599|1.4864279|9.236337
1510206467432|-2.9683304|1.4565402|9.232438
1510206467546|-2.9174166|1.4493275|9.249785
1510206467661|-3.116758|1.3205366|9.203934
1510206467777|-3.3464859|1.2952652|9.126538
1510206467891|-3.6048265|1.1148899|9.051665
1510206468007|-3.6581712|1.1557978|9.025093
1510206468123|-3.7909641|1.2001207|8.964301
1510206468236|-3.92317|1.3229427|8.889823
1510206468351|-4.012786|1.596545|8.804485
1510206468470|-4.2315044|1.7680799|8.668256
1510206468581|-3.8953006|1.989307|8.7772255
1510206468696|-3.6924982|2.3659263|8.771444
1510206468811|-3.6611142|2.6562636|8.701201
1510206468926|-3.5628147|2.7116704|8.724883
1510206469041|-3.6779323|2.8850079|8.620901
1510206469156|-3.687404|3.0402055|8.563328
1510206469274|-3.6535885|3.3539577|8.460061
1510206469388|-3.394048|3.5361745|8.493897
1510206469501|-3.152845|3.6252692|8.549115
1510206469617|-3.1464357|3.631919|8.548655
1510206469731|-3.1123538|3.5648942|8.589248
1510206469847|-2.9761384|3.0263693|8.840479
1510206469963|-3.005896|2.6615977|8.947116
1510206470078|-2.7593975|2.3146465|9.121323
1510206470196|-2.7112145|2.2136734|9.16075
1510206470308|-2.735921|1.8721982|9.229301
1510206470422|-2.5425181|1.6116129|9.333203
1510206470536|-2.2285068|1.2033323|9.473971
1510206470655|-2.266404|0.4161197|9.532084
1510206470769|-2.6139944|-0.16384932|9.450427
1510206470883|-2.5763028|-0.21912491|9.459653
1510206470997|-2.945429|-0.63636166|9.332196
1510206471113|-2.9964917|-0.63123924|9.316274
1510206471228|-3.1066408|-0.8444024|9.263161
1510206471343|-3.1135094|-1.208473|9.220415
1510206471459|-3.220257|-1.8370372|9.078856
1510206471573|-3.361663|-2.0839849|8.973662
1510206471688|-3.5676403|-2.041216|8.903694
1510206471802|-3.11511|-2.5798638|8.933688
1510206471917|-3.1899905|-2.2202084|9.003612
1510206472032|-3.2884185|-2.3127224|8.944719
1510206472148|-3.240711|-2.2785573|8.970861
1510206472263|-3.2976806|-2.3504002|8.9314785
1510206472378|-3.0360603|-2.2026668|9.060959
1510206472493|-2.8747487|-2.246274|9.102772
1510206472608|-2.682251|-2.10334|9.1952095
1510206472724|-2.4299703|-1.9123343|9.3063755
1510206472837|-2.513837|-1.9925313|9.267191
1510206472954|-2.4714684|-1.3515469|9.393377
1510206473068|-2.75491|-0.9457266|9.364104
1510206473183|-2.960385|-0.83930635|9.311395
1510206473298|-3.046411|-0.17592268|9.319808
1510206473413|-3.2570264|0.500713|9.236421
1510206473527|-3.816727|0.79990345|8.9979515
1510206473643|-4.124623|0.8697246|8.85446
1510206473758|-4.2187643|0.81819713|8.814929
1510206473873|-3.9158213|0.8916843|8.946599
1510206473991|-3.8598437|0.50221837|9.001098
1510206474105|-3.8769991|0.4233653|8.997779
1510206474217|-3.9377332|0.78855467|8.946665
1510206474332|-3.9401925|1.1561347|8.905539
1510206474448|-3.8546977|1.3489808|8.915825
1510206474563|-3.9542894|1.389424|8.865861
1510206474679|-3.8218496|1.8350317|8.842879
1510206474792|-3.879869|1.937773|8.795569
1510206474909|-3.7998822|2.0333476|8.808903
1510206475024|-3.759916|2.1356556|8.801841
1510206475138|-3.7122416|2.162896|8.815414
1510206475253|-3.747356|2.1782682|8.796753
1510206475368|-3.744355|2.1361415|8.808354
1510206475483|-3.811929|2.1167934|8.784007
1510206475599|-3.8149242|2.1180642|8.782399
1510206475715|-3.9284863|2.0247414|8.754302
1510206475829|-3.9228225|1.8441749|8.79664
1510206475943|-4.0096984|1.6862817|8.78915
1510206476059|-3.986408|1.7007053|8.796962
1510206476176|-4.047502|1.3942829|8.822929
1510206476289|-4.0587096|1.0048225|8.870603
1510206476403|-3.8412366|0.91724205|8.976299
1510206476519|-3.5129387|0.9249501|9.109013
1510206476634|-3.309972|1.0147138|9.175229
1510206476749|-3.2213771|1.0162667|9.206536
1510206476865|-3.1439066|0.8982644|9.245505
1510206476980|-3.1171582|0.9603079|9.248324
1510206477093|-3.2460186|0.9242508|9.207579
1510206477209|-3.1908655|0.87049186|9.232064
1510206477324|-3.1955032|0.89185995|9.22842
1510206477438|-3.3466032|0.8835137|9.175513
1510206477554|-3.4295285|0.87020135|9.146118
1510206477670|-3.4340627|0.91790146|9.139751
1510206477785|-3.4547782|0.86604553|9.137005
1510206477899|-3.501435|0.89287573|9.116639
1510206478015|-3.399449|0.9476665|9.149649
1510206478129|-3.391126|1.1169847|9.133619
1510206478245|-3.2791643|1.1669292|9.168192
1510206478360|-3.327851|1.0457561|9.165271
1510206478473|-3.4942515|0.9026004|9.118438
1510206478590|-3.6336327|1.0156089|9.05183
1510206478705|-3.3756924|1.1469644|9.13562
1510206478820|-3.2488022|1.2609235|9.166556
1510206478936|-3.359744|1.2043045|9.134121
1510206479049|-3.3158371|1.1905222|9.151955
1510206479164|-3.2317693|1.2993954|9.167205
1510206479280|-3.3433242|1.2973738|9.127398
1510206479393|-3.6344092|1.1840203|9.031033
1510206479508|-3.7832086|1.4114194|8.936756
1510206479625|-3.9789758|1.4607903|8.843315
1510206479741|-4.0815563|1.6028037|8.771677
1510206479856|-4.600324|1.5989861|8.511794
1510206479970|-4.632959|1.5091655|8.510494
1510206480083|-4.482904|1.4750129|8.596412
1510206480199|-4.241882|1.4311097|8.725179
1510206480314|-3.9183202|1.5678887|8.852056
1510206480429|-3.965908|1.3412036|8.868095
1510206480545|-3.5421336|1.1731184|9.069039
1510206480660|-2.8581843|0.79820204|9.346873
1510206480775|-2.5391984|0.92448646|9.426992
1510206480890|-2.5893307|0.89989537|9.415729
1510206481006|-2.5230274|1.0052018|9.423073
1510206481120|-2.686616|1.3223802|9.338297
1510206481236|-2.6748388|2.0801296|9.202645
1510206481349|-2.773728|3.080256|8.8875675
1510206481465|-2.9599812|3.3406518|8.732064
1510206481579|-3.0282073|3.310283|8.720227
1510206481695|-3.0395594|3.252807|8.73789
1510206481811|-3.1351304|3.2307153|8.71228
1510206481925|-3.34701|3.2467527|8.627079
1510206482040|-3.501434|2.9078064|8.686484
1510206482156|-3.7001002|2.857617|8.620538
1510206482271|-4.031917|3.214407|8.341559
1510206482386|-4.0558305|3.2064052|8.333042
1510206482503|-4.0637927|3.1395705|8.354585
1510206482616|-4.087797|3.0738137|8.367316
1510206482737|-4.095233|3.0494266|8.3726015
1510206482845|-3.8966997|2.9192119|8.512598
1510206482962|-3.9103675|2.8028233|8.545384
1510206483076|-3.887933|2.6934857|8.590664
1510206483191|-3.7027702|2.7504246|8.654192
1510206483305|-3.8384984|2.649257|8.626573
1510206483420|-3.5926828|2.4927204|8.777776
1510206483537|-3.5126822|2.402775|8.835052
1510206483651|-3.448636|2.3324053|8.879031
1510206483767|-3.1424222|2.2521386|9.012405
1510206483882|-3.040843|2.179211|9.065026
1510206483995|-2.784309|2.2403529|9.132296
1510206484112|-2.8177443|2.2083206|9.129843
1510206484225|-2.8215132|2.2397325|9.121022
1510206484340|-2.8033028|2.300871|9.111415
1510206484455|-2.8325698|2.2393124|9.117698
1510206484571|-2.8529391|2.251872|9.108249
1510206484686|-2.7993648|2.1455913|9.150431
1510206484800|-2.7427793|2.120526|9.173381
1510206484917|-2.7947106|1.9999607|9.184777
1510206485031|-2.9013638|1.8626715|9.180573
1510206485146|-3.0830135|1.6468388|9.162605
1510206485262|-3.2704694|1.4543439|9.130132
1510206485376|-3.24737|1.4419849|9.140331
1510206485490|-3.2497034|1.365732|9.151207
1510206485606|-3.1789002|1.29799|9.18587
1510206485721|-3.168437|1.2712818|9.193217
1510206485836|-2.960428|1.4314463|9.238897
1510206485951|-3.18505|1.414102|9.166578
1510206486068|-3.1245968|1.4617465|9.1799
1510206486183|-3.11958|1.5007482|9.175312
1510206486296|-2.9658191|1.6804703|9.195125
1510206486412|-2.6984048|1.982778|9.217244
1510206486526|-2.8376207|2.334915|9.09211
1510206486641|-2.936881|2.3768592|9.049622
1510206486757|-2.994676|2.3822773|9.029234
1510206486871|-2.9101894|2.3160324|9.073984
1510206486988|-2.9787123|2.3174872|9.051349
1510206487102|-2.9559016|2.2606235|9.073181
1510206487218|-2.8840704|2.2688286|9.094226
1510206487332|-2.8257113|2.266868|9.113015
1510206487448|-2.8910058|2.2984352|9.084583
1510206487562|-2.9129295|2.269435|9.084872
1510206487677|-2.8871477|2.341589|9.074786
1510206487796|-2.908462|2.3231924|9.072707
1510206487908|-2.8863192|2.35113|9.072582
1510206488021|-2.9295332|2.3494797|9.059148
1510206488138|-2.896486|2.290088|9.084947
1510206488251|-2.8174088|2.2143066|9.128496
1510206488367|-2.8226433|2.2137802|9.127007
1510206488483|-2.8069894|2.1973426|9.135802
1510206488597|-2.8260963|2.2007868|9.129081
1510206488712|-2.8251898|2.1985826|9.129892
1510206488828|-2.8235157|2.2004964|9.129949
1510206488942|-2.8244948|2.2033806|9.128951
1510206489056|-2.792228|2.1809578|9.144247
1510206489171|-2.8178332|2.1908433|9.134025
1510206489286|-2.8162951|2.166453|9.140314
1510206489403|-2.8277977|2.1942654|9.130123
1510206489517|-2.8334718|2.188872|9.129659
1510206489632|-2.844582|2.1401274|9.137756
1510206489747|-2.8677197|2.1541064|9.127234
1510206489862|-2.9463162|2.1741924|9.097389
1510206489978|-3.0225952|2.1797059|9.071008
1510206490091|-3.2084806|2.233746|8.993688
1510206490207|-3.3220074|2.236162|8.951774
1510206490322|-3.5472336|2.3851964|8.826005
1510206490438|-3.7611792|2.3842378|8.737239
1510206490553|-3.8351576|2.3685234|8.709308
1510206490668|-3.6538079|2.219167|8.825835
1510206490785|-3.5279872|2.1366277|8.897107
1510206490897|-3.5124326|1.9823065|8.938886
1510206491013|-3.6209095|1.3567698|9.0121355
1510206491127|-4.294727|0.4670835|8.803837
1510206491243|-4.4503393|0.600273|8.718058
1510206491357|-4.5111876|0.6321027|8.68447
1510206491474|-4.4310193|0.7712444|8.71445
1510206491589|-4.404187|0.82898474|8.722747
1510206491703|-4.338881|0.98399633|8.73935
1510206491818|-4.416329|1.0540879|8.692257
1510206491934|-4.240306|1.4015409|8.730743
1510206492047|-3.7658463|1.7582722|8.882413
1510206492163|-3.6414936|1.9446505|8.895407
1510206492278|-3.69695|2.0841446|8.840775
1510206492391|-3.6798666|2.0912883|8.846212
1510206492508|-3.708919|2.1956434|8.808716
1510206492623|-3.7322054|2.2344291|8.789104
1510206492739|-3.7790754|2.2812743|8.756984
1510206492854|-3.7250497|2.2435005|8.78983
1510206492968|-3.6662073|2.2564757|8.811222
1510206493083|-3.4756231|2.425596|8.843467
1510206493197|-3.411201|2.4076767|8.873397
1510206493313|-3.3356555|2.2231863|8.949929
1510206493429|-3.4472322|1.7339747|9.015559
1510206493542|-3.9061706|1.1499397|8.921314
1510206493658|-4.0344224|1.1034278|8.869966
1510206493775|-3.8397563|1.1051|8.955748
1510206493888|-3.8189137|1.0825808|8.967402
1510206494005|-3.8836277|1.1468309|8.931551
1510206494118|-3.7654457|1.1355267|8.98345
1510206494233|-3.7628813|1.1788795|8.978939
1510206494348|-3.8146486|1.1332939|8.962951
1510206494464|-3.6996777|1.3481607|8.981383
1510206494579|-3.802734|1.304425|8.944723
1510206494692|-3.685783|1.437185|8.973288
1510206494808|-3.6034248|1.792169|8.94281
1510206494923|-3.6414945|1.7410681|8.937482
1510206495039|-3.62946|1.7911706|8.932474
1510206495154|-3.6148684|1.8516974|8.926047
1510206495269|-3.644999|1.8794314|8.90798
1510206495384|-3.7263873|1.7670928|8.897292
1510206495498|-3.725555|1.771621|8.896741
1510206495614|-3.973158|1.3947508|8.856584
1510206495729|-3.9190755|1.5457784|8.855609
1510206495843|-3.8705232|1.5635482|8.873825
1510206495961|-3.7968872|1.9638635|8.825943
1510206496074|-4.1031485|2.6170235|8.513856
1510206496189|-3.9742305|2.939536|8.469652
1510206496305|-3.8796027|2.573571|8.631095
1510206496419|-3.8332124|2.1156964|8.775003
1510206496535|-3.8522408|1.6392263|8.86812
1510206496649|-3.8712137|1.1836303|8.932139
1510206496764|-3.908936|0.41138497|8.984507
1510206496879|-3.800662|-0.0866755|9.039793
1510206496994|-3.8648827|-0.48218477|9.000031
