1509412145814|0.34561133|0.111116506|-0.08360074|0.9280177
1509412145935|0.34280512|0.080190584|-0.08446486|0.93215865
1509412146055|0.3176211|0.07837889|-0.0834815|0.9412781
1509412146167|0.32348776|0.06294094|-0.08297119|0.94048387
1509412146293|0.34317875|0.072100855|-0.09552287|0.9316143
1509412146409|0.3484256|0.11741719|-0.12118656|0.9220231
1509412146534|0.34697825|0.10064132|-0.11092933|0.9258359
1509412146648|0.34664628|0.10438005|-0.10820797|0.92586833
1509412146774|0.3865003|0.17102875|-0.11283335|0.8992415
1509412146887|0.36067373|0.22935344|-0.1220462|0.89577687
1509412147008|0.38056016|0.18702696|-0.10392235|0.89966387
1509412147129|0.371689|0.12330346|-0.061669897|0.9180634
1509412147249|0.3373607|0.0830264|-0.0493136|0.9364094
1509412147371|0.3306344|0.053614847|-0.03795055|0.9414702
1509412147488|0.342459|0.04937892|-0.056312528|0.9365428
1509412147615|0.35788748|0.06965899|-0.079531044|0.9277602
1509412147730|0.3420829|0.085078165|-0.092806496|0.93119705
1509412147855|0.34621984|0.08749715|-0.09756756|0.9289546
1509412147969|0.34393752|0.074579574|-0.08404392|0.9322454
1509412148090|0.35630077|0.07656073|-0.09563749|0.9263054
1509412148208|0.3813099|0.08050101|-0.10917008|0.91444206
1509412148332|0.38007772|0.080538325|-0.1116073|0.9146575
1509412148452|0.38376564|0.07227005|-0.10689992|0.9143705
1509412148571|0.38255522|0.071993686|-0.10951997|0.9145894
1509412148688|0.37138146|0.08385261|-0.11441386|0.91758054
1509412148810|0.38149285|0.07286688|-0.105844274|0.91539645
1509412148933|0.36736223|0.09006715|-0.08515412|0.9217818
1509412149048|0.38032588|0.08598685|-0.086913995|0.91673577
1509412149170|0.371301|0.08608939|-0.08747144|0.92036563
1509412149293|0.3621951|0.061288476|-0.07519601|0.92704046
1509412149417|0.3703645|0.029641544|-0.0694058|0.9258155
1509412149532|0.3804522|0.013285963|-0.06833942|0.9221764
1509412149649|0.3764879|0.0108751245|-0.06724305|0.92391396
1509412149772|0.37423012|0.0051972144|-0.07267991|0.92446876
1509412149888|0.3470331|0.002065627|-0.0787808|0.9345359
1509412150011|0.3460299|0.01360338|-0.07989376|0.93471664
1509412150129|0.35269666|0.024502452|-0.0841604|0.93162316
1509412150256|0.36475077|0.03911967|-0.095831655|0.9253339
1509412150371|0.37180647|0.052726086|-0.1058792|0.920744
1509412150491|0.34695476|0.05354132|-0.09863193|0.9311431
1509412150609|0.34123516|0.048157323|-0.09432061|0.9339931
1509412150732|0.35098082|0.015237131|-0.079246715|0.9328988
1509412150853|0.35017133|0.029167032|-0.0855574|0.9323139
1509412150973|0.34971598|0.026324933|-0.07909706|0.9331395
1509412151089|0.35405236|0.022848286|-0.07986121|0.9315294
1509412151215|0.36077762|0.032499183|-0.08089132|0.9285687
1509412151331|0.36288422|0.028748244|-0.07726401|0.9281804
1509412151451|0.348171|0.043095708|-0.07886658|0.933113
1509412151572|0.35821357|0.03742396|-0.07877728|0.9295572
1509412151693|0.35964656|0.04634798|-0.08609912|0.92795104
1509412151812|0.39168972|0.053618535|-0.103458345|0.9126887
1509412151931|0.38837254|0.065875076|-0.10437465|0.9131994
1509412152051|0.39387965|0.061799612|-0.09972863|0.9116435
1509412152170|0.382521|0.05309978|-0.08715114|0.9182934
1509412152290|0.3730456|0.037092973|-0.079242505|0.9236784
1509412152411|0.37719974|0.029177614|-0.08307185|0.9219371
1509412152529|0.3819227|0.025793709|-0.0835527|0.9200482
1509412152651|0.37560627|0.0405077|-0.091305576|0.9213807
1509412152770|0.3601067|0.06519535|-0.085527204|0.9266919
1509412152894|0.3717535|0.04655374|-0.087627634|0.92301327
1509412153014|0.35542548|0.03600672|-0.075817965|0.9309285
1509412153130|0.3397597|0.032338105|-0.07303325|0.9371146
1509412153254|0.34175718|0.017873129|-0.06399972|0.9374362
1509412153374|0.34044778|0.017555587|-0.06279079|0.9380002
1509412153494|0.34405437|0.014883331|-0.06372945|0.93666625
1509412153616|0.34641448|0.03051723|-0.06817756|0.93510294
1509412153730|0.36719212|0.031163849|-0.07813676|0.9263333
1509412153854|0.36280465|0.032368887|-0.0733327|0.9284112
1509412153972|0.36251044|0.026754113|-0.06986469|0.9289722
1509412154092|0.36796373|0.030835424|-0.07525259|0.9262769
1509412154212|0.38851723|0.031975992|-0.08639351|0.916825
1509412154335|0.3764814|0.047417525|-0.08532506|0.92126703
1509412154454|0.39111385|0.030636523|-0.09145678|0.91527426
1509412154577|0.36261448|0.037245393|-0.083741836|0.92742157
1509412154700|0.3620575|0.027708365|-0.07466435|0.9287475
1509412154810|0.34952798|0.026613146|-0.069496945|0.9339658
1509412154935|0.35255694|0.022884434|-0.06793512|0.93304056
1509412155054|0.35018647|0.020278366|-0.06606845|0.934127
1509412155173|0.35271496|0.023419283|-0.07260778|0.9326156
1509412155293|0.35731223|0.021125887|-0.07040316|0.9310881
1509412155412|0.36309442|0.019173006|-0.07209271|0.92876124
1509412155532|0.3577633|0.03423068|-0.08556678|0.92925346
1509412155660|0.37312603|0.024156999|-0.0795649|0.924047
