1509547779182|0.13620347|-0.16344418|0.013620348
1509547779313|-0.14982383|0.013620348|-0.21792556
1509547779448|0.44947144|-0.027240695|1.0896277
1509547779577|2.3018386|-0.25878662|-1.4165161
1509547779710|3.13268|-0.3405087|0.28602728
1509547779844|4.1269655|0.83084124|-1.525479
1509547779975|5.597963|0.43585113|-1.0896277
1509547780107|6.9872384|-5.1484914|-5.257454
1509547780239|7.681876|-9.043911|-10.365085
1509547780371|4.862464|-6.7556925|-1.293933
1509547780503|9.302697|-7.477571|-0.92618364
1509547780635|5.6660643|-7.0417194|-2.4108014
1509547780767|5.407278|-7.028099|-3.323365
1509547780899|3.0373375|-6.701211|-4.235928
1509547781031|1.6889231|-5.6660643|-2.2745981
1509547781163|1.56634|-4.8897047|-1.4028958
1509547781295|0.74911916|-4.154206|0.7763598
1509547781426|0.2043052|-4.140586|-0.19068487
1509547781559|0.013620348|-2.5197642|1.0215261
1509547781691|-0.17706451|-1.3892754|1.3075534
1509547781822|-0.23154591|-1.0487667|1.3211737
1509547781956|-0.21792556|-0.6946377|1.2258313
1509547782087|-0.19068487|-0.50395286|1.0215261
1509547782218|-0.2043052|-0.23154591|1.1985906
1509547782351|-0.17706451|-0.17706451|0.98066497
1509547782483|-0.19068487|0.08172209|1.0760074
1509547782615|-0.13620347|0.16344418|0.91256326
1509547782747|-0.08172209|0.3405087|0.58567494
1509547782879|0.027240695|0.55843425|0.25878662
1509547783010|0.05448139|0.70825803|0.068101734
1509547783143|0.027240695|0.6946377|0.27240694
1509547783275|-0.08172209|0.55843425|0.38136974
1509547783407|-0.08172209|0.44947144|0.61291564
1509547783539|-0.08172209|0.38136974|0.57205456
1509547783671|-0.08172209|0.31326798|0.53119355
1509547783803|-0.08172209|0.24516624|0.46309182
1509547783935|-0.068101734|0.2043052|0.43585113
1509547784067|-0.05448139|0.14982383|0.3949901
1509547784198|-0.040861044|0.095342435|0.3405087
1509547784331|-0.040861044|0.05448139|0.3405087
1509547784462|-0.027240695|0.027240695|0.29964766
1509547784595|-0.013620348|0.05448139|0.23154591
1509547784726|0.013620348|0.013620348|0.16344418
1509547784859|0.027240695|0.013620348|0.095342435
1509547784991|0.05448139|0.013620348|0.068101734
1509547785123|0.05448139|0.013620348|0.040861044
1509547785255|0.05448139|0.013620348|0.040861044
1509547785387|0.05448139|0.0|0.027240695
1509547785519|0.068101734|0.0|0.013620348
1509547785651|0.068101734|0.0|-0.013620348
1509547785783|0.068101734|0.0|-0.013620348
1509547785915|0.068101734|0.0|0.013620348
1509547786047|0.08172209|0.0|0.027240695
1509547786179|0.095342435|-0.013620348|0.0
1509547786310|0.068101734|-0.013620348|-0.013620348
1509547786443|0.068101734|-0.013620348|0.013620348
1509547786575|0.068101734|-0.027240695|0.0
1509547786707|0.095342435|-0.013620348|0.0
1509547786839|0.08172209|-0.013620348|-0.013620348
1509547786970|0.068101734|0.0|0.013620348
1509547787103|0.068101734|-0.013620348|0.013620348
1509547787235|0.068101734|-0.013620348|0.013620348
1509547787367|0.068101734|-0.013620348|0.040861044
1509547787502|0.068101734|-0.013620348|0.027240695
1509547787631|0.05448139|-0.013620348|0.027240695
1509547787763|0.05448139|0.0|0.013620348
1509547787895|0.05448139|0.0|0.013620348
1509547788027|0.095342435|0.0|0.0
1509547788159|0.068101734|0.0|0.0
1509547788291|0.068101734|0.0|-0.013620348
1509547788423|0.068101734|0.0|0.013620348
1509547788555|0.068101734|0.0|0.0
1509547788687|0.040861044|0.0|0.0
1509547788819|0.068101734|0.0|0.027240695
1509547788951|0.08172209|0.0|0.013620348
1509547789083|0.08172209|0.0|0.013620348
1509547789215|0.08172209|0.0|0.013620348
1509547789346|0.08172209|0.0|0.0
1509547789479|0.05448139|-0.013620348|0.0
1509547789610|0.05448139|0.0|0.027240695
1509547789743|0.05448139|0.0|0.027240695
1509547789875|0.05448139|0.0|0.013620348
1509547790007|0.05448139|0.0|0.0
1509547790139|0.08172209|0.0|0.0
1509547790271|0.05448139|-0.013620348|0.0
1509547790403|0.08172209|-0.013620348|0.027240695
1509547790535|0.08172209|-0.013620348|0.027240695
1509547790667|0.068101734|0.0|0.0
1509547790799|0.05448139|0.0|0.0
1509547790931|0.05448139|0.0|0.027240695
1509547791063|0.08172209|0.0|0.027240695
1509547791194|0.08172209|0.0|0.013620348
1509547791327|0.068101734|0.0|0.013620348
1509547791459|0.068101734|0.0|0.013620348
1509547791591|0.068101734|0.0|0.013620348
1509547791723|0.068101734|-0.013620348|0.0
1509547791855|0.068101734|-0.013620348|0.013620348
1509547791987|0.068101734|-0.013620348|0.0
1509547792119|0.068101734|-0.013620348|0.0
1509547792251|0.068101734|0.0|0.027240695
1509547792383|0.068101734|-0.013620348|0.027240695
1509547792515|0.05448139|0.0|0.027240695
1509547792647|0.05448139|-0.013620348|0.027240695
1509547792779|0.05448139|-0.027240695|0.027240695
1509547792911|0.05448139|-0.013620348|0.027240695
1509547793043|0.040861044|0.027240695|0.05448139
1509547793175|0.040861044|0.013620348|0.05448139
1509547793307|0.040861044|0.0|0.05448139
1509547793439|0.040861044|0.0|0.040861044
1509547793571|0.05448139|0.0|0.027240695
1509547793703|0.05448139|0.013620348|0.040861044
1509547793835|0.05448139|0.0|0.040861044
1509547793967|0.05448139|0.027240695|0.027240695
1509547794099|0.05448139|0.0|0.027240695
1509547794230|0.05448139|-0.013620348|0.027240695
1509547794363|0.05448139|-0.013620348|0.027240695
1509547794495|0.05448139|-0.013620348|0.027240695
1509547794627|0.08172209|-0.013620348|-0.013620348
1509547794758|0.08172209|-0.013620348|-0.013620348
1509547794891|0.068101734|-0.027240695|-0.013620348
1509547795023|0.068101734|-0.027240695|0.0
1509547795155|0.068101734|-0.013620348|0.0
1509547795287|0.068101734|-0.013620348|0.0
1509547795419|0.068101734|-0.027240695|0.0
1509547795551|0.068101734|-0.027240695|-0.013620348
1509547795683|0.068101734|0.0|0.0
1509547795815|0.068101734|-0.013620348|-0.013620348
1509547795947|0.068101734|0.0|0.027240695
1509547796078|0.068101734|0.0|0.013620348
1509547796211|0.095342435|0.0|0.013620348
1509547796343|0.068101734|0.0|0.013620348
1509547796475|0.068101734|-0.013620348|0.013620348
1509547796606|0.068101734|0.0|0.013620348
1509547796739|0.068101734|0.0|0.013620348
1509547796871|0.05448139|0.013620348|0.027240695
1509547797003|0.05448139|0.013620348|0.040861044
1509547797135|0.05448139|0.013620348|0.040861044
1509547797267|0.040861044|0.013620348|0.040861044
1509547797399|0.05448139|0.013620348|0.05448139
1509547797531|0.05448139|0.0|0.013620348
1509547797662|0.05448139|0.0|0.040861044
1509547797795|0.05448139|0.0|0.027240695
1509547797927|0.05448139|0.013620348|0.027240695
1509547798059|0.068101734|0.0|0.013620348
1509547798191|0.095342435|-0.013620348|-0.013620348
1509547798323|0.08172209|-0.013620348|-0.013620348
1509547798455|0.068101734|-0.027240695|-0.027240695
1509547798587|0.068101734|-0.027240695|-0.027240695
1509547798719|0.05448139|-0.013620348|0.013620348
1509547798851|0.05448139|-0.013620348|0.013620348
1509547798983|0.05448139|0.0|0.013620348
1509547799115|0.040861044|0.0|0.040861044
1509547799246|0.05448139|-0.013620348|0.040861044
1509547799379|0.05448139|0.0|0.013620348
1509547799512|0.05448139|-0.013620348|0.013620348
1509547799644|0.05448139|0.0|0.013620348
1509547799774|0.095342435|0.0|-0.040861044
1509547799907|0.08172209|0.0|-0.027240695
1509547800038|0.08172209|0.0|0.0
1509547800171|0.08172209|-0.013620348|-0.013620348
1509547800303|0.08172209|-0.013620348|-0.013620348
1509547800435|0.08172209|0.0|-0.013620348
1509547800567|0.08172209|0.0|-0.013620348
1509547800699|0.068101734|-0.013620348|0.0
1509547800831|0.05448139|0.0|0.013620348
1509547800964|0.040861044|0.0|0.05448139
1509547801095|0.040861044|0.0|0.05448139
1509547801227|0.040861044|-0.013620348|0.05448139
1509547801359|0.068101734|0.0|0.0
1509547801491|0.068101734|0.0|0.013620348
1509547801623|0.068101734|0.0|0.013620348
1509547801755|0.068101734|0.0|0.013620348
1509547801887|0.068101734|0.0|0.013620348
1509547802019|0.068101734|0.0|0.013620348
1509547802151|0.068101734|0.0|0.013620348
1509547802283|0.068101734|-0.013620348|0.013620348
1509547802416|0.068101734|0.0|0.013620348
1509547802547|0.068101734|0.0|0.013620348
1509547802679|0.068101734|0.0|0.013620348
1509547802811|0.068101734|0.0|0.013620348
1509547802943|0.068101734|-0.013620348|0.0
1509547803075|0.05448139|-0.013620348|0.013620348
1509547803206|0.08172209|0.0|0.013620348
1509547803338|0.068101734|-0.013620348|0.013620348
1509547803471|0.068101734|0.0|0.0
1509547803603|0.068101734|0.0|0.0
1509547803735|0.068101734|0.0|0.013620348
1509547803867|0.05448139|0.0|0.013620348
1509547803999|0.05448139|0.027240695|0.05448139
1509547804131|0.08172209|0.0|0.013620348
1509547804264|0.08172209|-0.013620348|0.0
1509547804394|0.08172209|-0.013620348|0.013620348
1509547804527|0.08172209|-0.013620348|0.013620348
1509547804658|0.08172209|0.0|0.013620348
1509547804790|0.08172209|0.0|0.013620348
1509547804923|0.08172209|0.0|0.013620348
1509547805055|0.08172209|0.013620348|0.013620348
1509547805187|0.08172209|-0.013620348|0.013620348
1509547805319|0.08172209|0.013620348|0.0
1509547805451|0.08172209|0.0|0.013620348
1509547805583|0.08172209|0.0|0.0
1509547805715|0.08172209|0.0|0.013620348
1509547805847|0.068101734|0.0|0.0
1509547805979|0.05448139|0.0|0.013620348
1509547806111|0.05448139|0.0|0.05448139
1509547806243|0.040861044|0.0|0.040861044
1509547806375|0.05448139|0.013620348|0.05448139
1509547806507|0.05448139|0.027240695|0.05448139
1509547806639|0.05448139|0.0|0.05448139
1509547806771|0.05448139|0.013620348|0.027240695
1509547806903|0.05448139|0.013620348|0.027240695
1509547807035|0.068101734|0.013620348|0.027240695
1509547807167|0.05448139|0.0|0.027240695
1509547807299|0.05448139|-0.013620348|0.013620348
1509547807431|0.05448139|-0.027240695|0.040861044
1509547807563|0.05448139|0.0|0.040861044
1509547807694|0.068101734|-0.027240695|0.027240695
1509547807827|0.068101734|0.0|0.027240695
1509547807959|0.068101734|0.0|0.027240695
1509547808091|0.040861044|-0.013620348|0.027240695
1509547808223|0.05448139|-0.013620348|0.013620348
1509547808356|0.08172209|-0.013620348|-0.013620348
1509547808486|0.08172209|-0.027240695|-0.027240695
1509547808619|0.10896278|-0.027240695|-0.027240695
1509547808751|0.068101734|-0.027240695|-0.027240695
1509547808883|0.08172209|-0.027240695|-0.027240695
1509547809014|0.095342435|-0.027240695|-0.027240695
1509547809146|0.095342435|-0.027240695|-0.013620348
1509547809278|0.08172209|-0.027240695|-0.013620348
1509547809410|0.08172209|-0.027240695|-0.013620348
1509547809543|0.08172209|-0.013620348|-0.013620348
1509547809675|0.08172209|-0.013620348|0.0
1509547809807|0.08172209|-0.013620348|0.013620348
1509547809938|0.068101734|0.0|0.040861044
1509547810070|0.068101734|0.0|0.05448139
1509547810202|0.068101734|0.0|0.040861044
1509547810335|0.068101734|0.0|0.027240695
1509547810467|0.040861044|0.0|0.068101734
1509547810599|0.040861044|0.0|0.05448139
1509547810734|0.05448139|0.027240695|0.05448139
1509547810863|0.068101734|0.0|0.013620348
1509547810994|0.068101734|0.0|0.013620348
1509547811127|0.068101734|0.0|0.013620348
1509547811258|0.068101734|0.0|0.013620348
1509547811391|0.05448139|0.0|0.013620348
1509547811523|0.08172209|0.0|0.013620348
1509547811655|0.05448139|0.027240695|0.040861044
1509547811786|0.05448139|0.013620348|0.027240695
1509547811919|0.05448139|-0.013620348|0.0
1509547812051|0.05448139|-0.013620348|0.0
1509547812183|0.08172209|-0.013620348|0.0
1509547812314|0.08172209|-0.013620348|0.0
