1509547676487|-8.594439|-0.14982383|4.7262607
1509547676622|-8.594439|-0.14982383|4.7262607
1509547676752|-8.594439|-0.16344418|4.7262607
1509547676883|-8.594439|-0.16344418|4.7262607
1509547677016|-8.594439|-0.16344418|4.7262607
1509547677147|-8.594439|-0.16344418|4.7262607
1509547677281|-8.594439|-0.16344418|4.7262607
1509547677412|-8.594439|-0.16344418|4.7262607
1509547677543|-8.594439|-0.16344418|4.7262607
1509547677676|-8.594439|-0.14982383|4.7262607
1509547677808|-8.594439|-0.14982383|4.7262607
1509547677939|-8.594439|-0.14982383|4.7262607
1509547678071|-8.608059|-0.14982383|4.7262607
1509547678204|-8.608059|-0.14982383|4.7262607
1509547678335|-8.608059|-0.14982383|4.7262607
1509547678468|-8.608059|-0.14982383|4.7262607
1509547678599|-8.608059|-0.14982383|4.7262607
1509547678730|-8.608059|-0.14982383|4.7262607
1509547678863|-8.608059|-0.14982383|4.7262607
1509547678995|-8.608059|-0.14982383|4.7262607
1509547679127|-8.608059|-0.14982383|4.7262607
1509547679259|-8.608059|-0.14982383|4.7262607
1509547679391|-8.608059|-0.14982383|4.7262607
1509547679524|-8.608059|-0.14982383|4.7262607
1509547679656|-8.608059|-0.14982383|4.7262607
1509547679786|-8.608059|-0.14982383|4.7262607
1509547679920|-8.608059|-0.14982383|4.7262607
1509547680050|-8.608059|-0.14982383|4.7262607
1509547680184|-8.594439|-0.14982383|4.7262607
1509547680316|-8.608059|-0.16344418|4.7262607
1509547680448|-8.594439|-0.14982383|4.7262607
1509547680580|-8.594439|-0.14982383|4.7262607
1509547680711|-8.594439|-0.14982383|4.7262607
1509547680844|-8.594439|-0.14982383|4.7262607
1509547680976|-8.594439|-0.16344418|4.7262607
1509547681107|-8.608059|-0.16344418|4.7262607
1509547681239|-8.608059|-0.16344418|4.7262607
1509547681371|-8.608059|-0.16344418|4.7262607
1509547681503|-8.608059|-0.16344418|4.7262607
1509547681635|-8.608059|-0.16344418|4.7262607
1509547681767|-8.608059|-0.17706451|4.7126403
1509547681899|-8.608059|-0.16344418|4.7262607
1509547682031|-8.608059|-0.16344418|4.7262607
1509547682164|-8.594439|-0.14982383|4.7262607
1509547682296|-8.594439|-0.14982383|4.7262607
1509547682427|-8.594439|-0.14982383|4.7262607
1509547682559|-8.594439|-0.14982383|4.7262607
1509547682691|-8.594439|-0.14982383|4.7262607
1509547682822|-8.594439|-0.14982383|4.7262607
1509547682956|-8.594439|-0.13620347|4.7262607
1509547683087|-8.594439|-0.13620347|4.7262607
1509547683219|-8.594439|-0.13620347|4.7262607
1509547683352|-8.594439|-0.13620347|4.7262607
1509547683484|-8.594439|-0.13620347|4.7262607
1509547683616|-8.608059|-0.13620347|4.7262607
1509547683747|-8.594439|-0.13620347|4.7262607
1509547683879|-8.594439|-0.13620347|4.7262607
1509547684012|-8.594439|-0.13620347|4.7262607
1509547684144|-8.594439|-0.13620347|4.7262607
1509547684277|-8.594439|-0.13620347|4.7262607
1509547684408|-8.594439|-0.13620347|4.7262607
1509547684539|-8.594439|-0.13620347|4.7262607
1509547684672|-8.594439|-0.13620347|4.7262607
1509547684802|-8.594439|-0.13620347|4.7262607
1509547684935|-8.594439|-0.13620347|4.7262607
1509547685067|-8.594439|-0.13620347|4.7262607
1509547685199|-8.594439|-0.13620347|4.7262607
1509547685331|-8.594439|-0.13620347|4.7262607
1509547685464|-8.594439|-0.13620347|4.7262607
1509547685595|-8.594439|-0.13620347|4.7262607
1509547685728|-8.594439|-0.13620347|4.7262607
1509547685859|-8.594439|-0.13620347|4.7262607
1509547685993|-8.594439|-0.13620347|4.7262607
1509547686123|-8.594439|-0.13620347|4.7262607
1509547686255|-8.594439|-0.13620347|4.7262607
1509547686387|-8.594439|-0.14982383|4.7262607
1509547686519|-8.594439|-0.14982383|4.7262607
1509547686651|-8.594439|-0.16344418|4.7262607
1509547686785|-8.608059|-0.16344418|4.7262607
1509547686918|-8.608059|-0.16344418|4.7262607
1509547687047|-8.594439|-0.16344418|4.7262607
1509547687183|-8.594439|-0.16344418|4.7262607
1509547687311|-8.594439|-0.16344418|4.7262607
1509547687444|-8.594439|-0.16344418|4.7262607
1509547687576|-8.594439|-0.16344418|4.7262607
1509547687708|-8.594439|-0.16344418|4.7262607
1509547687840|-8.594439|-0.16344418|4.7262607
1509547687972|-8.594439|-0.16344418|4.7262607
1509547688102|-8.594439|-0.16344418|4.7262607
1509547688236|-8.594439|-0.16344418|4.7262607
1509547688366|-8.594439|-0.16344418|4.7262607
1509547688498|-8.594439|-0.16344418|4.7262607
1509547688632|-8.594439|-0.16344418|4.7262607
1509547688763|-8.594439|-0.16344418|4.7262607
1509547688899|-8.594439|-0.16344418|4.7262607
1509547689027|-8.594439|-0.16344418|4.7262607
1509547689159|-8.594439|-0.16344418|4.7262607
1509547689291|-8.594439|-0.16344418|4.7262607
1509547689422|-8.594439|-0.16344418|4.7262607
1509547689556|-8.594439|-0.16344418|4.7262607
1509547689687|-8.594439|-0.16344418|4.7262607
1509547689819|-8.594439|-0.16344418|4.7262607
1509547689951|-8.594439|-0.16344418|4.7262607
1509547690084|-8.594439|-0.16344418|4.7262607
1509547690216|-8.594439|-0.16344418|4.7262607
1509547690347|-8.594439|-0.16344418|4.7262607
1509547690480|-8.594439|-0.16344418|4.7262607
1509547690611|-8.594439|-0.16344418|4.7262607
1509547690744|-8.594439|-0.16344418|4.7262607
1509547690876|-8.594439|-0.16344418|4.7262607
1509547691007|-8.594439|-0.16344418|4.7262607
1509547691139|-8.594439|-0.16344418|4.7262607
1509547691271|-8.594439|-0.16344418|4.7262607
1509547691404|-8.594439|-0.16344418|4.7262607
1509547691535|-8.594439|-0.16344418|4.7262607
1509547691666|-8.594439|-0.16344418|4.7262607
1509547691799|-8.594439|-0.16344418|4.7262607
1509547691936|-8.594439|-0.16344418|4.7262607
1509547692066|-8.594439|-0.16344418|4.7262607
1509547692195|-8.594439|-0.16344418|4.7262607
1509547692327|-8.594439|-0.16344418|4.7262607
1509547692460|-8.594439|-0.16344418|4.7262607
1509547692592|-8.594439|-0.16344418|4.7262607
1509547692724|-8.594439|-0.16344418|4.7262607
1509547692855|-8.594439|-0.16344418|4.739881
1509547692988|-8.594439|-0.16344418|4.739881
1509547693119|-8.594439|-0.16344418|4.739881
1509547693251|-8.594439|-0.16344418|4.739881
1509547693384|-8.594439|-0.16344418|4.739881
1509547693515|-8.594439|-0.16344418|4.739881
1509547693647|-8.594439|-0.16344418|4.739881
1509547693778|-8.594439|-0.16344418|4.739881
1509547693911|-8.594439|-0.16344418|4.739881
1509547694043|-8.594439|-0.16344418|4.739881
1509547694176|-8.594439|-0.16344418|4.739881
1509547694308|-8.594439|-0.16344418|4.739881
1509547694439|-8.594439|-0.16344418|4.739881
1509547694571|-8.594439|-0.16344418|4.739881
1509547694704|-8.594439|-0.16344418|4.739881
1509547694836|-8.594439|-0.16344418|4.739881
1509547694972|-8.594439|-0.16344418|4.739881
1509547695099|-8.594439|-0.16344418|4.739881
1509547695231|-8.594439|-0.16344418|4.739881
1509547695363|-8.594439|-0.14982383|4.739881
1509547695496|-8.594439|-0.14982383|4.739881
1509547695628|-8.594439|-0.14982383|4.739881
1509547695759|-8.594439|-0.14982383|4.739881
1509547695892|-8.594439|-0.14982383|4.739881
1509547696024|-8.594439|-0.14982383|4.739881
1509547696155|-8.594439|-0.14982383|4.739881
1509547696287|-8.594439|-0.14982383|4.739881
1509547696419|-8.594439|-0.14982383|4.739881
1509547696551|-8.594439|-0.14982383|4.739881
1509547696684|-8.594439|-0.14982383|4.739881
1509547696816|-8.594439|-0.14982383|4.739881
1509547696948|-8.594439|-0.14982383|4.739881
1509547697079|-8.594439|-0.14982383|4.739881
1509547697211|-8.594439|-0.14982383|4.739881
1509547697346|-8.594439|-0.14982383|4.739881
1509547697474|-8.594439|-0.14982383|4.739881
1509547697608|-8.594439|-0.14982383|4.739881
1509547697739|-8.594439|-0.14982383|4.739881
1509547697871|-8.594439|-0.14982383|4.739881
1509547698004|-8.594439|-0.14982383|4.739881
1509547698136|-8.594439|-0.14982383|4.739881
1509547698267|-8.594439|-0.13620347|4.739881
1509547698400|-8.594439|-0.13620347|4.739881
1509547698532|-8.594439|-0.13620347|4.739881
1509547698664|-8.594439|-0.13620347|4.739881
1509547698796|-8.594439|-0.13620347|4.739881
1509547698928|-8.594439|-0.13620347|4.739881
1509547699059|-8.594439|-0.13620347|4.739881
1509547699192|-8.594439|-0.13620347|4.739881
1509547699324|-8.594439|-0.13620347|4.739881
1509547699459|-8.594439|-0.13620347|4.739881
1509547699588|-8.594439|-0.13620347|4.739881
1509547699719|-8.594439|-0.13620347|4.739881
1509547699851|-8.594439|-0.13620347|4.739881
1509547699984|-8.594439|-0.13620347|4.739881
1509547700115|-8.594439|-0.13620347|4.739881
1509547700247|-8.594439|-0.13620347|4.739881
1509547700379|-8.594439|-0.14982383|4.739881
1509547700512|-8.594439|-0.14982383|4.739881
1509547700643|-8.594439|-0.14982383|4.739881
1509547700776|-8.594439|-0.14982383|4.739881
1509547700907|-8.594439|-0.14982383|4.739881
1509547701039|-8.594439|-0.14982383|4.739881
1509547701171|-8.594439|-0.14982383|4.739881
1509547701304|-8.594439|-0.14982383|4.739881
1509547701436|-8.594439|-0.14982383|4.739881
1509547701576|-8.594439|-0.14982383|4.739881
1509547701699|-8.594439|-0.14982383|4.739881
1509547701831|-8.594439|-0.14982383|4.739881
1509547701964|-8.594439|-0.14982383|4.739881
1509547702097|-8.594439|-0.16344418|4.739881
1509547702227|-8.594439|-0.14982383|4.739881
1509547702360|-8.594439|-0.14982383|4.739881
1509547702492|-8.594439|-0.14982383|4.739881
1509547702624|-8.594439|-0.14982383|4.739881
1509547702756|-8.594439|-0.14982383|4.739881
1509547702887|-8.594439|-0.14982383|4.739881
1509547703020|-8.594439|-0.14982383|4.739881
1509547703152|-8.594439|-0.14982383|4.739881
1509547703284|-8.594439|-0.14982383|4.739881
1509547703416|-8.594439|-0.14982383|4.739881
1509547703547|-8.594439|-0.14982383|4.739881
1509547703679|-8.594439|-0.14982383|4.739881
1509547703811|-8.594439|-0.14982383|4.739881
1509547703943|-8.594439|-0.14982383|4.739881
1509547704076|-8.594439|-0.14982383|4.739881
1509547704207|-8.594439|-0.14982383|4.739881
1509547704341|-8.594439|-0.16344418|4.7535014
1509547704471|-8.580819|-0.16344418|4.7535014
1509547704602|-8.580819|-0.16344418|4.7535014
1509547704736|-8.580819|-0.16344418|4.7535014
1509547704870|-8.580819|-0.16344418|4.7535014
1509547704999|-8.580819|-0.16344418|4.7535014
1509547705131|-8.580819|-0.16344418|4.7535014
1509547705264|-8.580819|-0.16344418|4.7535014
1509547705395|-8.580819|-0.16344418|4.7535014
1509547705528|-8.580819|-0.16344418|4.7535014
1509547705659|-8.580819|-0.14982383|4.7535014
1509547705791|-8.580819|-0.14982383|4.7535014
1509547705924|-8.580819|-0.14982383|4.7535014
1509547706055|-8.580819|-0.14982383|4.7535014
1509547706187|-8.580819|-0.14982383|4.7535014
1509547706319|-8.580819|-0.14982383|4.7535014
1509547706452|-8.580819|-0.13620347|4.7535014
1509547706591|-8.580819|-0.13620347|4.7535014
1509547706715|-8.580819|-0.13620347|4.7535014
1509547706848|-8.580819|-0.13620347|4.7535014
1509547706980|-8.580819|-0.13620347|4.7535014
1509547707113|-8.580819|-0.13620347|4.7535014
1509547707243|-8.580819|-0.13620347|4.7535014
1509547707376|-8.580819|-0.13620347|4.7535014
1509547707507|-8.580819|-0.13620347|4.7535014
1509547707639|-8.580819|-0.13620347|4.7535014
1509547707771|-8.580819|-0.13620347|4.7535014
1509547707904|-8.580819|-0.13620347|4.7535014
1509547708036|-8.580819|-0.13620347|4.7535014
1509547708168|-8.580819|-0.13620347|4.7535014
1509547708300|-8.580819|-0.14982383|4.7535014
1509547708430|-8.580819|-0.14982383|4.7535014
1509547708563|-8.580819|-0.14982383|4.7535014
1509547708695|-8.580819|-0.14982383|4.7535014
1509547708828|-8.580819|-0.14982383|4.7535014
1509547708959|-8.580819|-0.14982383|4.7535014
1509547709092|-8.580819|-0.14982383|4.7535014
1509547709224|-8.580819|-0.14982383|4.7535014
1509547709356|-8.580819|-0.14982383|4.7535014
1509547709488|-8.580819|-0.14982383|4.7535014
1509547709619|-8.580819|-0.14982383|4.7535014
1509547709751|-8.580819|-0.14982383|4.7535014
1509547709884|-8.580819|-0.14982383|4.7535014
1509547710015|-8.580819|-0.14982383|4.7535014
1509547710147|-8.580819|-0.16344418|4.7535014
1509547710284|-8.580819|-0.16344418|4.7535014
1509547710412|-8.580819|-0.16344418|4.7535014
1509547710543|-8.580819|-0.16344418|4.7535014
1509547710674|-8.580819|-0.16344418|4.7535014
1509547710807|-8.580819|-0.16344418|4.7535014
1509547710939|-8.580819|-0.16344418|4.7535014
1509547711071|-8.580819|-0.16344418|4.7535014
1509547711203|-8.580819|-0.16344418|4.7535014
1509547711336|-8.580819|-0.16344418|4.7535014
1509547711467|-8.580819|-0.14982383|4.7535014
1509547711607|-8.580819|-0.14982383|4.7535014
1509547711731|-8.580819|-0.14982383|4.7535014
1509547711864|-8.580819|-0.14982383|4.7535014
1509547711996|-8.580819|-0.14982383|4.7535014
1509547712127|-8.580819|-0.14982383|4.7535014
1509547712260|-8.580819|-0.14982383|4.7535014
1509547712392|-8.580819|-0.13620347|4.7535014
1509547712524|-8.580819|-0.13620347|4.7535014
1509547712656|-8.580819|-0.13620347|4.7535014
1509547712788|-8.580819|-0.13620347|4.7535014
1509547712919|-8.580819|-0.13620347|4.7535014
1509547713051|-8.580819|-0.13620347|4.7535014
1509547713184|-8.580819|-0.13620347|4.7535014
1509547713316|-8.580819|-0.13620347|4.7535014
1509547713447|-8.580819|-0.13620347|4.7535014
1509547713580|-8.580819|-0.13620347|4.7535014
1509547713711|-8.580819|-0.13620347|4.7535014
1509547713843|-8.580819|-0.13620347|4.7535014
1509547713975|-8.580819|-0.13620347|4.7535014
1509547714108|-8.580819|-0.13620347|4.7535014
1509547714239|-8.580819|-0.13620347|4.767122
1509547714371|-8.580819|-0.13620347|4.767122
1509547714504|-8.580819|-0.13620347|4.767122
1509547714636|-8.580819|-0.13620347|4.767122
1509547714767|-8.580819|-0.13620347|4.767122
1509547714899|-8.580819|-0.13620347|4.767122
1509547715031|-8.580819|-0.14982383|4.767122
1509547715164|-8.580819|-0.14982383|4.767122
1509547715301|-8.580819|-0.14982383|4.767122
1509547715428|-8.580819|-0.14982383|4.767122
1509547715560|-8.580819|-0.14982383|4.767122
1509547715692|-8.580819|-0.14982383|4.767122
1509547715824|-8.580819|-0.14982383|4.767122
1509547715956|-8.580819|-0.14982383|4.767122
1509547716087|-8.580819|-0.14982383|4.767122
1509547716219|-8.580819|-0.14982383|4.767122
1509547716351|-8.580819|-0.14982383|4.767122
1509547716484|-8.580819|-0.14982383|4.767122
1509547716623|-8.580819|-0.14982383|4.767122
1509547716750|-8.580819|-0.14982383|4.767122
1509547716880|-8.580819|-0.14982383|4.767122
1509547717011|-8.580819|-0.14982383|4.767122
1509547717143|-8.580819|-0.14982383|4.767122
1509547717277|-8.580819|-0.13620347|4.767122
1509547717408|-8.580819|-0.13620347|4.767122
1509547717539|-8.580819|-0.14982383|4.767122
1509547717671|-8.580819|-0.14982383|4.767122
1509547717804|-8.580819|-0.14982383|4.767122
1509547717935|-8.580819|-0.14982383|4.767122
1509547718067|-8.580819|-0.14982383|4.767122
1509547718200|-8.580819|-0.14982383|4.767122
1509547718331|-8.580819|-0.14982383|4.767122
1509547718463|-8.580819|-0.14982383|4.767122
1509547718596|-8.580819|-0.14982383|4.767122
1509547718727|-8.580819|-0.14982383|4.767122
1509547718860|-8.580819|-0.16344418|4.767122
1509547718992|-8.580819|-0.16344418|4.767122
1509547719122|-8.580819|-0.16344418|4.767122
1509547719256|-8.580819|-0.16344418|4.767122
1509547719387|-8.580819|-0.16344418|4.767122
1509547719519|-8.580819|-0.16344418|4.767122
1509547719651|-8.580819|-0.16344418|4.767122
1509547719784|-8.580819|-0.16344418|4.767122
1509547719916|-8.580819|-0.16344418|4.767122
1509547720047|-8.580819|-0.16344418|4.767122
1509547720179|-8.580819|-0.16344418|4.767122
1509547720312|-8.580819|-0.16344418|4.767122
1509547720444|-8.580819|-0.16344418|4.767122
1509547720576|-8.580819|-0.16344418|4.767122
1509547720708|-8.580819|-0.16344418|4.767122
1509547720839|-8.580819|-0.16344418|4.767122
1509547720971|-8.580819|-0.14982383|4.767122
1509547721103|-8.580819|-0.16344418|4.767122
1509547721236|-8.580819|-0.14982383|4.767122
1509547721367|-8.580819|-0.16344418|4.767122
1509547721499|-8.580819|-0.14982383|4.767122
1509547721639|-8.580819|-0.14982383|4.767122
1509547721763|-8.580819|-0.14982383|4.767122
1509547721895|-8.580819|-0.14982383|4.767122
1509547722027|-8.580819|-0.14982383|4.767122
1509547722159|-8.580819|-0.14982383|4.767122
1509547722290|-8.580819|-0.14982383|4.767122
1509547722423|-8.580819|-0.14982383|4.767122
1509547722555|-8.580819|-0.14982383|4.767122
1509547722687|-8.580819|-0.14982383|4.767122
1509547722820|-8.580819|-0.14982383|4.767122
1509547722951|-8.580819|-0.14982383|4.767122
1509547723084|-8.580819|-0.14982383|4.767122
1509547723216|-8.580819|-0.14982383|4.767122
1509547723347|-8.580819|-0.14982383|4.767122
1509547723480|-8.580819|-0.14982383|4.767122
1509547723611|-8.580819|-0.14982383|4.767122
1509547723743|-8.580819|-0.16344418|4.767122
1509547723876|-8.580819|-0.16344418|4.767122
1509547724008|-8.580819|-0.16344418|4.767122
