1510206497971|-4.323673|-0.13162714|8.801075
1510206498087|-4.170708|0.6966161|8.848181
1510206498202|-4.3741283|1.3192649|8.677381
1510206498318|-4.0067935|1.799744|8.767948
1510206498430|-3.970077|2.0062773|8.7397785
1510206498547|-4.1664524|2.332143|8.565757
1510206498662|-4.3101306|2.392337|8.477612
1510206498777|-5.22935|1.9478902|8.064118
1510206498892|-5.635074|1.9564137|7.783879
1510206499007|-5.9487443|2.089352|7.5111547
1510206499121|-6.284212|1.9736942|7.2652326
1510206499237|-6.4064636|1.8237612|7.1973257
1510206499352|-5.9942784|1.8671817|7.5334353
1510206499467|-5.8186617|1.8378984|7.6769586
1510206499582|-5.1598673|1.854709|8.130572
1510206499697|-5.250157|1.5995412|8.126974
1510206499812|-4.8795013|1.6695766|8.341064
1510206499927|-4.7026305|1.5950695|8.456441
1510206500041|-4.334844|1.4430261|8.677396
1510206500158|-4.2272816|1.1916041|8.768155
1510206500275|-4.2803874|1.1644034|8.746018
1510206500387|-3.9935548|1.0771519|8.891663
1510206500503|-3.9638138|0.68454057|8.943711
1510206500618|-3.9619377|0.61126775|8.949848
1510206500733|-3.798304|0.60367674|9.021023
1510206500847|-3.6490247|1.1620011|9.027999
1510206500962|-4.5747967|1.561387|8.532508
1510206501078|-5.026795|1.7124891|8.244338
1510206501193|-5.4351907|1.9616492|7.923447
1510206501306|-5.693322|2.1955945|7.676967
1510206501423|-5.90062|2.328359|7.4787574
1510206501537|-5.951528|2.4103456|7.412149
1510206501654|-5.4650316|2.3178306|7.805862
1510206501767|-5.6506643|1.8594552|7.7963333
1510206501885|-5.197885|1.9894078|8.07432
1510206501999|-5.432262|1.7985305|7.9640574
1510206502113|-4.767935|1.7883722|8.380865
1510206502228|-4.655372|1.5111909|8.497893
1510206502342|-4.4018135|1.4922016|8.6352625
1510206502458|-4.171998|1.352462|8.771297
1510206502574|-4.108134|1.1815499|8.82596
1510206502688|-3.6873357|0.88812256|9.043516
1510206502802|-3.3305671|0.7493339|9.19327
1510206502919|-3.2858217|0.7512679|9.209199
1510206503034|-3.4771068|0.6105792|9.14917
1510206503148|-3.4218378|0.6507733|9.167219
1510206503263|-3.2899573|0.68973696|9.212537
1510206503377|-3.3136737|0.6877357|9.204183
1510206503492|-3.2665074|0.56413275|9.229414
1510206503610|-3.243782|0.69499344|9.228502
1510206503724|-3.1940033|0.7453517|9.241926
1510206503837|-3.1456518|0.8146774|9.252651
1510206503953|-3.1718295|0.9128745|9.23453
1510206504069|-3.0815446|1.1920552|9.233281
1510206504183|-2.620771|1.7898436|9.278922
1510206504297|-2.6636|1.8460113|9.255693
1510206504413|-2.5158231|1.7607102|9.31348
1510206504529|-2.6994665|1.5604141|9.297762
1510206504643|-2.6475308|1.6114414|9.30399
1510206504762|-2.6618752|1.5875472|9.304005
1510206504876|-2.6357589|1.5911274|9.310825
1510206504988|-2.6423674|1.5922847|9.308755
1510206505105|-3.2025595|1.4895627|9.148509
1510206505220|-4.0402226|1.5437149|8.80136
1510206505335|-4.6887574|1.8511579|8.411846
1510206505448|-4.1125546|1.9718881|8.681528
1510206505564|-4.2378902|1.793361|8.659938
1510206505681|-4.233478|1.6105024|8.69795
1510206505793|-3.7460358|1.5371879|8.931666
1510206505909|-3.264973|1.4935895|9.125762
1510206506024|-2.9536526|1.5208281|9.226777
1510206506140|-3.0092824|1.3962318|9.228496
1510206506253|-2.796785|1.4310464|9.289806
1510206506370|-2.3917825|1.7597643|9.346282
1510206506485|-1.8626223|2.552128|9.283731
1510206506600|-2.099491|2.081796|9.350328
1510206506714|-2.2163606|1.6616791|9.407283
1510206506829|-1.9295644|1.1803423|9.54222
1510206506945|-1.998906|0.99353164|9.549224
1510206507060|-2.3565068|0.27935436|9.51521
1510206507174|-2.451565|0.42685682|9.485674
1510206507290|-2.84706|0.65026605|9.361719
1510206507404|-3.0257046|0.28425518|9.323877
1510206507520|-2.832537|0.04550122|9.388559
1510206507635|-3.2203553|-0.046692025|9.262694
1510206507750|-3.7029958|-0.416546|9.071091
1510206507864|-3.7464688|-0.6009746|9.042853
1510206507979|-3.6884148|-0.5959892|9.067017
1510206508096|-3.547734|-0.20532283|9.140121
1510206508208|-3.212943|0.24956422|9.262025
1510206508325|-2.81919|1.0751021|9.330954
1510206508440|-2.5963538|1.6275972|9.315593
1510206508555|-3.3065395|0.8036218|9.197357
1510206508670|-3.5402396|0.72544026|9.116514
1510206508784|-3.5727115|0.6178172|9.111774
1510206508900|-4.1051826|0.6844267|8.87972
1510206509015|-4.4182434|0.55040175|8.737653
1510206509129|-4.3023|0.7816419|8.777792
1510206509243|-4.301929|0.81323946|8.775104
1510206509359|-3.80966|0.79034716|9.00179
1510206509475|-3.469627|0.8071568|9.13677
1510206509589|-4.366282|1.4909204|8.653503
1510206509705|-5.1962576|2.2335913|8.011265
1510206509820|-6.088941|2.3021097|7.334541
1510206509936|-6.610015|2.518551|6.7922745
1510206510050|-6.79683|2.5160155|6.606297
1510206510164|-6.7980313|2.3854835|6.6533175
1510206510281|-6.63199|2.1537173|6.895549
1510206510396|-6.415868|2.0474854|7.128453
1510206510511|-5.9465656|2.0868402|7.5135775
1510206510626|-5.343461|1.799717|8.023642
1510206510740|-5.318015|1.6782229|8.066763
1510206510855|-4.700231|1.6898581|8.439347
1510206510973|-4.5671883|1.465871|8.553502
1510206511085|-3.955683|1.0235457|8.914893
1510206511199|-3.489264|0.7454628|9.134534
1510206511314|-3.327729|0.45893165|9.213359
1510206511432|-3.011474|-0.11958519|9.332047
1510206511546|-2.9116895|-0.0959961|9.363933
1510206511661|-2.9703293|0.094861954|9.345509
1510206511776|-2.9985394|0.1658467|9.335505
1510206511889|-2.916325|0.46096805|9.351627
1510206512004|-2.8357637|0.8162014|9.352147
1510206512120|-2.84584|1.1071526|9.319109
1510206512236|-2.7750218|1.1458236|9.335777
1510206512353|-2.8079262|1.8124528|9.219596
1510206512465|-2.6729624|2.0676353|9.206006
1510206512581|-2.1237783|2.8091226|9.152529
1510206512696|-1.9229882|3.003682|9.135119
1510206512811|-2.4259505|3.002281|9.015069
1510206512925|-3.1081378|2.2027576|9.036467
1510206513040|-3.2525554|1.5558518|9.119792
1510206513155|-4.2171817|1.8666238|8.654565
1510206513272|-5.5091043|2.1336946|7.827356
1510206513385|-5.73491|1.6357661|7.7849507
1510206513500|-5.174264|1.547222|8.185566
1510206513616|-5.2384925|1.7197999|8.109924
1510206513732|-4.5571756|1.8104959|8.492623
1510206513845|-3.9917674|1.6745635|8.799547
1510206513962|-3.3052425|1.5420572|9.103176
1510206514076|-2.8746233|1.4299405|9.266186
1510206514191|-2.8573694|0.95804924|9.332093
1510206514306|-2.1802726|0.6488373|9.539172
1510206514421|-1.8344426|0.6415557|9.61216
1510206514535|-2.0443127|0.37112212|9.58402
1510206514652|-2.0469193|0.6335671|9.569696
1510206514766|-1.5901964|1.0240542|9.622524
1510206514880|-1.438234|1.2939073|9.613931
1510206514995|-2.1117148|1.4689869|9.463251
1510206515112|-2.1566362|1.3438635|9.471712
1510206515226|-2.0243592|1.4605116|9.483631
1510206515341|-1.7251604|2.1825268|9.403764
1510206515455|-1.3335166|3.220122|9.166402
1510206515572|-1.4305576|2.9150145|9.253464
1510206515687|-1.590832|2.8831465|9.2372675
1510206515802|-2.1045318|2.4968638|9.247
1510206515917|-2.572989|1.7316172|9.303312
1510206516032|-3.3938642|2.2672076|8.916941
1510206516145|-4.0183573|2.6843135|8.533326
1510206516262|-5.2764673|2.6118844|7.842661
1510206516375|-6.106944|2.0130064|7.404285
1510206516492|-5.549281|2.0419514|7.823446
1510206516606|-4.6015315|1.9334455|8.44145
1510206516721|-3.8155296|1.6829426|8.8758
1510206516836|-3.8746853|1.4920461|8.884312
1510206516951|-3.1079311|0.8811767|9.259302
1510206517067|-2.291088|0.84195536|9.498021
1510206517183|-2.528996|0.861952|9.435657
1510206517297|-2.0879564|1.2095506|9.505147
1510206517411|-1.6566135|1.5882457|9.534332
1510206517527|-1.0594304|2.1167233|9.516695
1510206517643|-0.8712096|3.1116085|9.25901
1510206517757|-0.86946225|3.1717708|9.238739
1510206517871|-1.176269|3.1577702|9.20952
1510206517987|-1.2026411|2.7855926|9.325477
1510206518102|-0.9973393|2.463861|9.4395485
1510206518218|-1.269122|2.792097|9.314714
1510206518332|-1.6606168|2.9488237|9.204194
1510206518447|-2.2252707|2.9154348|9.094988
1510206518562|-3.043117|1.5598862|9.191114
1510206518676|-3.1634865|2.13601|9.033283
1510206518793|-3.1505132|2.0237873|9.063605
1510206518907|-3.4821157|1.7733335|8.994473
1510206519024|-4.6233478|1.4453102|8.526789
1510206519136|-6.002866|1.1287992|7.6721444
1510206519253|-6.496751|1.0450919|7.271204
1510206519367|-5.7515216|1.2036642|7.851216
1510206519482|-4.548891|1.4285045|8.56956
1510206519596|-4.035616|1.0738627|8.87305
1510206519714|-3.570559|0.39184257|9.125128
1510206519828|-3.6035306|-0.354165|9.1137
1510206519941|-3.5949132|-0.69670516|9.09734
1510206520057|-3.417383|-1.8373489|9.006444
1510206520172|-2.499808|-1.6143421|9.344262
1510206520289|-2.490304|-1.3561662|9.387735
1510206520402|-1.7938592|-1.262131|9.558215
1510206520518|-1.8106529|-1.1262853|9.572011
1510206520632|-2.2113996|-0.75948536|9.523828
1510206520747|-1.9160233|0.40059978|9.609305
1510206520862|-2.2246537|0.9626851|9.502343
1510206520977|-2.4416366|1.067046|9.437701
1510206521092|-2.7336767|0.5817704|9.399943
1510206521208|-2.0547602|0.09025947|9.588545
1510206521323|-1.9215735|0.31864715|9.611265
1510206521438|-1.825211|0.1736947|9.633734
1510206521554|-2.004925|-0.29993272|9.594827
1510206521669|-1.5711906|-0.2658394|9.676315
1510206521783|-1.766067|-0.39537892|9.638208
1510206521899|-1.9158311|-0.15590304|9.616427
1510206522014|-2.2589047|0.3359267|9.537027
1510206522128|-2.364586|0.088489056|9.516895
1510206522245|-2.0269008|-0.27635133|9.590918
1510206522359|-2.7826645|-0.36161882|9.396616
1510206522475|-3.117566|-0.62303394|9.277015
1510206522587|-3.3700635|-0.6707219|9.184943
1510206522705|-3.582469|-0.8398731|9.090156
