1510206217883|-0.13948298|0.03131318|-0.14632225
1510206217995|0.2740612|0.2693267|-0.4942522
1510206218111|1.2576857|-1.0714078|1.1383419
1510206218227|-2.147159|2.0360694|-2.4509668
1510206218343|-2.158698|-0.9636655|1.4645848
1510206218455|-1.7576499|-0.86087036|0.30044746
1510206218571|0.52974343|0.46073103|-1.2671852
1510206218686|0.7752166|0.137348|1.0925169
1510206218801|-0.102677345|0.64442414|0.5756149
1510206218918|0.037558675|-0.23224139|-0.030878067
1510206219031|-0.7499459|0.49685073|0.009379387
1510206219146|1.0693479|-0.94580555|0.6204853
1510206219262|-0.058074236|0.719774|-1.434514
1510206219377|0.62520826|-0.507311|0.5174856
1510206219492|-0.19674611|0.21379137|-0.23445225
1510206219606|-0.19617796|0.5191884|-0.5860586
1510206219723|0.39873052|-0.21794665|0.68754864
1510206219836|0.36301327|0.0014361143|-0.33748817
1510206219952|-0.42039967|-0.011486173|-0.24788094
1510206220067|-0.013835669|-0.26294422|0.6763582
1510206220182|0.42893004|-0.30812192|-0.5691042
1510206220297|0.2106986|0.21394038|-0.020145416
1510206220413|0.013209343|-0.14285612|-0.23052692
1510206220528|-0.08477998|-0.10046625|-0.29985905
1510206220642|-0.04095483|0.27334452|0.46803474
1510206220758|0.07920742|-0.2819698|0.56445885
1510206220872|4.4560432E-4|-0.18574667|-0.7668133
1510206220986|0.8962202|0.16228247|-0.11793804
1510206221101|-1.2659688|0.020554423|0.6887226
1510206221218|-0.13818026|-0.15465951|-0.8129015
1510206221332|0.15764451|0.21890235|-0.10353947
1510206221446|-0.3915224|0.112615824|1.138463
1510206221561|-0.2085352|-0.13315749|-0.20606041
1510206221678|0.05278635|-0.1555264|-0.40885353
1510206221795|1.1031809|0.4541781|-0.5609522
1510206221907|-0.14625788|-0.11281133|0.10997486
1510206222023|-1.3816495|-0.07977295|-0.047569275
1510206222137|-0.17324686|-0.3517046|-0.8978796
1510206222253|-0.44231343|0.19661462|-0.11144924
1510206222367|0.27475476|0.3069886|-0.14977837
1510206222481|1.1081258|-0.34607816|1.047658
1510206222597|0.9517131|0.39187455|-0.674593
1510206222720|-1.2009423|-0.28195047|-0.35491085
1510206222826|0.10796952|0.20272052|0.6651411
1510206222941|1.0777376|0.35438704|-0.049157143
1510206223057|-0.05308509|0.058995247|0.1420536
1510206223171|-0.88604426|-0.25736797|-0.24945068
1510206223287|0.19283223|-0.06674552|0.31958103
1510206223404|0.769215|0.22600925|-0.87742424
1510206223519|-0.6239195|-0.037401676|0.34412766
1510206223633|-0.6640513|-0.1080426|0.46953392
1510206223747|-0.29474306|-0.15842962|-0.3108368
1510206223862|-0.7389488|-0.061158657|0.5353193
1510206223979|-0.4535575|0.08005226|0.6532965
1510206224093|-0.32615733|-0.23094034|0.16042423
1510206224206|0.38558245|0.15387714|-0.24836636
1510206224322|-0.032584906|0.15733421|-0.099814415
1510206224438|-0.8427789|0.18150628|-0.1484251
1510206224554|-0.10234332|-0.07416594|-0.47003746
1510206224667|-0.6106181|-0.19085276|0.48361492
1510206224783|-0.30095124|0.010323405|-0.1655283
1510206224898|-0.03160143|-0.17040598|0.28512764
1510206225012|0.31651783|0.008590221|-0.6493559
1510206225127|-0.7385669|0.18054092|0.6262016
1510206225244|0.27457666|-0.022472978|-0.253026
1510206225358|-0.41890287|-0.08127844|0.091026306
1510206225474|-0.12333298|0.16901267|-0.46873188
1510206225587|0.14210343|-0.1259901|0.41740608
1510206225704|0.16081893|0.14360839|0.23128414
1510206225817|-0.23318195|-0.023982286|0.7335434
1510206225932|-0.26717997|0.20591092|-0.85954285
1510206226047|0.61093664|0.09594154|0.37626362
1510206226163|0.04497814|0.2273171|-0.17676449
1510206226277|-0.011398315|0.34224176|-0.5355053
1510206226392|0.761601|-0.2823031|0.12743664
1510206226507|-0.3824072|0.20950842|-0.2559204
1510206226624|-0.20674682|-0.06289077|-0.40240383
1510206226739|-0.13117552|-0.21704757|0.13968945
1510206226853|-0.6282506|0.5082177|-0.20940113
1510206226968|-0.22795594|-0.5696615|0.049347878
1510206227083|1.647597|-0.5251585|0.0051317215
1510206227198|0.10597992|0.32470727|-0.5245781
1510206227313|-0.07718468|0.15427065|0.30125427
1510206227428|-0.5960221|0.23469496|-0.16619968
1510206227545|-0.15642285|-0.07781839|-0.41619968
1510206227658|-0.026265621|0.06384987|-0.7879276
1510206227772|0.010924339|-0.11757913|0.69393826
1510206227888|0.69828796|-0.09218955|-0.60667515
1510206228002|0.2586875|0.029756755|0.69534206
1510206228117|-0.41885996|0.19720526|-0.104011536
1510206228234|-0.3106594|-0.07126129|-0.101537704
1510206228350|0.39107275|0.08623481|-0.18868351
1510206228463|-0.038172245|-0.066627085|0.6078682
1510206228579|0.23051548|0.06887004|-0.976202
1510206228695|0.20459509|0.06541842|0.16610909
1510206228808|-0.1846962|-0.15716845|-0.08201122
1510206228923|0.14517641|-0.12931228|0.5239754
1510206229037|0.31058288|-0.29093373|0.07798767
1510206229152|0.6385522|-0.23612261|-0.01169014
1510206229269|0.4705248|-0.053343058|-0.16835022
1510206229383|-0.28612518|0.11966336|0.4810009
1510206229500|-0.27856255|-0.13577652|-0.5657215
1510206229613|0.1578927|-0.17748481|-0.10366249
1510206229729|0.08496523|-0.03692764|0.09263992
1510206229844|0.20572472|-0.2825492|-0.19678783
1510206229958|-5.044937E-4|-0.20237869|0.29357815
1510206230075|0.27199316|-0.037765265|-0.2650442
1510206230188|0.08022499|-0.19166552|0.27411938
1510206230304|-0.0887661|0.11765356|-0.38237858
1510206230418|-0.21814013|-0.17312548|0.4062004
1510206230534|0.25927687|0.1979137|0.16337872
1510206230649|0.16797733|-0.0809837|0.15697765
1510206230765|0.20315838|-0.20058012|-0.090265274
1510206230879|0.1938467|0.057458818|-0.22187614
1510206230995|-0.22878647|-0.1998784|0.022700787
1510206231109|-0.018280983|0.24001503|-0.39846754
1510206231224|-0.06934357|0.05608356|-0.19436836
1510206231339|-0.0037107468|-0.28560042|0.27009535
1510206231453|0.16248512|0.08157265|-0.32775402
1510206231570|-0.89221096|-0.025025368|-0.19888306
1510206231685|-0.602993|0.33635828|-1.2896585
1510206231799|-0.29931688|-0.07374197|0.6759205
1510206231914|-0.038051605|-0.2566889|-0.06619644
1510206232028|0.687793|0.18626773|-0.91897583
1510206232145|-0.4153533|-0.008982718|-0.82865334
1510206232260|-0.583514|0.06773257|0.45217896
1510206232374|0.025373697|0.04018095|-0.7443323
1510206232489|0.70127964|-1.4778589|0.5411892
1510206232604|0.26232386|-0.0863806|0.38843632
1510206232720|0.5745344|-0.23893654|-1.447032
1510206232834|-0.3469267|0.59015006|0.33790016
1510206232949|-0.55316484|-0.27149045|0.34217358
1510206233064|-0.17133117|0.06248772|0.6871233
1510206233180|-0.03494829|3.9359927E-4|-0.5305538
1510206233295|0.022538185|0.025310338|0.23053455
1510206233409|0.009771347|-0.021432579|0.6476345
1510206233523|-0.07439613|-0.64786994|-0.63040257
1510206233640|0.008142471|0.07142568|-0.24029922
1510206233755|-0.007796049|0.12391496|0.28173637
1510206233871|0.07369614|-0.0010037422|-0.7735853
1510206233985|0.0542686|0.17426217|0.87649536
1510206234100|0.3377347|-0.02921462|0.52001953
1510206234214|-0.18757963|0.12866199|0.4035759
1510206234329|-0.3521371|-0.2581513|-0.38273907
1510206234444|-0.23642254|-0.045167208|-0.6289787
1510206234560|0.41313982|0.17607915|0.22227192
1510206234674|-0.18141603|-0.0527761|1.271038
1510206234789|0.64273214|-0.082123995|0.25723362
1510206234905|-1.3207669|0.3820114|-2.7311687
1510206235020|-0.8188567|-0.44565177|-0.101052284
1510206235135|0.15999317|0.11712551|0.4746704
1510206235250|0.62506413|0.9277532|-0.94931793
1510206235365|-0.3561473|-0.839154|1.5033731
1510206235480|-0.500391|1.0507913|-2.3533173
1510206235596|0.32128|-1.4684472|1.4246302
1510206235710|0.29095316|0.20588708|-2.130497
1510206235825|0.099963665|-0.72670555|0.22668362
1510206235939|-0.24668717|-0.104249716|0.5917244
1510206236055|0.7329216|0.72542095|-0.6069908
1510206236170|0.6565201|-0.3756516|0.79570866
1510206236285|0.3172946|0.31529593|-0.71653366
1510206236399|-0.7328663|-0.27628958|0.23262691
1510206236515|-0.24196482|-0.399992|0.30227566
1510206236629|0.55953693|0.69369936|-1.2792978
1510206236747|-0.5813087|-0.36736643|1.2496614
1510206236860|0.12925828|-0.078436375|0.638319
1510206236976|0.14350724|0.48762774|-0.9831915
1510206237092|0.28832722|-0.17179918|0.5706701
1510206237203|0.8408985|-0.37262535|-0.636261
1510206237320|0.54834557|-0.11342406|0.09588385
1510206237434|-0.13298559|0.24835873|0.516593
1510206237552|-1.0150161|-0.034838438|0.11771488
1510206237666|-0.67476225|-0.042785406|-0.41951752
1510206237781|-0.4382193|0.3719039|-0.359766
1510206237896|0.2828368|-0.19553614|0.85442543
1510206238009|-0.30774152|0.46776247|-0.055483818
1510206238126|0.11244583|-0.48353195|0.23143959
1510206238242|0.057363987|-0.024542809|0.6210375
1510206238354|0.12850761|0.06390691|-1.1505532
1510206238471|-0.24541616|0.03341651|-0.25126886
1510206238585|-0.25584936|0.23063445|-0.16475582
1510206238700|-0.39574742|0.21861434|-0.13956833
1510206238816|0.6767113|-0.5290952|0.20667744
1510206238931|0.57494783|0.09099245|-0.59323883
1510206239046|-0.26569462|0.07261777|-0.07555914
1510206239160|0.10123348|-0.19595933|-0.7324867
1510206239275|-0.43579483|-0.1094439|0.046658516
1510206239389|0.45390606|0.35445547|-0.14304352
1510206239505|-0.16177845|-0.06389141|0.10725784
1510206239621|0.11519909|0.04690981|-0.2470522
1510206239735|-0.12911081|0.59460783|-1.4161367
1510206239851|-1.5682523|1.0533404|2.015153
1510206239978|0.5743928|-0.37462568|0.47230625
1510206240084|1.3526082|-1.0147793|2.0312967
1510206240195|0.27821636|-0.83932155|-1.536685
1510206240310|-1.144824|-1.7207615|-0.29881668
1510206240427|1.501019|-0.09527469|-0.6363611
1510206240541|1.097816|0.21870375|-1.9678469
1510206240655|-0.8709476|-0.35656667|0.9146509
1510206240770|0.12169981|0.11476493|-0.047193527
1510206240886|0.022372723|0.15590787|0.4973278
1510206241002|0.25282836|0.0026021004|-0.7828264
1510206241119|-0.37095332|-0.0296309|0.048233032
1510206241231|-0.15999937|0.17825365|-0.14569283
1510206241348|0.103126526|-0.19323277|0.28638268
1510206241460|0.13456893|-0.22220159|0.62667465
1510206241575|0.09362936|-0.2520628|0.2533121
1510206241691|0.07770491|-0.07739353|0.20303297
1510206241806|-0.066020966|-0.14883947|-0.30223656
1510206241921|0.24630523|-0.29845476|-0.012031555
1510206242037|0.22712517|0.42999077|-0.04720974
1510206242150|0.44943452|0.21538925|-0.079456806
1510206242267|-0.33347344|-0.20780993|-0.5497031
1510206242383|-0.23980999|0.049252987|0.76976204
1510206242497|0.19176984|0.19306421|-0.32667303
1510206242616|0.013643742|0.14560413|-0.0484066
1510206242726|-0.9226806|-0.92772245|0.34907055
1510206242843|0.73243785|0.81982803|-0.4602046
1510206242957|0.43559098|-0.076964855|-0.9257693
1510206243071|0.028138876|0.11084318|-0.023111343
1510206243189|-0.02167201|0.46301508|0.26200962
1510206243301|0.39072514|0.28519058|-0.3961916
1510206243420|-0.30632973|-0.6275072|0.96125984
1510206243531|-0.6876302|-0.19925117|0.1576891
1510206243652|0.033099174|0.25521374|-0.15281773
1510206243762|-0.13880754|-0.11412501|0.19759369
1510206243875|-0.20718431|-0.009248972|-0.43795204
1510206243991|-0.6561537|0.11910224|0.9328184
1510206244106|0.046546936|0.1020031|-0.17257786
1510206244221|-0.13138556|-0.16462445|0.27736568
1510206244337|0.156106|0.23624182|0.36265182
1510206244451|-0.083340645|-0.7726557|1.0876274
1510206244566|0.17709589|-0.33037233|-0.4206009
1510206244682|0.38352203|0.018675327|-0.20454216
1510206244796|-0.0399518|0.08194256|0.5259104
1510206244913|-0.29397273|-0.28448534|-0.49113464
1510206245026|-0.6577909|-0.37333727|-0.799829
1510206245142|0.4550755|0.60823536|-0.39388895
1510206245257|0.27691102|0.23873329|-0.23961306
1510206245372|0.25469065|-0.5384927|0.041959286
1510206245487|-0.11858201|0.3937745|-0.2734475
1510206245602|0.40088654|0.87006474|-1.0016546
1510206245720|0.13815975|0.33530474|0.45036268
1510206245834|1.1888037|0.30528307|-0.063967705
1510206245949|-2.0155537|-1.5048957|1.4198627
1510206246064|0.20039248|-0.1401782|-1.7736197
1510206246177|-0.16816807|0.11482024|-0.5919447
1510206246292|-0.31278086|-0.054723263|0.7591152
1510206246407|-0.083976984|-0.03134513|0.5604458
1510206246522|-0.12453318|0.11370373|0.6682091
1510206246637|0.114028454|0.042871475|-0.49305916
1510206246752|-0.14727843|-0.15126753|-0.06748772
1510206246868|-0.35078835|-0.4639504|0.5479326
1510206246983|-0.09277511|-0.19243717|-0.113162994
1510206247098|0.052378178|-0.21338749|-0.68714046
1510206247211|0.21232963|0.2938485|-1.0275607
1510206247326|-0.26062965|-0.3608265|0.274117
1510206247443|0.5680673|0.93653107|0.10861635
1510206247557|0.40452695|-0.34504557|0.43592358
1510206247673|0.32524276|0.2625804|-0.6919346
1510206247789|0.32289338|-0.04123068|0.860641
1510206247903|-0.12733364|-0.07796383|-0.18425894
1510206248020|0.057349443|0.32229328|-0.32787657
1510206248133|-0.07257867|0.21450853|0.34097767
1510206248247|0.43553948|0.5532284|0.16597366
1510206248367|0.511291|0.19239855|0.16167498
1510206248481|-0.5398412|-0.20257378|0.02785778
1510206248593|-1.309483|-0.6971102|-0.05896473
1510206248709|0.0986464|0.039918423|-0.414052
1510206248823|-0.08831787|-0.31741667|-0.243186
1510206248937|-0.22692537|0.14253354|-0.39753914
1510206249054|-0.0644474|-0.048894882|-0.40640926
1510206249168|-0.12031889|-0.46460724|0.009748459
1510206249284|-0.37457252|-0.84936|0.9274359
1510206249399|1.0307531|-0.39818048|-1.7777205
1510206249512|0.32761478|0.09800482|1.026833
1510206249628|-0.9861529|-0.49730062|1.0117974
1510206249742|0.6628134|1.1896758|0.40639544
1510206249858|-0.08827734|0.20457745|-0.21435118
1510206249983|0.19574618|-0.02451086|-0.285388
1510206250090|0.9420433|0.30501604|0.50525093
1510206250207|-0.25037813|-0.34921145|-0.30178356
1510206250317|-0.02823329|-0.431715|0.41378212
