1510197480290|-1.677363|4.562669|8.516977
1510197480405|-2.6280677|4.194453|8.465826
1510197480519|-3.7114565|4.208837|8.04246
1510197480635|-4.370147|3.6650293|7.9774528
1510197480757|-4.4522314|3.3662949|8.063256
1510197480867|-4.1262326|3.5541105|8.155543
1510197480983|-3.68959|3.8953812|8.2087345
1510197481098|-2.916428|4.3597393|8.285983
1510197481211|-2.620159|4.7146144|8.190089
1510197481329|-2.7718825|4.6450295|8.179899
1510197481441|-2.8051548|4.657896|8.16122
1510197481570|-2.7600808|4.803062|8.092153
1510197481673|-2.8876112|4.69564|8.110675
1510197481785|-2.962382|4.621807|8.126104
1510197481913|-2.9528182|4.661325|8.106992
1510197482015|-2.8693151|4.753843|8.083217
1510197482130|-2.9138014|4.7478666|8.070806
1510197482245|-2.9763956|4.6578383|8.10037
1510197482361|-2.858492|4.899573|7.9996
1510197482478|-2.6996562|5.0009265|7.9920573
1510197482599|-2.5214727|5.1447206|7.95892
1510197482713|-2.326412|5.318931|7.9036174
1510197482825|-2.567227|5.284435|7.852037
1510197482937|-2.970364|4.8712916|7.9760795
1510197483051|-2.6022108|4.902378|8.084898
1510197483165|-3.1795976|4.118467|8.312567
1510197483280|-3.769506|4.1883616|8.026134
1510197483398|-4.3596497|5.2254953|7.061023
1510197483511|-3.7666647|5.557387|7.1482925
1510197483628|-3.3621442|5.379552|7.478422
1510197483741|-3.6297653|5.574689|7.205417
1510197483857|-3.5960443|5.900569|6.9586015
1510197483971|-3.6447575|5.9381027|6.901093
1510197484087|-3.8444946|5.8255134|6.88866
1510197484201|-3.6106808|5.5142365|7.261307
1510197484317|-3.5769954|5.580929|7.2269444
1510197484431|-3.4586153|5.4779925|7.3620625
1510197484545|-3.3308635|5.504467|7.40112
1510197484661|-3.2959964|5.466957|7.444406
1510197484775|-3.19316|5.4666133|7.4893427
1510197484891|-3.104222|5.6172996|7.414859
1510197485007|-2.8834856|5.0718646|7.882391
1510197485122|-2.6888988|3.9764397|8.551499
1510197485238|-2.6702676|3.087789|8.916592
1510197485350|-2.1239614|2.7276065|9.17711
1510197485466|-0.9276105|2.6244545|9.403306
1510197485589|-0.1600834|2.0658584|9.585249
1510197485697|-1.0759054|2.5117471|9.418277
1510197485814|-1.3062668|2.505897|9.390661
1510197485926|-1.0980521|2.8519292|9.318325
1510197486042|-1.5206959|3.6424255|8.977227
1510197486159|-3.3092935|4.4467263|8.089845
1510197486272|-3.653976|5.038097|7.578682
1510197486386|-3.9592083|5.5371137|7.059421
1510197486505|-4.722878|5.55898|6.5545826
1510197486618|-5.1090884|5.808993|6.0268726
1510197486740|-5.069416|6.0297713|5.8406563
1510197486848|-4.8500876|6.0867276|5.966472
1510197486962|-4.709972|6.0242558|6.1396174
1510197487077|-4.738208|5.376843|6.693978
1510197487195|-5.013496|4.966282|6.8096466
1510197487308|-4.622491|5.214095|6.900448
1510197487423|-4.076799|5.564012|6.9707866
1510197487537|-4.0623283|5.234497|7.229656
1510197487654|-3.9319377|5.0943465|7.3998575
1510197487766|-4.3053823|5.118139|7.172079
1510197487881|-3.069356|4.307405|8.258069
1510197487996|-1.6644723|2.664606|9.289767
1510197488113|-1.4495883|0.8442555|9.662107
1510197488229|-2.5549936|0.7299896|9.439783
1510197488346|-2.6081722|2.0409603|9.23051
1510197488458|-2.4605794|2.785234|9.075153
1510197488573|-1.736381|2.6899166|9.269289
1510197488687|-1.1193712|3.158425|9.216385
1510197488802|-1.7247834|3.3671515|9.04753
1510197488917|-1.4766054|3.4780228|9.049497
1510197489034|-1.8772188|3.5433667|8.949357
1510197489147|-1.9420729|3.4787972|8.960843
1510197489264|-2.0275934|3.6182787|8.886355
1510197489378|-1.9064337|3.1289992|9.096442
1510197489495|-1.7730318|3.240821|9.084262
1510197489607|-1.7057054|3.3440566|9.059705
1510197489723|-1.9218956|3.2531314|9.0495205
1510197489839|-1.9314929|3.3725808|9.003634
1510197489953|-1.8179955|3.5592203|8.95529
1510197490066|-1.7693138|3.5297647|8.976674
1510197490182|-1.8215743|3.5649948|8.952266
1510197490298|-1.9018708|3.7498465|8.859567
1510197490413|-2.0670156|3.6924658|8.846667
1510197490527|-2.0191941|3.7293|8.842259
1510197490642|-2.0909278|3.7236452|8.82796
1510197490758|-2.3038929|3.5100408|8.862397
1510197490873|-2.551406|3.3127472|8.870537
1510197490989|-2.713417|3.2696927|8.838375
1510197491102|-2.6502688|3.2651012|8.859209
1510197491219|-2.5953383|3.2131467|8.894397
1510197491334|-2.4871683|3.2559707|8.909717
1510197491451|-2.341306|2.9878461|9.042204
1510197491564|-2.2626088|3.0850344|9.029593
1510197491679|-2.2077825|3.4046535|8.927733
1510197491793|-2.277205|3.2060785|8.98364
1510197491908|-2.248333|3.229327|8.982585
1510197492023|-2.193757|3.341335|8.955071
1510197492144|-2.240779|3.1438677|9.014732
1510197492251|-2.2054434|3.1850538|9.008986
1510197492369|-2.1347566|3.2509248|9.002482
1510197492483|-2.1490293|3.1679275|9.028637
1510197492597|-2.1194723|3.1352365|9.047016
1510197492713|-2.0756996|3.2376983|9.021041
1510197492828|-2.1075726|3.0438936|9.080927
1510197492942|-2.0314882|3.1808434|9.05128
1510197493058|-2.0536978|3.0977404|9.07506
1510197493172|-2.0265224|3.025934|9.105346
1510197493289|-2.0333042|3.1058104|9.076894
1510197493405|-2.0157707|3.1842632|9.053592
1510197493518|-2.040407|3.0516043|9.093671
1510197493632|-2.0172267|3.096428|9.083684
1510197493749|-2.0427663|3.072452|9.086117
1510197493864|-2.0307124|2.9884682|9.116778
1510197493979|-2.0175965|3.1767979|9.055808
1510197494092|-1.9903246|3.21641|9.047855
1510197494210|-2.0017865|3.0455313|9.104284
1510197494323|-1.9631418|3.1896098|9.063269
1510197494437|-1.9515239|3.134046|9.085135
1510197494553|-1.9303492|3.086254|9.105996
1510197494671|-1.90232|3.2686017|9.048082
1510197494785|-1.9526955|3.119998|9.089719
1510197494898|-1.9237934|3.1319985|9.091754
1510197495013|-1.965531|3.1365955|9.081236
1510197495128|-1.9076221|3.230057|9.0608
1510197495244|-1.8433396|3.3916106|9.014958
1510197495359|-1.9129099|3.2883265|9.038698
1510197495474|-1.8785154|3.2776408|9.049787
1510197495589|-1.8022395|3.4854953|8.987416
1510197495706|-1.8881985|3.3288174|9.029068
1510197495820|-1.8705292|3.355783|9.022761
1510197495933|-1.8690792|3.4630718|8.982431
1510197496050|-1.8636628|3.456014|8.986274
1510197496164|-1.7587329|3.6590908|8.92683
1510197496280|-1.8417636|3.4215827|9.003947
1510197496393|-1.8271534|3.469814|8.988454
1510197496508|-1.8874502|3.3271694|9.029832
1510197496624|-1.901056|3.8417552|8.820278
1510197496740|-1.8441072|4.3008356|8.618148
1510197496854|-1.9081887|4.177813|8.664587
1510197496970|-1.8748372|4.0781565|8.719175
1510197497084|-2.142525|3.9381673|8.721858
1510197497201|-2.2606504|3.7870736|8.758876
1510197497315|-2.3298008|3.8329785|8.720704
1510197497430|-3.4168415|4.7228894|7.8860574
1510197497543|-5.2866583|5.393932|6.255168
1510197497659|-5.6730313|5.241184|6.0429373
1510197497775|-5.421801|5.4716363|6.069238
1510197497890|-5.4268494|5.7051387|5.845603
1510197498006|-5.6908875|5.8452597|5.4421625
1510197498121|-5.81939|5.967312|5.1668434
1510197498234|-5.861759|6.0437007|5.0283046
1510197498349|-5.4988537|5.839374|5.6422253
1510197498464|-4.896234|5.1308203|6.772885
1510197498579|-4.7610908|5.210476|6.808329
1510197498695|-4.795947|5.183379|6.804547
1510197498809|-4.732007|5.242264|6.804202
1510197498925|-4.657395|5.236395|6.8599725
1510197499039|-4.627478|5.2921634|6.8373857
1510197499155|-4.643999|5.253495|6.8559785
1510197499271|-4.5750084|5.3222585|6.8493247
1510197499389|-4.5820584|5.307814|6.855818
1510197499499|-4.5283494|5.3474836|6.8606744
1510197499620|-4.5225644|5.3520713|6.8609138
1510197499735|-4.5033245|5.3608103|6.866743
1510197499846|-4.476659|5.3703156|6.876746
1510197499959|-4.420313|5.3894863|6.898162
1510197500075|-4.3730984|5.4379783|6.890196
1510197500195|-4.2080984|5.46083|6.974355
1510197500306|-4.0473013|5.3633113|7.1431527
1510197500427|-3.9868839|5.324349|7.206001
1510197500540|-3.880615|5.264371|7.3073673
1510197500650|-3.9260375|5.3549395|7.216733
1510197500766|-4.0198693|5.414368|7.120087
1510197500881|-4.0395103|5.3214917|7.1787515
1510197500994|-4.0749464|5.486782|7.0328107
1510197501111|-4.0542893|5.525829|7.014153
1510197501227|-3.60581|4.840634|7.728957
1510197501339|-3.1394188|4.2670074|8.252702
1510197501455|-1.9953693|4.058736|8.701468
1510197501577|-0.34637517|4.016932|8.939501
1510197501689|-0.7897902|4.344758|8.756124
1510197501802|-0.82746065|5.0955153|8.33795
1510197501916|-0.6068202|4.7566504|8.554322
1510197502032|-0.5364535|4.724383|8.576876
1510197502145|-0.3540293|4.6141744|8.646066
1510197502259|-0.1799812|4.7601976|8.57196
1510197502376|-0.5706158|4.4674225|8.711309
1510197502490|-0.6495528|4.435701|8.721985
1510197502606|-0.52818936|3.993453|8.941126
1510197502719|1.1072593|4.0889378|8.844487
1510197502837|0.76538193|2.5215976|9.445958
1510197502950|0.78685296|2.8631706|9.34631
1510197503065|1.1862863|2.867284|9.302785
1510197503179|1.7904133|2.843644|9.212952
1510197503301|2.4453325|2.96558|9.021976
1510197503419|2.3358984|2.3129296|9.239281
1510197503524|2.068392|1.8911496|9.397643
