1509418832767|1022.4178
1509418832900|1022.427
1509418833034|1022.43207
1509418833168|1022.4278
1509418833300|1022.4308
1509418833435|1022.4265
1509418833569|1022.427
1509418833701|1022.4338
1509418833835|1022.42865
1509418833980|1022.4303
1509418834104|1022.4291
1509418834235|1022.4291
1509418834369|1022.42816
1509418834501|1022.4273
1509418834635|1022.4227
1509418834768|1022.41595
1509418834901|1022.424
1509418835035|1022.42816
1509418835174|1022.4324
1509418835309|1022.4353
1509418835437|1022.42596
1509418835569|1022.4273
1509418835705|1022.43146
1509418835835|1022.43146
1509418835969|1022.43945
1509418836101|1022.43274
1509418836236|1022.4251
1509418836368|1022.4264
1509418836501|1022.42377
1509418836636|1022.4251
1509418836775|1022.4225
1509418836903|1022.4107
1509418837034|1022.4103
1509418837173|1022.4086
1509418837302|1022.4086
1509418837437|1022.4035
1509418837568|1022.404
1509418837701|1022.4082
1509418837838|1022.41284
1509418837969|1022.4119
1509418838102|1022.4212
1509418838238|1022.4217
1509418838380|1022.425
1509418838505|1022.4262
1509418838637|1022.42535
1509418838769|1022.42535
1509418838902|1022.42413
1509418839040|1022.4165
1509418839168|1022.4081
1509418839308|1022.40546
1509418839439|1022.40094
1509418839576|1022.40094
1509418839705|1022.4051
1509418839837|1022.41144
1509418839968|1022.4013
1509418840056|1022.4013
1509418840177|1022.4089
1509418840310|1022.4118
1509418840438|1022.4051
1509418840577|1022.4097
1509418840709|1022.4131
1509418840844|1022.4042
1509418840975|1022.40717
1509418841105|1022.40717
1509418841237|1022.4164
