1509546928787|-25.859999|-16.74|-28.199999
1509546928903|-25.619999|-17.039999|-27.779999
1509546929035|-25.56|-17.22|-28.199999
1509546929167|-25.619999|-17.52|-28.019999
1509546929299|-25.68|-17.34|-28.199999
1509546929431|-25.98|-16.859999|-28.38
1509546929566|-26.039999|-17.039999|-27.96
1509546929695|-25.98|-16.5|-28.14
1509546929827|-25.8|-16.44|-28.74
1509546929959|-25.619999|-16.5|-28.56
1509546930091|-25.439999|-16.32|-28.74
1509546930223|-25.74|-16.38|-28.439999
1509546930355|-25.74|-16.26|-27.96
1509546930487|-25.56|-16.56|-28.08
1509546930619|-25.619999|-16.32|-28.26
1509546930751|-25.38|-16.32|-28.439999
1509546930883|-25.32|-16.5|-28.26
1509546931021|-25.439999|-16.56|-28.26
1509546931147|-25.56|-16.8|-27.779999
1509546931280|-25.619999|-17.34|-27.539999
1509546931411|-25.98|-17.46|-27.42
1509546931543|-25.8|-17.279999|-27.119999
1509546931675|-25.98|-17.64|-27.24
1509546931807|-26.039999|-17.34|-27.18
1509546931939|-25.8|-17.52|-27.18
1509546932072|-25.8|-17.46|-27.0
1509546932204|-25.56|-17.039999|-27.24
1509546932335|-25.439999|-17.22|-27.24
1509546932467|-25.56|-16.68|-27.539999
1509546932600|-25.619999|-17.039999|-27.9
1509546932731|-25.859999|-17.22|-27.539999
1509546932863|-25.859999|-17.64|-27.599998
1509546932997|-25.68|-17.76|-27.84
1509546933127|-26.279999|-17.279999|-27.84
1509546933259|-26.16|-17.039999|-27.9
1509546933391|-26.22|-16.68|-28.019999
1509546933523|-26.34|-16.5|-27.779999
1509546933655|-25.619999|-16.5|-28.199999
1509546933787|-25.439999|-16.56|-28.26
1509546933919|-25.439999|-16.8|-28.5
1509546934051|-25.74|-16.8|-28.5
1509546934183|-25.859999|-17.46|-28.14
1509546934315|-25.98|-17.58|-28.38
1509546934447|-25.98|-17.22|-28.14
1509546934579|-25.74|-17.16|-28.26
1509546934711|-25.74|-16.74|-28.08
1509546934844|-25.619999|-16.56|-27.66
1509546934975|-25.56|-16.92|-27.779999
1509546935107|-25.619999|-17.4|-27.9
1509546935239|-25.619999|-17.34|-28.14
1509546935371|-25.74|-17.34|-28.26
1509546935503|-25.74|-17.1|-28.38
1509546935636|-25.619999|-16.5|-28.14
1509546935767|-25.619999|-16.5|-28.019999
1509546935899|-25.74|-16.5|-27.9
1509546936031|-25.32|-16.44|-27.779999
1509546936163|-25.56|-16.92|-27.779999
1509546936295|-25.439999|-17.22|-27.779999
1509546936427|-25.439999|-17.58|-27.779999
1509546936560|-25.859999|-17.699999|-27.599998
1509546936691|-25.74|-17.22|-27.66
1509546936823|-25.74|-17.46|-27.779999
1509546936955|-25.8|-17.279999|-28.199999
1509546937087|-25.859999|-17.279999|-28.74
1509546937219|-25.8|-17.279999|-28.5
1509546937351|-25.859999|-16.68|-28.68
1509546937483|-25.38|-16.68|-28.56
1509546937615|-25.56|-16.859999|-28.26
1509546937749|-25.56|-16.859999|-28.14
1509546937879|-25.74|-16.74|-27.48
1509546938011|-26.16|-16.619999|-27.18
1509546938143|-25.98|-16.44|-27.0
1509546938275|-26.22|-16.44|-27.3
1509546938407|-26.16|-16.56|-28.019999
1509546938539|-25.619999|-16.74|-28.32
1509546938671|-25.619999|-16.68|-28.68
1509546938803|-25.439999|-17.039999|-28.38
1509546938934|-25.56|-17.039999|-28.019999
1509546939068|-25.859999|-17.039999|-27.9
1509546939199|-25.859999|-17.22|-27.599998
1509546939331|-25.8|-16.92|-27.72
1509546939464|-25.56|-16.92|-27.72
1509546939596|-25.8|-16.5|-28.019999
1509546939728|-25.92|-16.38|-27.9
1509546939859|-26.16|-16.68|-27.9
1509546939991|-26.22|-16.619999|-28.199999
1509546940123|-25.98|-17.039999|-28.199999
1509546940255|-25.859999|-16.859999|-28.32
1509546940387|-25.619999|-16.74|-28.32
1509546940519|-25.8|-16.74|-27.66
1509546940651|-25.98|-16.619999|-27.66
1509546940783|-25.859999|-16.74|-27.9
1509546940915|-25.98|-17.039999|-28.32
1509546941047|-25.74|-17.039999|-28.5
1509546941182|-25.859999|-17.16|-28.68
1509546941311|-26.039999|-17.16|-28.98
1509546941443|-26.22|-16.859999|-28.38
1509546941575|-26.34|-17.039999|-28.5
1509546941707|-26.16|-17.039999|-28.199999
1509546941840|-26.039999|-16.92|-27.599998
1509546941971|-25.859999|-17.039999|-28.019999
1509546942106|-25.8|-16.859999|-28.199999
1509546942236|-25.619999|-16.38|-28.32
1509546942367|-25.8|-16.68|-28.56
1509546942499|-25.92|-16.32|-28.68
1509546942631|-25.98|-16.5|-28.38
1509546942763|-26.039999|-17.22|-28.019999
1509546942895|-25.8|-16.92|-27.9
1509546943027|-25.619999|-17.34|-27.359999
1509546943159|-25.619999|-17.16|-27.42
1509546943291|-25.98|-16.74|-27.42
1509546943424|-26.22|-17.22|-27.42
1509546943555|-26.22|-17.22|-27.599998
1509546943687|-26.16|-17.1|-27.24
1509546943819|-25.38|-17.4|-27.42
1509546943951|-25.08|-16.92|-27.539999
1509546944083|-25.199999|-16.92|-27.9
1509546944216|-24.84|-17.34|-28.5
1509546944347|-25.38|-16.859999|-28.5
1509546944479|-25.439999|-17.16|-28.5
1509546944611|-25.38|-17.16|-28.26
1509546944743|-25.859999|-17.22|-27.9
1509546944875|-25.8|-17.16|-27.9
1509546945007|-25.619999|-16.68|-27.539999
1509546945139|-25.74|-16.68|-27.72
1509546945272|-25.619999|-16.619999|-27.72
1509546945403|-25.74|-16.619999|-27.779999
1509546945535|-25.8|-16.74|-28.26
1509546945667|-26.16|-16.8|-28.199999
1509546945799|-26.22|-16.38|-28.56
1509546945931|-26.16|-16.44|-28.68
1509546946063|-26.16|-16.32|-28.32
1509546946195|-25.74|-16.08|-28.56
1509546946327|-25.56|-16.8|-28.199999
1509546946459|-25.439999|-17.22|-27.72
1509546946592|-25.859999|-17.76|-27.72
1509546946723|-25.859999|-17.52|-27.599998
1509546946857|-26.039999|-17.16|-27.779999
1509546946987|-26.22|-16.98|-27.96
1509546947119|-25.8|-16.44|-28.26
1509546947252|-25.859999|-17.279999|-27.9
1509546947383|-25.8|-17.279999|-27.84
1509546947515|-25.859999|-17.22|-27.66
1509546947647|-25.859999|-17.699999|-27.66
1509546947779|-25.74|-17.22|-27.779999
1509546947911|-25.92|-17.22|-27.9
1509546948043|-25.74|-17.22|-28.019999
1509546948175|-25.98|-17.1|-28.14
1509546948307|-26.22|-17.1|-28.26
1509546948439|-25.98|-16.98|-28.32
1509546948571|-25.98|-17.1|-28.68
1509546948704|-25.68|-17.16|-28.68
1509546948835|-25.439999|-17.22|-28.68
1509546948967|-25.439999|-17.46|-28.74
1509546949099|-25.439999|-17.88|-28.619999
1509546949231|-25.439999|-17.58|-28.38
1509546949363|-25.56|-17.34|-28.199999
1509546949495|-25.199999|-17.279999|-27.96
1509546949627|-25.26|-17.22|-28.199999
1509546949759|-25.26|-17.34|-28.5
1509546949892|-25.26|-17.34|-28.68
1509546950023|-25.859999|-17.699999|-28.859999
1509546950155|-25.859999|-17.279999|-28.619999
1509546950287|-25.859999|-17.039999|-28.26
1509546950419|-25.859999|-17.16|-28.439999
1509546950551|-25.74|-16.619999|-28.019999
1509546950683|-25.619999|-16.68|-28.019999
1509546950815|-25.619999|-16.5|-27.9
1509546950947|-25.619999|-16.38|-27.42
1509546951079|-25.619999|-16.8|-27.48
1509546951211|-25.68|-17.34|-27.48
1509546951343|-26.099998|-17.58|-27.48
1509546951475|-26.099998|-17.82|-28.019999
1509546951607|-26.22|-18.06|-28.199999
1509546951739|-26.22|-18.24|-27.9
1509546951871|-25.8|-18.42|-28.08
1509546952004|-25.92|-18.48|-27.66
1509546952135|-25.859999|-18.119999|-27.599998
1509546952273|-26.039999|-17.82|-28.019999
1509546952403|-26.039999|-17.699999|-27.9
1509546952531|-25.859999|-17.46|-27.72
1509546952664|-25.68|-17.64|-27.779999
1509546952799|-25.439999|-17.34|-27.66
1509546952927|-25.439999|-17.34|-27.66
1509546953059|-25.68|-17.16|-28.199999
1509546953191|-26.039999|-16.92|-28.199999
1509546953324|-26.16|-16.92|-28.019999
