1509547160121|6.244078|-0.038307227|7.4507556
1509547160258|6.2345014|-0.05746084|7.4507556
1509547160390|6.2345014|-0.038307227|7.469909
1509547160524|6.2345014|-0.05746084|7.4507556
1509547160647|6.253655|-0.05746084|7.4507556
1509547160779|6.244078|-0.05746084|7.4507556
1509547160911|6.2345014|-0.06703765|7.469909
1509547161043|6.2345014|-0.019153614|7.489063
1509547161175|6.2345014|-0.05746084|7.469909
1509547161307|6.2345014|-0.02873042|7.489063
1509547161439|6.253655|-0.076614454|7.4507556
1509547161574|6.244078|-0.047884032|7.469909
1509547161703|6.244078|-0.06703765|7.4507556
1509547161837|6.244078|-0.038307227|7.469909
1509547161973|6.244078|-0.05746084|7.4507556
1509547162099|6.244078|-0.047884032|7.4603324
1509547162231|6.244078|-0.06703765|7.4507556
1509547162363|6.244078|-0.047884032|7.4507556
1509547162495|6.244078|-0.047884032|7.4507556
1509547162627|6.244078|-0.047884032|7.469909
1509547162759|6.2345014|-0.047884032|7.469909
1509547162891|6.2345014|-0.06703765|7.4603324
1509547163023|6.2249246|-0.02873042|7.489063
1509547163155|6.2249246|-0.038307227|7.489063
1509547163292|6.244078|-0.05746084|7.4603324
1509547163419|6.244078|-0.05746084|7.479486
1509547163558|6.244078|-0.038307227|7.4603324
1509547163683|6.244078|-0.047884032|7.4603324
1509547163824|6.244078|-0.05746084|7.4603324
1509547163947|6.244078|-0.05746084|7.4507556
1509547164079|6.244078|-0.05746084|7.4507556
1509547164211|6.244078|-0.06703765|7.469909
1509547164343|6.244078|-0.047884032|7.4507556
1509547164475|6.244078|-0.05746084|7.4603324
1509547164609|6.244078|-0.038307227|7.469909
1509547164739|6.2345014|-0.05746084|7.469909
1509547164871|6.253655|-0.02873042|7.469909
1509547165003|6.2345014|-0.05746084|7.4603324
1509547165144|6.253655|-0.038307227|7.4603324
1509547165273|6.2345014|-0.047884032|7.4603324
1509547165410|6.2345014|-0.047884032|7.4603324
1509547165532|6.2345014|-0.047884032|7.4603324
1509547165663|6.253655|-0.05746084|7.4603324
1509547165796|6.2345014|-0.038307227|7.4603324
1509547165927|6.2345014|-0.047884032|7.479486
1509547166059|6.2345014|-0.047884032|7.4603324
1509547166191|6.2345014|-0.047884032|7.4603324
1509547166323|6.2345014|-0.06703765|7.4603324
1509547166458|6.2345014|-0.047884032|7.4507556
1509547166587|6.2345014|-0.06703765|7.469909
1509547166724|6.253655|-0.038307227|7.4603324
1509547166853|6.253655|-0.05746084|7.4603324
1509547166992|6.244078|-0.02873042|7.479486
1509547167116|6.244078|-0.05746084|7.4603324
1509547167247|6.244078|-0.02873042|7.4507556
1509547167379|6.244078|-0.095768064|7.4507556
1509547167511|6.244078|-0.02873042|7.4603324
1509547167644|6.244078|-0.076614454|7.4507556
1509547167775|6.2249246|-0.019153614|7.479486
1509547167907|6.215348|-0.05746084|7.479486
1509547168042|6.2345014|-0.019153614|7.489063
1509547168171|6.253655|-0.076614454|7.441179
1509547168303|6.244078|-0.02873042|7.469909
1509547168438|6.244078|-0.06703765|7.4507556
1509547168576|6.2345014|-0.02873042|7.469909
1509547168707|6.2345014|-0.05746084|7.4507556
1509547168832|6.2345014|-0.047884032|7.4507556
1509547168963|6.2345014|-0.06703765|7.441179
1509547169096|6.253655|-0.06703765|7.4603324
1509547169227|6.253655|-0.047884032|7.4507556
1509547169359|6.2345014|-0.05746084|7.4603324
1509547169491|6.2249246|-0.02873042|7.479486
1509547169625|6.2249246|-0.047884032|7.479486
1509547169755|6.244078|-0.02873042|7.4603324
1509547169887|6.244078|-0.08619126|7.4603324
1509547170021|6.244078|-0.038307227|7.4603324
1509547170153|6.244078|-0.08619126|7.4603324
1509547170287|6.244078|-0.02873042|7.4603324
1509547170417|6.244078|-0.08619126|7.4603324
1509547170547|6.244078|-0.02873042|7.479486
1509547170679|6.244078|-0.095768064|7.4507556
1509547170811|6.244078|-0.019153614|7.479486
1509547170943|6.244078|-0.076614454|7.469909
1509547171075|6.244078|-0.02873042|7.469909
1509547171207|6.244078|-0.076614454|7.469909
1509547171339|6.2249246|-0.009576807|7.517793
1509547171471|6.2249246|-0.047884032|7.489063
1509547171603|6.215348|-0.009576807|7.5082164
1509547171741|6.215348|-0.047884032|7.489063
1509547171870|6.215348|-0.009576807|7.517793
1509547171999|6.215348|-0.019153614|7.4986396
1509547172132|6.2345014|-0.038307227|7.4986396
1509547172263|6.2345014|-0.047884032|7.479486
1509547172395|6.2345014|-0.076614454|7.479486
1509547172527|6.2345014|-0.047884032|7.469909
1509547172659|6.2345014|-0.08619126|7.469909
1509547172791|6.2345014|-0.02873042|7.489063
1509547172923|6.253655|-0.08619126|7.469909
1509547173058|6.244078|-0.02873042|7.489063
1509547173194|6.244078|-0.076614454|7.469909
1509547173324|6.2345014|-0.019153614|7.489063
1509547173454|6.2345014|-0.05746084|7.4507556
1509547173590|6.2249246|-0.019153614|7.489063
1509547173715|6.244078|-0.038307227|7.489063
1509547173847|6.2345014|-0.038307227|7.4986396
1509547173979|6.215348|-0.02873042|7.489063
1509547174111|6.2345014|-0.05746084|7.479486
1509547174243|6.2345014|-0.047884032|7.479486
1509547174375|6.2345014|-0.047884032|7.469909
1509547174515|6.2345014|-0.047884032|7.469909
1509547174639|6.2345014|-0.047884032|7.4603324
1509547174771|6.253655|-0.05746084|7.4507556
1509547174903|6.2345014|-0.06703765|7.4507556
1509547175042|6.2345014|-0.02873042|7.4507556
1509547175168|6.2345014|-0.06703765|7.469909
1509547175301|6.2345014|-0.038307227|7.4986396
1509547175432|6.2249246|-0.05746084|7.469909
1509547175563|6.2249246|-0.019153614|7.479486
1509547175695|6.244078|-0.076614454|7.469909
1509547175827|6.2345014|-0.009576807|7.5082164
1509547175959|6.2345014|-0.076614454|7.469909
1509547176092|6.2345014|-0.009576807|7.4986396
1509547176223|6.2345014|-0.06703765|7.469909
1509547176355|6.2345014|-0.02873042|7.469909
1509547176487|6.253655|-0.076614454|7.441179
1509547176624|6.253655|-0.038307227|7.469909
1509547176755|6.244078|-0.06703765|7.4603324
1509547176892|6.244078|-0.02873042|7.4603324
1509547177016|6.244078|-0.08619126|7.441179
1509547177148|6.244078|-0.038307227|7.4603324
1509547177280|6.244078|-0.08619126|7.441179
1509547177411|6.244078|-0.038307227|7.4603324
1509547177543|6.244078|-0.08619126|7.4507556
1509547177675|6.244078|-0.02873042|7.469909
1509547177807|6.244078|-0.08619126|7.441179
1509547177939|6.244078|-0.02873042|7.469909
1509547178073|6.244078|-0.06703765|7.4507556
1509547178203|6.244078|-0.038307227|7.469909
1509547178339|6.244078|-0.076614454|7.4507556
1509547178474|6.244078|-0.047884032|7.469909
1509547178599|6.244078|-0.08619126|7.4603324
1509547178731|6.244078|-0.038307227|7.479486
1509547178863|6.244078|-0.08619126|7.469909
1509547178995|6.2345014|-0.038307227|7.469909
1509547179127|6.2345014|-0.05746084|7.469909
1509547179259|6.2345014|-0.038307227|7.4603324
1509547179391|6.2249246|-0.038307227|7.479486
1509547179523|6.2249246|-0.019153614|7.5082164
1509547179655|6.215348|-0.038307227|7.4986396
1509547179790|6.215348|-0.02873042|7.4986396
1509547179923|6.215348|-0.019153614|7.4986396
1509547180053|6.215348|-0.02873042|7.4986396
1509547180191|6.2345014|-0.02873042|7.4986396
1509547180315|6.2345014|-0.02873042|7.489063
1509547180447|6.2345014|-0.038307227|7.469909
1509547180579|6.253655|-0.08619126|7.4507556
1509547180711|6.244078|-0.05746084|7.4507556
1509547180843|6.244078|-0.076614454|7.4507556
1509547180975|6.244078|-0.019153614|7.479486
1509547181107|6.244078|-0.08619126|7.4507556
1509547181242|6.244078|-0.02873042|7.4603324
1509547181372|6.244078|-0.08619126|7.4603324
1509547181504|6.244078|-0.02873042|7.479486
1509547181643|6.244078|-0.076614454|7.4507556
1509547181776|6.244078|-0.038307227|7.4507556
1509547181901|6.244078|-0.08619126|7.441179
1509547182031|6.2345014|-0.038307227|7.4603324
1509547182164|6.253655|-0.095768064|7.441179
1509547182295|6.253655|-0.038307227|7.4603324
1509547182427|6.244078|-0.08619126|7.441179
1509547182559|6.244078|-0.047884032|7.4603324
1509547182691|6.244078|-0.076614454|7.4507556
1509547182824|6.244078|-0.038307227|7.4507556
1509547182958|6.244078|-0.076614454|7.4507556
1509547183091|6.244078|-0.047884032|7.469909
1509547183221|6.244078|-0.06703765|7.469909
1509547183353|6.244078|-0.047884032|7.4507556
1509547183484|6.2345014|-0.076614454|7.4507556
1509547183615|6.2345014|-0.038307227|7.469909
1509547183747|6.253655|-0.08619126|7.4507556
1509547183879|6.253655|-0.047884032|7.441179
1509547184011|6.253655|-0.08619126|7.4603324
1509547184143|6.253655|-0.038307227|7.4603324
1509547184276|6.253655|-0.076614454|7.4507556
1509547184407|6.253655|-0.038307227|7.4507556
1509547184539|6.253655|-0.076614454|7.4507556
1509547184674|6.244078|-0.047884032|7.4507556
1509547184805|6.244078|-0.08619126|7.441179
1509547184942|6.244078|-0.02873042|7.4603324
1509547185070|6.244078|-0.076614454|7.441179
1509547185208|6.244078|-0.047884032|7.4603324
1509547185332|6.244078|-0.076614454|7.4603324
1509547185463|6.244078|-0.047884032|7.441179
1509547185595|6.244078|-0.05746084|7.4507556
1509547185727|6.2345014|-0.038307227|7.4507556
1509547185859|6.253655|-0.05746084|7.431602
1509547185991|6.253655|-0.05746084|7.431602
1509547186123|6.253655|-0.06703765|7.4507556
1509547186260|6.253655|-0.047884032|7.4507556
1509547186387|6.244078|-0.047884032|7.441179
