1509547621113|-8.962189|0.10896278|3.9907618
1509547621245|-8.880466|-0.027240695|4.195067
1509547621377|-8.785125|-0.08172209|4.358511
1509547621510|-8.730643|-0.10896278|4.4810944
1509547621655|-8.689781|-0.12258312|4.5491962
1509547621774|-8.676161|-0.13620347|4.590057
1509547621905|-8.66254|-0.13620347|4.6036773
1509547622037|-8.66254|-0.13620347|4.6036773
1509547622173|-8.66254|-0.13620347|4.6036773
1509547622301|-8.66254|-0.13620347|4.6036773
1509547622434|-8.64892|-0.13620347|4.6445384
1509547622565|-8.64892|-0.13620347|4.6445384
1509547622698|-8.64892|-0.13620347|4.6445384
1509547622829|-8.64892|-0.13620347|4.6445384
1509547622963|-8.6353|-0.13620347|4.658159
1509547623094|-8.6353|-0.13620347|4.658159
1509547623225|-8.6353|-0.14982383|4.658159
1509547623358|-8.6353|-0.14982383|4.658159
1509547623489|-8.6353|-0.14982383|4.671779
1509547623622|-8.6353|-0.14982383|4.671779
1509547623754|-8.6353|-0.14982383|4.671779
1509547623886|-8.621679|-0.14982383|4.6853995
1509547624017|-8.621679|-0.14982383|4.6853995
1509547624149|-8.621679|-0.14982383|4.6853995
1509547624281|-8.621679|-0.14982383|4.6853995
1509547624414|-8.621679|-0.14982383|4.6853995
1509547624545|-8.621679|-0.14982383|4.6853995
1509547624678|-8.621679|-0.14982383|4.6853995
1509547624809|-8.621679|-0.14982383|4.6853995
1509547624941|-8.621679|-0.14982383|4.6853995
1509547625074|-8.621679|-0.14982383|4.6853995
1509547625206|-8.621679|-0.14982383|4.6853995
1509547625337|-8.621679|-0.14982383|4.6853995
1509547625470|-8.621679|-0.14982383|4.6853995
1509547625602|-8.621679|-0.14982383|4.6853995
1509547625734|-8.621679|-0.14982383|4.6853995
1509547625866|-8.621679|-0.14982383|4.6853995
1509547625997|-8.621679|-0.16344418|4.6853995
1509547626129|-8.621679|-0.14982383|4.6853995
1509547626261|-8.621679|-0.14982383|4.6853995
1509547626394|-8.621679|-0.13620347|4.6853995
1509547626526|-8.621679|-0.13620347|4.6853995
1509547626658|-8.621679|-0.13620347|4.6853995
1509547626790|-8.621679|-0.13620347|4.6853995
1509547626921|-8.621679|-0.13620347|4.6853995
1509547627054|-8.621679|-0.14982383|4.6853995
1509547627190|-8.621679|-0.14982383|4.6853995
1509547627318|-8.621679|-0.14982383|4.6853995
1509547627449|-8.621679|-0.14982383|4.6853995
1509547627582|-8.621679|-0.14982383|4.6853995
1509547627714|-8.621679|-0.14982383|4.6853995
1509547627846|-8.621679|-0.14982383|4.6853995
1509547627976|-8.621679|-0.17706451|4.6853995
1509547628109|-8.621679|-0.17706451|4.6853995
1509547628241|-8.621679|-0.17706451|4.6853995
1509547628374|-8.621679|-0.17706451|4.6853995
1509547628506|-8.621679|-0.17706451|4.6853995
1509547628637|-8.621679|-0.17706451|4.6853995
1509547628770|-8.621679|-0.17706451|4.6853995
1509547628901|-8.621679|-0.17706451|4.6853995
1509547629034|-8.621679|-0.17706451|4.6853995
1509547629166|-8.621679|-0.16344418|4.6853995
1509547629297|-8.621679|-0.16344418|4.6853995
1509547629428|-8.621679|-0.16344418|4.6853995
1509547629561|-8.621679|-0.16344418|4.6853995
1509547629692|-8.621679|-0.16344418|4.6853995
1509547629826|-8.621679|-0.16344418|4.6853995
1509547629958|-8.621679|-0.16344418|4.6853995
1509547630090|-8.621679|-0.16344418|4.6853995
1509547630221|-8.621679|-0.14982383|4.6853995
1509547630353|-8.621679|-0.14982383|4.6853995
1509547630486|-8.621679|-0.14982383|4.6853995
1509547630619|-8.621679|-0.14982383|4.6853995
1509547630749|-8.621679|-0.14982383|4.6853995
1509547630881|-8.621679|-0.14982383|4.6853995
1509547631016|-8.621679|-0.14982383|4.6853995
1509547631146|-8.621679|-0.14982383|4.6853995
1509547631282|-8.621679|-0.14982383|4.6853995
1509547631410|-8.621679|-0.14982383|4.6853995
1509547631541|-8.621679|-0.14982383|4.6853995
1509547631673|-8.621679|-0.14982383|4.6853995
1509547631809|-8.621679|-0.14982383|4.69902
1509547631939|-8.621679|-0.14982383|4.69902
1509547632069|-8.621679|-0.14982383|4.69902
1509547632201|-8.621679|-0.14982383|4.69902
1509547632334|-8.621679|-0.14982383|4.69902
1509547632466|-8.621679|-0.14982383|4.69902
1509547632597|-8.621679|-0.14982383|4.69902
1509547632729|-8.621679|-0.14982383|4.69902
1509547632861|-8.621679|-0.16344418|4.69902
1509547632994|-8.621679|-0.14982383|4.69902
1509547633125|-8.608059|-0.16344418|4.69902
1509547633258|-8.621679|-0.16344418|4.69902
1509547633390|-8.621679|-0.14982383|4.69902
1509547633521|-8.621679|-0.14982383|4.69902
1509547633654|-8.621679|-0.14982383|4.69902
1509547633786|-8.621679|-0.14982383|4.69902
1509547633918|-8.621679|-0.14982383|4.69902
1509547634049|-8.621679|-0.14982383|4.69902
1509547634181|-8.621679|-0.14982383|4.69902
1509547634316|-8.621679|-0.14982383|4.69902
1509547634446|-8.621679|-0.14982383|4.69902
1509547634577|-8.621679|-0.14982383|4.69902
1509547634709|-8.621679|-0.14982383|4.69902
1509547634841|-8.621679|-0.14982383|4.69902
1509547634974|-8.621679|-0.14982383|4.69902
1509547635105|-8.621679|-0.14982383|4.69902
1509547635238|-8.621679|-0.14982383|4.69902
1509547635370|-8.621679|-0.14982383|4.69902
1509547635501|-8.621679|-0.14982383|4.69902
1509547635634|-8.621679|-0.14982383|4.69902
1509547635766|-8.621679|-0.14982383|4.69902
1509547635897|-8.621679|-0.13620347|4.69902
1509547636029|-8.621679|-0.13620347|4.69902
1509547636161|-8.621679|-0.13620347|4.69902
1509547636295|-8.621679|-0.13620347|4.69902
1509547636426|-8.621679|-0.13620347|4.69902
1509547636558|-8.621679|-0.13620347|4.69902
1509547636689|-8.621679|-0.14982383|4.69902
1509547636820|-8.621679|-0.14982383|4.69902
1509547636958|-8.621679|-0.14982383|4.69902
1509547637085|-8.621679|-0.14982383|4.69902
1509547637217|-8.621679|-0.14982383|4.69902
1509547637350|-8.621679|-0.14982383|4.69902
1509547637481|-8.621679|-0.14982383|4.69902
1509547637618|-8.621679|-0.14982383|4.69902
1509547637745|-8.621679|-0.14982383|4.69902
1509547637877|-8.621679|-0.14982383|4.69902
1509547638010|-8.621679|-0.14982383|4.69902
1509547638142|-8.621679|-0.14982383|4.69902
1509547638275|-8.621679|-0.14982383|4.69902
1509547638405|-8.621679|-0.14982383|4.69902
1509547638538|-8.621679|-0.14982383|4.69902
1509547638670|-8.621679|-0.14982383|4.69902
1509547638802|-8.621679|-0.14982383|4.69902
1509547638933|-8.621679|-0.14982383|4.69902
1509547639066|-8.621679|-0.14982383|4.69902
1509547639200|-8.621679|-0.14982383|4.69902
1509547639330|-8.621679|-0.14982383|4.69902
1509547639462|-8.621679|-0.14982383|4.69902
1509547639593|-8.621679|-0.14982383|4.69902
1509547639726|-8.621679|-0.14982383|4.69902
1509547639856|-8.621679|-0.14982383|4.69902
1509547639990|-8.621679|-0.14982383|4.69902
1509547640122|-8.608059|-0.14982383|4.69902
1509547640254|-8.608059|-0.14982383|4.69902
1509547640386|-8.608059|-0.14982383|4.69902
1509547640517|-8.608059|-0.14982383|4.69902
1509547640650|-8.608059|-0.14982383|4.69902
1509547640780|-8.608059|-0.14982383|4.69902
1509547640914|-8.608059|-0.14982383|4.69902
1509547641046|-8.608059|-0.14982383|4.69902
1509547641177|-8.608059|-0.14982383|4.69902
1509547641310|-8.608059|-0.14982383|4.69902
1509547641442|-8.608059|-0.14982383|4.69902
1509547641574|-8.608059|-0.14982383|4.69902
1509547641706|-8.608059|-0.14982383|4.69902
1509547641838|-8.608059|-0.14982383|4.69902
1509547641974|-8.608059|-0.14982383|4.69902
1509547642101|-8.608059|-0.14982383|4.69902
1509547642234|-8.608059|-0.14982383|4.69902
1509547642366|-8.608059|-0.16344418|4.69902
1509547642497|-8.608059|-0.16344418|4.69902
1509547642629|-8.608059|-0.14982383|4.69902
1509547642761|-8.608059|-0.14982383|4.69902
1509547642892|-8.608059|-0.16344418|4.69902
1509547643026|-8.608059|-0.16344418|4.69902
1509547643158|-8.608059|-0.14982383|4.69902
1509547643290|-8.608059|-0.14982383|4.69902
1509547643421|-8.608059|-0.14982383|4.7126403
1509547643554|-8.608059|-0.14982383|4.7126403
1509547643684|-8.608059|-0.14982383|4.7126403
1509547643818|-8.608059|-0.14982383|4.7126403
1509547643949|-8.608059|-0.14982383|4.7126403
1509547644081|-8.608059|-0.16344418|4.7126403
1509547644214|-8.608059|-0.16344418|4.7126403
1509547644345|-8.608059|-0.16344418|4.7126403
1509547644479|-8.608059|-0.14982383|4.7126403
1509547644609|-8.608059|-0.14982383|4.7126403
1509547644742|-8.608059|-0.14982383|4.7126403
1509547644875|-8.608059|-0.14982383|4.7126403
1509547645006|-8.608059|-0.14982383|4.7126403
1509547645137|-8.608059|-0.14982383|4.7126403
1509547645270|-8.608059|-0.14982383|4.7126403
1509547645401|-8.608059|-0.14982383|4.7126403
1509547645534|-8.608059|-0.14982383|4.7126403
1509547645666|-8.608059|-0.14982383|4.7126403
1509547645797|-8.608059|-0.14982383|4.7126403
1509547645928|-8.608059|-0.14982383|4.7126403
1509547646061|-8.608059|-0.14982383|4.7126403
1509547646194|-8.608059|-0.14982383|4.7126403
1509547646326|-8.608059|-0.16344418|4.7126403
1509547646459|-8.608059|-0.16344418|4.7126403
1509547646590|-8.608059|-0.16344418|4.7126403
1509547646722|-8.608059|-0.16344418|4.7126403
1509547646854|-8.608059|-0.14982383|4.7126403
1509547646985|-8.608059|-0.14982383|4.7126403
1509547647117|-8.608059|-0.14982383|4.7126403
1509547647249|-8.608059|-0.14982383|4.7126403
1509547647381|-8.608059|-0.14982383|4.7126403
1509547647513|-8.608059|-0.14982383|4.7126403
1509547647646|-8.608059|-0.14982383|4.7126403
1509547647777|-8.608059|-0.14982383|4.7126403
1509547647909|-8.608059|-0.14982383|4.7126403
1509547648042|-8.608059|-0.14982383|4.7126403
1509547648174|-8.608059|-0.14982383|4.7126403
1509547648306|-8.608059|-0.14982383|4.7126403
1509547648438|-8.608059|-0.14982383|4.7126403
1509547648570|-8.608059|-0.14982383|4.7126403
1509547648702|-8.608059|-0.14982383|4.7126403
1509547648833|-8.608059|-0.14982383|4.7126403
1509547648966|-8.608059|-0.14982383|4.7126403
1509547649097|-8.608059|-0.14982383|4.7126403
1509547649229|-8.608059|-0.14982383|4.7126403
1509547649361|-8.608059|-0.14982383|4.7126403
1509547649495|-8.608059|-0.14982383|4.7126403
1509547649626|-8.608059|-0.14982383|4.7126403
1509547649757|-8.608059|-0.14982383|4.7126403
1509547649889|-8.608059|-0.14982383|4.7126403
1509547650021|-8.608059|-0.14982383|4.7126403
1509547650152|-8.608059|-0.14982383|4.7126403
1509547650286|-8.608059|-0.14982383|4.7126403
1509547650418|-8.608059|-0.14982383|4.7126403
1509547650549|-8.608059|-0.14982383|4.7126403
1509547650684|-8.608059|-0.14982383|4.7262607
1509547650813|-8.608059|-0.14982383|4.7262607
1509547650946|-8.608059|-0.14982383|4.7262607
1509547651077|-8.608059|-0.14982383|4.7262607
1509547651209|-8.608059|-0.14982383|4.7262607
1509547651341|-8.608059|-0.14982383|4.7262607
1509547651474|-8.608059|-0.14982383|4.7262607
1509547651606|-8.608059|-0.14982383|4.7262607
1509547651737|-8.608059|-0.14982383|4.7262607
1509547651869|-8.608059|-0.14982383|4.7262607
1509547652001|-8.608059|-0.14982383|4.7262607
1509547652134|-8.608059|-0.14982383|4.7262607
1509547652265|-8.608059|-0.14982383|4.7262607
1509547652397|-8.608059|-0.14982383|4.7262607
1509547652530|-8.608059|-0.14982383|4.7262607
1509547652662|-8.608059|-0.14982383|4.7262607
1509547652795|-8.608059|-0.14982383|4.7262607
1509547652925|-8.608059|-0.14982383|4.7262607
1509547653058|-8.608059|-0.14982383|4.7262607
1509547653190|-8.608059|-0.14982383|4.7262607
1509547653321|-8.608059|-0.14982383|4.7262607
1509547653454|-8.608059|-0.14982383|4.7262607
1509547653585|-8.608059|-0.14982383|4.7262607
1509547653718|-8.608059|-0.14982383|4.7262607
1509547653850|-8.608059|-0.14982383|4.7262607
1509547653981|-8.608059|-0.14982383|4.7262607
1509547654114|-8.608059|-0.14982383|4.7262607
1509547654246|-8.608059|-0.14982383|4.7262607
1509547654382|-8.608059|-0.14982383|4.7262607
1509547654509|-8.608059|-0.14982383|4.7262607
1509547654641|-8.608059|-0.14982383|4.7262607
1509547654774|-8.608059|-0.14982383|4.7262607
1509547654906|-8.608059|-0.14982383|4.7262607
1509547655038|-8.608059|-0.14982383|4.7262607
1509547655169|-8.608059|-0.14982383|4.7262607
1509547655301|-8.608059|-0.14982383|4.7262607
1509547655434|-8.608059|-0.14982383|4.7262607
1509547655566|-8.608059|-0.14982383|4.7262607
1509547655697|-8.608059|-0.14982383|4.7262607
1509547655829|-8.608059|-0.14982383|4.7262607
1509547655961|-8.608059|-0.14982383|4.7262607
1509547656094|-8.608059|-0.14982383|4.7262607
1509547656225|-8.608059|-0.14982383|4.7262607
1509547656360|-8.608059|-0.14982383|4.7262607
1509547656490|-8.608059|-0.14982383|4.7262607
1509547656622|-8.594439|-0.14982383|4.7262607
1509547656754|-8.594439|-0.14982383|4.7262607
1509547656886|-8.594439|-0.14982383|4.7262607
1509547657017|-8.608059|-0.16344418|4.7262607
1509547657149|-8.608059|-0.14982383|4.7262607
1509547657282|-8.608059|-0.16344418|4.7262607
1509547657414|-8.608059|-0.14982383|4.7262607
1509547657545|-8.608059|-0.16344418|4.7262607
1509547657678|-8.608059|-0.16344418|4.7262607
1509547657809|-8.608059|-0.16344418|4.7262607
1509547657941|-8.608059|-0.16344418|4.7262607
1509547658072|-8.608059|-0.16344418|4.7262607
1509547658204|-8.608059|-0.14982383|4.7262607
1509547658336|-8.608059|-0.14982383|4.7262607
1509547658469|-8.608059|-0.14982383|4.7262607
1509547658601|-8.608059|-0.14982383|4.7262607
1509547658734|-8.608059|-0.14982383|4.7262607
1509547658864|-8.608059|-0.14982383|4.7262607
1509547658997|-8.608059|-0.14982383|4.7262607
1509547659129|-8.608059|-0.14982383|4.7262607
1509547659261|-8.608059|-0.14982383|4.7262607
1509547659393|-8.608059|-0.14982383|4.7262607
1509547659525|-8.608059|-0.14982383|4.7262607
1509547659658|-8.608059|-0.14982383|4.7262607
1509547659789|-8.608059|-0.16344418|4.7262607
1509547659921|-8.608059|-0.16344418|4.7262607
1509547660054|-8.608059|-0.16344418|4.7262607
1509547660186|-8.608059|-0.16344418|4.7262607
1509547660318|-8.608059|-0.16344418|4.7262607
1509547660450|-8.608059|-0.16344418|4.7262607
1509547660584|-8.594439|-0.14982383|4.7262607
1509547660714|-8.594439|-0.14982383|4.7262607
1509547660845|-8.594439|-0.14982383|4.7262607
1509547660977|-8.594439|-0.14982383|4.7262607
1509547661110|-8.594439|-0.14982383|4.7262607
1509547661242|-8.594439|-0.14982383|4.739881
1509547661374|-8.594439|-0.14982383|4.739881
1509547661506|-8.594439|-0.14982383|4.739881
1509547661638|-8.594439|-0.14982383|4.739881
1509547661769|-8.594439|-0.14982383|4.739881
1509547661901|-8.594439|-0.14982383|4.739881
1509547662034|-8.594439|-0.14982383|4.739881
1509547662165|-8.594439|-0.14982383|4.739881
1509547662296|-8.594439|-0.14982383|4.7262607
1509547662429|-8.594439|-0.14982383|4.7262607
1509547662561|-8.594439|-0.14982383|4.7262607
1509547662696|-8.594439|-0.14982383|4.7262607
1509547662825|-8.594439|-0.14982383|4.7262607
1509547662957|-8.594439|-0.14982383|4.7262607
1509547663088|-8.594439|-0.14982383|4.7262607
1509547663222|-8.594439|-0.14982383|4.7262607
1509547663354|-8.594439|-0.14982383|4.7262607
1509547663493|-8.594439|-0.14982383|4.7262607
1509547663617|-8.594439|-0.14982383|4.7262607
1509547663749|-8.594439|-0.14982383|4.7262607
1509547663881|-8.594439|-0.14982383|4.7262607
1509547664014|-8.608059|-0.16344418|4.7262607
1509547664146|-8.594439|-0.16344418|4.7262607
1509547664277|-8.594439|-0.16344418|4.7262607
1509547664409|-8.608059|-0.16344418|4.7262607
1509547664542|-8.608059|-0.16344418|4.7262607
1509547664674|-8.608059|-0.16344418|4.7126403
1509547664806|-8.608059|-0.14982383|4.7126403
1509547664938|-8.608059|-0.14982383|4.7126403
1509547665069|-8.608059|-0.14982383|4.7126403
1509547665201|-8.608059|-0.14982383|4.7126403
1509547665334|-8.608059|-0.14982383|4.7126403
1509547665465|-8.608059|-0.14982383|4.7126403
1509547665598|-8.608059|-0.14982383|4.7126403
1509547665729|-8.608059|-0.14982383|4.7126403
1509547665861|-8.608059|-0.14982383|4.7126403
1509547665993|-8.608059|-0.14982383|4.7126403
1509547666125|-8.608059|-0.14982383|4.7126403
1509547666257|-8.608059|-0.16344418|4.7126403
1509547666390|-8.608059|-0.16344418|4.7126403
1509547666521|-8.608059|-0.16344418|4.7126403
1509547666653|-8.608059|-0.16344418|4.7126403
1509547666786|-8.608059|-0.14982383|4.7126403
1509547666918|-8.608059|-0.16344418|4.7262607
1509547667049|-8.608059|-0.16344418|4.7262607
1509547667184|-8.608059|-0.16344418|4.7262607
1509547667314|-8.608059|-0.16344418|4.7262607
1509547667446|-8.608059|-0.16344418|4.7262607
1509547667578|-8.608059|-0.14982383|4.7262607
1509547667709|-8.608059|-0.14982383|4.7262607
1509547667842|-8.608059|-0.14982383|4.7262607
1509547667974|-8.608059|-0.14982383|4.7262607
1509547668106|-8.608059|-0.14982383|4.7262607
1509547668237|-8.608059|-0.14982383|4.7262607
1509547668370|-8.608059|-0.14982383|4.7262607
1509547668509|-8.608059|-0.14982383|4.7262607
1509547668634|-8.608059|-0.14982383|4.7262607
1509547668767|-8.608059|-0.14982383|4.7262607
1509547668898|-8.608059|-0.14982383|4.7262607
1509547669029|-8.608059|-0.14982383|4.7262607
1509547669160|-8.608059|-0.14982383|4.7262607
1509547669294|-8.608059|-0.14982383|4.7262607
1509547669425|-8.608059|-0.14982383|4.7262607
1509547669558|-8.608059|-0.14982383|4.7262607
1509547669690|-8.608059|-0.14982383|4.7262607
1509547669821|-8.608059|-0.14982383|4.7262607
1509547669954|-8.608059|-0.14982383|4.7262607
1509547670086|-8.608059|-0.14982383|4.7262607
1509547670217|-8.608059|-0.14982383|4.7262607
1509547670349|-8.608059|-0.14982383|4.7262607
1509547670482|-8.608059|-0.14982383|4.7262607
1509547670614|-8.594439|-0.14982383|4.7262607
1509547670745|-8.594439|-0.14982383|4.7262607
1509547670877|-8.594439|-0.14982383|4.7262607
1509547671009|-8.594439|-0.14982383|4.7262607
1509547671142|-8.594439|-0.14982383|4.7262607
1509547671274|-8.594439|-0.14982383|4.7262607
1509547671406|-8.594439|-0.14982383|4.7262607
1509547671537|-8.594439|-0.14982383|4.7262607
1509547671669|-8.608059|-0.16344418|4.7262607
1509547671801|-8.608059|-0.16344418|4.7262607
