1509412145857|7.888794|37.3291|-38.835144
1509412145938|6.7199707|35.57434|-40.309143
1509412146057|4.9179077|41.20331|-40.21454
1509412146165|2.7496338|39.266968|-40.916443
1509412146318|0.48217773|38.24768|-45.324707
1509412146437|1.3015747|41.078186|-43.76526
1509412146594|0.0869751|38.73291|-44.87152
1509412146703|2.041626|35.925293|-45.788574
1509412146857|8.088684|40.968323|-43.49823
1509412146972|5.682373|38.331604|-45.196533
1509412147126|3.439331|34.265137|-46.14258
1509412147241|-0.8041382|36.375427|-44.644165
1509412147395|-2.1606445|35.401917|-46.15631
1509412147510|-3.868103|34.580994|-47.691345
1509412147664|-4.399109|33.839417|-46.595764
1509412147779|-3.9031982|36.25183|-46.6568
1509412147865|-4.672241|35.798645|-46.640015
1509412147978|-3.8452148|34.236145|-45.170593
1509412148125|-6.2698364|33.415222|-48.190308
1509412148241|-6.277466|32.556152|-48.947144
1509412148395|-6.8359375|30.628967|-50.3891
1509412148513|-6.655884|30.06134|-48.88916
1509412148664|-8.178711|29.685974|-48.760986
1509412148779|-7.318115|30.267334|-48.161316
1509412148935|-6.2835693|31.93512|-49.19281
1509412149049|-5.8685303|29.841614|-46.661377
1509412149132|-4.2526245|30.08728|-46.4859
1509412149245|-7.08313|30.247498|-45.950317
1509412149395|-7.546997|27.766418|-47.01233
1509412149510|-10.224915|26.707458|-46.53778
1509412149664|-8.860779|25.92926|-45.295715
1509412149780|-9.429932|26.490784|-44.09485
1509412149933|-8.465576|29.348755|-43.46466
1509412150049|-7.3150635|29.641724|-44.21997
1509412150203|-6.225586|27.06604|-44.648743
1509412150317|-5.192566|28.431702|-45.34912
1509412150436|-3.7628174|28.729248|-41.836548
1509412150586|-3.427124|32.164|-41.804504
1509412150702|-5.0491333|30.651855|-43.16101
1509412150856|-2.9586792|32.369995|-43.515015
1509412150974|-4.2144775|30.279541|-44.5343
1509412151124|-4.022217|30.33905|-44.65027
1509412151240|-3.6956787|30.513|-45.329285
1509412151396|-3.4835815|31.671143|-44.99817
1509412151514|-2.6016235|31.38733|-44.987488
1509412151663|-3.8848877|31.182861|-45.759583
1509412151778|-3.8879395|29.881287|-46.559143
1509412151933|-3.010559|30.741882|-45.34912
1509412152051|-4.7836304|28.930664|-44.691467
1509412152201|-4.66156|30.32074|-47.38617
1509412152316|-5.3863525|30.589294|-46.636963
1509412152432|-5.57251|28.921509|-48.1781
1509412152586|-7.0999146|28.26538|-46.11969
1509412152701|-7.1029663|30.078125|-46.369934
1509412152856|-7.6919556|30.674744|-44.42444
1509412152970|-6.477356|34.165955|-44.60907
1509412153124|-6.059265|31.929016|-43.910217
1509412153207|-5.995178|32.147217|-43.678284
1509412153317|-6.1584473|32.481384|-44.332886
1509412153432|-6.063843|32.278442|-42.96875
1509412153587|-5.873108|29.992676|-44.670105
1509412153701|-6.352234|29.089355|-45.529175
1509412153782|-5.015564|30.731201|-45.05768
1509412153932|-5.418396|29.650879|-45.15686
1509412154050|-5.606079|29.368591|-44.239807
1509412154201|-5.7998657|26.519775|-45.2713
1509412154316|-6.2545776|27.804565|-43.603516
1509412154432|-8.3480835|26.229858|-46.435547
1509412154518|-6.428528|29.856873|-42.81311
1509412154663|-6.114197|29.76532|-43.458557
1509412154778|-7.2875977|30.586243|-42.877197
1509412154941|-7.2052|30.006409|-43.68286
1509412155047|-7.550049|29.612732|-43.852234
1509412155201|-6.7489624|32.30896|-44.46106
1509412155319|-6.6741943|30.186462|-44.0094
1509412155475|-6.4178467|31.526184|-44.026184
1509412155585|-6.489563|29.301453|-44.615173
1509412155701|-4.91333|29.948425|-44.22455
