1509091919803|-0.13989258|-0.057235718|0.083343506
1509091919930|0.0063934326|-0.010726929|-0.024597168
1509091920043|-0.0053253174|-0.03414917|0.03363037
1509091920163|-7.019043E-4|2.89917E-4|0.005218506
1509091920357|3.5095215E-4|0.09580994|-0.09172058
1509091920477|0.04901123|0.0024108887|-0.15705872
1509091920591|-0.007095337|-0.053329468|0.046051025
1509091920711|0.2393341|-0.16944885|-0.14888
1509091920831|-0.5191345|0.2421112|0.060272217
1509091920951|0.2116394|0.027633667|-0.0700531
1509091921077|0.5198517|-0.12683105|-0.005065918
1509091921192|-0.47296143|-0.05404663|0.030075073
1509091921309|-0.0024719238|0.19274902|-0.086746216
1509091921431|0.21873474|-0.014266968|0.018722534
1509091921548|0.09977722|-0.056518555|0.026519775
1509091921670|-0.20985413|-0.16482544|0.0066375732
1509091921792|-0.23861694|0.1639862|0.013748169
1509091921909|0.1285553|0.18138123|0.0982666
1509091922031|0.23791504|-0.16056824|0.08227539
1509091922156|-0.17541504|0.10964966|-0.07218933
1509091922271|0.10758972|-0.20851135|0.17175293
1509091922390|-0.013137817|-0.31077576|0.18737793
1509091922513|-0.0024719238|-0.13642883|0.43771362
1509091922634|0.05647278|0.28648376|-0.18936157
1509091922755|-0.042251587|0.046447754|-0.10946655
1509091922871|0.17436218|0.16326904|-0.3683319
1509091922989|0.053985596|0.2808075|-0.18013
1509091923111|0.047592163|-0.008224487|0.029006958
1509091923235|-0.5315552|-0.19252014|0.37806702
1509091923349|-0.19529724|0.22257996|-0.27778625
1509091923481|0.87991333|-0.2752533|0.08404541
1509091923597|-0.25494385|-0.10055542|0.014450073
1509091923710|-0.6569061|0.41218567|-0.06401062
1509091923837|0.777298|-0.0021972656|-0.0579834
1509091923951|0.45593262|-0.24649048|0.051742554
1509091924076|-0.8213043|0.20162964|0.0155181885
1509091924190|0.07777405|0.18493652|0.061676025
1509091924318|0.5798645|-0.09239197|0.019424438
1509091924433|-0.2599182|-0.18293762|-0.13041687
1509091924551|-0.43888855|0.26234436|0.08618164
1509091924671|0.36930847|0.07839966|0.05279541
1509091924792|0.28656006|-0.19465637|-0.0743103
1509091924919|-0.26063538|0.08444214|0.0116119385
1509091925034|0.09693909|0.010940552|0.03327942
1509091925153|0.39735413|-0.14920044|-0.010040283
1509091925271|-0.10510254|-0.0068206787|-0.005783081
1509091925394|0.021316528|-0.043029785|-0.06614685
1509091925515|-0.02520752|-0.076049805|0.03186035
1509091925645|-0.00390625|0.0059661865|0.020492554
1509091925752|0.062149048|-0.09416199|-4.5776367E-4
1509091925873|-0.17185974|0.16291809|-0.0036468506
1509091925991|-0.03479004|0.05886841|-0.0693512
1509091926117|0.026290894|0.007751465|0.015167236
1509091926232|0.19317627|-0.17584229|0.13270569
1509091926359|0.18855286|0.012710571|-0.09490967
1509091926473|-0.2737732|0.20516968|-0.108047485
1509091926592|0.15447998|-0.1619873|0.08192444
1509091926711|0.23187256|-0.058303833|-0.0022277832
1509091926833|-0.34371948|0.17073059|-0.10662842
1509091926952|0.19885254|-0.2582245|0.08262634
1509091927072|0.19352722|-0.076049805|0.14868164
1509091927190|-0.7130127|0.18884277|0.08155823
1509091927310|0.7662811|-0.14387512|0.013748169
1509091927440|-0.33839417|-0.099853516|-0.1446228
1509091927552|-0.9434662|0.71969604|-0.009689331
1509091927672|0.8834686|-0.0874176|0.21827698
1509091927791|-0.2858429|-0.23513794|-0.24440002
1509091927911|-0.64945984|0.47503662|-0.0022277832
1509091928031|0.56388855|-0.08244324|0.09931946
1509091928159|0.13209534|-0.365448|-0.026382446
1509091928273|-0.54859924|0.14694214|-0.044128418
1509091928391|-0.17044067|0.26483154|0.14015198
1509091928521|0.33129883|-0.109436035|0.10784912
1509091928636|0.36538696|-0.50180054|0.09329224
1509091928751|0.22833252|-0.9897003|-0.36940002
1509091928872|0.25105286|0.05958557|-0.24725342
1509091928993|0.022018433|0.14126587|-0.041290283
1509091929111|-0.07562256|0.06704712|0.008071899
1509091929235|0.04119873|0.16540527|-0.020339966
1509091929361|-0.076690674|0.047164917|0.05848694
1509091929476|-0.27696228|0.117111206|-0.04449463
1509091929595|-0.12321472|0.11462402|0.05102539
1509091929721|0.1768341|0.07307434|0.10926819
1509091929834|-0.09017944|0.036865234|0.043930054
1509091929957|-0.2077179|0.09011841|0.053863525
1509091930079|-0.041900635|-0.21774292|0.5044861
1509091930193|-0.069229126|-0.121154785|0.08050537
1509091930326|-0.03337097|0.08053589|-0.12225342
1509091930439|-0.0014190674|0.03189087|-0.015731812
1509091930553|-0.05645752|0.030471802|-0.036315918
1509091930672|-0.003540039|0.021957397|-0.024963379
1509091930793|-0.023071289|0.011642456|0.019073486
1509091930916|-0.006378174|-0.010726929|0.002746582
1509091931036|-0.10687256|-0.12541199|0.016586304
1509091931157|-0.16830444|-0.051193237|0.2399292
1509091931282|0.13423157|-0.19288635|-0.08425903
1509091931398|-0.061782837|-0.09913635|-0.008987427
1509091931517|-0.14486694|-0.122924805|-0.011108398
1509091931634|-0.17825317|-0.06788635|-0.060821533
1509091931754|0.14772034|0.010940552|-0.07965088
1509091931877|0.21128845|-0.099853516|0.07518005
1509091931992|-0.30181885|0.04751587|-0.036331177
1509091932114|-0.18357849|0.093322754|-0.0388031
1509091932237|0.3139038|-0.117248535|0.10571289
1509091932353|-0.035507202|0.15652466|-0.061172485
1509091932479|0.108306885|0.007385254|0.030075073
1509091932595|0.3295288|-0.12364197|0.10322571
1509091932713|-0.26843262|0.07485962|-0.08958435
1509091932833|-0.22901917|-0.0032653809|-0.04307556
1509091932955|0.14204407|-0.12576294|0.026519775
1509091933077|-0.035858154|0.22293091|-0.09881592
1509091933196|0.171875|-0.06504822|0.08439636
1509091933322|0.32669067|-0.11155701|0.077301025
1509091933434|-0.23577881|0.03793335|-0.03277588
1509091933552|0.13883972|0.11994934|0.0116119385
1509091933674|0.18962097|-0.1506195|0.04499817
1509091933796|-0.045806885|0.13487244|-0.039520264
1509091933914|-0.1643982|0.07165527|-0.021759033
1509091934034|-0.12498474|-0.014633179|-0.019638062
1509091934156|0.16867065|0.06278992|0.021194458
1509091934274|0.0049743652|-0.11227417|0.055999756
1509091934395|-0.19741821|0.1437378|-0.049819946
1509091934513|-0.24110413|0.041122437|-0.021408081
1509091934636|-0.14309692|-0.556839|0.08866882
1509091934754|-0.09587097|-0.7418518|-1.2727356
1509091934881|-0.35827637|-0.17619324|0.44340515
