1509503996701|-43.98|-40.44|-57.719997
1509503996833|-43.5|-40.559998|-57.66
1509503996964|-43.559998|-41.28|-57.36
1509503997097|-43.26|-41.579998|-57.18
1509503997228|-42.84|-41.52|-57.36
1509503997369|-43.2|-41.82|-57.12
1509503997492|-43.26|-41.82|-57.12
1509503997625|-43.559998|-41.82|-57.12
1509503997756|-43.379997|-41.64|-56.82
1509503997888|-43.559998|-41.579998|-56.82
1509503998020|-43.379997|-41.28|-56.82
1509503998152|-43.26|-40.86|-56.76
1509503998284|-43.739998|-40.86|-57.059998
1509503998416|-43.62|-40.86|-57.42
1509503998548|-43.62|-41.04|-57.42
1509503998680|-43.86|-41.399998|-57.42
1509503998813|-43.86|-41.46|-57.48
1509503998944|-43.86|-41.16|-57.42
1509503999076|-43.739998|-40.86|-57.239998
1509503999208|-43.379997|-40.68|-57.66
1509503999340|-43.559998|-40.8|-57.48
1509503999473|-43.68|-41.64|-57.36
1509503999604|-44.219997|-41.76|-57.539997
1509503999736|-44.399998|-41.94|-57.3
1509503999868|-43.98|-41.52|-57.66
1509504000000|-43.739998|-40.739998|-57.48
1509504000132|-43.32|-40.739998|-57.18
1509504000264|-43.32|-40.62|-57.0
1509504000396|-43.62|-40.62|-56.76
1509504000528|-43.62|-41.04|-56.64
1509504000660|-43.86|-41.16|-56.76
1509504000792|-43.62|-41.28|-57.42
1509504000925|-43.079998|-41.46|-57.42
1509504001057|-42.96|-41.34|-57.899998
1509504001188|-42.78|-41.16|-58.199997
1509504001321|-43.02|-41.04|-57.42
1509504001452|-43.26|-41.04|-57.42
1509504001584|-43.62|-41.16|-57.42
1509504001716|-43.559998|-41.16|-57.42
1509504001848|-43.44|-40.98|-57.42
1509504001980|-43.559998|-40.98|-57.239998
1509504002112|-43.62|-41.1|-56.94
1509504002244|-43.8|-41.34|-57.059998
1509504002379|-43.86|-41.7|-57.36
1509504002508|-43.739998|-41.879997|-57.36
1509504002641|-43.14|-41.399998|-57.36
1509504002772|-42.54|-40.98|-57.239998
1509504002904|-42.6|-40.68|-57.12
1509504003036|-42.239998|-40.68|-57.239998
1509504003168|-42.96|-41.04|-57.6
1509504003300|-43.559998|-41.7|-57.96
1509504003432|-43.26|-42.0|-58.379997
1509504003564|-43.68|-41.94|-58.5
1509504003696|-43.2|-41.76|-58.379997
1509504003828|-42.96|-41.46|-57.78
1509504003960|-42.66|-41.46|-57.239998
1509504004093|-42.84|-41.46|-57.18
1509504004224|-43.079998|-41.64|-56.94
1509504004356|-43.44|-41.46|-56.94
1509504004488|-43.62|-41.46|-57.12
1509504004620|-43.559998|-41.219997|-57.12
1509504004752|-43.62|-41.16|-57.6
1509504004885|-43.559998|-41.219997|-57.6
1509504005016|-43.559998|-41.1|-57.96
1509504005148|-43.379997|-41.399998|-57.719997
1509504005280|-43.44|-41.46|-57.66
1509504005414|-43.62|-41.7|-57.48
1509504005544|-43.8|-41.76|-57.239998
1509504005676|-43.62|-41.879997|-57.12
1509504005808|-43.02|-42.12|-56.82
1509504005940|-42.6|-41.94|-57.18
1509504006072|-42.059998|-41.879997|-57.18
1509504006204|-42.48|-41.76|-57.42
1509504006336|-42.96|-41.76|-57.6
1509504006468|-43.02|-41.46|-57.36
1509504006600|-43.379997|-41.579998|-57.18
1509504006732|-42.96|-41.219997|-57.239998
1509504006864|-42.78|-40.68|-57.239998
1509504006996|-42.54|-40.86|-57.239998
1509504007128|-43.02|-40.559998|-57.48
1509504007260|-43.739998|-40.68|-57.36
1509504007392|-43.92|-41.1|-57.18
1509504007524|-44.34|-41.34|-56.879997
1509504007656|-43.8|-41.76|-56.64
1509504007788|-43.2|-42.239998|-56.399998
1509504007920|-43.2|-42.12|-56.699997
1509504008052|-43.02|-41.82|-57.42
1509504008184|-42.84|-41.7|-57.239998
1509504008316|-42.96|-41.46|-57.18
1509504008448|-43.02|-41.46|-57.42
1509504008580|-42.78|-41.64|-57.18
1509504008712|-43.02|-41.52|-57.36
1509504008844|-43.44|-41.52|-57.66
1509504008976|-42.96|-41.64|-57.48
1509504009108|-42.96|-41.46|-57.66
1509504009240|-42.96|-41.52|-57.66
1509504009373|-42.6|-41.34|-57.84
1509504009505|-43.02|-41.399998|-57.6
1509504009636|-43.26|-41.579998|-57.12
1509504009768|-43.44|-41.46|-57.239998
1509504009900|-43.379997|-41.64|-57.12
1509504010032|-43.26|-41.399998|-57.18
1509504010164|-43.44|-41.34|-57.96
1509504010296|-43.44|-41.34|-58.14
1509504010428|-43.559998|-41.28|-58.199997
1509504010560|-43.739998|-41.52|-57.96
1509504010692|-43.739998|-41.399998|-57.18
1509504010824|-43.739998|-41.1|-56.879997
1509504010956|-43.62|-40.98|-57.0
1509504011088|-43.14|-40.98|-57.3
1509504011220|-43.14|-41.1|-57.899998
1509504011352|-42.84|-41.28|-57.96
1509504011484|-42.84|-41.16|-57.539997
1509504011616|-42.84|-41.28|-57.48
1509504011748|-42.54|-41.34|-57.12
1509504011880|-42.48|-41.7|-57.18
1509504012012|-42.6|-42.059998|-57.48
1509504012144|-42.78|-41.82|-57.539997
1509504012276|-42.84|-41.82|-57.96
1509504012408|-42.96|-41.579998|-57.78
1509504012541|-42.66|-41.46|-57.66
1509504012672|-42.84|-41.399998|-57.48
1509504012804|-42.84|-41.399998|-57.12
1509504012936|-43.02|-41.46|-57.12
1509504013068|-43.379997|-41.64|-57.239998
1509504013201|-43.739998|-41.76|-57.239998
1509504013332|-43.86|-41.76|-57.239998
1509504013464|-43.86|-41.76|-57.239998
1509504013596|-43.739998|-41.7|-57.66
1509504013728|-43.379997|-41.46|-57.899998
1509504013860|-43.62|-41.28|-57.899998
1509504013997|-43.8|-41.1|-58.14
1509504014124|-44.219997|-40.98|-57.899998
1509504014256|-44.04|-40.8|-57.66
1509504014388|-44.04|-40.98|-57.899998
1509504014520|-43.62|-41.28|-57.899998
1509504014652|-43.02|-41.28|-57.42
1509504014784|-43.559998|-41.7|-57.42
1509504014916|-43.379997|-41.879997|-57.059998
1509504015048|-43.62|-41.64|-57.059998
1509504015180|-44.04|-41.879997|-57.059998
1509504015312|-43.98|-41.64|-57.3
1509504015444|-43.98|-41.46|-57.6
1509504015576|-43.8|-41.46|-57.18
1509504015708|-43.8|-41.46|-57.48
1509504015840|-43.62|-41.7|-57.6
1509504015973|-43.559998|-41.7|-57.239998
1509504016104|-43.44|-41.76|-57.96
1509504016236|-43.2|-41.64|-58.62
1509504016369|-42.78|-41.46|-58.26
1509504016500|-43.02|-41.46|-58.44
1509504016632|-42.84|-41.52|-57.899998
1509504016764|-42.96|-41.399998|-57.12
1509504016896|-43.14|-41.579998|-57.12
1509504017029|-42.66|-41.579998|-57.12
1509504017160|-42.96|-41.46|-57.239998
1509504017293|-43.14|-41.64|-57.42
1509504017424|-43.44|-41.34|-57.539997
1509504017556|-43.559998|-41.46|-57.66
1509504017688|-43.98|-41.28|-57.719997
1509504017820|-43.739998|-41.399998|-57.6
1509504017952|-43.2|-41.579998|-57.239998
1509504018084|-43.14|-41.7|-57.48
1509504018216|-43.02|-41.879997|-57.239998
1509504018348|-43.02|-41.879997|-57.239998
1509504018480|-43.26|-41.94|-57.6
1509504018612|-43.44|-41.7|-57.42
1509504018744|-42.84|-41.52|-57.66
1509504018876|-42.66|-41.52|-57.78
1509504019008|-42.78|-41.94|-57.48
1509504019140|-42.42|-41.94|-57.36
1509504019272|-42.66|-42.12|-57.36
1509504019404|-43.079998|-42.12|-57.18
1509504019536|-43.02|-41.46|-57.36
1509504019668|-43.02|-41.52|-57.48
1509504019800|-42.96|-41.579998|-57.12
1509504019934|-43.2|-41.46|-57.239998
1509504020064|-42.96|-41.82|-57.12
1509504020196|-43.26|-41.879997|-56.82
1509504020328|-43.559998|-41.94|-56.94
1509504020460|-43.44|-41.64|-57.12
1509504020592|-43.44|-41.28|-57.42
1509504020724|-43.32|-41.16|-57.539997
1509504020856|-43.14|-40.8|-57.539997
1509504020988|-42.84|-41.399998|-57.12
1509504021119|-43.379997|-41.46|-57.239998
1509504021252|-43.559998|-41.46|-56.94
1509504021384|-43.44|-41.399998|-57.18
1509504021516|-43.739998|-41.219997|-57.18
1509504021650|-43.62|-41.16|-56.879997
1509504021780|-43.32|-40.86|-57.18
1509504021912|-43.5|-40.86|-57.12
1509504022044|-43.379997|-40.86|-57.36
1509504022176|-43.379997|-40.98|-57.36
1509504022308|-43.559998|-41.28|-57.36
1509504022440|-43.379997|-41.28|-57.42
1509504022572|-43.02|-40.92|-57.66
1509504022704|-42.899998|-40.739998|-58.02
1509504022836|-42.899998|-40.739998|-58.02
1509504022968|-43.14|-40.86|-57.78
1509504023100|-43.8|-41.04|-57.899998
1509504023232|-43.559998|-41.64|-57.239998
1509504023364|-43.8|-41.7|-57.239998
1509504023496|-43.559998|-41.76|-57.239998
1509504023627|-43.079998|-42.059998|-56.879997
1509504023760|-43.14|-41.64|-57.239998
1509504023892|-43.14|-41.64|-57.48
1509504024024|-43.379997|-41.52|-57.66
1509504024156|-43.14|-41.28|-57.48
1509504024288|-43.62|-41.1|-57.96
1509504024420|-43.559998|-41.1|-57.719997
1509504024552|-43.32|-41.399998|-57.239998
1509504024684|-43.14|-41.219997|-57.6
1509504024816|-42.96|-41.64|-57.12
1509504024948|-43.2|-41.579998|-57.12
1509504025080|-43.26|-41.52|-57.42
1509504025213|-43.62|-41.76|-57.3
1509504025344|-43.559998|-41.1|-57.239998
1509504025476|-42.84|-41.16|-57.239998
1509504025614|-43.02|-41.16|-57.12
1509504025740|-43.02|-41.34|-57.12
1509504025872|-42.96|-41.82|-56.94
1509504026004|-43.26|-41.7|-56.94
1509504026136|-43.379997|-41.64|-57.48
1509504026268|-43.02|-41.219997|-57.719997
1509504026400|-43.26|-41.219997|-57.96
1509504026532|-43.62|-41.28|-58.14
1509504026664|-43.32|-41.28|-57.719997
1509504026797|-43.44|-41.46|-57.36
1509504026928|-43.26|-41.46|-56.94
1509504027060|-42.96|-41.219997|-56.94
1509504027192|-42.96|-41.1|-57.18
1509504027324|-42.78|-40.739998|-57.48
1509504027457|-43.02|-40.8|-57.66
1509504027588|-42.96|-40.98|-57.719997
1509504027720|-43.379997|-40.98|-57.48
1509504027852|-43.559998|-41.46|-57.48
1509504027984|-43.44|-41.399998|-57.48
1509504028116|-43.44|-41.399998|-57.42
1509504028248|-43.2|-41.52|-57.78
1509504028380|-43.2|-41.52|-57.78
1509504028512|-43.2|-41.579998|-57.78
1509504028644|-43.2|-41.28|-57.78
1509504028776|-43.02|-40.98|-57.42
1509504028908|-43.02|-40.8|-57.78
1509504029041|-42.96|-40.739998|-57.78
1509504029172|-43.2|-40.86|-57.66
1509504029304|-43.2|-41.219997|-57.78
1509504029436|-43.44|-41.399998|-57.239998
1509504029568|-43.379997|-41.399998|-57.239998
1509504029700|-43.26|-41.76|-57.239998
1509504029832|-43.8|-41.76|-57.239998
1509504029964|-43.8|-41.76|-57.48
1509504030096|-43.8|-41.76|-57.66
1509504030228|-43.62|-41.76|-57.66
1509504030360|-43.02|-41.579998|-57.719997
1509504030492|-42.78|-41.46|-57.66
1509504030625|-42.66|-41.28|-57.78
1509504030756|-42.719997|-40.5|-58.02
1509504030888|-42.78|-40.98|-57.96
1509504031020|-43.02|-41.1|-57.96
1509504031152|-43.02|-41.16|-57.66
1509504031284|-43.02|-41.76|-57.719997
1509504031416|-43.32|-41.1|-57.96
1509504031548|-43.2|-40.8|-58.14
1509504031683|-43.32|-40.8|-58.14
1509504031812|-43.559998|-40.8|-57.78
1509504031944|-43.379997|-41.16|-57.42
1509504032076|-43.2|-41.34|-57.12
1509504032208|-42.96|-41.46|-57.239998
1509504032340|-42.78|-41.1|-57.059998
1509504032472|-43.14|-40.92|-57.239998
1509504032604|-43.2|-41.04|-57.48
1509504032739|-43.62|-41.399998|-57.18
1509504032868|-43.559998|-41.399998|-57.48
1509504033000|-43.14|-41.399998|-57.6
1509504033132|-43.559998|-41.219997|-57.42
1509504033264|-43.8|-40.92|-57.719997
1509504033396|-43.86|-41.219997|-57.6
1509504033528|-43.86|-41.64|-57.36
1509504033660|-43.44|-41.7|-57.42
1509504033793|-42.96|-41.7|-57.48
1509504033924|-42.96|-42.18|-57.36
1509504034056|-43.379997|-41.94|-57.36
1509504034188|-43.559998|-42.0|-57.36
1509504034320|-43.559998|-42.0|-57.12
1509504034452|-43.739998|-41.219997|-57.42
1509504034584|-43.379997|-41.16|-57.96
1509504034716|-43.62|-41.04|-57.78
1509504034848|-43.62|-41.28|-58.199997
1509504034980|-43.86|-41.64|-57.899998
1509504035112|-43.62|-41.7|-57.48
1509504035244|-43.379997|-41.82|-57.66
1509504035376|-43.559998|-41.46|-57.12
1509504035508|-43.32|-41.219997|-57.42
1509504035640|-43.44|-41.16|-57.239998
1509504035772|-43.379997|-41.399998|-56.94
1509504035904|-43.44|-41.64|-57.12
1509504036036|-43.86|-41.52|-56.82
1509504036168|-44.04|-41.399998|-57.12
1509504036300|-44.04|-41.1|-57.66
1509504036432|-43.8|-41.1|-57.66
1509504036564|-43.14|-41.28|-57.899998
1509504036696|-42.96|-41.1|-57.96
1509504036828|-43.02|-40.98|-57.719997
1509504036960|-43.32|-40.739998|-57.719997
1509504037092|-43.379997|-40.98|-57.66
1509504037224|-43.379997|-41.16|-57.239998
1509504037355|-43.44|-41.16|-57.239998
1509504037487|-43.26|-41.28|-57.239998
1509504037620|-43.32|-40.92|-57.239998
1509504037752|-43.379997|-41.04|-57.48
1509504037884|-43.02|-41.219997|-57.36
1509504038016|-42.96|-40.92|-57.36
1509504038148|-42.66|-41.1|-57.18
1509504038280|-42.6|-41.16|-57.12
1509504038412|-43.02|-41.16|-57.239998
1509504038544|-42.84|-41.16|-57.12
1509504038676|-43.2|-41.16|-57.239998
1509504038808|-43.02|-40.739998|-57.239998
1509504038940|-42.6|-40.98|-57.48
1509504039072|-42.96|-41.16|-57.66
1509504039204|-42.78|-41.28|-58.199997
1509504039336|-42.96|-41.28|-58.02
1509504039468|-43.2|-40.739998|-57.899998
1509504039600|-43.559998|-40.559998|-57.899998
1509504039732|-43.8|-40.559998|-57.48
1509504039864|-43.92|-40.98|-57.48
1509504039996|-43.62|-41.16|-57.239998
1509504040128|-43.62|-41.46|-57.239998
1509504040264|-43.44|-41.7|-56.94
1509504040392|-43.2|-41.64|-56.94
1509504040524|-43.559998|-41.64|-56.94
1509504040656|-43.26|-41.879997|-57.12
1509504040788|-43.2|-41.64|-57.239998
1509504040920|-43.379997|-41.28|-57.42
1509504041052|-43.02|-41.52|-57.42
1509504041184|-43.02|-41.28|-57.239998
1509504041316|-43.14|-41.16|-56.94
1509504041448|-43.14|-41.46|-56.94
1509504041580|-43.02|-41.46|-57.059998
1509504041712|-42.6|-41.52|-57.719997
1509504041844|-42.96|-41.46|-58.02
1509504041976|-43.2|-41.28|-57.899998
1509504042108|-43.739998|-41.28|-57.899998
1509504042240|-43.98|-41.28|-57.42
1509504042372|-43.379997|-41.64|-57.42
1509504042504|-43.14|-41.64|-57.239998
1509504042635|-42.84|-41.219997|-57.12
1509504042768|-43.44|-40.86|-57.12
1509504042900|-43.8|-40.739998|-57.239998
1509504043032|-43.8|-40.92|-57.539997
1509504043164|-43.92|-41.16|-57.539997
1509504043296|-43.2|-41.46|-57.539997
1509504043428|-43.559998|-41.46|-57.6
1509504043560|-43.559998|-41.46|-57.239998
1509504043692|-43.559998|-41.76|-57.3
1509504043824|-43.379997|-41.76|-57.3
1509504043956|-43.02|-41.76|-57.12
1509504044088|-42.84|-41.46|-57.12
1509504044220|-42.84|-41.04|-57.239998
1509504044352|-43.32|-40.92|-57.239998
1509504044484|-43.14|-40.92|-57.42
1509504044616|-43.98|-41.28|-57.6
1509504044748|-43.98|-41.399998|-57.42
1509504044880|-43.559998|-41.399998|-57.12
1509504045012|-43.559998|-41.219997|-56.94
1509504045145|-42.96|-40.86|-57.12
1509504045276|-42.96|-40.739998|-57.059998
1509504045408|-43.14|-40.92|-57.239998
1509504045540|-43.32|-41.1|-57.18
1509504045672|-43.92|-41.399998|-57.0
1509504045805|-43.739998|-41.399998|-56.879997
1509504045937|-43.98|-41.46|-56.879997
1509504046068|-44.219997|-41.46|-57.12
1509504046200|-43.379997|-41.219997|-57.12
1509504046333|-42.96|-41.64|-57.12
1509504046464|-42.96|-41.7|-57.12
1509504046596|-42.96|-41.579998|-56.94
1509504046728|-43.14|-41.46|-56.94
1509504046860|-43.8|-40.92|-57.3
1509504046992|-43.559998|-41.1|-57.18
1509504047124|-43.379997|-40.62|-57.0
1509504047257|-43.379997|-40.98|-57.0
1509504047388|-43.02|-41.16|-57.0
1509504047520|-43.2|-40.8|-57.48
1509504047653|-43.26|-41.46|-57.899998
1509504047784|-43.26|-41.34|-57.899998
1509504047916|-43.2|-41.52|-57.66
1509504048048|-43.26|-41.64|-57.48
1509504048180|-43.14|-41.64|-57.239998
1509504048312|-43.379997|-41.7|-57.12
1509504048444|-43.98|-41.879997|-57.42
1509504048576|-43.98|-41.879997|-57.539997
1509504048708|-44.04|-41.94|-57.539997
1509504048840|-44.219997|-41.219997|-57.84
1509504048972|-44.1|-40.92|-57.66
1509504049104|-43.92|-40.8|-57.42
1509504049236|-43.5|-40.739998|-57.42
1509504049368|-43.14|-41.46|-57.239998
1509504049500|-42.78|-41.64|-57.48
1509504049632|-42.78|-41.28|-57.36
1509504049764|-43.02|-41.28|-57.36
1509504049897|-42.96|-41.1|-57.18
1509504050028|-42.78|-40.739998|-57.0
1509504050160|-42.54|-40.92|-57.0
1509504050292|-42.42|-40.92|-57.18
1509504050424|-42.54|-40.86|-57.3
1509504050557|-42.719997|-41.16|-57.059998
1509504050688|-42.84|-41.28|-57.42
1509504050820|-42.84|-41.34|-57.059998
1509504050952|-42.78|-41.399998|-56.94
1509504051084|-42.6|-41.1|-57.059998
1509504051216|-42.78|-40.92|-56.94
1509504051349|-42.84|-40.92|-57.18
1509504051480|-42.84|-40.92|-57.48
1509504051612|-43.02|-41.219997|-57.539997
1509504051745|-43.2|-41.219997|-57.719997
1509504051878|-43.32|-40.86|-58.02
1509504052009|-43.559998|-41.1|-58.02
1509504052140|-43.559998|-41.34|-57.78
1509504052272|-43.44|-41.7|-57.66
1509504052404|-43.26|-42.12|-57.3
1509504052536|-43.379997|-42.0|-56.82
1509504052669|-43.379997|-41.7|-57.059998
1509504052800|-43.2|-41.219997|-57.6
1509504052932|-43.559998|-40.98|-57.42
