1510206731656|1018.12305
1510206731770|1018.18176
1510206731891|1018.1277
1510206732049|1018.1062
1510206732169|1018.1126
1510206732252|1018.1223
1510206732369|1018.12244
1510206732454|1018.11426
1510206732569|1018.12335
1510206732690|1018.1224
1510206732849|1018.13965
1510206732970|1018.12585
1510206733051|1018.115
1510206733169|1018.11914
1510206733250|1018.1345
1510206733369|1018.1434
1510206733490|1018.1414
1510206733650|1018.13184
1510206733770|1018.1399
1510206733890|1018.10583
1510206734050|1018.0928
1510206734169|1018.091
1510206734250|1018.104
1510206734370|1018.0983
1510206734491|1018.1052
1510206734610|1018.112
1510206734770|1018.08575
1510206734851|1018.08496
1510206734970|1018.1417
1510206735051|1018.1023
1510206735171|1018.1478
1510206735290|1018.16174
1510206735453|1018.17163
1510206735572|1018.0835
1510206735690|1018.10034
1510206735771|1018.10675
1510206735892|1018.12274
1510206735973|1018.14636
1510206736091|1018.0973
1510206736175|1018.1292
1510206736290|1018.08606
1510206736452|1018.19727
1510206736570|1018.08813
1510206736654|1018.1534
1510206736771|1018.07837
1510206736890|1018.19836
1510206736971|1018.19037
1510206737090|1018.05676
1510206737172|1018.1164
1510206737291|1018.0906
1510206737372|1018.07544
1510206737491|1018.07214
1510206737651|1018.14764
1510206737771|1018.0905
1510206737893|1018.1131
1510206738051|1018.1074
1510206738171|1018.1191
1510206738252|1018.11523
1510206738372|1018.11896
1510206738493|1018.1395
1510206738652|1018.1113
1510206738772|1018.0955
1510206738891|1018.1046
1510206739012|1018.1035
1510206739172|1018.08594
1510206739292|1018.07794
1510206739452|1017.95435
1510206739572|1017.9734
1510206739655|1018.0095
1510206739775|1018.0993
1510206739893|1018.1665
1510206739977|1018.2012
1510206740092|1018.15924
1510206740185|1018.1095
1510206740291|1018.08777
1510206740373|1018.0959
1510206740492|1018.107
1510206740573|1018.1042
1510206740690|1018.15814
1510206740771|1018.1826
1510206740892|1018.1483
1510206741051|1018.13086
1510206741170|1018.11993
1510206741253|1018.08496
1510206741372|1018.09436
1510206741490|1018.1927
1510206741571|1018.16656
1510206741652|1018.14307
1510206741773|1018.1122
1510206741893|1018.0872
1510206742014|1018.09106
1510206742171|1018.1059
1510206742253|1018.12134
1510206742371|1018.1371
1510206742493|1018.1287
1510206742654|1018.11475
1510206742773|1018.12335
1510206742854|1018.11475
1510206742974|1018.1246
1510206743091|1018.1187
1510206743172|1018.10944
1510206743292|1018.1214
1510206743373|1018.12
1510206743491|1018.1223
1510206743575|1018.11865
1510206743693|1018.1187
1510206743778|1018.1133
1510206743893|1018.1277
1510206744011|1018.1633
1510206744172|1018.09863
1510206744292|1018.109
1510206744412|1018.1011
1510206744574|1018.13947
1510206744692|1018.1084
1510206744773|1018.1247
1510206744892|1018.1085
1510206744973|1018.10657
1510206745092|1018.11566
1510206745173|1018.1218
1510206745295|1018.12384
1510206745453|1018.1223
1510206745573|1018.11475
1510206745693|1018.1112
1510206745853|1018.155
1510206745973|1018.08984
1510206746093|1018.0816
1510206746253|1018.1199
1510206746372|1018.1001
1510206746493|1018.1113
1510206746654|1018.1499
1510206746772|1018.1262
1510206746853|1018.1057
1510206746974|1018.08167
1510206747093|1018.08594
1510206747174|1018.24054
1510206747295|1018.2931
1510206747452|1018.10767
1510206747572|1018.1323
1510206747654|1018.2092
1510206747774|1018.2025
1510206747894|1018.1219
1510206748052|1018.1011
1510206748175|1018.01306
1510206748293|1018.08405
1510206748375|1018.1378
1510206748494|1018.1676
1510206748575|1018.10706
1510206748693|1018.05865
1510206748774|1018.0586
1510206748858|1018.05566
1510206748974|1018.1351
1510206749093|1018.18945
1510206749255|1018.1814
1510206749376|1018.079
1510206749494|1018.09705
1510206749654|1018.1096
1510206749776|1018.1138
1510206749894|1018.1049
1510206750053|1018.1199
1510206750173|1018.1078
1510206750294|1018.102
1510206750414|1018.1194
1510206750576|1018.1096
1510206750693|1018.11725
1510206750854|1018.1223
1510206750974|1018.1477
1510206751093|1018.10095
1510206751174|1018.1063
1510206751293|1018.11945
1510206751374|1018.1068
1510206751455|1018.1079
1510206751576|1018.11163
1510206751693|1018.1186
1510206751775|1018.10986
1510206751893|1018.13654
1510206751974|1018.127
1510206752055|1018.13574
1510206752173|1018.10803
1510206752255|1018.11206
1510206752374|1018.1161
1510206752495|1018.11664
1510206752654|1018.1238
1510206752774|1018.11774
1510206752895|1018.0923
1510206753014|1018.08545
1510206753095|1018.08545
1510206753256|1018.1062
1510206753375|1018.1111
