1509546526087|0.0|7.8180795|5.938472
1509546526218|0.0|7.8180795|5.938472
1509546526351|0.0|7.8180795|5.938472
1509546526483|0.0|7.8180795|5.938472
1509546526615|0.0|7.8180795|5.938472
1509546526747|0.0|7.8180795|5.938472
1509546526879|0.0|7.8180795|5.938472
1509546527011|0.0|7.8180795|5.938472
1509546527144|0.0|7.8180795|5.938472
1509546527275|0.0|7.8180795|5.938472
1509546527407|0.0|7.8180795|5.924851
1509546527539|0.0|7.8180795|5.924851
1509546527671|0.0|7.8180795|5.924851
1509546527803|0.0|7.8180795|5.924851
1509546527936|0.0|7.8180795|5.924851
1509546528066|0.0|7.8180795|5.924851
1509546528199|0.0|7.8180795|5.924851
1509546528331|0.013620348|7.8180795|5.924851
1509546528463|0.013620348|7.8180795|5.924851
1509546528595|0.013620348|7.8180795|5.924851
1509546528733|0.013620348|7.8180795|5.924851
1509546528859|0.0|7.8180795|5.924851
1509546528991|0.013620348|7.8180795|5.924851
1509546529123|0.013620348|7.8180795|5.924851
1509546529255|0.0|7.8180795|5.924851
1509546529387|0.013620348|7.8180795|5.938472
1509546529519|0.0|7.8180795|5.938472
1509546529651|0.0|7.8180795|5.938472
1509546529782|0.0|7.8180795|5.938472
1509546529915|-0.013620348|7.8180795|5.938472
1509546530047|-0.013620348|7.8180795|5.938472
1509546530179|-0.013620348|7.8180795|5.938472
1509546530311|-0.013620348|7.8180795|5.938472
1509546530444|-0.013620348|7.8180795|5.938472
1509546530575|-0.013620348|7.8180795|5.924851
1509546530707|-0.013620348|7.8180795|5.924851
1509546530839|-0.013620348|7.8180795|5.924851
1509546530971|-0.013620348|7.8180795|5.924851
1509546531103|-0.013620348|7.8180795|5.924851
1509546531235|0.0|7.8180795|5.924851
1509546531367|-0.013620348|7.8180795|5.924851
1509546531499|0.0|7.8180795|5.924851
1509546531631|-0.013620348|7.8180795|5.924851
1509546531763|-0.013620348|7.8180795|5.938472
1509546531895|-0.013620348|7.8180795|5.938472
1509546532027|-0.013620348|7.8180795|5.938472
1509546532159|0.0|7.8180795|5.938472
1509546532291|-0.013620348|7.8180795|5.938472
1509546532423|-0.013620348|7.8180795|5.938472
1509546532555|-0.013620348|7.8180795|5.924851
1509546532693|-0.013620348|7.8180795|5.938472
1509546532818|-0.013620348|7.8180795|5.938472
1509546532951|0.0|7.8180795|5.938472
1509546533083|-0.013620348|7.8180795|5.938472
1509546533215|-0.013620348|7.8180795|5.938472
1509546533347|-0.013620348|7.8180795|5.938472
1509546533479|-0.013620348|7.8180795|5.938472
1509546533611|-0.013620348|7.8180795|5.938472
1509546533743|-0.013620348|7.8180795|5.938472
1509546533875|-0.013620348|7.8180795|5.938472
1509546534007|-0.013620348|7.8180795|5.938472
1509546534139|-0.013620348|7.8180795|5.938472
1509546534271|-0.013620348|7.8180795|5.938472
1509546534403|-0.013620348|7.8180795|5.938472
1509546534535|-0.013620348|7.8180795|5.938472
1509546534667|-0.013620348|7.8180795|5.938472
1509546534798|-0.013620348|7.8180795|5.938472
1509546534931|-0.013620348|7.8180795|5.924851
1509546535063|0.0|7.8180795|5.924851
1509546535196|-0.013620348|7.8180795|5.924851
1509546535327|-0.013620348|7.8180795|5.924851
1509546535459|-0.013620348|7.8180795|5.924851
1509546535591|-0.013620348|7.8180795|5.924851
1509546535724|-0.013620348|7.8180795|5.924851
1509546535854|-0.013620348|7.8180795|5.924851
1509546535987|-0.013620348|7.8180795|5.924851
1509546536120|-0.013620348|7.8180795|5.924851
1509546536251|-0.013620348|7.8180795|5.924851
1509546536383|-0.013620348|7.8180795|5.924851
1509546536515|-0.013620348|7.8180795|5.924851
1509546536647|-0.013620348|7.8180795|5.924851
1509546536779|-0.013620348|7.8180795|5.924851
1509546536911|-0.013620348|7.8180795|5.924851
1509546537044|-0.013620348|7.8180795|5.924851
1509546537175|-0.013620348|7.8180795|5.924851
1509546537306|-0.013620348|7.8180795|5.924851
1509546537439|-0.013620348|7.8180795|5.924851
1509546537571|-0.013620348|7.8180795|5.924851
1509546537710|-0.013620348|7.8180795|5.924851
1509546537834|-0.013620348|7.8180795|5.938472
1509546537967|-0.013620348|7.8180795|5.938472
1509546538099|-0.013620348|7.8180795|5.938472
1509546538231|-0.013620348|7.8180795|5.938472
1509546538363|-0.013620348|7.8180795|5.938472
1509546538496|-0.013620348|7.8180795|5.938472
1509546538627|-0.013620348|7.8180795|5.938472
1509546538759|-0.013620348|7.8180795|5.938472
1509546538891|-0.013620348|7.8180795|5.938472
1509546539024|-0.013620348|7.8180795|5.938472
1509546539155|-0.013620348|7.8180795|5.938472
1509546539287|-0.013620348|7.8180795|5.938472
1509546539419|-0.013620348|7.8180795|5.938472
1509546539551|-0.013620348|7.8180795|5.938472
1509546539683|-0.013620348|7.8180795|5.938472
1509546539815|-0.013620348|7.8180795|5.938472
1509546539946|-0.013620348|7.8180795|5.938472
1509546540079|-0.013620348|7.8180795|5.938472
1509546540211|-0.013620348|7.8180795|5.938472
1509546540341|0.0|7.8180795|5.938472
1509546540474|0.0|7.8180795|5.938472
1509546540607|0.0|7.8180795|5.938472
1509546540738|0.0|7.8180795|5.938472
1509546540870|0.0|7.8180795|5.924851
1509546541001|0.0|7.8180795|5.924851
1509546541134|0.0|7.8180795|5.924851
1509546541267|0.0|7.8180795|5.924851
1509546541399|0.0|7.8180795|5.938472
1509546541531|0.0|7.8180795|5.924851
1509546541663|0.0|7.8180795|5.924851
1509546541795|0.0|7.8180795|5.924851
1509546541927|0.0|7.8180795|5.938472
1509546542059|0.0|7.8180795|5.938472
1509546542191|0.0|7.8180795|5.938472
1509546542323|-0.013620348|7.8180795|5.938472
1509546542455|0.0|7.8180795|5.938472
1509546542587|0.0|7.8180795|5.938472
1509546542726|-0.013620348|7.8180795|5.938472
1509546542850|-0.013620348|7.8180795|5.938472
1509546542982|-0.013620348|7.8180795|5.938472
1509546543115|-0.013620348|7.8180795|5.938472
1509546543247|-0.013620348|7.8180795|5.938472
1509546543379|-0.013620348|7.8180795|5.938472
1509546543511|0.0|7.8180795|5.938472
1509546543644|0.0|7.8180795|5.924851
1509546543775|0.0|7.8180795|5.924851
1509546543911|0.0|7.8180795|5.924851
1509546544039|0.0|7.8180795|5.924851
1509546544171|0.0|7.8180795|5.924851
1509546544303|0.0|7.8180795|5.924851
1509546544436|0.0|7.8180795|5.924851
1509546544567|0.0|7.8180795|5.924851
1509546544699|0.0|7.8180795|5.924851
1509546544831|0.0|7.8180795|5.938472
1509546544963|0.0|7.8180795|5.938472
1509546545096|0.0|7.8180795|5.938472
1509546545227|0.0|7.8180795|5.938472
1509546545359|-0.013620348|7.8180795|5.938472
1509546545491|-0.013620348|7.8180795|5.938472
1509546545623|-0.013620348|7.8180795|5.938472
1509546545756|-0.013620348|7.8180795|5.938472
1509546545888|-0.013620348|7.8180795|5.938472
1509546546020|-0.013620348|7.8180795|5.938472
1509546546150|-0.013620348|7.8180795|5.938472
1509546546283|-0.013620348|7.8180795|5.938472
1509546546415|0.0|7.8180795|5.924851
1509546546547|0.0|7.8180795|5.924851
1509546546679|0.0|7.8180795|5.924851
1509546546811|0.0|7.8180795|5.924851
1509546546945|-0.013620348|7.8317|5.924851
1509546547075|-0.013620348|7.8317|5.924851
1509546547207|-0.013620348|7.8180795|5.924851
1509546547338|-0.013620348|7.8180795|5.924851
1509546547471|-0.013620348|7.8317|5.924851
1509546547603|-0.013620348|7.8317|5.924851
1509546547742|-0.013620348|7.8317|5.924851
1509546547867|-0.013620348|7.8317|5.924851
1509546547999|-0.013620348|7.8317|5.924851
1509546548131|-0.013620348|7.8317|5.924851
1509546548262|-0.013620348|7.8317|5.924851
1509546548395|-0.013620348|7.8317|5.924851
1509546548527|-0.013620348|7.8180795|5.924851
1509546548659|-0.013620348|7.8180795|5.938472
1509546548791|-0.013620348|7.8180795|5.924851
1509546548924|-0.013620348|7.8180795|5.924851
1509546549055|-0.013620348|7.8180795|5.924851
1509546549186|-0.013620348|7.8180795|5.924851
1509546549319|-0.013620348|7.8180795|5.924851
1509546549451|-0.013620348|7.8180795|5.938472
1509546549583|-0.013620348|7.8180795|5.938472
1509546549715|-0.013620348|7.8180795|5.938472
1509546549847|-0.013620348|7.8180795|5.938472
1509546549979|-0.013620348|7.8180795|5.924851
1509546550111|-0.013620348|7.8180795|5.938472
1509546550249|-0.013620348|7.8180795|5.938472
1509546550376|0.0|7.8180795|5.938472
1509546550508|0.0|7.8180795|5.938472
1509546550639|0.0|7.8180795|5.938472
1509546550771|0.0|7.8180795|5.938472
1509546550903|-0.013620348|7.8180795|5.938472
1509546551035|-0.013620348|7.8180795|5.938472
1509546551166|-0.013620348|7.8180795|5.924851
1509546551299|0.0|7.8180795|5.924851
1509546551431|0.0|7.8180795|5.938472
1509546551563|0.0|7.8180795|5.938472
1509546551695|0.0|7.8180795|5.938472
1509546551827|0.0|7.8180795|5.938472
1509546551959|0.0|7.8180795|5.924851
1509546552091|0.0|7.8180795|5.938472
1509546552224|0.0|7.8180795|5.924851
1509546552354|-0.013620348|7.8180795|5.924851
1509546552486|-0.013620348|7.8180795|5.938472
1509546552619|-0.013620348|7.8180795|5.938472
1509546552756|-0.013620348|7.8180795|5.938472
1509546552883|-0.013620348|7.8180795|5.938472
1509546553015|-0.013620348|7.8180795|5.924851
1509546553147|-0.013620348|7.8180795|5.924851
1509546553279|-0.013620348|7.8180795|5.924851
1509546553411|-0.013620348|7.8180795|5.924851
1509546553543|-0.013620348|7.8180795|5.924851
1509546553676|-0.013620348|7.8180795|5.924851
1509546553807|-0.013620348|7.8180795|5.924851
1509546553939|-0.013620348|7.8180795|5.938472
1509546554071|-0.013620348|7.8180795|5.938472
1509546554203|0.0|7.8180795|5.924851
1509546554335|0.0|7.8180795|5.924851
1509546554467|0.0|7.8180795|5.924851
1509546554599|0.0|7.8180795|5.924851
1509546554731|0.0|7.8180795|5.924851
1509546554863|-0.013620348|7.8180795|5.924851
1509546554996|-0.013620348|7.8180795|5.924851
1509546555127|-0.013620348|7.8180795|5.924851
1509546555259|-0.013620348|7.8180795|5.924851
1509546555392|-0.013620348|7.8180795|5.924851
1509546555524|-0.013620348|7.8180795|5.924851
1509546555655|-0.013620348|7.8180795|5.924851
1509546555787|-0.013620348|7.8180795|5.924851
1509546555920|-0.013620348|7.8180795|5.924851
1509546556052|-0.013620348|7.8180795|5.924851
1509546556183|-0.013620348|7.8180795|5.924851
1509546556315|-0.013620348|7.8180795|5.924851
1509546556447|0.0|7.8180795|5.924851
1509546556579|0.0|7.8180795|5.924851
1509546556711|0.0|7.8180795|5.924851
1509546556843|0.0|7.8180795|5.924851
1509546556975|0.0|7.8180795|5.924851
1509546557106|-0.013620348|7.8180795|5.924851
1509546557239|-0.013620348|7.8180795|5.924851
1509546557373|-0.013620348|7.8180795|5.924851
1509546557503|-0.013620348|7.8180795|5.924851
1509546557635|-0.013620348|7.8180795|5.924851
1509546557775|-0.013620348|7.8180795|5.924851
1509546557906|-0.013620348|7.8180795|5.924851
1509546558031|-0.013620348|7.8180795|5.924851
1509546558163|-0.013620348|7.8180795|5.924851
1509546558296|0.0|7.8180795|5.924851
1509546558427|0.0|7.8180795|5.924851
1509546558561|0.0|7.8180795|5.924851
1509546558691|0.0|7.8180795|5.924851
1509546558822|0.0|7.8180795|5.924851
1509546558955|0.0|7.8180795|5.924851
1509546559087|0.0|7.8180795|5.938472
1509546559219|0.0|7.8180795|5.938472
1509546559351|0.0|7.8180795|5.938472
1509546559483|0.0|7.8180795|5.938472
1509546559615|0.0|7.8180795|5.938472
1509546559747|0.0|7.8180795|5.938472
1509546559879|0.0|7.8180795|5.938472
1509546560011|0.0|7.8180795|5.938472
1509546560143|-0.013620348|7.8180795|5.938472
1509546560275|-0.013620348|7.8180795|5.924851
1509546560406|-0.013620348|7.8180795|5.924851
1509546560539|-0.013620348|7.8180795|5.924851
1509546560670|-0.013620348|7.8180795|5.924851
1509546560804|0.0|7.8180795|5.924851
1509546560935|0.0|7.8180795|5.924851
1509546561066|-0.013620348|7.8180795|5.924851
1509546561199|-0.013620348|7.8180795|5.924851
1509546561332|-0.013620348|7.8180795|5.924851
1509546561463|-0.013620348|7.8180795|5.924851
1509546561595|-0.013620348|7.8180795|5.924851
1509546561727|-0.013620348|7.8180795|5.938472
1509546561859|-0.013620348|7.8180795|5.938472
1509546561991|-0.013620348|7.8180795|5.938472
1509546562123|-0.013620348|7.8180795|5.938472
1509546562255|-0.013620348|7.8180795|5.938472
1509546562386|-0.013620348|7.8180795|5.938472
1509546562519|-0.013620348|7.8180795|5.938472
1509546562651|-0.013620348|7.8180795|5.938472
1509546562788|-0.013620348|7.8180795|5.938472
1509546562915|-0.013620348|7.8180795|5.938472
1509546563047|-0.013620348|7.8180795|5.938472
1509546563179|-0.013620348|7.8180795|5.938472
1509546563311|-0.013620348|7.8180795|5.938472
1509546563443|-0.013620348|7.8180795|5.938472
1509546563575|-0.013620348|7.8180795|5.938472
1509546563707|-0.013620348|7.8180795|5.938472
1509546563844|-0.013620348|7.8180795|5.938472
