1509512923305|0.076614454|2.183512|9.433155
1509512923438|0.06703765|2.183512|9.423578
1509512923570|0.06703765|2.1739352|9.423578
1509512923702|0.06703765|2.1930888|9.423578
1509512923835|0.06703765|2.1930888|9.423578
1509512923966|0.06703765|2.1930888|9.442732
1509512924098|0.06703765|2.1930888|9.442732
1509512924230|0.047884032|2.2122424|9.452309
1509512924362|0.047884032|2.2122424|9.452309
1509512924494|0.047884032|2.2122424|9.452309
1509512924626|0.047884032|2.231396|9.452309
1509512924759|0.047884032|2.231396|9.452309
1509512924890|0.047884032|2.2122424|9.452309
1509512925023|0.047884032|2.2122424|9.452309
1509512925154|0.06703765|2.183512|9.442732
1509512925286|0.05746084|2.183512|9.442732
1509512925418|0.05746084|2.2218192|9.461885
1509512925552|0.05746084|2.2026656|9.442732
1509512925682|0.05746084|2.2026656|9.442732
1509512925814|0.05746084|2.1930888|9.433155
1509512925946|0.05746084|2.1930888|9.433155
1509512926078|0.05746084|2.1930888|9.433155
1509512926210|0.05746084|2.1930888|9.433155
1509512926342|0.05746084|2.1930888|9.433155
1509512926474|0.05746084|2.1930888|9.433155
1509512926609|0.05746084|2.1930888|9.433155
1509512926738|0.05746084|2.1930888|9.423578
1509512926870|0.076614454|2.183512|9.423578
1509512927002|0.06703765|2.1739352|9.423578
1509512927135|0.047884032|2.1930888|9.442732
1509512927266|0.06703765|2.1930888|9.442732
1509512927398|0.047884032|2.2122424|9.442732
1509512927530|0.06703765|2.2026656|9.442732
1509512927662|0.05746084|2.2026656|9.442732
1509512927793|0.05746084|2.2026656|9.442732
1509512927928|0.05746084|2.2026656|9.442732
1509512928057|0.05746084|2.2026656|9.442732
1509512928193|0.05746084|2.2026656|9.442732
1509512928322|0.05746084|2.2026656|9.442732
1509512928454|0.05746084|2.2026656|9.442732
1509512928586|0.05746084|2.2026656|9.433155
1509512928718|0.05746084|2.2026656|9.433155
1509512928850|0.05746084|2.2026656|9.452309
1509512928982|0.05746084|2.1930888|9.442732
1509512929114|0.05746084|2.2122424|9.442732
1509512929245|0.05746084|2.1930888|9.442732
1509512929378|0.05746084|2.1930888|9.442732
1509512929510|0.047884032|2.1930888|9.442732
1509512929642|0.047884032|2.2122424|9.442732
1509512929773|0.06703765|2.1930888|9.442732
1509512929906|0.06703765|2.1930888|9.433155
1509512930038|0.06703765|2.1930888|9.433155
1509512930170|0.047884032|2.2122424|9.452309
1509512930301|0.047884032|2.2409728|9.471462
1509512930439|0.047884032|2.2218192|9.452309
1509512930568|0.047884032|2.2026656|9.433155
1509512930698|0.06703765|2.2026656|9.433155
1509512930830|0.06703765|2.2026656|9.433155
1509512930962|0.06703765|2.2026656|9.433155
1509512931094|0.047884032|2.2026656|9.452309
1509512931226|0.047884032|2.2026656|9.452309
1509512931358|0.06703765|2.2026656|9.442732
1509512931493|0.05746084|2.2026656|9.442732
1509512931623|0.05746084|2.2026656|9.442732
1509512931754|0.05746084|2.1930888|9.442732
1509512931886|0.05746084|2.1930888|9.433155
1509512932018|0.05746084|2.183512|9.433155
1509512932150|0.047884032|2.2026656|9.452309
1509512932282|0.047884032|2.2026656|9.452309
1509512932414|0.047884032|2.2218192|9.452309
1509512932546|0.06703765|2.1930888|9.433155
1509512932677|0.06703765|2.1930888|9.433155
1509512932809|0.06703765|2.1930888|9.433155
1509512932945|0.05746084|2.2122424|9.452309
1509512933073|0.05746084|2.2026656|9.442732
1509512933206|0.047884032|2.2026656|9.442732
1509512933338|0.06703765|2.1930888|9.442732
1509512933470|0.06703765|2.1930888|9.442732
1509512933602|0.05746084|2.2122424|9.442732
1509512933734|0.05746084|2.2122424|9.442732
1509512933866|0.05746084|2.2026656|9.442732
1509512933998|0.05746084|2.2026656|9.442732
1509512934130|0.05746084|2.2026656|9.442732
1509512934262|0.05746084|2.2026656|9.442732
1509512934394|0.05746084|2.1930888|9.442732
1509512934527|0.05746084|2.1930888|9.423578
1509512934658|0.05746084|2.1930888|9.442732
1509512934793|0.047884032|2.1930888|9.442732
1509512934921|0.06703765|2.1930888|9.442732
1509512935054|0.05746084|2.1930888|9.433155
1509512935186|0.05746084|2.1930888|9.433155
1509512935318|0.05746084|2.183512|9.433155
1509512935451|0.05746084|2.2026656|9.433155
1509512935582|0.05746084|2.2026656|9.433155
1509512935714|0.05746084|2.2026656|9.433155
1509512935846|0.05746084|2.2026656|9.433155
1509512935978|0.047884032|2.2026656|9.433155
1509512936110|0.047884032|2.2026656|9.433155
1509512936242|0.06703765|2.1930888|9.433155
1509512936373|0.06703765|2.1930888|9.433155
1509512936507|0.06703765|2.1930888|9.433155
1509512936638|0.06703765|2.1930888|9.433155
1509512936770|0.06703765|2.1930888|9.433155
1509512936902|0.047884032|2.2122424|9.433155
1509512937033|0.047884032|2.2122424|9.452309
1509512937166|0.047884032|2.2122424|9.452309
1509512937298|0.06703765|2.2122424|9.442732
1509512937430|0.05746084|2.2122424|9.442732
1509512937562|0.05746084|2.1930888|9.433155
1509512937694|0.05746084|2.2122424|9.452309
1509512937826|0.05746084|2.1930888|9.442732
1509512937958|0.05746084|2.1930888|9.433155
1509512938092|0.05746084|2.1930888|9.452309
1509512938226|0.05746084|2.2122424|9.442732
1509512938354|0.05746084|2.2122424|9.433155
1509512938488|0.05746084|2.2026656|9.433155
1509512938618|0.05746084|2.2026656|9.452309
1509512938751|0.05746084|2.2026656|9.442732
1509512938882|0.05746084|2.2026656|9.442732
1509512939014|0.05746084|2.2026656|9.433155
1509512939146|0.05746084|2.2026656|9.452309
1509512939278|0.05746084|2.1930888|9.452309
1509512939410|0.05746084|2.1930888|9.442732
1509512939542|0.05746084|2.1930888|9.442732
1509512939677|0.05746084|2.1930888|9.442732
1509512939810|0.05746084|2.2122424|9.442732
1509512939938|0.05746084|2.2122424|9.442732
1509512940069|0.05746084|2.183512|9.442732
1509512940202|0.05746084|2.2026656|9.423578
1509512940334|0.05746084|2.2026656|9.442732
1509512940465|0.05746084|2.2026656|9.442732
1509512940597|0.05746084|2.183512|9.442732
1509512940729|0.05746084|2.2026656|9.442732
1509512940861|0.05746084|2.2026656|9.442732
1509512940993|0.05746084|2.1930888|9.442732
1509512941125|0.05746084|2.1930888|9.442732
1509512941257|0.05746084|2.2122424|9.461885
1509512941389|0.05746084|2.2122424|9.442732
1509512941521|0.05746084|2.2122424|9.442732
1509512941654|0.05746084|2.2122424|9.442732
1509512941786|0.05746084|2.2122424|9.461885
1509512941918|0.05746084|2.2026656|9.442732
1509512942052|0.05746084|2.2026656|9.442732
1509512942182|0.05746084|2.2026656|9.461885
1509512942314|0.05746084|2.2026656|9.461885
1509512942446|0.05746084|2.2026656|9.461885
1509512942577|0.05746084|2.2026656|9.452309
1509512942710|0.05746084|2.2026656|9.452309
1509512942843|0.05746084|2.2218192|9.452309
1509512942973|0.05746084|2.2122424|9.452309
1509512943106|0.05746084|2.2122424|9.442732
1509512943238|0.05746084|2.2122424|9.442732
1509512943370|0.05746084|2.2026656|9.433155
1509512943505|0.05746084|2.2026656|9.452309
1509512943634|0.05746084|2.2026656|9.452309
1509512943766|0.05746084|2.2026656|9.452309
1509512943898|0.05746084|2.2026656|9.452309
1509512944030|0.047884032|2.2026656|9.452309
1509512944162|0.06703765|2.2026656|9.452309
1509512944294|0.05746084|2.2026656|9.452309
1509512944429|0.047884032|2.2026656|9.442732
1509512944558|0.047884032|2.2026656|9.442732
1509512944690|0.047884032|2.2026656|9.442732
1509512944823|0.047884032|2.2026656|9.442732
1509512944954|0.047884032|2.2026656|9.461885
1509512945091|0.047884032|2.1930888|9.433155
1509512945218|0.047884032|2.2122424|9.433155
1509512945350|0.047884032|2.2122424|9.452309
1509512945482|0.038307227|2.2409728|9.471462
1509512945614|0.038307227|2.2409728|9.471462
1509512945746|0.038307227|2.231396|9.471462
1509512945878|0.05746084|2.1930888|9.442732
1509512946010|0.047884032|2.1930888|9.442732
1509512946143|0.047884032|2.1930888|9.442732
1509512946276|0.06703765|2.1930888|9.442732
1509512946409|0.06703765|2.1930888|9.442732
1509512946538|0.06703765|2.1930888|9.442732
1509512946670|0.047884032|2.1930888|9.442732
1509512946802|0.06703765|2.1930888|9.433155
1509512946935|0.05746084|2.2122424|9.433155
1509512947068|0.05746084|2.2122424|9.433155
1509512947198|0.047884032|2.2122424|9.433155
1509512947330|0.047884032|2.2026656|9.433155
1509512947462|0.047884032|2.2026656|9.433155
1509512947595|0.047884032|2.2026656|9.433155
1509512947726|0.047884032|2.2026656|9.433155
1509512947859|0.06703765|2.2026656|9.423578
1509512947992|0.06703765|2.2026656|9.442732
1509512948122|0.06703765|2.2026656|9.442732
1509512948254|0.06703765|2.2026656|9.442732
1509512948386|0.047884032|2.2026656|9.442732
1509512948518|0.06703765|2.2026656|9.442732
1509512948650|0.06703765|2.2026656|9.442732
1509512948782|0.06703765|2.2026656|9.442732
1509512948914|0.047884032|2.231396|9.461885
1509512949046|0.02873042|2.231396|9.461885
1509512949178|0.047884032|2.231396|9.461885
1509512949310|0.038307227|2.231396|9.461885
1509512949443|0.02873042|2.231396|9.461885
1509512949575|0.02873042|2.2218192|9.461885
1509512949708|0.02873042|2.2409728|9.461885
1509512949838|0.047884032|2.2026656|9.433155
1509512949970|0.047884032|2.2026656|9.452309
1509512950102|0.047884032|2.2026656|9.433155
1509512950236|0.047884032|2.2026656|9.452309
1509512950366|0.047884032|2.2026656|9.433155
1509512950498|0.047884032|2.2026656|9.433155
1509512950630|0.06703765|2.2026656|9.433155
1509512950762|0.05746084|2.2026656|9.452309
1509512950894|0.05746084|2.1930888|9.442732
1509512951027|0.05746084|2.2122424|9.442732
1509512951162|0.05746084|2.2122424|9.442732
1509512951290|0.05746084|2.2122424|9.442732
1509512951423|0.05746084|2.2122424|9.442732
1509512951554|0.05746084|2.2122424|9.433155
1509512951686|0.05746084|2.2122424|9.452309
1509512951818|0.047884032|2.2122424|9.433155
1509512951951|0.047884032|2.2122424|9.433155
1509512952082|0.047884032|2.2122424|9.452309
1509512952214|0.038307227|2.2122424|9.452309
1509512952346|0.05746084|2.2122424|9.452309
1509512952478|0.05746084|2.2122424|9.442732
1509512952610|0.05746084|2.2026656|9.442732
1509512952742|0.038307227|2.2218192|9.461885
1509512952873|0.038307227|2.2409728|9.481039
1509512953005|0.038307227|2.2409728|9.461885
1509512953138|0.038307227|2.2409728|9.461885
1509512953270|0.038307227|2.2409728|9.461885
1509512953402|0.038307227|2.2409728|9.461885
1509512953535|0.05746084|2.2026656|9.442732
1509512953666|0.05746084|2.2218192|9.442732
1509512953798|0.047884032|2.2409728|9.471462
1509512953930|0.02873042|2.2409728|9.452309
1509512954062|0.047884032|2.2409728|9.471462
1509512954194|0.047884032|2.2026656|9.433155
1509512954326|0.047884032|2.2026656|9.452309
1509512954458|0.047884032|2.2218192|9.452309
1509512954589|0.047884032|2.2026656|9.452309
1509512954722|0.06703765|2.1930888|9.452309
1509512954854|0.06703765|2.1930888|9.433155
1509512954986|0.05746084|2.2122424|9.433155
1509512955118|0.05746084|2.2122424|9.452309
1509512955252|0.05746084|2.2026656|9.452309
1509512955382|0.05746084|2.1930888|9.452309
1509512955513|0.05746084|2.2122424|9.452309
1509512955646|0.05746084|2.2026656|9.452309
1509512955778|0.05746084|2.2026656|9.442732
1509512955910|0.05746084|2.2026656|9.433155
1509512956043|0.05746084|2.2026656|9.433155
1509512956174|0.05746084|2.2026656|9.452309
1509512956310|0.05746084|2.2026656|9.442732
1509512956438|0.05746084|2.2026656|9.442732
1509512956570|0.05746084|2.2026656|9.433155
1509512956702|0.05746084|2.2026656|9.433155
1509512956836|0.05746084|2.2026656|9.452309
1509512956966|0.047884032|2.2218192|9.452309
1509512957098|0.047884032|2.2122424|9.452309
1509512957230|0.047884032|2.2122424|9.452309
1509512957362|0.047884032|2.2122424|9.452309
1509512957493|0.06703765|2.1930888|9.433155
1509512957627|0.06703765|2.1930888|9.433155
1509512957759|0.06703765|2.2122424|9.433155
1509512957894|0.05746084|2.2122424|9.433155
1509512958022|0.05746084|2.2122424|9.452309
1509512958154|0.05746084|2.2122424|9.452309
1509512958286|0.05746084|2.2122424|9.452309
1509512958420|0.05746084|2.2026656|9.452309
1509512958550|0.05746084|2.2026656|9.452309
1509512958682|0.038307227|2.2218192|9.452309
1509512958814|0.038307227|2.2409728|9.471462
1509512958946|0.038307227|2.2409728|9.471462
1509512959078|0.038307227|2.2409728|9.471462
1509512959210|0.05746084|2.2122424|9.461885
1509512959341|0.05746084|2.2122424|9.442732
1509512959474|0.047884032|2.2026656|9.442732
1509512959605|0.06703765|2.2026656|9.433155
1509512959738|0.06703765|2.2026656|9.433155
1509512959870|0.06703765|2.1930888|9.433155
1509512960002|0.06703765|2.2122424|9.452309
1509512960137|0.06703765|2.2122424|9.452309
1509512960266|0.05746084|2.2122424|9.452309
1509512960398|0.05746084|2.2122424|9.452309
1509512960530|0.05746084|2.2026656|9.442732
1509512960661|0.05746084|2.2026656|9.442732
1509512960793|0.047884032|2.2026656|9.442732
1509512960927|0.06703765|2.2026656|9.433155
1509512961058|0.06703765|2.2026656|9.433155
1509512961190|0.06703765|2.2026656|9.433155
1509512961322|0.06703765|2.1930888|9.433155
1509512961454|0.06703765|2.2122424|9.433155
1509512961586|0.047884032|2.2122424|9.452309
1509512961717|0.06703765|2.2026656|9.442732
1509512961853|0.047884032|2.2218192|9.461885
