1510196729660|-1.5207688|2.1122646|9.454945
1510196729780|-0.9601861|2.4932616|9.43568
1510196729885|-0.07935547|3.3610475|9.212354
1510196730000|0.011171967|2.821953|9.39185
1510196730116|-0.4770187|2.1198134|9.562908
1510196730231|-0.7686555|2.1651337|9.533716
1510196730347|-0.72636724|2.511604|9.451699
1510196730464|-0.30898836|1.6289006|9.665485
1510196730592|-0.54953855|2.3453584|9.506192
1510196730692|-1.2404425|3.5774603|9.046185
1510196730807|-1.5952524|3.3497913|9.07769
1510196730923|-1.6492116|3.27516|9.0952635
1510196731040|-2.0106006|3.1903484|9.052598
1510196731152|-2.1167693|2.7582743|9.169601
1510196731269|-1.9785618|2.8142295|9.183452
1510196731386|-1.8798969|2.947441|9.162367
1510196731501|-2.034054|2.9128425|9.140479
1510196731617|-2.5822935|2.84228|9.023502
1510196731729|-2.7368038|2.7954571|8.992536
1510196731849|-2.8722944|3.1486423|8.832122
1510196731956|-3.3267167|3.5567222|8.511937
1510196732071|-3.498179|3.9087515|8.285819
1510196732186|-3.4925635|4.1569524|8.166525
1510196732300|-3.463087|3.8651972|8.320918
1510196732415|-3.2516828|3.8512177|8.412198
1510196732532|-2.9500203|4.2278776|8.342231
1510196732644|-2.7855637|4.41095|8.303886
1510196732762|-2.7369373|4.4461436|8.301288
1510196732875|-2.838234|4.174782|8.407497
1510196732990|-2.9429069|4.187525|8.365066
1510196733106|-2.50631|4.4092445|8.393293
1510196733221|-2.7685778|4.022284|8.504504
1510196733336|-2.7548106|4.0294|8.505607
1510196733450|-2.6479747|3.9036136|8.597698
1510196733568|-2.6609952|3.8080535|8.636447
1510196733682|-2.6171362|3.7827864|8.660919
1510196733798|-2.5737088|3.7685533|8.680117
1510196733914|-2.5754962|3.704977|8.706914
1510196734028|-2.5300627|3.6828408|8.729596
1510196734143|-2.5067086|3.6933472|8.731895
1510196734264|-2.5140343|3.6753888|8.737365
1510196734373|-2.516216|3.6702642|8.738891
1510196734491|-2.488569|3.684309|8.740896
1510196734605|-2.4656498|3.7017002|8.740044
1510196734717|-2.4532683|3.6949604|8.746378
1510196734832|-2.4206603|3.6893067|8.757842
1510196734948|-2.4237347|3.6443386|8.775802
1510196735064|-2.372646|3.6463788|8.788906
1510196735177|-2.3622668|3.6369104|8.795622
1510196735296|-2.2881737|3.6624823|8.804594
1510196735412|-2.2110837|3.7894115|8.770511
1510196735529|-2.178947|3.8971283|8.731263
1510196735644|-2.117655|3.9770577|8.710278
1510196735761|-1.9518709|4.0551496|8.712999
1510196735870|-1.5759306|4.339967|8.651677
1510196735983|-1.5060548|4.369706|8.649153
1510196736097|-1.4835664|4.362101|8.656875
1510196736212|-1.4769107|4.3683405|8.654866
1510196736329|-1.4188546|4.4225106|8.637051
1510196736444|-1.1739422|4.666751|8.544805
1510196736563|-1.1404552|4.7161455|8.52219
1510196736673|-1.2230419|4.7400994|8.497412
1510196736793|-1.2282834|4.8081594|8.458327
1510196736902|-1.3008993|4.765025|8.471869
1510196737018|-1.2091517|4.8132854|8.458168
1510196737133|-1.1904703|4.829003|8.4518585
1510196737247|-1.1373559|4.7819858|8.485836
1510196737362|-1.6849606|4.14757|8.725191
1510196737476|-1.7463188|4.19251|8.691584
1510196737596|-1.739064|4.3187103|8.631036
1510196737708|-1.7767452|4.312652|8.62639
1510196737823|-1.8149358|4.3931003|8.577706
1510196737937|-1.843208|4.5032|8.51435
1510196738052|-1.9028641|4.4440503|8.532287
1510196738168|-1.9105899|4.35772|8.574982
1510196738282|-1.7105453|4.3162246|8.637976
1510196738398|-1.6274815|4.295788|8.664173
1510196738514|-1.5828859|4.300097|8.670296
1510196738627|-1.6827108|4.121673|8.737887
1510196738743|-1.533246|4.1695695|8.742667
1510196738857|-1.5433062|4.1538153|8.748395
1510196738971|-1.6441981|4.16244|8.725886
1510196739088|-1.6626227|4.1133294|8.745662
1510196739204|-1.6757056|4.095207|8.751667
1510196739319|-1.6705152|4.0901666|8.755015
1510196739432|-1.6613827|4.083648|8.759795
1510196739548|-1.6364138|4.10349|8.755221
1510196739665|-1.6482271|4.0897403|8.7594385
1510196739778|-1.6441076|4.0757475|8.766732
1510196739903|-1.6399444|4.072243|8.76914
1510196740015|-1.6596549|4.0584283|8.771836
1510196740131|-1.6397666|4.064764|8.772641
1510196740241|-1.6520232|4.0474396|8.778351
1510196740356|-1.6757972|4.0227284|8.785201
1510196740471|-1.6720232|4.0211363|8.786649
1510196740582|-1.676945|4.0159636|8.788076
1510196740702|-1.6590648|4.0151253|8.791852
1510196740821|-1.645803|4.0184894|8.792808
1510196740936|-1.6273715|4.0243735|8.793548
1510196741045|-1.623136|4.022078|8.79538
1510196741159|-1.6350852|4.0434637|8.783354
1510196741282|-1.6592306|4.0767274|8.763426
1510196741391|-1.7065411|4.1934156|8.699044
1510196741507|-1.7492748|4.2245708|8.675449
1510196741617|-2.0483754|4.446887|8.497043
1510196741735|-2.1982605|4.4659195|8.449473
1510196741851|-1.257502|4.2172527|8.763781
1510196741964|-1.2634784|3.6761303|9.003338
1510196742078|-0.84354776|3.767776|9.014582
1510196742192|-2.8497546|4.061812|8.45878
1510196742310|-3.6585698|4.147706|8.098259
1510196742426|-4.3320017|4.585395|7.5085483
1510196742543|-4.7286677|4.8861203|7.0665345
1510196742652|-4.483261|4.826527|7.2646675
1510196742767|-4.2595983|4.7227798|7.464688
1510196742883|-4.3913145|4.645779|7.4366307
1510196742999|-3.8915613|4.4689875|7.8137236
1510196743114|-2.9936552|4.1371393|8.372127
1510196743228|-3.05291|4.200147|8.319188
1510196743344|-2.3430705|4.388143|8.451308
1510196743460|-2.4058478|4.2364273|8.510873
1510196743574|-2.2189534|3.8756397|8.730754
1510196743689|-1.754437|4.0087705|8.776223
1510196743804|-1.5074005|4.04806|8.804052
1510196743918|-1.3222173|3.798111|8.944076
1510196744034|-0.8792292|3.2090447|9.224932
1510196744148|-0.60219747|3.1826146|9.256279
1510196744263|-0.6279|3.3936243|9.179295
1510196744379|-0.6884861|3.2908463|9.212313
1510196744493|-0.63968796|2.7608254|9.388239
1510196744610|-0.87227625|3.132653|9.251812
1510196744724|-1.008732|3.163641|9.227363
1510196744840|-1.2638075|3.0476131|9.235001
1510196744954|-1.558982|3.1854057|9.142929
1510196745069|-2.1014357|3.460914|8.931766
1510196745186|-2.3668697|3.6882358|8.772984
1510196745300|-2.3376088|3.647838|8.797685
1510196745416|-2.3072758|3.6778247|8.793206
1510196745541|-2.293042|3.6852965|8.793801
1510196745645|-2.1927629|3.6949222|8.815313
1510196745764|-2.271046|3.7053847|8.791067
1510196745878|-2.4107127|3.737604|8.740089
1510196746004|-2.5136666|3.731773|8.713538
1510196746108|-2.7806103|3.7497041|8.624287
1510196746224|-2.9173553|3.6530862|8.62058
1510196746336|-3.0377843|3.7862139|8.520965
1510196746452|-3.2293959|3.9180188|8.389905
1510196746568|-3.6825333|4.048794|8.137359
1510196746680|-4.3734612|4.179311|7.7185864
1510196746798|-5.080041|4.385992|7.150289
1510196746918|-5.555552|4.437847|6.753646
1510196747023|-5.8296523|4.6519246|6.367506
1510196747141|-5.7134633|4.4596686|6.6059127
1510196747254|-4.6310754|4.0225277|7.6513267
1510196747371|-3.3376327|3.816304|8.394428
1510196747486|-2.7561905|3.3670394|8.78845
1510196747601|-2.750074|2.6682158|9.027077
1510196747715|-2.4225879|3.1404126|8.968794
1510196747830|-2.4555275|3.8273916|8.688604
1510196747957|-2.713487|3.1274278|8.889689
1510196748060|-2.1639767|2.312343|9.281199
1510196748176|-1.2844472|1.1361018|9.6555605
1510196748290|-0.37593865|1.138395|9.733094
1510196748406|0.72144467|1.3731112|9.683206
1510196748522|1.1928607|1.5352557|9.611996
1510196748638|-0.81236887|0.5111587|9.759568
1510196748756|0.26035187|1.0735651|9.744232
1510196748865|-0.12772113|2.5730615|9.462211
1510196748979|-1.3704641|1.4557215|9.600682
1510196749094|-1.2198128|1.9045583|9.542279
1510196749210|-0.36163092|1.8575847|9.622317
1510196749323|0.4120231|1.4341117|9.692469
1510196749441|-0.13269526|1.9118037|9.617578
1510196749555|-0.5306259|1.518238|9.67387
1510196749669|0.16489168|1.0325644|9.750744
1510196749784|-0.014448248|0.5978183|9.788401
1510196749899|0.01944177|1.122784|9.742144
1510196750015|-0.61404127|1.1705366|9.717159
1510196750129|-0.38052014|0.91920006|9.756058
1510196750245|-0.75844485|0.68289655|9.753399
1510196750361|-1.0320542|2.1718283|9.507282
1510196750476|-2.4160848|2.5702605|9.150228
1510196750592|-3.471945|2.8702722|8.710771
1510196750705|-3.7977939|3.0416262|8.514438
1510196750820|-3.2068658|2.9117105|8.798201
1510196750936|-2.9853842|2.2571445|9.06439
1510196751052|-2.9670172|2.8096635|8.9147625
1510196751166|-3.07265|2.7372866|8.901487
1510196751282|-3.0476596|2.3138454|9.029301
1510196751397|-2.8590224|2.432055|9.059883
1510196751511|-2.7481644|2.5868676|9.051303
1510196751627|-2.7226007|2.4637372|9.093286
1510196751740|-2.7780309|2.2658436|9.127918
1510196751855|-2.7483945|2.2704945|9.13573
1510196751970|-2.4324548|2.1608005|9.251189
1510196752085|-1.7702876|2.1026871|9.413563
1510196752202|-2.0276086|2.5415955|9.251999
1510196752318|-2.3461475|3.1509843|8.985393
1510196752430|-2.2385252|3.3154576|8.953609
1510196752545|-1.0035317|3.0783184|9.256742
1510196752660|-0.07988357|2.420581|9.502883
1510196752775|0.2848193|2.4895754|9.481101
1510196752891|0.14415124|3.8661928|9.011224
1510196753010|-0.9284198|4.4151444|8.707176
1510196753122|-2.4372756|4.715023|8.246128
1510196753235|-3.9367268|4.5959287|7.7168655
1510196753352|-4.6265326|4.569003|7.340967
1510196753465|-5.2034283|4.6839557|6.86697
1510196753580|-5.355526|4.590155|6.8131633
1510196753695|-5.1128445|4.2628098|7.201227
1510196753810|-4.245812|3.5965388|8.0751705
1510196753926|-3.5246468|3.4494498|8.476353
1510196754044|-3.3454807|3.3780637|8.57711
1510196754157|-3.182524|3.4041057|8.628673
1510196754271|-3.3410738|3.4089315|8.566609
1510196754386|-3.1395566|3.1525807|8.739268
1510196754501|-3.1706958|3.3888001|8.639046
1510196754616|-3.1383407|3.458003|8.623423
1510196754731|-3.1219475|3.4523396|8.631638
1510196754850|-3.0778878|3.5141869|8.6224985
1510196754960|-3.0555048|3.500878|8.635863
1510196755078|-3.0745795|3.4556456|8.647304
1510196755204|-3.0565636|3.5715656|8.606493
1510196755312|-3.1232767|3.546293|8.592982
1510196755423|-3.4883943|3.6439812|8.40969
1510196755538|-3.7727273|3.7434428|8.241575
1510196755652|-3.7354383|3.5791078|8.3310795
1510196755767|-3.7559216|3.6171508|8.3054
1510196755882|-3.722364|3.5241127|8.360324
1510196755997|-3.7202072|3.6306355|8.315583
1510196756111|-3.7425127|3.7591732|8.248188
1510196756226|-3.77087|3.823739|8.2054825
1510196756344|-3.7876415|3.7488973|8.232249
1510196756456|-3.7555664|3.6858096|8.27532
1510196756571|-3.5111241|3.569099|8.432315
1510196756687|-2.350445|3.7882738|8.734689
1510196756802|-1.7176582|3.7633164|8.891427
1510196756917|-1.3278272|3.22145|9.166761
1510196757032|-0.7949147|4.3244576|8.765705
1510196757147|0.47849068|5.74078|7.9363008
1510196757261|2.0337217|6.387065|7.1581955
1510196757375|3.2731712|6.085045|6.959092
1510196757492|4.4315004|5.5476713|6.764283
1510196757605|5.151|4.728595|6.8758974
1510196757722|4.905114|3.5061126|7.734172
1510196757836|4.1822696|2.6437666|8.466967
1510196757951|2.918297|2.156173|9.110701
1510196758068|1.3977127|2.7201867|9.317584
1510196758182|0.3321546|3.7039149|9.074199
1510196758296|-0.70013195|3.791738|9.016813
1510196758411|-0.41716447|3.41972|9.181605
1510196758528|-0.44131932|2.7138462|9.413323
1510196758642|-0.042560954|3.0770285|9.311309
1510196758757|-0.36520413|3.2372546|9.249714
1510196758872|-1.3310956|2.9391654|9.260663
1510196758989|-2.7482822|1.3403139|9.317773
1510196759102|-3.4911733|1.2963889|9.072016
1510196759219|-3.0531094|1.0575993|9.25907
1510196759331|-2.228795|1.1114653|9.48512
1510196759447|-0.79614115|2.0300336|9.561147
1510196759564|1.3961531|3.7428524|8.956126
1510196759676|1.1447308|3.713673|9.003811
1510196759792|0.1732426|3.0891044|9.305795
1510196759909|0.2594354|2.854804|9.378335
1510196760021|0.6446841|2.8358145|9.365519
1510196760137|0.87128085|3.0381038|9.283382
1510196760251|0.81387043|3.1062872|9.266012
1510196760367|0.4513872|2.9454093|9.342977
1510196760484|0.57467955|2.742826|9.397715
1510196760599|0.81000006|2.6884322|9.396096
1510196760713|0.8761674|2.8587177|9.339725
1510196760827|0.60559154|2.8805575|9.354466
1510196760942|0.5778583|2.7492912|9.39563
1510196761057|0.6261618|2.71552|9.402354
1510196761172|0.38860124|2.8129268|9.386522
1510196761291|-0.0414309|2.8274028|9.390125
1510196761402|0.09528994|2.6583006|9.439001
1510196761518|0.35451132|2.4995837|9.476117
1510196761632|-0.0956225|2.8155375|9.393295
1510196761748|-0.34670222|2.8195453|9.386179
1510196761864|0.28248644|3.2989397|9.230797
1510196761977|0.26390907|3.890328|8.998116
1510196762093|0.32147127|4.003378|8.946508
1510196762209|0.41764522|3.6190705|9.10485
1510196762322|0.3105728|3.3504384|9.211324
1510196762440|0.17826071|3.2153926|9.262821
1510196762553|0.07190638|3.1040342|9.30216
1510196762669|-0.05412558|3.063974|9.315553
1510196762785|-0.09663343|3.158088|9.283724
1510196762902|-0.0758135|3.3017273|9.233809
1510196763015|-0.0062892996|3.3261487|9.22535
1510196763128|0.04830992|3.36442|9.211337
1510196763244|0.090851106|3.3411005|9.219501
1510196763358|0.15068953|3.208819|9.26559
1510196763479|0.29261068|2.9126961|9.359539
1510196763596|0.5540912|2.4132779|9.488913
1510196763704|0.61451197|1.7718173|9.625665
1510196763820|0.67018944|0.57365096|9.766891
1510196763937|0.4397716|-0.39294028|9.788901
1510196764053|0.54473364|-0.4309746|9.78202
1510196764166|0.5210177|-0.3870187|9.785149
1510196764283|0.11119197|-1.1905769|9.733476
1510196764396|0.38476574|-0.84070283|9.762969
1510196764514|0.7288773|0.11832913|9.7788105
1510196764625|0.27369216|-0.35269457|9.796483
1510196764738|-8.354369E-4|-0.45308912|9.796178
1510196764859|-0.18448648|-0.5543936|9.789229
1510196764969|-0.023296539|-0.21627109|9.804237
