1509512630200|0.10534488|-0.06703765|9.749189
1509512630331|0.10534488|-0.076614454|9.730036
1509512630464|0.10534488|-0.08619126|9.749189
1509512630596|0.10534488|-0.06703765|9.749189
1509512630727|0.10534488|-0.06703765|9.749189
1509512630859|0.10534488|-0.06703765|9.749189
1509512630991|0.10534488|-0.06703765|9.749189
1509512631123|0.10534488|-0.06703765|9.749189
1509512631255|0.10534488|-0.076614454|9.749189
1509512631387|0.10534488|-0.076614454|9.749189
1509512631519|0.10534488|-0.076614454|9.749189
1509512631651|0.10534488|-0.076614454|9.749189
1509512631783|0.10534488|-0.076614454|9.749189
1509512631919|0.10534488|-0.05746084|9.749189
1509512632048|0.10534488|-0.076614454|9.739613
1509512632180|0.10534488|-0.076614454|9.739613
1509512632313|0.10534488|-0.08619126|9.739613
1509512632444|0.095768064|-0.047884032|9.768343
1509512632576|0.095768064|-0.076614454|9.758766
1509512632707|0.095768064|-0.05746084|9.758766
1509512632840|0.095768064|-0.05746084|9.758766
1509512632972|0.076614454|-0.05746084|9.77792
1509512633104|0.076614454|-0.02873042|9.77792
1509512633237|0.06703765|-0.038307227|9.77792
1509512633371|0.08619126|-0.038307227|9.768343
1509512633504|0.10534488|-0.06703765|9.749189
1509512633633|0.10534488|-0.06703765|9.749189
1509512633764|0.076614454|-0.047884032|9.768343
1509512633896|0.095768064|-0.06703765|9.749189
1509512634030|0.095768064|-0.06703765|9.739613
1509512634160|0.095768064|-0.06703765|9.739613
1509512634292|0.095768064|-0.06703765|9.739613
1509512634424|0.095768064|-0.06703765|9.739613
1509512634556|0.095768064|-0.06703765|9.758766
1509512634688|0.095768064|-0.076614454|9.739613
1509512634819|0.095768064|-0.05746084|9.739613
1509512634954|0.095768064|-0.05746084|9.739613
1509512635084|0.095768064|-0.05746084|9.758766
1509512635221|0.095768064|-0.05746084|9.758766
1509512635348|0.095768064|-0.05746084|9.730036
1509512635479|0.095768064|-0.06703765|9.749189
1509512635612|0.095768064|-0.06703765|9.739613
1509512635744|0.095768064|-0.06703765|9.730036
1509512635876|0.095768064|-0.06703765|9.749189
1509512636008|0.08619126|-0.047884032|9.768343
1509512636140|0.10534488|-0.06703765|9.758766
1509512636272|0.08619126|-0.06703765|9.758766
1509512636404|0.10534488|-0.06703765|9.749189
1509512636540|0.095768064|-0.047884032|9.749189
1509512636671|0.095768064|-0.05746084|9.749189
1509512636803|0.095768064|-0.06703765|9.739613
1509512636932|0.095768064|-0.06703765|9.739613
1509512637064|0.095768064|-0.06703765|9.739613
1509512637197|0.095768064|-0.06703765|9.739613
1509512637329|0.095768064|-0.06703765|9.739613
1509512637460|0.095768064|-0.076614454|9.739613
1509512637592|0.095768064|-0.076614454|9.739613
1509512637724|0.095768064|-0.05746084|9.739613
1509512637856|0.095768064|-0.076614454|9.739613
1509512637988|0.095768064|-0.05746084|9.739613
1509512638120|0.11492168|-0.06703765|9.739613
1509512638253|0.10534488|-0.06703765|9.739613
1509512638392|0.095768064|-0.06703765|9.739613
1509512638521|0.095768064|-0.06703765|9.739613
1509512638648|0.095768064|-0.06703765|9.739613
1509512638780|0.095768064|-0.06703765|9.739613
1509512638912|0.11492168|-0.06703765|9.739613
1509512639043|0.10534488|-0.06703765|9.730036
1509512639175|0.10534488|-0.06703765|9.749189
1509512639307|0.10534488|-0.076614454|9.730036
1509512639440|0.10534488|-0.076614454|9.730036
1509512639572|0.10534488|-0.076614454|9.730036
1509512639704|0.10534488|-0.076614454|9.749189
1509512639837|0.076614454|-0.047884032|9.768343
1509512639970|0.06703765|-0.02873042|9.768343
1509512640101|0.08619126|-0.047884032|9.768343
1509512640232|0.10534488|-0.05746084|9.749189
1509512640365|0.10534488|-0.06703765|9.739613
1509512640496|0.10534488|-0.06703765|9.739613
1509512640628|0.10534488|-0.06703765|9.739613
1509512640760|0.10534488|-0.06703765|9.739613
1509512640892|0.10534488|-0.06703765|9.739613
1509512641023|0.10534488|-0.06703765|9.739613
1509512641156|0.10534488|-0.06703765|9.739613
1509512641288|0.10534488|-0.076614454|9.739613
1509512641420|0.095768064|-0.076614454|9.739613
1509512641552|0.11492168|-0.076614454|9.739613
1509512641684|0.11492168|-0.076614454|9.730036
1509512641820|0.095768064|-0.076614454|9.749189
1509512641948|0.11492168|-0.076614454|9.739613
1509512642080|0.11492168|-0.076614454|9.739613
1509512642212|0.11492168|-0.08619126|9.739613
1509512642344|0.11492168|-0.08619126|9.739613
1509512642476|0.11492168|-0.06703765|9.739613
1509512642608|0.11492168|-0.06703765|9.739613
1509512642740|0.11492168|-0.08619126|9.720459
1509512642872|0.095768064|-0.06703765|9.739613
1509512643004|0.095768064|-0.06703765|9.739613
1509512643136|0.11492168|-0.06703765|9.739613
1509512643267|0.11492168|-0.08619126|9.730036
1509512643400|0.11492168|-0.08619126|9.730036
1509512643532|0.095768064|-0.06703765|9.730036
1509512643664|0.11492168|-0.06703765|9.730036
1509512643796|0.10534488|-0.06703765|9.749189
1509512643928|0.10534488|-0.06703765|9.749189
1509512644060|0.10534488|-0.06703765|9.749189
1509512644192|0.10534488|-0.06703765|9.730036
1509512644324|0.10534488|-0.06703765|9.730036
1509512644456|0.10534488|-0.08619126|9.720459
1509512644588|0.12449849|-0.06703765|9.739613
1509512644720|0.11492168|-0.06703765|9.739613
1509512644853|0.095768064|-0.06703765|9.739613
1509512644983|0.11492168|-0.06703765|9.739613
1509512645118|0.11492168|-0.06703765|9.739613
1509512645248|0.11492168|-0.076614454|9.730036
1509512645380|0.10534488|-0.076614454|9.730036
1509512645512|0.10534488|-0.076614454|9.730036
1509512645644|0.10534488|-0.076614454|9.730036
1509512645776|0.10534488|-0.076614454|9.730036
1509512645908|0.10534488|-0.076614454|9.730036
1509512646040|0.10534488|-0.08619126|9.720459
1509512646172|0.095768064|-0.06703765|9.739613
1509512646304|0.095768064|-0.06703765|9.739613
1509512646436|0.11492168|-0.06703765|9.739613
1509512646573|0.10534488|-0.06703765|9.739613
1509512646703|0.10534488|-0.06703765|9.739613
1509512646832|0.10534488|-0.06703765|9.739613
1509512646964|0.10534488|-0.08619126|9.739613
1509512647097|0.095768064|-0.06703765|9.739613
1509512647228|0.11492168|-0.06703765|9.739613
1509512647362|0.095768064|-0.06703765|9.739613
1509512647492|0.11492168|-0.08619126|9.739613
1509512647624|0.11492168|-0.06703765|9.739613
1509512647756|0.11492168|-0.06703765|9.739613
1509512647888|0.11492168|-0.06703765|9.739613
1509512648021|0.11492168|-0.076614454|9.730036
1509512648153|0.11492168|-0.076614454|9.730036
1509512648283|0.10534488|-0.076614454|9.749189
1509512648420|0.10534488|-0.076614454|9.730036
1509512648548|0.10534488|-0.076614454|9.730036
1509512648680|0.10534488|-0.076614454|9.730036
1509512648811|0.10534488|-0.08619126|9.730036
1509512648944|0.10534488|-0.08619126|9.730036
1509512649076|0.10534488|-0.06703765|9.730036
1509512649207|0.10534488|-0.06703765|9.720459
1509512649340|0.10534488|-0.06703765|9.739613
1509512649472|0.10534488|-0.06703765|9.739613
1509512649604|0.10534488|-0.06703765|9.739613
1509512649737|0.10534488|-0.076614454|9.739613
1509512649870|0.10534488|-0.076614454|9.739613
1509512650000|0.10534488|-0.076614454|9.739613
1509512650132|0.10534488|-0.076614454|9.739613
1509512650264|0.12449849|-0.08619126|9.739613
1509512650397|0.12449849|-0.08619126|9.730036
1509512650530|0.11492168|-0.08619126|9.730036
1509512650660|0.11492168|-0.08619126|9.730036
1509512650792|0.11492168|-0.08619126|9.730036
1509512650924|0.11492168|-0.06703765|9.720459
1509512651056|0.11492168|-0.076614454|9.720459
1509512651188|0.11492168|-0.076614454|9.739613
1509512651320|0.10534488|-0.076614454|9.739613
1509512651452|0.10534488|-0.05746084|9.739613
1509512651584|0.08619126|-0.05746084|9.758766
1509512651721|0.08619126|-0.05746084|9.758766
1509512651848|0.10534488|-0.076614454|9.739613
1509512651980|0.10534488|-0.076614454|9.739613
1509512652112|0.10534488|-0.076614454|9.739613
1509512652246|0.10534488|-0.076614454|9.739613
1509512652376|0.10534488|-0.076614454|9.739613
1509512652508|0.10534488|-0.076614454|9.739613
1509512652640|0.076614454|-0.047884032|9.758766
1509512652772|0.076614454|-0.047884032|9.758766
1509512652903|0.076614454|-0.047884032|9.758766
1509512653036|0.095768064|-0.06703765|9.730036
1509512653168|0.11492168|-0.06703765|9.730036
1509512653303|0.10534488|-0.076614454|9.730036
1509512653435|0.10534488|-0.08619126|9.730036
1509512653564|0.10534488|-0.08619126|9.730036
1509512653696|0.10534488|-0.08619126|9.730036
1509512653828|0.10534488|-0.08619126|9.730036
1509512653960|0.10534488|-0.08619126|9.720459
1509512654092|0.10534488|-0.06703765|9.739613
1509512654224|0.10534488|-0.06703765|9.739613
1509512654356|0.10534488|-0.06703765|9.739613
1509512654489|0.10534488|-0.06703765|9.739613
1509512654620|0.12449849|-0.06703765|9.730036
1509512654754|0.11492168|-0.06703765|9.730036
1509512654884|0.11492168|-0.076614454|9.730036
1509512655016|0.10534488|-0.05746084|9.749189
1509512655147|0.10534488|-0.076614454|9.730036
1509512655280|0.10534488|-0.076614454|9.730036
1509512655412|0.10534488|-0.08619126|9.730036
1509512655544|0.10534488|-0.06703765|9.730036
1509512655676|0.10534488|-0.076614454|9.730036
1509512655808|0.10534488|-0.076614454|9.730036
1509512655940|0.10534488|-0.076614454|9.730036
1509512656072|0.10534488|-0.076614454|9.730036
1509512656204|0.10534488|-0.08619126|9.730036
1509512656335|0.10534488|-0.06703765|9.730036
1509512656470|0.10534488|-0.06703765|9.730036
1509512656603|0.10534488|-0.06703765|9.730036
1509512656732|0.10534488|-0.06703765|9.730036
1509512656864|0.10534488|-0.06703765|9.730036
1509512656996|0.10534488|-0.06703765|9.730036
1509512657128|0.10534488|-0.06703765|9.730036
1509512657260|0.10534488|-0.076614454|9.730036
1509512657392|0.10534488|-0.076614454|9.730036
1509512657524|0.12449849|-0.076614454|9.730036
1509512657656|0.12449849|-0.076614454|9.730036
1509512657788|0.11492168|-0.076614454|9.730036
1509512657921|0.11492168|-0.08619126|9.720459
1509512658052|0.11492168|-0.08619126|9.720459
1509512658188|0.11492168|-0.06703765|9.739613
1509512658321|0.11492168|-0.06703765|9.739613
1509512658448|0.11492168|-0.06703765|9.739613
1509512658580|0.10534488|-0.076614454|9.730036
1509512658713|0.10534488|-0.076614454|9.730036
1509512658844|0.10534488|-0.076614454|9.730036
1509512658976|0.10534488|-0.076614454|9.730036
1509512659108|0.10534488|-0.076614454|9.730036
1509512659240|0.10534488|-0.08619126|9.730036
1509512659371|0.10534488|-0.08619126|9.720459
1509512659504|0.10534488|-0.06703765|9.739613
1509512659635|0.10534488|-0.08619126|9.720459
1509512659767|0.10534488|-0.08619126|9.720459
1509512659904|0.12449849|-0.08619126|9.720459
1509512660032|0.11492168|-0.08619126|9.720459
1509512660163|0.11492168|-0.08619126|9.720459
1509512660296|0.11492168|-0.08619126|9.720459
1509512660428|0.11492168|-0.08619126|9.720459
1509512660560|0.11492168|-0.06703765|9.720459
1509512660692|0.11492168|-0.08619126|9.720459
1509512660824|0.11492168|-0.08619126|9.720459
1509512660956|0.11492168|-0.08619126|9.720459
1509512661088|0.10534488|-0.08619126|9.720459
1509512661219|0.12449849|-0.08619126|9.720459
