1509453173342|-4.0107574|-0.6264801|9.287704
1509453173465|-2.3005066|1.1755524|9.03392
1509453173600|-1.1065979|2.1779327|9.179962
1509453173714|-1.1712341|2.2760925|9.551056
1509453173824|-0.85679626|2.4101715|9.551865
1509453173943|0.27964783|2.4221344|9.788879
1509453174063|-0.04196167|3.6527557|9.179962
1509453174188|-0.7706146|5.0014954|5.2710266
1509453174306|-2.5335388|4.9807434|10.375473
1509453174427|-2.7274628|3.2321777|6.9860687
1509453174543|-0.5136261|1.493988|11.414551
1509453174670|-0.36279297|2.731781|10.360306
1509453174783|-2.7234802|4.0230713|6.395508
1509453174907|-1.4218292|4.236145|7.6596527
1509453175023|0.014694214|-0.54826355|11.950058
1509453175143|-0.6054077|2.9081573|10.480804
1509453175266|-2.4361725|4.926483|6.0786743
1509453175387|-3.4944153|4.3207397|6.686798
1509453175509|-3.2230682|1.9161682|10.441711
1509453175624|-1.9102478|3.3447113|8.084213
1509453175744|-5.2780914|3.70224|7.8320312
1509453175869|-4.602127|3.805191|5.7123566
1509453175996|-4.1552124|0.92655945|10.248581
1509453176107|-2.651657|3.1156616|9.774521
1509453176225|-2.7274628|4.4995117|6.9796906
1509453176343|-5.3124084|3.736557|7.524765
1509453176463|-4.3419647|4.971161|6.037979
1509453176588|-4.6340485|3.8714294|7.8280334
1509453176707|-4.600525|3.494751|7.8767242
1509453176824|-4.2150574|2.175537|7.9581146
1509453176943|-2.6652222|1.8834381|9.607727
1509453177064|-2.0251617|1.5841675|9.843964
1509453177183|-2.050705|1.8587036|9.454498
1509453177307|-0.67404175|3.851471|8.417007
1509453177423|-2.1025848|3.374237|8.854355
1509453177544|-2.466507|3.872223|9.109726
1509453177663|-4.344345|3.5035248|8.448929
1509453177786|-4.142441|5.26326|4.892746
1509453177906|-4.3818665|4.0382233|8.716278
1509453178024|-3.8958282|3.061386|8.5439
1509453178143|-2.7657776|3.3558807|8.446533
1509453178263|-2.3013|2.6759338|8.94931
1509453178389|-1.8136749|2.363083|9.532715
1509453178505|-0.93182373|2.331955|9.368301
1509453178625|-0.5120392|2.1986847|9.455292
1509453178750|-0.84562683|3.1380005|9.681152
1509453178872|-2.334015|3.7692719|8.140076
1509453178989|-2.97966|4.793991|9.341965
1509453179106|-4.4488983|3.9783783|6.024399
1509453179224|-3.8303986|5.2057953|5.861603
1509453179344|-3.2015228|4.181076|8.602966
1509453179463|-3.013977|2.9847717|8.523163
1509453179584|-1.6923828|3.0797424|9.1983185
1509453179705|-0.9110718|3.138794|9.48642
1509453179824|-0.31011963|2.6631622|9.107346
1509453179943|-1.2757874|2.9720154|11.002747
1509453180064|-0.78178406|3.7413483|7.5487213
1509453180186|-2.1448822|4.1890564|9.550262
1509453180304|-4.5494537|3.6511688|7.842407
1509453180424|-3.5814056|5.738907|4.9893036
1509453180543|-3.999588|3.7014465|9.091385
1509453180665|-3.2382355|2.8546906|8.018768
1509453180786|-2.177597|2.3487244|8.832809
1509453180905|-0.9597473|2.015915|10.229416
1509453181025|-0.75942993|0.86190796|11.41774
1509453181144|-1.2135315|1.6440277|9.721054
1509453181264|-1.8495941|2.7086487|8.964478
1509453181386|-2.7984924|2.9017792|9.066635
1509453181516|-3.7769165|2.9600372|8.185562
1509453181624|-4.160797|4.1730957|5.974121
1509453181744|-2.9269867|2.0653992|9.274139
1509453181867|-2.5239563|1.4277496|9.60054
1509453181989|-1.0954285|2.1284485|9.853531
1509453182106|-1.7594147|0.9688568|10.721039
1509453182225|-2.5048065|1.4612732|8.199142
1509453182344|-2.014801|4.471573|8.345184
1509453182465|-4.029907|3.654358|9.137665
1509453182584|-4.705887|4.8362885|4.5719147
1509453182705|-4.887039|2.4021912|9.256577
1509453182827|-3.2964935|2.3056183|8.809662
1509453182944|-2.4944305|2.0031586|8.937347
1509453183064|-1.1824188|2.4524689|9.233429
1509453183184|-1.7586212|0.69911194|11.926102
1509453183306|-2.3587646|1.8706818|8.493622
1509453183425|-2.8719177|3.2976227|9.522339
1509453183545|-2.859146|5.0509796|7.111374
1509453183664|-4.2062836|4.5904846|7.135315
1509453183784|-3.2957|3.2648926|8.353958
1509453183904|-1.9246063|2.8714447|9.071426
1509453184029|-1.7554321|2.4596558|9.405014
1509453184146|-2.1209412|2.1148834|10.145615
1509453184266|-2.402649|2.5202942|8.1783905
1509453184384|-3.4832306|3.4987335|9.683548
1509453184516|-3.2829132|4.689453|6.7482452
1509453184625|-3.7114868|4.061371|8.400253
1509453184745|-2.4856567|2.1005096|9.429749
1509453184864|-1.1919861|3.2752686|9.933334
1509453184987|-2.14328|1.4963837|9.318832
1509453185110|-1.0347748|1.0358887|9.326004
1509453185230|0.5709381|0.6807556|9.923767
1509453185344|-0.054733276|-0.22265625|9.952484
1509453185465|-0.41227722|-0.24978638|9.639648
1509453185585|-0.30532837|0.2673645|10.381058
1509453185705|-0.986084|0.9273529|8.92778
