1509425997170|0.5958995|-0.47915345|-0.21133068|0.60881454
1509425997280|0.593345|-0.48640895|-0.22619604|0.60015285
1509425997400|0.60267067|-0.5102858|-0.23294139|0.5675692
1509425997519|0.6058969|-0.506017|-0.21481895|0.5750552
1509425997640|0.60910535|-0.5029539|-0.21313496|0.5749796
1509425997760|0.62004316|-0.49736443|-0.20404564|0.57143724
1509425997880|0.6225707|-0.50386506|-0.18612893|0.5691061
1509425998000|0.6266672|-0.511705|-0.18610202|0.55750537
1509425998122|0.634392|-0.5081561|-0.18491834|0.5523851
1509425998241|0.64055175|-0.49563843|-0.17521635|0.5597636
1509425998360|0.6392291|-0.49119404|-0.17714594|0.5645652
1509425998479|0.633067|-0.5010027|-0.18831964|0.55924785
1509425998600|0.6310638|-0.5044551|-0.19221543|0.5570788
1509425998724|0.63077694|-0.5078362|-0.19440521|0.5535607
1509425998846|0.63091236|-0.5105|-0.1967601|0.5501134
1509425998962|0.62985224|-0.5093905|-0.19748756|0.55209255
1509425999086|0.6309805|-0.51021916|-0.19686699|0.55025756
1509425999207|0.631681|-0.5096997|-0.19634344|0.5501223
1509425999332|0.631814|-0.5102919|-0.19610804|0.5495042
1509425999443|0.63162863|-0.5105922|-0.19761905|0.5488967
1509425999563|0.63111675|-0.5110024|-0.20086353|0.5479252
1509425999681|0.6308853|-0.51018476|-0.20205577|0.54851496
1509425999809|0.6306805|-0.5110279|-0.20166613|0.54810894
1509425999924|0.6299248|-0.5123795|-0.20399219|0.5468539
1509426000040|0.6292173|-0.5147835|-0.20526604|0.5449306
1509426000161|0.62940764|-0.5143897|-0.20642398|0.54464525
1509426000282|0.6273686|-0.51717466|-0.21016003|0.5429289
1509426000408|0.62596756|-0.51953244|-0.21194941|0.5415977
1509426000523|0.62471205|-0.5205279|-0.21200946|0.5420678
1509426000643|0.6262806|-0.52113783|-0.21156444|0.5398412
1509426000765|0.626254|-0.5207383|-0.21206601|0.54006064
1509426000885|0.62606084|-0.5204698|-0.21217577|0.5405003
1509426001003|0.62600195|-0.51959074|-0.21174502|0.541582
1509426001124|0.6291103|-0.51716983|-0.20904396|0.54134667
1509426001249|0.6269433|-0.516972|-0.21161386|0.54304844
1509426001369|0.627396|-0.5177369|-0.21263935|0.5413939
1509426001484|0.6280422|-0.51916254|-0.213696|0.53885734
1509426001602|0.6277232|-0.5191911|-0.2136156|0.5392333
1509426001723|0.62758815|-0.52009165|-0.2141801|0.5382979
1509426001840|0.6279553|-0.5204007|-0.21457084|0.5374147
1509426001962|0.62709|-0.5205818|-0.21502332|0.5380685
1509426002085|0.6273165|-0.52072877|-0.2146534|0.5378099
1509426002208|0.6273748|-0.52079827|-0.21496065|0.5375518
1509426002329|0.62843704|-0.52066576|-0.21336459|0.53707504
1509426002442|0.6285293|-0.52127355|-0.2132263|0.536432
1509426002566|0.62965196|-0.5221852|-0.21322183|0.53422606
1509426002685|0.62852764|-0.5206522|-0.21403278|0.53671616
1509426002802|0.6288387|-0.52165306|-0.21412213|0.5353426
1509426002923|0.62831753|-0.5205907|-0.21483977|0.53669935
1509426003041|0.62388456|-0.52022094|-0.22032638|0.5399949
1509426003166|0.6156966|-0.52122235|-0.22901376|0.54479134
1509426003370|0.5741654|-0.521838|-0.31264815|0.5479693
1509426003492|0.54225534|-0.51533705|-0.34846503|0.56476456
1509426003610|0.552734|-0.5303429|-0.3532664|0.53705156
1509426003730|0.5603553|-0.53361946|-0.34593484|0.53064233
1509426003853|0.5756539|-0.52745706|-0.331728|0.52949804
1509426003975|0.5940697|-0.51177025|-0.32214877|0.5304645
1509426004095|0.60426813|-0.48399937|-0.3587614|0.52143544
1509426004213|0.61792576|-0.4299585|-0.41481367|0.5111096
1509426004329|0.6313641|-0.4456342|-0.46885046|0.4277485
1509426004453|0.6759602|-0.43156517|-0.4768468|0.35978666
1509426004573|0.6791858|-0.4443138|-0.50308424|0.29698163
1509426004695|0.6422937|-0.4831627|-0.5214891|0.28646424
1509426004810|0.62734157|-0.51460093|-0.4894103|0.31954017
1509426004939|0.63064504|-0.4895084|-0.48312896|0.35952026
1509426005050|0.62937635|-0.4747995|-0.47252768|0.3939142
1509426005171|0.6510548|-0.48366344|-0.42545313|0.4014809
1509426005288|0.66019624|-0.48529094|-0.41846517|0.391817
1509426005410|0.65754396|-0.48474047|-0.42345473|0.39159772
1509426005537|0.659451|-0.47922122|-0.422343|0.39635566
1509426005656|0.6541935|-0.47669452|-0.43228188|0.3973985
1509426005770|0.6527739|-0.48237658|-0.43494767|0.38989684
1509426005898|0.6534042|-0.4893324|-0.43405524|0.381068
1509426006015|0.6516903|-0.49774116|-0.4347167|0.37225646
1509426006130|0.6480215|-0.5059167|-0.4332691|0.36931592
1509426006256|0.65095824|-0.5067149|-0.41932595|0.3790239
1509426006373|0.6574022|-0.4920788|-0.42426774|0.38167736
1509426006493|0.6440375|-0.502631|-0.43779314|0.37538633
1509426006610|0.6159431|-0.49885127|-0.4943972|0.3568374
1509426006734|0.59496194|-0.49228847|-0.51628476|0.3703004
1509426006852|0.5962666|-0.5166562|-0.5134056|0.33756056
1509426006976|0.6010699|-0.51023924|-0.500574|0.3574864
1509426007095|0.6121777|-0.50897956|-0.49078894|0.35398376
1509426007210|0.61721575|-0.5146116|-0.47814944|0.35439068
1509426007337|0.6194577|-0.51598567|-0.475194|0.3524508
1509426007450|0.62231636|-0.51537925|-0.47081304|0.3541775
1509426007573|0.6217507|-0.5148013|-0.4704332|0.35650843
1509426007693|0.62204826|-0.519678|-0.4684612|0.35147524
1509426007810|0.6248306|-0.5217127|-0.46265593|0.35121503
1509426007933|0.62547445|-0.5227301|-0.4616119|0.34992766
1509426008056|0.6248557|-0.5248017|-0.4606871|0.3491503
1509426008171|0.62573093|-0.5259703|-0.45808706|0.3492454
1509426008290|0.62527317|-0.52778|-0.45720613|0.3484886
1509426008418|0.6252856|-0.5290286|-0.45594802|0.34822127
1509426008541|0.62440157|-0.5302008|-0.45649981|0.34730062
1509426008656|0.6238476|-0.5306141|-0.45681342|0.34725267
1509426008778|0.62370205|-0.53071713|-0.4568816|0.34726676
1509426008891|0.6231255|-0.5312175|-0.4570336|0.3473368
1509426009011|0.6220094|-0.5314807|-0.45818138|0.34742242
1509426009139|0.6213455|-0.5313265|-0.45860928|0.34828076
1509426009257|0.6231224|-0.5327594|-0.45332104|0.34983706
1509426009375|0.62406623|-0.5334174|-0.4518228|0.34908938
1509426009489|0.6268559|-0.5328958|-0.4494771|0.34791386
1509426009611|0.62556183|-0.5332604|-0.45190716|0.34653375
1509426009734|0.6254808|-0.5333533|-0.45176107|0.34672758
1509426009856|0.6258238|-0.5331693|-0.45091355|0.3474939
1509426009976|0.625837|-0.533408|-0.45094764|0.34705934
1509426010094|0.6262079|-0.5336651|-0.4510762|0.34582582
1509426010211|0.62615377|-0.5351406|-0.4503849|0.34454232
1509426010347|0.62756956|-0.53558266|-0.44856444|0.3436533
1509426010457|0.62750006|-0.53753847|-0.44787475|0.34162012
1509426010574|0.6280343|-0.5391731|-0.44622275|0.3402213
1509426010699|0.6301762|-0.5407855|-0.44371304|0.33696854
1509426010816|0.6296662|-0.54096246|-0.44450662|0.33659172
1509426010936|0.6292923|-0.5413949|-0.44521242|0.33566153
1509426011051|0.6290801|-0.54141766|-0.44550526|0.335634
1509426011172|0.6271281|-0.5421451|-0.44815764|0.33457997
1509426011291|0.62717557|-0.5422709|-0.4477111|0.33488476
1509426011419|0.6271041|-0.54187286|-0.44774544|0.33561626
1509426011535|0.6261608|-0.54231405|-0.44894353|0.3350639
1509426011656|0.6258705|-0.54142034|-0.44940004|0.33643675
1509426011774|0.62669975|-0.5416248|-0.44835868|0.3359531
1509426011892|0.62538743|-0.5419409|-0.44949472|0.33637047
1509426012020|0.62573975|-0.54175824|-0.4499058|0.33545873
1509426012139|0.62545145|-0.5419213|-0.44988066|0.33576658
1509426012242|0.6259607|-0.5413118|-0.44963315|0.33613205
1509426012324|0.6263681|-0.5413657|-0.4497827|0.33508462
1509426012461|0.6259011|-0.541452|-0.4500872|0.33540893
1509426012587|0.62643826|-0.5421761|-0.4493024|0.33428657
1509426012722|0.6267406|-0.5428573|-0.44835335|0.33388838
1509426012855|0.6261654|-0.5425193|-0.44869325|0.33505833
1509426012987|0.6262545|-0.5429915|-0.4486138|0.3342323
1509426013127|0.6253416|-0.542529|-0.45065385|0.33394802
1509426013269|0.6256857|-0.5427177|-0.45000446|0.3338725
1509426013400|0.6258362|-0.5425744|-0.44955364|0.33443025
1509426013523|0.6260545|-0.54284143|-0.44867384|0.33476958
1509426013646|0.62615454|-0.5429366|-0.4491261|0.3338204
1509426013762|0.62723637|-0.5427527|-0.44777995|0.333897
1509426013878|0.6281636|-0.54188985|-0.4469997|0.33460003
1509426014003|0.62965024|-0.5410719|-0.44602066|0.33443588
1509426014118|0.63034856|-0.5405832|-0.44548917|0.3346191
1509426014238|0.63092315|-0.54018587|-0.4454867|0.33418086
1509426014329|0.62964547|-0.54151154|-0.4466992|0.33282384
1509426014460|0.62960035|-0.5417416|-0.4468088|0.33238733
1509426014593|0.6296004|-0.5417032|-0.44752404|0.33148625
1509426014725|0.628627|-0.5418986|-0.44912192|0.33085272
1509426014862|0.62965167|-0.5420571|-0.44772637|0.33053586
1509426014995|0.63073933|-0.5408151|-0.4465916|0.33202842
1509426015138|0.67326015|-0.5105815|-0.41527963|0.33700168
1509426015268|0.6923387|-0.47515666|-0.4229935|0.3405433
1509426015390|0.70776236|-0.46085334|-0.40876222|0.34583247
1509426015508|0.7047994|-0.46023557|-0.41534576|0.34486076
1509426015634|0.6813312|-0.4726626|-0.44657558|0.33607757
1509426015751|0.65176266|-0.4766981|-0.47388354|0.35128158
1509426015872|0.6122507|-0.47627592|-0.5079697|0.37453598
1509426015989|0.6019445|-0.4786764|-0.5103379|0.3848206
1509426016110|0.60279304|-0.48932788|-0.5071885|0.37411043
1509426016237|0.5962915|-0.49284014|-0.5122593|0.3730087
1509426016353|0.59908026|-0.4869331|-0.5159575|0.3711965
1509426016472|0.59072524|-0.46070307|-0.5633244|0.34851396
1509426016599|0.627392|-0.41724506|-0.5606367|0.343471
1509426016709|0.6341641|-0.43666852|-0.5595482|0.30669576
1509426016834|0.58112514|-0.41682282|-0.6360525|0.2898094
1509426016952|0.58571273|-0.427444|-0.62696564|0.28486198
1509426017073|0.60575145|-0.43685296|-0.60944146|0.26609352
1509426017191|0.6116935|-0.44433784|-0.6153474|0.22303037
1509426017317|0.63499475|-0.45512837|-0.59291095|0.19518316
1509426017429|0.6792331|-0.43386608|-0.56105554|0.18873091
1509426017550|0.6998586|-0.4099201|-0.54495513|0.21257311
1509426017685|0.6784814|-0.41882354|-0.5589137|0.22773947
1509426017794|0.6700733|-0.42656463|-0.55928093|0.23716927
1509426017929|0.6687394|-0.42868268|-0.56034565|0.23458812
1509426018039|0.6632844|-0.43366793|-0.56479913|0.23019078
1509426018151|0.66019213|-0.43857682|-0.56497747|0.2293407
1509426018273|0.6603098|-0.43765005|-0.5653389|0.22988112
1509426018394|0.6605215|-0.43231916|-0.5694836|0.22912861
1509426018511|0.6597785|-0.43042168|-0.57459915|0.22195804
1509426018637|0.6589326|-0.42967913|-0.5767231|0.22039548
1509426018763|0.65883017|-0.43046615|-0.5768061|0.21894373
1509426018872|0.6580882|-0.42972222|-0.57813245|0.21913828
1509426018994|0.6569145|-0.43115667|-0.57907873|0.21733639
1509426019115|0.65616214|-0.43264264|-0.579852|0.21457691
1509426019232|0.65520096|-0.43323135|-0.58070946|0.21400656
1509426019357|0.65557075|-0.43366662|-0.5808722|0.21153668
1509426019475|0.65582|-0.43298876|-0.58149594|0.21043602
1509426019594|0.6571847|-0.43292725|-0.5812415|0.20697953
1509426019709|0.6583156|-0.43355694|-0.5795874|0.20670606
1509426019834|0.6573932|-0.43536943|-0.5788656|0.20785138
1509426019952|0.6579956|-0.4358533|-0.5775538|0.2085794
1509426020078|0.6574424|-0.43533158|-0.57824075|0.20950781
1509426020192|0.6568429|-0.4360272|-0.5791988|0.20728356
1509426020311|0.6564465|-0.43509385|-0.5801737|0.20777355
1509426020431|0.65788627|-0.43411627|-0.579264|0.20780286
1509426020559|0.6582306|-0.43405092|-0.57879466|0.20815629
1509426020670|0.65778583|-0.43412235|-0.5788456|0.20926853
1509426020802|0.6587968|-0.43366957|-0.5780632|0.20919009
1509426020910|0.6598218|-0.43239138|-0.5774316|0.21034633
1509426021033|0.6584733|-0.43176264|-0.5795613|0.2100064
1509426021151|0.6591436|-0.43217698|-0.57943535|0.20738228
1509426021275|0.6577382|-0.43218642|-0.5812054|0.20687085
1509426021398|0.6582084|-0.43358085|-0.5804876|0.204459
1509426021517|0.6564324|-0.4348538|-0.5820326|0.2030682
1509426021631|0.65676343|-0.4345824|-0.5814682|0.20419252
1509426021756|0.65580535|-0.43540406|-0.5824058|0.20284499
1509426021876|0.6560129|-0.43548504|-0.5823402|0.20218748
1509426021990|0.65532345|-0.4357287|-0.5830608|0.20182109
1509426022115|0.6555405|-0.4363745|-0.58263224|0.20095663
1509426022230|0.6554119|-0.4369155|-0.5821601|0.20156802
1509426022352|0.6540988|-0.43861678|-0.58306307|0.19951814
1509426022472|0.65605086|-0.43918124|-0.5811302|0.19749637
1509426022590|0.6554058|-0.43902406|-0.58199936|0.19742814
1509426022712|0.65618813|-0.43739966|-0.58194333|0.19859666
1509426022836|0.6559348|-0.4374307|-0.58251697|0.19768128
1509426022952|0.65500927|-0.43714368|-0.5837479|0.19775389
1509426023072|0.6554512|-0.4364633|-0.5836577|0.19805875
1509426023191|0.6531076|-0.43638894|-0.58666223|0.19708535
1509426023311|0.6533265|-0.43652725|-0.58731055|0.19409989
1509426023438|0.6529261|-0.43493876|-0.5891603|0.19340609
1509426023558|0.65335155|-0.43122423|-0.59359|0.18662342
1509426023676|0.65193796|-0.4307091|-0.5956843|0.18608275
1509426023794|0.6519993|-0.4309102|-0.59578085|0.18509056
