1510200214504|-1.2658025|4.6626487|8.533922
1510200214611|-1.2437856|4.691595|8.521286
1510200214727|-1.2335086|4.7844787|8.470986
1510200214843|-1.3657378|4.9660044|8.345294
1510200214956|-1.6320558|5.259699|8.11433
1510200215079|-1.7854064|5.272282|8.0737705
1510200215192|-2.005735|5.331616|7.982562
1510200215303|-2.2004454|5.4056044|7.880854
1510200215417|-2.3036284|5.3905683|7.8616447
1510200215533|-2.3708365|5.337913|7.877576
1510200215651|-2.3246288|5.456036|7.8101325
1510200215762|-2.1954799|5.444504|7.8554196
1510200215877|-2.0250597|5.4624805|7.888652
1510200215994|-1.8775251|5.4314933|7.9463305
1510200216109|-2.0212204|5.607927|7.7869263
1510200216224|-2.073023|5.662931|7.7333155
1510200216338|-2.1545079|5.705355|7.679674
1510200216453|-2.1472206|5.644573|7.7264886
1510200216570|-2.071915|5.588954|7.7872424
1510200216685|-2.048532|5.6124606|7.776515
1510200216797|-1.9277486|5.565268|7.8410435
1510200216913|-1.7994038|5.569737|7.8683257
1510200217027|-1.7421948|5.637677|7.8327355
1510200217144|-1.6303319|5.6572013|7.8427343
1510200217258|-1.6484588|5.652096|7.842626
1510200217373|-1.7193518|5.652573|7.827045
1510200217491|-2.019338|5.6738925|7.7394834
1510200217603|-2.2143283|5.6957564|7.6697774
1510200217718|-2.2090266|5.822786|7.575339
1510200217834|-2.185137|5.8705263|7.5453615
1510200217949|-2.0416589|5.8549075|7.5975046
1510200218064|-1.8276427|5.6667995|7.7921424
1510200218180|-1.6872983|5.6386175|7.8440676
1510200218294|-1.6452357|5.600566|7.8801813
1510200218409|-1.3626208|5.653889|7.8960238
1510200218524|-1.1638905|5.4707885|8.055198
1510200218639|-1.2465377|5.4841084|8.033748
1510200218755|-1.29719|5.4842615|8.025619
1510200218868|-1.2628685|5.1542716|8.246758
1510200218984|-1.2297567|5.057139|8.311645
1510200219099|-1.2160327|4.981758|8.359051
1510200219215|-1.2808563|4.981348|8.349608
1510200219329|-1.146471|4.934162|8.397025
1510200219443|-1.2599785|4.96151|8.364584
1510200219557|-1.283807|5.01651|8.328076
1510200219674|-1.4113089|5.012344|8.309935
1510200219788|-1.4758655|5.168064|8.2026415
1510200219903|-1.5737535|5.1420064|8.20082
1510200220020|-1.4914206|5.2429843|8.152126
1510200220133|-1.3114228|5.1247497|8.257572
1510200220248|-1.259288|5.139514|8.256511
1510200220365|-1.1871406|4.990962|8.357714
1510200220482|-1.2255256|4.9846597|8.355935
1510200220593|-1.310959|5.107562|8.268287
1510200220709|-1.3417213|5.1382284|8.244318
1510200220823|-1.6319712|5.2047825|8.149681
1510200220938|-1.7713944|5.2721524|8.076941
1510200221054|-1.7537652|5.316144|8.051913
1510200221168|-1.7269373|5.1535788|8.162641
1510200221285|-1.7016116|5.3273416|8.055702
1510200221398|-1.9810102|5.3382554|7.984298
1510200221515|-1.9080238|5.1886134|8.099884
1510200221631|-1.9749266|5.354972|7.9746056
1510200221745|-2.0982752|5.1326776|8.088464
1510200221859|-1.9548447|5.373639|7.9669933
1510200221975|-2.1640108|5.182799|8.039032
1510200222092|-2.0951366|5.377676|7.928517
1510200222204|-2.2193205|5.5603056|7.76711
1510200222321|-2.1519668|5.5820923|7.770436
1510200222437|-2.1227357|6.0748024|7.400078
1510200222550|-2.257637|5.861669|7.5308895
1510200222664|-1.9936818|5.9807873|7.511711
1510200222780|-2.1941934|5.980558|7.455792
1510200222896|-2.1075404|5.861386|7.574485
1510200223010|-2.029189|6.0083885|7.4801097
1510200223125|-2.3330698|5.6817513|7.644925
1510200223242|-2.2681577|5.821034|7.559194
1510200223358|-2.3920212|5.9200516|7.4432254
1510200223472|-2.3475585|5.722496|7.6100197
1510200223586|-2.1447437|5.983231|7.468025
1510200223702|-2.3660045|5.8480196|7.5082
1510200223816|-2.1611881|5.660032|7.711271
1510200223933|-2.1333916|5.8878303|7.546688
1510200224050|-2.2330456|5.735479|7.6346693
1510200224163|-2.091544|5.613912|7.764008
1510200224275|-2.1062174|5.7969337|7.6242905
1510200224392|-2.0928514|5.5769835|7.790225
1510200224506|-1.8046978|5.584431|7.85669
1510200224622|-1.961408|5.548311|7.844712
1510200224736|-1.8220284|5.482332|7.924307
1510200224852|-1.8198159|5.447033|7.949119
1510200224965|-1.8680832|5.235966|8.078694
1510200225082|-1.8946344|5.210421|8.089021
1510200225195|-1.8886013|5.2207365|8.083779
1510200225309|-1.7984458|5.242989|8.089935
1510200225427|-1.7778926|5.320941|8.043448
1510200225541|-1.6648232|5.332442|8.060014
1510200225656|-1.6667658|5.3858247|8.024037
1510200225771|-1.5248151|5.367139|8.064685
1510200225885|-1.5636554|5.5008674|7.9665446
1510200226001|-1.503364|5.40657|8.042342
1510200226115|-1.6073146|5.4498115|7.992902
1510200226230|-1.5681825|5.437002|8.009381
1510200226346|-1.5545068|5.4167266|8.025769
1510200226461|-1.5876516|5.4743423|7.980058
1510200226575|-1.6553637|5.5283833|7.9288807
1510200226691|-1.6147654|5.4360113|8.000793
1510200226806|-1.6840115|5.638426|7.844912
1510200226922|-1.7154403|5.5420356|7.9065475
1510200227036|-1.6227838|5.512538|7.946628
1510200227152|-1.6823076|5.62464|7.855168
1510200227265|-1.6590037|5.479199|7.9621906
1510200227380|-1.6904259|5.577221|7.8871703
1510200227495|-1.6879876|5.4964786|7.944168
1510200227611|-1.7304491|5.3771143|8.016395
1510200227725|-1.7235447|5.424445|7.9859366
1510200227842|-1.8107694|5.426644|7.965114
1510200227954|-1.7543142|5.470505|7.947726
1510200228074|-1.8412824|5.5114365|7.8996286
1510200228186|-1.8199701|5.384806|7.9913683
1510200228301|-1.7135509|5.4701056|7.956889
1510200228416|-1.7779677|5.4038334|7.9879785
1510200228532|-1.7496271|5.3974786|7.9985256
1510200228647|-1.7383136|5.4244304|7.9827447
1510200228763|-1.7175816|5.456004|7.965697
1510200228876|-1.7568623|5.5980067|7.857871
1510200228991|-1.7042482|5.528924|7.9181385
1510200229107|-1.7421707|5.5959992|7.8625703
1510200229221|-1.6734159|5.55231|7.9083447
1510200229339|-1.6625862|5.6190267|7.863379
1510200229451|-1.6662967|5.4868703|7.9553814
1510200229566|-1.627772|5.5175514|7.942127
1510200229680|-1.5895495|5.4388595|8.003906
1510200229797|-1.5292529|5.4475164|8.009765
1510200229912|-1.6119947|5.3455105|8.062095
1510200230026|-1.6285352|5.357003|8.051136
1510200230140|-1.774783|5.1373305|8.162621
1510200230256|-1.7349038|5.095343|8.197437
1510200230375|-1.8406379|4.9316554|8.27413
1510200230487|-1.8221242|4.869022|8.31522
1510200230603|-1.9455719|4.647369|8.413507
1510200230717|-1.911835|4.478667|8.512157
1510200230834|-1.9091145|4.3800745|8.563913
1510200230947|-1.9484198|4.204204|8.642842
1510200231061|-1.6802151|4.264985|8.669323
1510200231178|-1.714998|4.0951295|8.744088
1510200231293|-1.7632787|3.6684787|8.922078
1510200231406|-2.0497553|3.537521|8.913745
1510200231522|-2.6510189|3.2609227|8.860523
1510200231638|-2.9913864|3.2445729|8.757552
1510200231753|-3.2335384|3.5108783|8.5667
1510200231868|-3.5174398|3.5324752|8.445094
1510200231983|-3.5489645|3.1608977|8.578109
1510200232098|-3.7146654|3.1030257|8.528944
1510200232212|-3.637167|3.0625055|8.576856
1510200232328|-3.5795233|2.6624599|8.733195
1510200232444|-3.2357569|2.589427|8.887921
1510200232558|-2.9673882|2.7254446|8.940746
1510200232674|-2.6723518|2.736438|9.029995
1510200232789|-2.5770364|2.337648|9.168679
1510200232905|-2.381983|2.0833218|9.2820425
1510200233019|-2.6815243|1.9339365|9.232535
1510200233132|-2.9426906|2.113624|9.112824
1510200233246|-3.3276477|2.163083|8.967621
1510200233364|-3.5166335|2.561678|8.788713
1510200233479|-3.6696215|2.4857662|8.7478695
1510200233593|-3.6042852|2.2971447|8.826247
1510200233708|-3.370912|2.2634685|8.926592
1510200233822|-3.4067276|2.603444|8.8196745
1510200233939|-3.3789887|2.7475896|8.786557
1510200234052|-3.0236504|2.8401315|8.886032
1510200234166|-2.8434355|2.6905272|8.991459
1510200234281|-2.78207|2.7278757|8.999398
1510200234397|-3.0742543|2.8057225|8.879599
1510200234512|-3.0480106|3.0297182|8.814807
1510200234629|-3.4102626|2.8338208|8.746998
1510200234744|-3.1418808|2.7933567|8.859804
1510200234859|-3.0657792|3.109025|8.780965
1510200234972|-3.099058|3.4053335|8.658518
1510200235087|-3.0300183|3.3455138|8.706141
1510200235204|-3.1837366|3.1650233|8.718764
1510200235318|-3.0683784|3.1105366|8.779522
1510200235433|-3.152269|3.2314684|8.705814
1510200235550|-3.6585631|3.0531905|8.571075
1510200235664|-3.6007588|3.161943|8.55611
1510200235778|-3.420805|3.3172743|8.571123
1510200235893|-3.1735947|3.1936016|8.712037
1510200236008|-2.8710287|3.0798118|8.856768
1510200236123|-3.310421|2.7943947|8.79789
1510200236238|-3.0561473|3.2681563|8.726368
1510200236355|-3.108994|3.5976038|8.576817
1510200236467|-3.224048|3.4178894|8.607783
1510200236582|-3.4253235|3.5094352|8.492433
1510200236698|-3.6557453|3.1677563|8.530605
1510200236813|-3.284139|3.303655|8.62964
1510200236928|-2.958093|3.4653025|8.683994
1510200237042|-2.5861192|3.3981235|8.828088
1510200237157|-2.4820015|3.4858427|8.823771
1510200237273|-2.4989102|3.265356|8.902993
1510200237388|-2.6196415|3.482391|8.785262
1510200237504|-2.8885107|3.574273|8.663224
1510200237620|-2.9521177|3.3691375|8.723779
1510200237733|-3.4656718|3.0107648|8.665727
1510200237849|-3.3699644|3.1592839|8.650587
1510200237962|-2.8745608|3.1211708|8.84113
1510200238079|-2.2768507|3.2693126|8.960911
1510200238195|-2.1569567|3.3667085|8.954507
1510200238310|-2.3022933|2.9535694|9.0634575
1510200238427|-2.2711508|3.6650593|8.807928
1510200238540|-2.4983501|4.316967|8.443484
1510200238659|-2.9335704|4.9630666|7.9330025
1510200238767|-2.922293|5.073977|7.8667245
1510200238885|-2.6762125|4.4747214|8.30573
1510200238998|-2.6249642|4.3991737|8.362249
1510200239114|-2.2247157|4.3247595|8.515719
1510200239230|-1.7079892|4.4320793|8.5796175
1510200239343|-2.037837|4.3659806|8.541417
1510200239459|-2.1316233|4.1458106|8.627793
1510200239572|-2.2588685|3.7136657|8.79071
1510200239690|-2.5224407|3.147203|8.938836
1510200239804|-2.485587|2.8116243|9.060189
1510200239923|-2.930693|2.1770194|9.101759
1510200240035|-2.3615932|1.8710805|9.332327
1510200240147|-1.3636664|1.4954464|9.595543
1510200240264|-0.80921006|1.2350856|9.694851
1510200240379|-0.7352802|1.0289985|9.724758
1510200240493|-0.72668505|1.0797821|9.719896
1510200240608|-1.1374229|1.8056927|9.571631
1510200240722|-1.7404988|2.1554296|9.407187
1510200240840|-1.9968284|2.0739114|9.374537
1510200240955|-3.0197167|1.7878537|9.157252
1510200241069|-2.6189332|1.5448253|9.323363
1510200241184|-2.3121|1.7601011|9.36625
1510200241302|-2.2421453|1.9317605|9.34941
1510200241415|-1.8447698|1.8926376|9.443789
1510200241529|-2.409472|1.6392624|9.363635
1510200241646|-2.6473086|1.6989264|9.288476
1510200241762|-2.5171084|1.8899244|9.287774
1510200241875|-3.1752298|2.27444|8.995289
1510200241990|-3.6403897|1.9435635|8.896095
1510200242107|-3.6705055|1.9625646|8.879534
1510200242220|-3.5679538|1.685023|8.977795
1510200242335|-3.358754|2.0207174|8.989208
1510200242450|-3.09982|2.373631|8.995965
1510200242564|-3.109377|1.7160482|9.14097
1510200242682|-3.0431445|2.1690307|9.066695
1510200242796|-2.8863633|2.2827904|9.090004
1510200242910|-3.231824|2.3549035|8.954336
1510200243025|-3.3989067|2.1875942|8.93489
1510200243141|-3.3575568|1.8274597|9.030924
1510200243256|-3.115399|1.62801|9.155013
1510200243372|-2.6584208|1.7164794|9.282073
1510200243484|-2.5134737|2.2324238|9.212444
1510200243600|-2.664282|2.372634|9.134692
1510200243715|-2.616978|2.3851247|9.145108
1510200243830|-2.2455082|2.704472|9.154994
1510200243947|-2.6554604|3.163293|8.894521
1510200244061|-2.546546|3.4817033|8.806999
1510200244178|-3.0066762|2.9498916|8.855982
1510200244292|-3.0981295|2.895342|8.842453
1510200244405|-2.6630683|2.6209254|9.066929
1510200244521|-2.470674|2.759924|9.080142
