1510199210978|4.4044495|-42.64984|-20.045853
1510199211172|3.8173676|-42.75627|-18.980026
1510199211321|4.053116|-43.49289|-17.069244
1510199211420|7.036209|-43.249893|-18.930054
1510199211520|8.082962|-43.346405|-19.775772
1510199211670|9.2933655|-43.85376|-18.811035
1510199211819|9.980774|-44.221497|-16.55655
1510199211920|9.54628|-45.32852|-14.407349
1510199212019|8.333206|-46.421814|-13.591385
1510199212169|7.411957|-46.662903|-13.376999
1510199212319|6.2099457|-45.716476|-14.013672
1510199212418|6.2217712|-46.084595|-13.681793
1510199212519|6.642151|-46.907043|-13.547134
1510199212673|6.526947|-47.15805|-13.421631
1510199212821|3.6857605|-47.21794|-13.004684
1510199212919|-2.557373|-47.829437|-12.869263
1510199213019|-10.980225|-46.676254|-15.700531
1510199213169|-14.252853|-44.477844|-19.358063
1510199213318|-15.358353|-35.155106|-30.70755
1510199213418|-15.284348|-30.797577|-31.834793
1510199213519|-16.50734|-28.777313|-31.733322
1510199213669|-17.991638|-26.591873|-30.682755
1510199213819|-18.262863|-25.464249|-30.72548
1510199213919|-17.513275|-25.970459|-30.46074
1510199214019|-17.172241|-27.371597|-29.756546
1510199214169|-16.45546|-28.05481|-29.397202
1510199214320|-15.381241|-28.751755|-30.467224
1510199214419|-14.632797|-30.649567|-30.651093
1510199214520|-13.977814|-31.95839|-29.640198
1510199214669|-12.38327|-35.445023|-27.943039
1510199214819|-10.688782|-38.079453|-27.384567
1510199214918|-7.6610565|-39.6698|-27.2892
1510199215018|-3.365326|-41.153336|-25.383377
1510199215169|-1.3793945|-41.864014|-25.253296
1510199215318|2.4326324|-44.09752|-25.510788
1510199215418|3.5755157|-45.12024|-23.817062
1510199215519|3.4542084|-44.98558|-24.312592
1510199215671|3.2268524|-44.57817|-23.502731
1510199215821|3.785324|-45.459366|-18.706894
1510199215919|3.5224915|-44.286346|-19.810104
1510199216018|4.5078278|-40.950775|-25.544739
1510199216170|5.106735|-39.8201|-26.5419
1510199216318|5.076599|-40.184402|-24.973297
1510199216418|3.9260864|-40.86647|-23.256683
1510199216518|3.830719|-41.342545|-22.541428
1510199216668|3.6197662|-42.03911|-22.004318
1510199216818|3.458786|-42.189407|-22.520065
1510199216920|3.3676147|-42.456055|-23.317337
1510199217018|2.8018951|-42.422485|-23.057938
1510199217168|2.7412415|-42.114258|-22.30835
1510199217318|3.0578613|-42.705154|-21.629333
1510199217418|3.3927917|-43.703842|-19.699478
1510199217517|3.4416199|-43.964005|-18.994904
1510199217667|3.1661987|-43.200684|-20.379639
1510199217817|2.3662567|-42.486954|-20.835495
1510199217919|2.4417877|-43.107605|-20.419693
1510199218018|3.0788422|-43.722916|-20.090866
1510199218169|3.194809|-44.184113|-18.883896
1510199218317|2.3693085|-46.398926|-15.402222
1510199218418|0.9384155|-46.538544|-14.051437
1510199218517|0.33302307|-46.043396|-14.130783
1510199218668|0.063323975|-45.443726|-13.946915
1510199218817|0.63591003|-45.58487|-14.105225
1510199218917|0.23422241|-45.609665|-13.720703
1510199219021|-0.4196167|-46.78154|-10.147095
1510199219167|-0.73280334|-47.599792|-8.507156
1510199219317|-2.1331787|-47.37358|-7.5702667
1510199219420|-2.8327942|-46.49582|-6.516266
1510199219517|-3.062439|-46.611023|-6.406784
1510199219667|-3.6769867|-47.13974|-5.817795
1510199219818|-4.2137146|-47.727203|-4.963684
1510199219917|-4.532242|-47.33429|-5.2440643
1510199220016|-4.5028687|-47.224808|-5.3958893
1510199220167|-4.7122955|-46.975327|-5.083847
1510199220316|-4.432678|-48.37265|-3.6174774
1510199220418|-3.9505005|-48.465347|-5.0006866
1510199220518|-3.9489746|-47.6593|-5.3676605
1510199220667|-4.261017|-47.192|-6.3819885
1510199220817|-4.1145325|-47.314453|-6.7489624
1510199220918|-3.7593842|-47.281647|-6.482315
1510199221017|-3.630066|-48.04039|-4.2369843
1510199221168|-3.8402557|-48.53096|-3.1585693
1510199221317|-3.9100647|-48.457718|-3.4885406
1510199221416|-3.5186768|-47.690964|-4.114151
1510199221518|-3.647995|-47.4617|-4.479599
1510199221667|-5.0727844|-47.149277|-5.5511475
1510199221818|-6.0001373|-47.127533|-5.0762177
1510199221918|-6.363678|-47.039413|-4.732895
1510199222019|-6.059265|-47.81494|-3.6052704
1510199222168|-5.7006836|-47.964478|-3.7193298
1510199222318|-5.734253|-46.957397|-4.9541473
1510199222416|-5.4512024|-47.385025|-4.2747498
1510199222517|-5.4943085|-47.61734|-3.8330078
1510199222668|-5.963135|-48.05603|-2.5794983
1510199222817|-6.9366455|-47.228622|-3.0067444
1510199222916|-7.5725555|-47.10579|-3.722763
1510199223016|-7.712555|-47.621155|-2.986145
1510199223167|-8.284378|-48.490906|-2.4116516
1510199223316|-7.222748|-49.699783|-0.018310547
1510199223417|-7.04422|-48.669815|-1.3767242
1510199223517|-7.297516|-48.14148|-2.3777008
1510199223666|-7.709503|-47.12677|-3.3756256
1510199223815|-7.6099396|-47.11075|-2.2533417
1510199223916|-7.601166|-47.980118|-1.5098572
1510199224015|-6.687546|-49.757767|-0.09689331
1510199224167|-6.1927795|-50.449753|0.59928894
1510199224316|-5.6419373|-48.54431|-4.320526
1510199224417|-5.5122375|-47.69287|-6.567383
1510199224517|-5.32341|-47.61467|-5.9711456
1510199224666|-5.105591|-47.724915|-5.6186676
1510199224817|-4.7908783|-47.826004|-6.2469482
1510199224918|-4.7145844|-47.841644|-6.849289
1510199225017|-4.023361|-47.35031|-6.2091827
1510199225165|-3.8272858|-46.83914|-6.414795
1510199225318|-3.640747|-47.26677|-7.3581696
1510199225416|-3.3748627|-47.742462|-6.939316
1510199225517|-3.113556|-48.05603|-6.5525055
1510199225665|-2.5188446|-48.117065|-6.415558
1510199225821|-2.2678375|-47.773743|-7.2998047
1510199225916|-2.6973724|-48.12393|-7.4279785
1510199226016|-2.8282166|-48.843002|-6.5402985
1510199226117|-2.6489258|-49.012756|-6.59256
1510199226216|-2.249527|-47.945023|-7.712555
1510199226366|-2.2789001|-47.62802|-7.957077
1510199226516|-2.3902893|-47.159958|-7.6869965
1510199226615|-2.375412|-47.196198|-7.5244904
1510199226716|-2.7988434|-47.395706|-7.416916
1510199226865|-2.5871277|-47.341537|-8.012009
1510199226965|-2.243042|-47.504044|-7.555771
1510199227116|-2.3849487|-48.062515|-7.2242737
1510199227265|-2.8263092|-49.082184|-6.4235687
1510199227366|-2.760315|-48.962402|-6.3964844
1510199227466|-2.544403|-48.68164|-7.062149
1510199227616|-2.735138|-47.605896|-8.970642
1510199227716|-2.8915405|-47.30301|-9.132385
1510199227865|-2.8640747|-47.51129|-8.768845
1510199227967|-3.2215118|-48.10486|-8.190918
1510199228115|-3.0536652|-48.75679|-7.1731567
1510199228266|-2.5505066|-49.095535|-6.5769196
1510199228366|-2.8770447|-48.625183|-7.8121185
1510199228466|-2.6210785|-48.470688|-8.351517
1510199228618|-2.2975922|-48.256683|-6.819153
1510199228717|-2.5222778|-47.49527|-7.300949
1510199228866|-2.393341|-47.532654|-8.370972
1510199228964|-2.8095245|-47.72415|-8.494568
1510199229115|-3.251648|-47.82257|-8.497238
1510199229265|-2.9079437|-49.14818|-7.2669983
1510199229365|-2.3727417|-49.11461|-6.463623
1510199229465|-2.4841309|-48.77281|-7.2734833
1510199229614|-3.019333|-47.937775|-8.39119
1510199229714|-3.118515|-47.45636|-8.670807
1510199229865|-2.8186798|-46.99478|-8.96492
1510199229964|-1.9950867|-46.95015|-8.94928
1510199230117|-2.2445679|-47.455597|-8.861542
1510199230264|-1.0032654|-47.150803|-12.376785
1510199230364|0.4005432|-46.65451|-14.665222
1510199230464|3.1764984|-43.930817|-21.323776
1510199230615|5.014038|-41.594315|-25.207138
1510199230726|5.5942535|-43.790436|-19.778824
1510199230865|7.408142|-45.66574|-16.430664
1510199230968|9.162903|-45.685577|-16.968155
1510199231119|9.135437|-45.8786|-15.952301
1510199231272|9.457397|-45.837402|-16.331482
1510199231367|9.828949|-45.729446|-17.144394
1510199231468|9.627914|-46.565628|-16.433716
1510199231614|9.548569|-47.11151|-16.141891
1510199231714|9.794617|-46.66252|-16.40091
1510199231866|9.423447|-46.78917|-15.758133
1510199231967|8.765793|-47.27974|-15.1527405
1510199232115|8.535004|-47.195053|-15.107346
1510199232263|8.546448|-46.686935|-14.221191
1510199232365|8.708191|-46.54312|-14.174652
1510199232464|8.641052|-46.412277|-14.521408
1510199232615|8.299637|-46.67473|-13.996506
1510199232714|8.181763|-46.928024|-12.877655
1510199232863|7.7949524|-48.075104|-12.755203
1510199232963|7.611847|-48.325348|-12.995911
1510199233115|7.3539734|-47.72072|-13.306046
1510199233264|6.6116333|-47.72873|-13.653564
1510199233365|6.972885|-47.877884|-13.645935
1510199233464|7.58667|-48.44284|-11.729431
1510199233615|7.112503|-48.750305|-9.857178
1510199233715|5.7720184|-48.426056|-9.858704
1510199233864|5.1208496|-47.56012|-11.111069
1510199233965|3.6273956|-47.747803|-10.293961
1510199234114|2.671814|-48.532104|-9.377289
1510199234265|1.0791779|-49.741364|-5.7540894
1510199234364|0.55618286|-49.98436|-4.717636
1510199234466|-0.68626404|-50.56343|-4.833603
1510199234616|-1.1497498|-49.594498|-5.887985
1510199234716|-0.5970001|-49.48578|-5.4676056
1510199234864|-0.7007599|-49.545288|-5.519867
1510199234963|-0.8708954|-49.225998|-5.7373047
1510199235113|-0.52604675|-49.02954|-5.747986
1510199235279|0.5119324|-50.35286|-5.1467896
1510199235363|0.69732666|-50.616074|-4.948807
1510199235496|1.789093|-50.063324|-5.8158875
1510199235630|2.8125763|-49.119186|-7.170868
1510199235716|2.45018|-49.65973|-7.1468353
1510199235864|2.1858215|-49.181747|-8.164215
1510199235965|3.011322|-48.728943|-9.142303
1510199236114|3.4877777|-49.050903|-8.784103
1510199236265|3.886795|-48.84453|-10.536575
1510199236363|4.183197|-48.708725|-11.979294
1510199236463|4.652405|-47.950745|-13.546371
1510199236612|4.5711517|-47.534943|-13.064194
1510199236712|4.387665|-48.316193|-13.074875
1510199236863|4.2995453|-47.72072|-13.660812
1510199236963|4.050827|-47.21222|-14.279175
1510199237113|4.1900635|-47.006226|-14.053345
1510199237265|4.6707153|-47.252655|-13.303375
1510199237362|4.675293|-47.59445|-13.934326
1510199237466|4.8160553|-47.694397|-13.689804
1510199237634|5.0834656|-48.068237|-13.017273
1510199237717|4.576874|-48.340225|-13.748932
1510199237869|3.8585663|-47.942352|-14.689636
1510199237962|4.1820526|-47.465134|-14.691925
1510199238113|4.542923|-47.560883|-14.117432
1510199238264|5.010605|-48.259354|-12.387466
1510199238364|4.714203|-47.99347|-12.82959
1510199238462|3.5541534|-47.20726|-14.440918
1510199238614|3.9302826|-47.9599|-13.556671
1510199238712|4.5215607|-49.026108|-12.598419
1510199238863|3.8913727|-49.067688|-12.888336
1510199238963|3.6460876|-48.16284|-12.673569
1510199239115|3.742981|-48.243713|-11.811447
1510199239263|4.2900085|-48.99063|-10.684204
1510199239362|4.053879|-48.711014|-11.613846
1510199239463|3.327179|-48.526|-13.17482
1510199239612|3.9424896|-48.579407|-12.805557
1510199239713|5.1628113|-47.311783|-13.713074
1510199239862|5.1460266|-45.11528|-16.516876
1510199239962|4.4013977|-43.55278|-18.11676
1510199240118|4.639435|-44.28711|-17.577362
1510199240263|5.151367|-45.511246|-17.07611
