1509498909670|0.08172209|-0.095342435|9.80665
1509498909798|0.08172209|-0.095342435|9.80665
1509498909931|0.08172209|-0.08172209|9.80665
1509498910062|0.08172209|-0.095342435|9.80665
1509498910195|0.08172209|-0.095342435|9.80665
1509498910327|0.08172209|-0.095342435|9.80665
1509498910458|0.08172209|-0.095342435|9.80665
1509498910590|0.08172209|-0.095342435|9.80665
1509498910722|0.095342435|-0.095342435|9.80665
1509498910854|0.095342435|-0.08172209|9.80665
1509498910986|0.095342435|-0.08172209|9.80665
1509498911119|0.08172209|-0.08172209|9.80665
1509498911252|0.08172209|-0.095342435|9.80665
1509498911385|0.08172209|-0.095342435|9.80665
1509498911514|0.08172209|-0.095342435|9.80665
1509498911646|0.08172209|-0.095342435|9.80665
1509498911779|0.08172209|-0.095342435|9.80665
1509498911911|0.08172209|-0.095342435|9.80665
1509498912043|0.08172209|-0.095342435|9.80665
1509498912174|0.095342435|-0.08172209|9.80665
1509498912306|0.095342435|-0.08172209|9.80665
1509498912438|0.095342435|-0.08172209|9.80665
1509498912571|0.095342435|-0.08172209|9.80665
1509498912702|0.095342435|-0.08172209|9.80665
1509498912834|0.095342435|-0.095342435|9.80665
1509498912965|0.095342435|-0.095342435|9.80665
1509498913098|0.095342435|-0.095342435|9.80665
1509498913230|0.095342435|-0.095342435|9.80665
1509498913363|0.095342435|-0.095342435|9.80665
1509498913494|0.095342435|-0.095342435|9.80665
1509498913626|0.095342435|-0.095342435|9.80665
1509498913766|0.095342435|-0.095342435|9.80665
1509498914004|0.095342435|-0.095342435|9.80665
1509498914088|0.095342435|-0.095342435|9.80665
1509498914220|0.095342435|-0.095342435|9.80665
1509498914353|0.08172209|-0.095342435|9.80665
1509498914483|0.08172209|-0.095342435|9.80665
1509498914617|0.08172209|-0.095342435|9.80665
1509498914748|0.08172209|-0.095342435|9.80665
1509498914880|0.08172209|-0.095342435|9.80665
1509498915012|0.08172209|-0.095342435|9.80665
1509498915146|0.08172209|-0.095342435|9.80665
1509498915277|0.08172209|-0.095342435|9.80665
1509498915408|0.08172209|-0.095342435|9.80665
1509498915541|0.08172209|-0.095342435|9.80665
1509498915672|0.08172209|-0.095342435|9.80665
1509498915805|0.08172209|-0.095342435|9.80665
1509498915936|0.08172209|-0.095342435|9.80665
1509498916070|0.08172209|-0.095342435|9.80665
1509498916202|0.08172209|-0.095342435|9.80665
1509498916332|0.08172209|-0.095342435|9.80665
1509498916468|0.08172209|-0.095342435|9.80665
1509498916597|0.08172209|-0.095342435|9.80665
1509498916728|0.08172209|-0.095342435|9.80665
1509498916860|0.08172209|-0.095342435|9.80665
1509498916995|0.08172209|-0.095342435|9.80665
1509498917125|0.08172209|-0.095342435|9.80665
1509498917257|0.08172209|-0.095342435|9.80665
1509498917389|0.08172209|-0.095342435|9.80665
1509498917521|0.08172209|-0.095342435|9.80665
1509498917653|0.08172209|-0.095342435|9.80665
1509498917784|0.08172209|-0.095342435|9.80665
1509498917917|0.08172209|-0.095342435|9.80665
1509498918049|0.08172209|-0.095342435|9.80665
1509498918181|0.08172209|-0.095342435|9.80665
1509498918313|0.08172209|-0.095342435|9.80665
1509498918445|0.08172209|-0.095342435|9.80665
1509498918577|0.08172209|-0.095342435|9.80665
1509498918709|0.08172209|-0.095342435|9.80665
1509498918841|0.08172209|-0.095342435|9.80665
1509498918973|0.08172209|-0.095342435|9.80665
1509498919105|0.08172209|-0.095342435|9.80665
1509498919237|0.08172209|-0.095342435|9.80665
1509498919368|0.08172209|-0.095342435|9.80665
1509498919500|0.08172209|-0.095342435|9.80665
1509498919632|0.08172209|-0.095342435|9.80665
1509498919765|0.08172209|-0.095342435|9.80665
1509498919897|0.095342435|-0.08172209|9.80665
1509498920028|0.095342435|-0.08172209|9.80665
1509498920161|0.095342435|-0.08172209|9.80665
1509498920293|0.08172209|-0.095342435|9.80665
1509498920426|0.095342435|-0.095342435|9.80665
1509498920557|0.095342435|-0.095342435|9.80665
1509498920689|0.095342435|-0.095342435|9.80665
1509498920823|0.095342435|-0.095342435|9.80665
1509498920953|0.095342435|-0.095342435|9.80665
1509498921086|0.08172209|-0.095342435|9.80665
1509498921217|0.08172209|-0.095342435|9.80665
1509498921349|0.08172209|-0.095342435|9.80665
1509498921480|0.08172209|-0.095342435|9.80665
1509498921612|0.08172209|-0.095342435|9.80665
1509498921745|0.095342435|-0.08172209|9.80665
1509498921877|0.08172209|-0.095342435|9.80665
1509498922009|0.095342435|-0.095342435|9.80665
1509498922142|0.095342435|-0.08172209|9.80665
1509498922273|0.08172209|-0.08172209|9.80665
1509498922406|0.08172209|-0.095342435|9.80665
1509498922536|0.08172209|-0.095342435|9.80665
1509498922668|0.08172209|-0.095342435|9.80665
1509498922801|0.08172209|-0.095342435|9.80665
1509498922933|0.08172209|-0.095342435|9.80665
1509498923064|0.08172209|-0.095342435|9.80665
1509498923196|0.08172209|-0.095342435|9.80665
1509498923329|0.08172209|-0.095342435|9.80665
1509498923460|0.08172209|-0.095342435|9.80665
1509498923592|0.08172209|-0.095342435|9.80665
1509498923725|0.08172209|-0.095342435|9.80665
1509498923856|0.08172209|-0.095342435|9.80665
1509498923988|0.095342435|-0.095342435|9.80665
1509498924121|0.095342435|-0.095342435|9.80665
1509498924252|0.08172209|-0.095342435|9.80665
1509498924384|0.08172209|-0.095342435|9.80665
1509498924516|0.08172209|-0.095342435|9.80665
1509498924649|0.08172209|-0.095342435|9.80665
1509498924781|0.08172209|-0.095342435|9.80665
1509498924912|0.08172209|-0.095342435|9.80665
1509498925044|0.08172209|-0.095342435|9.80665
1509498925176|0.08172209|-0.095342435|9.80665
1509498925308|0.08172209|-0.095342435|9.80665
1509498925440|0.08172209|-0.095342435|9.80665
1509498925572|0.08172209|-0.095342435|9.80665
1509498925704|0.08172209|-0.095342435|9.80665
1509498925836|0.08172209|-0.08172209|9.80665
1509498925969|0.08172209|-0.08172209|9.80665
1509498926100|0.08172209|-0.08172209|9.80665
1509498926233|0.08172209|-0.08172209|9.80665
1509498926364|0.08172209|-0.08172209|9.80665
1509498926496|0.08172209|-0.08172209|9.80665
1509498926628|0.08172209|-0.095342435|9.80665
1509498926760|0.08172209|-0.095342435|9.80665
1509498926893|0.095342435|-0.08172209|9.80665
1509498927024|0.095342435|-0.095342435|9.80665
1509498927156|0.095342435|-0.08172209|9.80665
1509498927288|0.08172209|-0.095342435|9.80665
1509498927421|0.08172209|-0.095342435|9.80665
1509498927552|0.095342435|-0.095342435|9.80665
1509498927684|0.08172209|-0.08172209|9.80665
1509498927816|0.095342435|-0.10896278|9.80665
1509498927948|0.095342435|-0.10896278|9.80665
1509498928079|0.095342435|-0.095342435|9.80665
1509498928212|0.095342435|-0.095342435|9.80665
1509498928344|0.095342435|-0.095342435|9.80665
1509498928476|0.08172209|-0.08172209|9.80665
1509498928608|0.08172209|-0.08172209|9.80665
1509498928740|0.08172209|-0.08172209|9.80665
1509498928872|0.068101734|-0.08172209|9.80665
1509498929004|0.068101734|-0.08172209|9.80665
1509498929136|0.068101734|-0.08172209|9.80665
1509498929268|0.095342435|-0.068101734|9.80665
1509498929400|0.095342435|-0.068101734|9.80665
1509498929533|0.095342435|-0.08172209|9.80665
1509498929665|0.095342435|-0.08172209|9.80665
1509498929797|0.095342435|-0.08172209|9.80665
1509498929928|0.095342435|-0.08172209|9.80665
1509498930060|0.068101734|-0.068101734|9.80665
1509498930193|0.068101734|-0.068101734|9.80665
1509498930325|0.068101734|-0.068101734|9.80665
1509498930456|0.068101734|-0.08172209|9.80665
1509498930589|0.068101734|-0.08172209|9.80665
1509498930726|0.068101734|-0.08172209|9.80665
1509498930852|0.068101734|-0.08172209|9.80665
1509498930985|0.068101734|-0.08172209|9.80665
1509498931119|0.068101734|-0.08172209|9.80665
1509498931248|0.068101734|-0.08172209|9.80665
1509498931382|0.068101734|-0.08172209|9.80665
1509498931512|0.068101734|-0.08172209|9.80665
1509498931644|0.068101734|-0.08172209|9.80665
1509498931776|0.05448139|-0.08172209|9.80665
1509498931908|0.05448139|-0.08172209|9.80665
1509498932040|0.095342435|-0.095342435|9.80665
1509498932172|0.068101734|-0.08172209|9.80665
1509498932304|0.068101734|-0.08172209|9.80665
1509498932436|0.068101734|-0.08172209|9.80665
1509498932569|0.068101734|-0.08172209|9.80665
1509498932702|0.068101734|-0.08172209|9.80665
1509498932917|0.095342435|-0.095342435|9.80665
1509498933030|0.08172209|-0.08172209|9.80665
1509498933162|0.10896278|-0.095342435|9.80665
1509498933294|0.095342435|-0.10896278|9.80665
1509498933426|0.095342435|-0.10896278|9.80665
1509498933559|0.095342435|-0.10896278|9.80665
1509498933690|0.095342435|-0.10896278|9.80665
1509498933823|0.095342435|-0.10896278|9.80665
1509498933956|0.095342435|-0.10896278|9.80665
1509498934086|0.095342435|-0.10896278|9.80665
1509498934220|0.095342435|-0.10896278|9.80665
1509498934353|0.095342435|-0.095342435|9.80665
1509498934482|0.095342435|-0.08172209|9.80665
1509498934614|0.095342435|-0.10896278|9.80665
1509498934746|0.095342435|-0.095342435|9.80665
1509498934879|0.095342435|-0.08172209|9.80665
1509498935010|0.08172209|-0.08172209|9.80665
1509498935143|0.08172209|-0.095342435|9.80665
1509498935274|0.095342435|-0.095342435|9.80665
1509498935406|0.095342435|-0.095342435|9.80665
1509498935539|0.08172209|-0.08172209|9.80665
1509498935670|0.08172209|-0.095342435|9.80665
1509498935803|0.095342435|-0.08172209|9.80665
1509498935934|0.08172209|-0.095342435|9.80665
1509498936066|0.08172209|-0.095342435|9.80665
1509498936201|0.08172209|-0.095342435|9.80665
1509498936330|0.08172209|-0.095342435|9.80665
1509498936462|0.08172209|-0.095342435|9.80665
1509498936594|0.08172209|-0.095342435|9.80665
1509498936727|0.08172209|-0.095342435|9.80665
1509498936859|0.08172209|-0.095342435|9.80665
1509498936991|0.08172209|-0.095342435|9.80665
1509498937122|0.08172209|-0.095342435|9.80665
1509498937254|0.08172209|-0.095342435|9.80665
1509498937388|0.08172209|-0.095342435|9.80665
1509498937518|0.08172209|-0.095342435|9.80665
1509498937650|0.08172209|-0.095342435|9.80665
1509498937782|0.08172209|-0.095342435|9.80665
1509498937916|0.08172209|-0.095342435|9.80665
1509498938046|0.08172209|-0.095342435|9.80665
1509498938179|0.08172209|-0.095342435|9.80665
1509498938311|0.08172209|-0.095342435|9.80665
1509498938443|0.08172209|-0.095342435|9.80665
1509498938577|0.08172209|-0.095342435|9.80665
1509498938706|0.08172209|-0.095342435|9.80665
1509498938840|0.08172209|-0.095342435|9.80665
1509498938972|0.08172209|-0.095342435|9.80665
1509498939102|0.08172209|-0.095342435|9.80665
1509498939236|0.08172209|-0.095342435|9.80665
1509498939368|0.08172209|-0.08172209|9.80665
1509498939499|0.095342435|-0.08172209|9.80665
1509498939630|0.095342435|-0.08172209|9.80665
1509498939763|0.08172209|-0.095342435|9.80665
1509498939894|0.095342435|-0.095342435|9.80665
1509498940129|0.08172209|-0.08172209|9.80665
1509498940224|0.08172209|-0.095342435|9.80665
1509498941749|0.08172209|-0.095342435|9.80665
1509498941917|0.08172209|-0.068101734|9.80665
1509498942006|0.08172209|-0.068101734|9.80665
1509498942140|0.08172209|-0.068101734|9.80665
1509498942270|0.08172209|-0.068101734|9.80665
1509498942401|0.08172209|-0.068101734|9.80665
1509498942533|0.08172209|-0.068101734|9.80665
1509498942666|0.08172209|-0.068101734|9.80665
1509498942800|0.08172209|-0.068101734|9.80665
1509498942930|0.08172209|-0.068101734|9.80665
1509498943063|0.08172209|-0.068101734|9.80665
1509498943194|0.08172209|-0.068101734|9.80665
1509498943326|0.08172209|-0.068101734|9.80665
1509498943460|0.08172209|-0.08172209|9.80665
1509498943590|0.08172209|-0.08172209|9.80665
1509498943722|0.08172209|-0.08172209|9.80665
1509498943854|0.08172209|-0.08172209|9.80665
1509498943986|0.08172209|-0.08172209|9.80665
1509498944119|0.08172209|-0.08172209|9.80665
1509498944250|0.08172209|-0.08172209|9.80665
1509498944382|0.08172209|-0.08172209|9.80665
1509498944514|0.08172209|-0.08172209|9.80665
1509498944647|0.08172209|-0.08172209|9.80665
1509498944779|0.08172209|-0.08172209|9.80665
1509498944911|0.08172209|-0.08172209|9.80665
1509498945043|0.08172209|-0.08172209|9.80665
1509498945175|0.08172209|-0.08172209|9.80665
1509498945306|0.068101734|-0.08172209|9.80665
1509498945439|0.068101734|-0.08172209|9.80665
1509498945571|0.068101734|-0.08172209|9.80665
1509498945702|0.068101734|-0.08172209|9.80665
1509498945836|0.068101734|-0.08172209|9.80665
