1509505530191|8
1509505530396|14
1509505531412|8
1509505531816|14
1509505532222|8
1509505532424|14
1509505534249|8
1509505534856|14
1509505536480|8
1509505536683|14
1509505537085|8
1509505538100|14
1509505538508|8
1509505540123|14
1509505540331|8
1509505541136|14
1509505542353|8
1509505542556|14
1509505542961|8
1509505543164|14
1509505544786|8
1509505546204|14
1509505546405|8
1509505546608|14
1509505546810|8
1509505547216|14
1509505547418|8
1509505547620|14
1509505547822|8
1509505558363|11
1509505558771|8
1509505558972|11
1509505562420|8
1509505562825|11
1509505568497|8
