1509548206813|-8.322245|-0.18195933|4.8745947
1509548206945|-8.322245|-0.18195933|4.865018
1509548207078|-8.322245|-0.18195933|4.865018
1509548207212|-8.322245|-0.18195933|4.865018
1509548207348|-8.341399|-0.16280572|4.8841715
1509548207480|-8.341399|-0.1436521|4.8841715
1509548207613|-8.350976|-0.15322891|4.8841715
1509548207745|-8.350976|-0.15322891|4.8841715
1509548207869|-8.331821|-0.17238252|4.8841715
1509548208001|-8.331821|-0.17238252|4.8745947
1509548208133|-8.331821|-0.19153613|4.865018
1509548208265|-8.331821|-0.17238252|4.865018
1509548208397|-8.331821|-0.18195933|4.855441
1509548208529|-8.331821|-0.18195933|4.855441
1509548208661|-8.331821|-0.18195933|4.855441
1509548208793|-8.331821|-0.18195933|4.855441
1509548208929|-8.331821|-0.18195933|4.855441
1509548209062|-8.331821|-0.18195933|4.8745947
1509548209193|-8.331821|-0.16280572|4.865018
1509548209323|-8.331821|-0.16280572|4.865018
1509548209462|-8.331821|-0.17238252|4.865018
1509548209585|-8.331821|-0.17238252|4.865018
1509548209717|-8.331821|-0.17238252|4.865018
1509548209849|-8.312668|-0.19153613|4.865018
1509548209981|-8.312668|-0.19153613|4.865018
1509548210113|-8.312668|-0.19153613|4.865018
1509548210245|-8.312668|-0.19153613|4.865018
1509548210377|-8.331821|-0.17238252|4.865018
1509548210513|-8.331821|-0.17238252|4.865018
1509548210645|-8.350976|-0.17238252|4.865018
1509548210774|-8.350976|-0.15322891|4.8841715
1509548210911|-8.350976|-0.15322891|4.8841715
1509548211044|-8.350976|-0.15322891|4.865018
1509548211169|-8.350976|-0.16280572|4.8841715
1509548211301|-8.360553|-0.16280572|4.8841715
1509548211433|-8.341399|-0.17238252|4.865018
1509548211566|-8.322245|-0.17238252|4.855441
1509548211697|-8.322245|-0.17238252|4.855441
1509548211830|-8.322245|-0.17238252|4.855441
1509548211962|-8.322245|-0.17238252|4.855441
1509548212093|-8.322245|-0.17238252|4.8745947
1509548212226|-8.341399|-0.17238252|4.8745947
1509548212362|-8.341399|-0.17238252|4.8745947
1509548212492|-8.322245|-0.17238252|4.8745947
1509548212624|-8.322245|-0.17238252|4.865018
1509548212753|-8.322245|-0.17238252|4.865018
1509548212886|-8.322245|-0.18195933|4.865018
1509548213017|-8.350976|-0.16280572|4.8841715
1509548213149|-8.350976|-0.16280572|4.8841715
1509548213281|-8.350976|-0.16280572|4.8841715
1509548213413|-8.350976|-0.1436521|4.8841715
1509548213546|-8.341399|-0.17238252|4.865018
1509548213679|-8.341399|-0.17238252|4.865018
1509548213812|-8.322245|-0.17238252|4.865018
1509548213943|-8.322245|-0.18195933|4.865018
1509548214079|-8.341399|-0.18195933|4.865018
1509548214212|-8.322245|-0.18195933|4.865018
1509548214344|-8.322245|-0.18195933|4.865018
1509548214469|-8.322245|-0.18195933|4.865018
1509548214601|-8.322245|-0.18195933|4.865018
1509548214733|-8.322245|-0.18195933|4.855441
1509548214865|-8.322245|-0.16280572|4.8745947
1509548214997|-8.322245|-0.17238252|4.8745947
1509548215129|-8.322245|-0.17238252|4.855441
1509548215263|-8.331821|-0.18195933|4.855441
1509548215393|-8.331821|-0.18195933|4.855441
1509548215529|-8.331821|-0.18195933|4.855441
1509548215662|-8.331821|-0.18195933|4.855441
1509548215794|-8.331821|-0.18195933|4.8745947
1509548215924|-8.331821|-0.18195933|4.8745947
1509548216061|-8.312668|-0.18195933|4.865018
1509548216186|-8.322245|-0.18195933|4.865018
1509548216317|-8.341399|-0.16280572|4.865018
1509548216449|-8.322245|-0.18195933|4.865018
1509548216581|-8.331821|-0.18195933|4.865018
1509548216713|-8.331821|-0.18195933|4.855441
1509548216845|-8.331821|-0.18195933|4.8745947
1509548216977|-8.341399|-0.16280572|4.855441
1509548217112|-8.322245|-0.18195933|4.855441
1509548217253|-8.331821|-0.16280572|4.8745947
1509548217373|-8.331821|-0.17238252|4.8745947
1509548217512|-8.331821|-0.17238252|4.8745947
1509548217643|-8.331821|-0.17238252|4.8745947
1509548217777|-8.331821|-0.17238252|4.8745947
1509548217901|-8.331821|-0.17238252|4.8745947
1509548218034|-8.331821|-0.17238252|4.8745947
1509548218165|-8.331821|-0.17238252|4.865018
1509548218297|-8.341399|-0.17238252|4.865018
1509548218429|-8.341399|-0.17238252|4.865018
1509548218561|-8.341399|-0.17238252|4.865018
1509548218694|-8.341399|-0.17238252|4.865018
1509548218825|-8.322245|-0.18195933|4.865018
1509548218962|-8.331821|-0.18195933|4.865018
1509548219094|-8.331821|-0.18195933|4.865018
1509548219231|-8.331821|-0.18195933|4.865018
1509548219353|-8.331821|-0.18195933|4.865018
1509548219485|-8.331821|-0.18195933|4.865018
1509548219618|-8.331821|-0.18195933|4.855441
1509548219749|-8.331821|-0.18195933|4.855441
1509548219881|-8.331821|-0.18195933|4.855441
1509548220020|-8.331821|-0.18195933|4.8745947
1509548220146|-8.331821|-0.18195933|4.8745947
1509548220279|-8.331821|-0.18195933|4.855441
1509548220413|-8.331821|-0.18195933|4.855441
1509548220544|-8.350976|-0.16280572|4.8745947
1509548220680|-8.331821|-0.18195933|4.8745947
1509548220813|-8.331821|-0.18195933|4.865018
1509548220943|-8.312668|-0.18195933|4.865018
1509548221069|-8.331821|-0.18195933|4.855441
1509548221201|-8.312668|-0.18195933|4.855441
1509548221333|-8.322245|-0.18195933|4.855441
1509548221465|-8.322245|-0.16280572|4.8745947
1509548221597|-8.341399|-0.16280572|4.8745947
1509548221729|-8.322245|-0.16280572|4.8745947
1509548221861|-8.331821|-0.16280572|4.8745947
1509548221994|-8.341399|-0.16280572|4.855441
1509548222129|-8.322245|-0.17238252|4.855441
1509548222263|-8.322245|-0.17238252|4.8745947
1509548222394|-8.322245|-0.17238252|4.865018
1509548222529|-8.322245|-0.17238252|4.865018
1509548222661|-8.322245|-0.17238252|4.865018
1509548222786|-8.322245|-0.17238252|4.865018
1509548222917|-8.331821|-0.17238252|4.865018
1509548223050|-8.331821|-0.17238252|4.865018
1509548223181|-8.331821|-0.17238252|4.865018
1509548223313|-8.341399|-0.17238252|4.865018
1509548223445|-8.322245|-0.17238252|4.865018
1509548223577|-8.322245|-0.19153613|4.865018
1509548223712|-8.331821|-0.17238252|4.865018
1509548223843|-8.331821|-0.17238252|4.865018
1509548223980|-8.331821|-0.17238252|4.865018
1509548224113|-8.331821|-0.17238252|4.865018
1509548224244|-8.331821|-0.17238252|4.865018
1509548224369|-8.331821|-0.18195933|4.865018
1509548224501|-8.331821|-0.18195933|4.865018
1509548224633|-8.331821|-0.18195933|4.865018
1509548224766|-8.331821|-0.18195933|4.865018
1509548224897|-8.312668|-0.19153613|4.865018
1509548225029|-8.312668|-0.17238252|4.865018
1509548225163|-8.322245|-0.17238252|4.865018
1509548225293|-8.331821|-0.17238252|4.865018
1509548225430|-8.312668|-0.17238252|4.865018
1509548225563|-8.322245|-0.17238252|4.865018
1509548225697|-8.322245|-0.18195933|4.865018
1509548225829|-8.322245|-0.18195933|4.865018
1509548225953|-8.331821|-0.18195933|4.865018
1509548226088|-8.331821|-0.18195933|4.865018
1509548226217|-8.331821|-0.18195933|4.865018
1509548226349|-8.331821|-0.18195933|4.855441
1509548226481|-8.331821|-0.16280572|4.855441
1509548226613|-8.331821|-0.16280572|4.855441
1509548226745|-8.331821|-0.17238252|4.855441
1509548226877|-8.341399|-0.17238252|4.855441
1509548227009|-8.322245|-0.17238252|4.855441
1509548227141|-8.322245|-0.17238252|4.8745947
1509548227280|-8.322245|-0.17238252|4.855441
1509548227412|-8.322245|-0.17238252|4.855441
1509548227544|-8.341399|-0.17238252|4.855441
1509548227669|-8.360553|-0.15322891|4.8745947
1509548227801|-8.341399|-0.15322891|4.8937483
1509548227934|-8.350976|-0.15322891|4.8745947
1509548228065|-8.350976|-0.15322891|4.8937483
1509548228197|-8.350976|-0.15322891|4.8937483
1509548228329|-8.360553|-0.15322891|4.8937483
1509548228461|-8.360553|-0.15322891|4.8937483
1509548228593|-8.341399|-0.17238252|4.865018
1509548228730|-8.341399|-0.17238252|4.865018
1509548228863|-8.360553|-0.15322891|4.8841715
1509548228994|-8.360553|-0.15322891|4.8841715
1509548229124|-8.360553|-0.15322891|4.8841715
1509548229254|-8.360553|-0.15322891|4.8841715
1509548229385|-8.341399|-0.16280572|4.865018
1509548229517|-8.322245|-0.18195933|4.865018
1509548229649|-8.331821|-0.18195933|4.855441
1509548229781|-8.331821|-0.18195933|4.855441
1509548229913|-8.341399|-0.16280572|4.855441
1509548230047|-8.322245|-0.18195933|4.855441
1509548230182|-8.322245|-0.19153613|4.855441
1509548230312|-8.322245|-0.17238252|4.855441
1509548230443|-8.322245|-0.17238252|4.855441
1509548230573|-8.331821|-0.17238252|4.855441
1509548230713|-8.341399|-0.17238252|4.855441
1509548230844|-8.341399|-0.17238252|4.855441
1509548230970|-8.322245|-0.17238252|4.855441
1509548231102|-8.322245|-0.17238252|4.855441
1509548231234|-8.322245|-0.17238252|4.855441
1509548231365|-8.331821|-0.17238252|4.855441
1509548231497|-8.341399|-0.17238252|4.855441
1509548231629|-8.322245|-0.17238252|4.855441
1509548231761|-8.322245|-0.19153613|4.855441
1509548231893|-8.322245|-0.17238252|4.855441
1509548232025|-8.322245|-0.17238252|4.855441
1509548232162|-8.322245|-0.17238252|4.855441
1509548232297|-8.322245|-0.17238252|4.855441
1509548232430|-8.322245|-0.19153613|4.855441
1509548232553|-8.341399|-0.17238252|4.855441
1509548232685|-8.341399|-0.18195933|4.855441
1509548232817|-8.322245|-0.18195933|4.8745947
1509548232949|-8.322245|-0.18195933|4.865018
1509548233081|-8.341399|-0.18195933|4.865018
1509548233213|-8.341399|-0.18195933|4.865018
1509548233346|-8.322245|-0.16280572|4.865018
1509548233478|-8.322245|-0.17238252|4.865018
1509548233609|-8.331821|-0.17238252|4.865018
1509548233744|-8.331821|-0.17238252|4.865018
1509548233874|-8.331821|-0.17238252|4.865018
1509548234013|-8.331821|-0.17238252|4.865018
1509548234143|-8.331821|-0.17238252|4.865018
1509548234269|-8.331821|-0.17238252|4.865018
1509548234402|-8.331821|-0.17238252|4.865018
1509548234533|-8.331821|-0.17238252|4.855441
1509548234665|-8.331821|-0.18195933|4.855441
1509548234797|-8.331821|-0.18195933|4.855441
1509548234930|-8.331821|-0.18195933|4.8745947
1509548235064|-8.341399|-0.18195933|4.865018
1509548235193|-8.350976|-0.15322891|4.8841715
1509548235330|-8.331821|-0.17238252|4.8745947
1509548235463|-8.331821|-0.17238252|4.8745947
1509548235594|-8.331821|-0.18195933|4.855441
1509548235730|-8.331821|-0.18195933|4.855441
1509548235863|-8.331821|-0.18195933|4.855441
1509548235986|-8.331821|-0.18195933|4.855441
1509548236117|-8.331821|-0.19153613|4.855441
1509548236249|-8.331821|-0.17238252|4.855441
1509548236381|-8.331821|-0.17238252|4.855441
1509548236513|-8.312668|-0.17238252|4.855441
1509548236645|-8.331821|-0.17238252|4.855441
1509548236780|-8.331821|-0.19153613|4.855441
1509548236912|-8.331821|-0.17238252|4.855441
1509548237043|-8.331821|-0.17238252|4.855441
1509548237173|-8.331821|-0.17238252|4.855441
1509548237313|-8.331821|-0.17238252|4.855441
1509548237443|-8.331821|-0.19153613|4.855441
1509548237569|-8.331821|-0.17238252|4.855441
1509548237701|-8.312668|-0.18195933|4.855441
1509548237833|-8.312668|-0.18195933|4.855441
1509548237966|-8.312668|-0.18195933|4.855441
1509548238097|-8.322245|-0.18195933|4.8745947
1509548238229|-8.331821|-0.18195933|4.8745947
1509548238362|-8.331821|-0.18195933|4.865018
1509548238493|-8.331821|-0.18195933|4.865018
1509548238630|-8.331821|-0.18195933|4.865018
1509548238763|-8.331821|-0.18195933|4.865018
1509548238893|-8.331821|-0.18195933|4.865018
1509548239029|-8.331821|-0.18195933|4.865018
1509548239153|-8.331821|-0.18195933|4.865018
1509548239285|-8.331821|-0.18195933|4.865018
1509548239417|-8.331821|-0.16280572|4.865018
1509548239549|-8.331821|-0.18195933|4.855441
1509548239683|-8.331821|-0.18195933|4.855441
1509548239813|-8.331821|-0.18195933|4.8745947
1509548239946|-8.331821|-0.18195933|4.8745947
1509548240077|-8.331821|-0.18195933|4.855441
1509548240213|-8.331821|-0.18195933|4.8745947
1509548240344|-8.331821|-0.18195933|4.865018
1509548240475|-8.341399|-0.16280572|4.865018
1509548240614|-8.341399|-0.18195933|4.855441
1509548240737|-8.341399|-0.18195933|4.8745947
1509548240869|-8.341399|-0.18195933|4.8745947
1509548241001|-8.322245|-0.16280572|4.8745947
1509548241134|-8.322245|-0.17238252|4.8745947
1509548241265|-8.331821|-0.17238252|4.8745947
1509548241397|-8.331821|-0.17238252|4.865018
1509548241530|-8.331821|-0.17238252|4.865018
1509548241662|-8.331821|-0.18195933|4.865018
1509548241793|-8.331821|-0.16280572|4.855441
1509548241929|-8.341399|-0.17238252|4.8745947
1509548242062|-8.322245|-0.17238252|4.855441
1509548242193|-8.331821|-0.17238252|4.8745947
1509548242321|-8.331821|-0.17238252|4.865018
1509548242453|-8.331821|-0.18195933|4.865018
1509548242585|-8.331821|-0.18195933|4.865018
1509548242717|-8.331821|-0.18195933|4.865018
1509548242849|-8.331821|-0.18195933|4.865018
1509548242981|-8.312668|-0.19153613|4.855441
1509548243114|-8.322245|-0.19153613|4.855441
1509548243245|-8.322245|-0.17238252|4.855441
1509548243377|-8.331821|-0.18195933|4.855441
1509548243511|-8.331821|-0.18195933|4.8745947
1509548243641|-8.331821|-0.18195933|4.8745947
1509548243779|-8.341399|-0.16280572|4.8745947
1509548243912|-8.322245|-0.16280572|4.865018
1509548244037|-8.341399|-0.17238252|4.865018
1509548244169|-8.322245|-0.18195933|4.865018
1509548244301|-8.322245|-0.18195933|4.865018
1509548244433|-8.322245|-0.18195933|4.865018
1509548244565|-8.322245|-0.18195933|4.865018
1509548244697|-8.341399|-0.16280572|4.865018
1509548244829|-8.341399|-0.16280572|4.8841715
1509548244961|-8.360553|-0.1436521|4.8841715
1509548245093|-8.341399|-0.18195933|4.855441
1509548245233|-8.322245|-0.16280572|4.855441
1509548245362|-8.322245|-0.18195933|4.8745947
1509548245493|-8.322245|-0.16280572|4.865018
1509548245629|-8.360553|-0.16280572|4.8841715
1509548245753|-8.360553|-0.1436521|4.8841715
1509548245886|-8.360553|-0.15322891|4.8841715
1509548246017|-8.360553|-0.15322891|4.8841715
1509548246149|-8.331821|-0.18195933|4.865018
1509548246281|-8.341399|-0.16280572|4.865018
1509548246413|-8.350976|-0.1436521|4.8841715
1509548246547|-8.350976|-0.1436521|4.8841715
1509548246680|-8.350976|-0.1436521|4.8841715
1509548246813|-8.350976|-0.1436521|4.8841715
1509548246941|-8.350976|-0.16280572|4.8841715
1509548247079|-8.350976|-0.16280572|4.8841715
1509548247213|-8.350976|-0.16280572|4.8841715
1509548247343|-8.350976|-0.16280572|4.8745947
1509548247470|-8.350976|-0.16280572|4.8745947
1509548247601|-8.350976|-0.16280572|4.8745947
1509548247733|-8.350976|-0.16280572|4.8745947
