1509201577599|1.5045166|-30.310059|-4.3670654
1509201577741|2.1697998|-30.767822|-3.6209106
1509201577857|2.2979736|-29.640198|-4.774475
1509201578016|2.4505615|-29.399109|-3.5614014
1509201578124|2.670288|-29.396057|-4.206848
1509201578278|3.1692505|-29.353333|-3.7353516
1509201578393|3.4240723|-29.611206|-3.8955688
1509201578551|4.602051|-29.074097|-1.2252808
1509201578662|4.5196533|-29.833984|-2.861023
1509201578746|5.0109863|-29.67987|-2.8701782
1509201578859|5.1452637|-29.728699|-2.053833
1509201579010|4.345703|-29.048157|-1.6677856
1509201579124|4.547119|-30.206299|-2.1774292
1509201579277|5.352783|-30.020142|-1.197815
1509201579402|3.8574219|-29.751587|-1.7684937
1509201579548|5.4016113|-30.410767|-1.5182495
1509201579663|4.1625977|-30.438232|-1.0299683
1509201579816|4.8858643|-30.236816|-3.2836914
1509201579934|5.3604126|-29.536438|-1.5228271
1509201580048|4.623413|-29.405212|-2.1957397
1509201580201|4.576111|-29.719543|-1.9317627
1509201580317|3.970337|-30.05066|-0.4989624
1509201580474|4.350281|-29.614258|-1.9210815
1509201580584|5.592346|-30.732727|-1.8066406
1509201580738|4.2419434|-29.524231|-0.27160645
1509201580855|4.878235|-29.148865|-1.8463135
1509201581011|5.809021|-29.414368|-3.666687
1509201581123|4.9942017|-28.822327|-2.532959
1509201581279|4.9057007|-29.199219|-3.2485962
1509201581393|4.7546387|-29.820251|-3.3981323
1509201581546|5.5374146|-28.83606|-1.9363403
1509201581662|5.522156|-29.312134|-2.3239136
1509201581815|4.76532|-29.736328|-2.4337769
1509201581931|5.065918|-29.507446|-2.670288
1509201582087|2.7618408|-29.234314|-3.4866333
1509201582199|5.316162|-29.750061|-3.8223267
1509201582315|4.942322|-29.66156|-2.7908325
1509201582397|6.011963|-29.716492|-3.2974243
1509201582478|5.773926|-30.058289|-3.7994385
1509201582588|6.1187744|-27.636719|-4.73938
1509201582738|5.529785|-29.86145|-3.7521362
1509201582853|5.7632446|-28.341675|-4.9468994
1509201582937|5.9783936|-29.370117|-3.7887573
1509201583084|6.1294556|-27.650452|-3.8330078
1509201583200|5.2703857|-28.881836|-4.612732
1509201583315|5.4382324|-29.457092|-2.8198242
1509201583476|4.5898438|-30.152893|-3.1982422
1509201583584|5.908203|-30.116272|-3.5766602
1509201583665|5.050659|-29.177856|-2.9785156
1509201583814|3.8330078|-29.79126|-1.6983032
1509201583930|5.302429|-29.083252|-3.363037
1509201584084|5.6243896|-29.97284|-2.7740479
1509201584202|3.9611816|-29.782104|-3.2104492
1509201584317|5.7296753|-28.956604|-3.4927368
1509201584468|4.4891357|-29.588318|-3.2928467
1509201584583|4.891968|-29.371643|-3.038025
1509201584738|4.9087524|-29.730225|-2.9144287
1509201584856|4.458618|-30.368042|-3.5720825
1509201585008|4.020691|-29.78363|-3.2196045
1509201585124|4.6051025|-30.41687|-3.3081055
1509201585276|4.9682617|-30.052185|-2.0431519
1509201585394|3.8864136|-30.470276|-3.5308838
1509201585544|3.793335|-29.377747|-3.6132812
1509201585663|5.0720215|-28.759766|-4.420471
1509201585815|3.691101|-28.881836|-2.722168
1509201585934|4.257202|-29.338074|-4.0267944
1509201586084|4.66156|-29.353333|-4.095459
1509201586199|4.9819946|-29.545593|-4.3777466
1509201586314|6.390381|-29.318237|-3.4820557
1509201586469|5.244446|-29.130554|-3.7582397
1509201586583|6.2911987|-29.437256|-3.3111572
1509201586739|6.285095|-30.19867|-2.6107788
1509201586853|6.880188|-28.190613|-4.322815
1509201587007|5.734253|-29.554749|-1.927185
1509201587122|6.0516357|-29.859924|-3.2150269
1509201587203|4.5425415|-29.992676|-3.2150269
1509201587354|5.2246094|-28.77655|-1.7349243
1509201587470|5.9936523|-29.348755|-2.4047852
1509201587584|5.743408|-29.370117|-2.0095825
1509201587738|6.83136|-29.32129|-2.9464722
1509201587852|5.8532715|-29.710388|-3.7139893
1509201588006|5.366516|-29.684448|-3.1021118
1509201588120|4.9102783|-28.450012|-3.4072876
1509201588274|5.6167603|-28.181458|-3.6346436
1509201588394|4.953003|-29.795837|-3.276062
1509201588543|4.8568726|-28.747559|-4.042053
1509201588659|4.6676636|-29.406738|-4.0893555
1509201588814|5.706787|-29.8172|-3.5583496
1509201588929|5.4748535|-29.075623|-3.9001465
1509201589082|5.4000854|-29.47998|-2.558899
1509201589197|5.264282|-29.771423|-3.579712
1509201589351|5.621338|-28.843689|-4.017639
1509201589466|4.827881|-30.101013|-3.3859253
1509201589582|4.1748047|-29.632568|-3.8864136
1509201589736|5.053711|-29.753113|-3.6010742
1509201589852|4.8080444|-28.91388|-3.2669067
1509201590006|4.475403|-29.273987|-4.9453735
1509201590088|2.9663086|-29.388428|-4.8095703
1509201590203|4.6066284|-29.2984|-4.3258667
1509201590352|4.133606|-29.582214|-5.657959
1509201590467|3.8757324|-29.335022|-5.1116943
1509201590582|3.8482666|-28.947449|-3.93219
1509201590738|3.8848877|-29.689026|-3.8452148
1509201590856|4.2144775|-29.859924|-4.7927856
1509201591005|4.460144|-29.57611|-4.33197
1509201591123|3.9123535|-29.72107|-4.3533325
1509201591275|3.8833618|-29.52118|-4.222107
1509201591397|3.3447266|-30.032349|-4.180908
1509201591543|3.4332275|-29.446411|-4.019165
1509201591661|4.6875|-29.301453|-4.0771484
1509201591742|4.345703|-29.502869|-4.501343
1509201591851|4.7180176|-30.924988|-3.95813
1509201592006|4.525757|-29.127502|-3.3340454
1509201592120|5.857849|-30.34668|-3.8894653
1509201592274|5.36499|-29.161072|-3.9413452
1509201592391|4.563904|-30.015564|-4.5303345
1509201592548|5.1742554|-29.566956|-4.045105
1509201592659|4.774475|-29.232788|-3.779602
1509201592813|4.862976|-29.597473|-3.4057617
1509201592928|3.6071777|-28.507996|-4.702759
1509201593082|3.0136108|-29.508972|-3.8986206
1509201593204|2.5436401|-30.397034|-5.2337646
1509201593360|3.7643433|-29.57306|-4.815674
1509201593483|2.7877808|-29.394531|-4.2770386
1509201593621|2.7816772|-28.64685|-5.9509277
1509201593742|2.1072388|-29.151917|-4.4525146
1509201593852|2.470398|-29.663086|-5.3604126
1509201593936|2.7175903|-29.066467|-5.705261
1509201594082|2.381897|-29.244995|-5.0231934
