1510206314279|-5.586441|2.0275116|7.8915253
1510206314386|-5.046463|2.4925232|7.6315002
1510206314502|-5.255432|2.4207306|7.858032
1510206314616|-5.2482605|3.0508575|8.307083
1510206314730|-5.0129547|2.8466644|8.055832
1510206314848|-4.864609|2.989441|7.95932
1510206314963|-4.934799|2.7366028|7.974472
1510206315078|-5.0488586|2.9144592|7.980057
1510206315191|-4.949951|2.710266|7.9673004
1510206315306|-5.194824|2.3465576|8.078171
1510206315421|-5.1078796|2.5762787|8.052643
1510206315537|-4.916458|2.475769|8.153946
1510206315652|-5.0671997|2.572281|8.114059
1510206315771|-4.9387817|2.4917297|8.102097
1510206315881|-4.8598175|2.4055786|8.212158
1510206315997|-4.870987|2.5180511|8.232101
1510206316113|-5.073578|2.3306122|8.243271
1510206316226|-5.0233307|2.3641052|8.594223
1510206316344|-5.134201|2.691925|8.539978
1510206316456|-4.4905243|2.8059845|8.1914215
1510206316571|-3.9641113|3.2821503|8.078171
1510206316687|-4.8143616|2.950348|8.173889
1510206316802|-4.963516|2.9359894|8.123627
1510206316918|-5.052841|2.9551392|7.404999
1510206317032|-5.2227325|2.9431763|8.144363
1510206317149|-5.3647156|3.0189514|8.17308
1510206317265|-5.016159|3.1920166|8.241684
1510206317378|-4.175476|2.8283234|8.354935
1510206317492|-4.090927|2.5643158|8.446671
1510206317607|-3.883545|2.9344025|7.635498
1510206317721|-3.8644104|3.053238|8.413162
1510206317838|-4.3485565|3.010971|8.954742
1510206317951|-3.7990112|2.5547333|8.860626
1510206318067|-4.228119|2.354538|8.555939
1510206318182|-4.6995087|2.3026886|8.467407
1510206318300|-4.5662994|2.847458|8.710663
1510206318411|-3.8883362|2.593811|8.477768
1510206318527|-2.4319|1.8400879|9.985245
1510206318644|-2.4717865|2.5579224|8.197815
1510206318759|-2.6416779|2.6656036|9.242676
1510206318874|-2.8745728|1.3894348|9.426926
1510206318987|-3.5381927|0.2839508|9.023331
1510206319105|-3.1018982|0.49212646|8.9021
1510206319218|-3.0859528|0.5152588|10.286743
1510206319332|-1.0201416|-2.0594177|9.051254
1510206319450|-2.089737|0.26481628|9.15892
1510206319563|-3.1633148|0.3397827|11.538986
1510206319679|-2.9479523|0.83428955|8.24408
1510206319792|-4.018341|0.18266296|10.494125
1510206319909|-3.3292084|0.81196594|9.249054
1510206320022|-2.6384888|0.62771606|9.0169525
1510206320137|-2.049057|0.76649475|11.044479
1510206320252|-2.4199371|1.0041809|9.35434
1510206320367|-1.8145599|0.8989105|8.551941
1510206320483|-1.0671997|0.32063293|11.336395
1510206320598|-1.6773682|0.89172363|9.188446
1510206320712|-1.7068787|0.727417|9.939789
1510206320829|-4.4514465|2.411972|9.639084
1510206320943|-2.9296112|1.817749|9.241074
1510206321058|-2.8522491|2.8394928|8.815155
1510206321174|-3.5756683|3.5198364|8.658829
1510206321288|-2.8713837|3.5254211|8.175476
1510206321403|-3.2949219|3.649063|9.180466
1510206321517|-3.1345978|2.9391785|9.151749
1510206321635|-4.0925293|3.0644073|8.526428
1510206321749|-4.024719|3.0859375|9.031311
1510206321865|-4.043869|3.1250305|8.319046
1510206321980|-3.4959106|2.8227386|8.581467
1510206322094|-3.8133545|2.673584|9.2331085
1510206322208|-3.1011047|2.3338013|9.207581
1510206322324|-2.617752|2.3585205|9.123032
1510206322437|-2.2994995|1.8735809|9.147766
1510206322555|-2.7270203|1.6111603|9.57608
1510206322670|-2.6576233|1.7244263|9.771484
1510206322783|-2.064209|1.7228241|9.34079
1510206322901|-2.167099|2.0410767|9.341583
1510206323013|-1.7005005|2.2173462|9.749161
1510206323128|-2.7246246|3.247055|8.558334
1510206323242|-3.0883331|3.9234314|8.30867
1510206323359|-3.4472504|4.1563263|8.38765
1510206323472|-3.0213318|4.0749817|9.003387
1510206323592|-2.7772675|3.8811646|8.84787
1510206323703|-3.4368896|4.386841|7.7742767
1510206323820|-4.331009|4.241684|7.3363953
1510206323933|-4.8973083|4.2943115|7.9353943
1510206324048|-5.032898|4.3972015|7.207184
1510206324163|-4.734604|4.086136|7.4153595
1510206324280|-4.949951|3.7902374|7.9808655
1510206324392|-6.091324|4.0494537|6.4247284
1510206324508|-4.5455627|3.2614136|7.6969147
1510206324624|-4.695511|2.8753815|8.692337
1510206324739|-4.2807617|2.691925|7.726425
1510206324853|-4.0311127|1.9884338|9.490738
1510206324970|-3.775879|1.6773682|9.170898
1510206325084|-4.2791595|1.696518|8.267197
1510206325198|-4.8303223|1.1126556|9.144577
1510206325313|-4.0111694|0.8390808|8.902893
1510206325430|-3.9904327|0.5846405|9.272995
1510206325543|-3.3850403|0.54556274|9.031311
1510206325659|-2.4630127|0.36450195|9.737198
1510206325775|-2.1997986|0.13719177|9.779465
1510206325888|-2.5714874|0.056625366|9.860825
1510206326005|-2.71904|0.9395752|9.384644
1510206326118|-3.5094757|1.2482452|9.012161
1510206326233|-2.401596|0.6875458|9.227524
1510206326348|-1.5760803|-0.12841797|10.138397
1510206326463|-1.46521|-0.03668213|10.023544
1510206326578|-1.3088684|0.13479614|9.8576355
1510206326693|-0.87657166|0.080566406|9.549759
1510206326810|-0.609375|-0.07975769|9.7659
1510206326924|-0.987442|-0.20098877|10.222137
1510206327039|-1.5234375|0.45065308|10.774887
1510206327153|-2.2356873|2.0953064|8.540787
1510206327268|-2.1056824|1.8384857|9.65744
1510206327383|-2.4414825|1.7962036|9.962921
1510206327498|-2.963913|2.5515442|9.11586
1510206327614|-3.4839478|2.4430695|8.896515
1510206327728|-3.7439728|2.560318|8.28714
1510206327844|-3.6610107|2.435089|9.0321045
1510206327962|-3.4807587|2.3489532|8.91008
1510206328073|-3.2486572|2.5180511|8.697113
1510206328188|-2.7413788|1.6023865|9.524231
1510206328303|-1.4285126|0.9555359|10.032303
1510206328420|-1.935791|1.2586212|9.6414795
1510206328536|-1.6047821|1.2602234|9.4644165
1510206328652|-1.5393829|1.0975037|9.877579
1510206328763|-1.197998|0.8757782|9.887939
1510206328879|-0.5136566|0.87179565|9.899109
1510206328994|-0.7034912|0.68115234|9.825729
1510206329110|-0.9403839|0.6923218|9.797806
1510206329227|-1.2012024|0.7465668|9.682953
1510206329340|-2.84906|0.8957062|9.777084
1510206329454|-2.4183502|1.1605225|9.364716
1510206329569|-2.4087677|0.97787476|9.561722
1510206329684|-2.5714874|0.8494568|9.572891
1510206329799|-3.4759674|0.92762756|9.143768
1510206329916|-4.2823486|0.47776794|8.802399
1510206330030|-4.4634094|0.5463562|8.323044
1510206330145|-2.7214355|0.9172516|10.118454
1510206330260|-0.2783661|-1.4580231|11.020554
1510206330375|-1.0185394|-2.5834503|9.994034
1510206330489|-3.0141602|0.5144501|8.55275
1510206330605|-3.5868378|-0.9012909|9.945374
1510206330722|-1.9046936|1.0081787|8.772095
1510206330836|-0.38684082|0.7346039|10.231705
1510206330949|1.5417786|0.7688904|8.47937
1510206331065|1.2897339|0.012756348|9.512268
1510206331180|0.85183716|0.9938202|8.573486
1510206331294|0.5104675|3.1066742|7.9609222
1510206331411|1.994812|1.9477539|9.770691
1510206331526|1.7379913|2.151947|10.960724
1510206331642|3.1944275|2.5475616|8.264008
1510206331755|3.1018982|2.5970154|9.467606
1510206331871|3.6243286|2.886551|9.346359
1510206331985|3.655426|2.766098|8.059036
1510206332099|2.661621|2.7788696|9.238693
1510206332215|2.7908325|2.6129608|8.783249
1510206332329|3.9465637|3.0237274|8.547165
1510206332444|3.3180542|1.572876|9.521835
1510206332560|3.8995056|2.4127655|8.5312195
1510206332676|3.4105682|2.4382935|8.784851
1510206332792|3.2039948|2.2715912|9.403
1510206332905|3.6570282|2.1718903|8.729813
1510206333019|2.9240265|2.2452698|9.17009
1510206333135|3.2558289|1.7411804|9.540985
1510206333250|2.7405853|1.8129578|9.159729
1510206333364|3.0317078|1.5928192|9.566513
1510206333480|2.717453|1.758728|9.458038
1510206333597|2.9391785|1.5082703|9.805786
1510206333712|2.923233|1.5082855|9.690933
1510206333827|2.8267212|1.4963074|9.710876
1510206333941|2.7501526|1.4763794|9.135803
1510206334055|2.9184418|1.5026855|9.11586
1510206334171|2.9439697|1.6327057|10.001999
1510206334286|2.9846497|1.4779663|9.3463745
1510206334399|2.617752|1.267395|9.620743
1510206334517|2.8546448|1.2769623|10.00679
1510206334632|2.5332031|1.036087|9.591232
1510206334746|2.6791687|1.0688019|9.778671
1510206334861|2.7700958|1.4556274|10.064209
1510206334975|2.5387878|0.92362976|9.170898
1510206335090|2.2285156|0.9316101|10.4375
1510206335205|3.4201508|0.46580505|8.733002
1510206335322|3.0508423|-0.27915955|9.555344
1510206335435|2.6440735|-0.5710907|9.7395935
1510206335551|3.4017944|-0.16749573|9.245071
1510206335666|2.7876434|0.03111267|9.983658
1510206335780|3.098709|0.13479614|10.609772
1510206335895|3.2039948|0.14675903|10.02832
1510206336011|3.7918243|0.14994812|8.72583
1510206336125|3.5405731|0.0765686|9.69252
1510206336243|3.4879303|0.8023987|8.733002
1510206336356|4.403595|1.583252|9.179672
1510206336470|3.3794556|2.0809631|7.370697
1510206336587|3.5956116|1.2139587|9.458023
1510206336703|3.5469666|1.67099|8.45224
1510206336815|3.8364868|2.1918182|9.594421
1510206336933|4.031906|2.3345947|7.881958
1510206337046|3.9250183|1.8544312|8.61496
1510206337161|3.2127686|1.8305054|8.720245
1510206337278|3.65065|1.946167|9.170898
1510206337393|3.2781677|1.7060852|8.610977
1510206337507|3.9210358|1.367096|9.832108
1510206337622|3.100296|1.6191406|9.402206
1510206337736|3.2686005|1.5792694|9.08316
1510206337853|3.4137573|1.616745|9.740387
1510206337966|3.1361847|1.8624115|8.86142
1510206338083|3.3403778|1.627121|9.8424835
1510206338196|3.188034|1.3160553|9.390228
1510206338315|4.5016937|1.8967133|9.239487
1510206338429|3.6315002|1.6143494|9.628723
1510206338542|3.6139526|2.1511383|9.305695
1510206338656|2.4805603|1.755539|9.525024
1510206338773|3.0285187|2.2620087|9.284149
1510206338887|2.9654999|2.04187|8.973877
1510206339004|2.8307037|1.696518|10.345764
1510206339116|3.1298065|1.8727875|9.300903
1510206339238|3.4879303|1.6055756|9.190826
1510206339349|3.0883331|1.1030884|9.627121
1510206339463|3.437683|1.046463|8.932404
1510206339577|3.2518463|0.8638153|9.828125
1510206339693|2.3066864|-0.6181488|9.828918
1510206339807|3.1752777|0.007980347|8.066208
1510206339922|3.3475494|-0.06939697|9.929413
1510206340038|3.4456635|0.034301758|9.39183
1510206340152|3.2231293|0.054229736|9.406982
1510206340270|3.3403778|0.12762451|9.186844
1510206340381|3.2518463|0.18823242|9.84407
1510206340499|3.2996979|0.22651672|9.831314
1510206340614|3.4544373|0.5319977|9.675781
1510206340728|3.71286|0.9499512|9.181259
1510206340843|3.3523407|1.1525421|9.500305
1510206340958|3.9617157|1.1453705|9.790634
1510206341072|3.8955078|1.1708984|8.889343
1510206341187|4.04068|0.8654022|9.364716
1510206341304|4.04068|1.2027893|8.839874
1510206341418|4.2711945|1.3527374|8.446671
1510206341531|4.070984|1.2618103|8.887741
1510206341649|4.222534|1.4157562|9.008972
1510206341762|4.133209|1.4229279|9.584045
1510206341876|4.418747|1.6430664|8.673187
1510206341993|4.2257233|2.052246|8.0733795
1510206342107|4.1579285|1.8703918|9.040878
1510206342223|4.2456665|1.8735809|8.9730835
1510206342339|4.0701904|1.7818604|8.785645
1510206342453|3.6283112|1.8089752|9.610367
1510206342568|3.8963165|1.6805573|9.065613
1510206342685|3.6833496|1.7810516|8.878174
1510206342798|3.6817474|1.8193359|9.098312
1510206342913|3.7008972|1.7236328|9.24028
1510206343027|3.5102692|1.91745|8.93959
1510206343145|3.8428802|1.7826538|8.614166
1510206343258|4.0686035|1.8927155|9.233902
1510206343373|4.2895355|1.6685944|8.883759
1510206343487|4.538391|1.6797638|8.058228
1510206343602|4.3940125|1.7467651|8.726624
1510206343717|4.425125|1.4939117|8.066208
1510206343835|4.7944183|1.8879395|9.021744
1510206343949|5.338379|2.2444763|6.6185455
1510206344063|5.215561|2.2556305|8.1427765
1510206344179|4.5599213|2.0091705|8.953949
1510206344292|3.6004028|1.9509583|9.041672
1510206344408|2.354538|1.6327057|8.684341
1510206344525|3.1856537|1.9756775|9.468399
1510206344638|2.995819|1.8863373|9.480362
1510206344755|3.216751|2.100891|9.408569
1510206344870|3.613968|1.9262238|9.642273
1510206344982|2.691925|2.6640167|8.115662
1510206345099|3.1856384|2.120041|9.333603
1510206345213|3.2446747|2.1144562|8.807983
1510206345327|3.2295074|1.5720825|9.7659
1510206345443|3.1433716|1.6135559|9.287338
1510206345560|3.490326|1.4994965|9.091934
1510206345675|3.323639|1.5904236|8.82074
1510206345787|3.8580322|1.3583221|9.14856
1510206345904|3.517456|1.1908264|9.350357
1510206346017|3.3539429|0.67796326|9.659027
