1510194947527|0.10244638|-0.2556407|-0.95734143|0.08746437
1510194947642|0.09431242|-0.25232098|-0.9584348|0.0940316
1510194947758|0.08888124|-0.25620633|-0.95792186|0.094043285
1510194947873|0.08444425|-0.2601592|-0.9575612|0.09090048
1510194947987|0.08213795|-0.26392797|-0.95643973|0.09390645
1510194948114|0.08424756|-0.2668064|-0.95516765|0.096806094
1510194948217|0.08563919|-0.27510303|-0.9527203|0.096479654
1510194948332|0.07188203|-0.2990909|-0.94698787|0.09269062
1510194948448|0.05646498|-0.31562364|-0.94304866|0.08861534
1510194948562|0.054951612|-0.32491276|-0.9399277|0.08915129
1510194948678|0.051056907|-0.326352|-0.94025403|0.08252251
1510194948793|0.05934602|-0.31512174|-0.94353265|0.08320149
1510194948909|0.04990006|-0.31748417|-0.9439177|0.075717494
1510194949022|0.057576686|-0.32057765|-0.94353676|0.060442556
1510194949137|0.07658875|-0.30607906|-0.94655555|0.06695064
1510194949251|0.058321536|-0.32168517|-0.9431104|0.060498394
1510194949368|0.06674425|-0.3175592|-0.94415253|0.057248157
1510194949483|0.080258764|-0.3421442|-0.93617886|0.008064546
1510194949599|-0.1377358|0.34637964|0.9278306|0.013433152
1510194949712|-0.14130093|0.34781304|0.92682403|0.0075726053
1510194949828|-0.11858149|0.34881836|0.9292291|0.028240083
1510194949941|-0.096608065|0.3756569|0.91866016|0.074914806
1510194950060|-0.10345558|0.3636798|0.92244464|0.07829344
1510194950173|-0.11437074|0.34970054|0.9283974|0.052030075
1510194950287|-0.08994572|0.35599893|0.92448646|0.10246634
1510194950403|-0.095660694|0.35483745|0.92530894|0.093502864
1510194950519|-0.108664036|0.3343246|0.93240756|0.08387677
1510194950634|-0.11644449|0.35637653|0.92400384|0.075188935
1510194950748|-0.14906937|0.37011087|0.9148408|0.062149815
1510194950862|-0.1704069|0.4048875|0.89646626|0.058102373
1510194950978|-0.18331067|0.3818033|0.9046412|0.047410417
1510194951094|-0.20709771|0.3388789|0.9173406|0.027530804
1510194951209|-0.21420185|0.29153973|0.9322425|0.0067893695
1510194951324|0.19168|-0.26478177|-0.9442307|0.039722152
1510194951439|0.16160741|-0.25693747|-0.9500773|0.07224517
1510194951556|0.14562815|-0.22280048|-0.9582463|0.10448169
1510194951669|0.12993684|-0.2287014|-0.955191|0.13572854
1510194951783|0.11575768|-0.23503576|-0.9492642|0.17394203
1510194951898|0.11077252|-0.23519933|-0.9476764|0.18525705
1510194952015|0.111733|-0.23460177|-0.94612646|0.19319028
1510194952129|0.11787113|-0.23604447|-0.9449281|0.19364996
1510194952244|0.12128294|-0.23175733|-0.94448155|0.19883041
1510194952358|0.12568924|-0.23149268|-0.94281465|0.20423976
1510194952474|0.12925585|-0.22697996|-0.939875|0.2200182
1510194952588|0.13483892|-0.22784467|-0.9380106|0.22369947
1510194952705|0.13609411|-0.22627449|-0.9368837|0.22918823
1510194952819|0.14365563|-0.2275588|-0.9339627|0.23514621
1510194952936|0.14692488|-0.22934248|-0.9328642|0.23575297
1510194953050|0.15225923|-0.2325214|-0.9302673|0.23948647
1510194953168|0.15621485|-0.23654406|-0.9296384|0.23540668
1510194953280|0.15727673|-0.23666157|-0.9293083|0.23588441
1510194953396|0.15840206|-0.23914643|-0.9295919|0.23146635
1510194953509|0.16352831|-0.24070033|-0.9268121|0.23736295
1510194953625|0.161382|-0.23920286|-0.92671484|0.24070203
1510194953740|0.16142185|-0.23762648|-0.92570806|0.24605131
1510194953855|0.1631553|-0.23579791|-0.92387974|0.25342837
1510194953969|0.16070741|-0.23283514|-0.923848|0.2578097
1510194954085|0.15750156|-0.22872244|-0.922832|0.26694646
1510194954201|0.15143834|-0.22739513|-0.9228022|0.2716505
1510194954314|0.14914095|-0.2264918|-0.9224711|0.2747827
1510194954431|0.15076694|-0.2246607|-0.92103267|0.2801709
1510194954546|0.1505967|-0.22306168|-0.9195012|0.2864991
1510194954661|0.15056583|-0.22261047|-0.91909516|0.28816426
1510194954774|0.15013276|-0.22181012|-0.91900223|0.2893014
1510194954890|0.15468317|-0.22334719|-0.9187797|0.2864141
1510194955005|0.15665329|-0.225362|-0.91923755|0.2822658
1510194955125|0.15855595|-0.22351901|-0.9173688|0.2886757
1510194955237|0.15936857|-0.22150491|-0.91712415|0.2905521
1510194955351|0.15918584|-0.22021745|-0.9197823|0.28313363
1510194955466|0.15583791|-0.21854901|-0.91853774|0.2902401
1510194955582|0.15417881|-0.21574375|-0.92057973|0.28673425
1510194955696|0.15296692|-0.21520612|-0.92132235|0.28539905
1510194955821|0.1526903|-0.21460965|-0.92142814|0.28565463
1510194955938|0.15139346|-0.21310912|-0.92191625|0.28589332
1510194956043|0.15105371|-0.21158804|-0.9211141|0.2897622
1510194956162|0.15029883|-0.20990573|-0.9206089|0.29296607
1510194956269|0.15017927|-0.20728104|-0.91913724|0.29944536
1510194956386|0.14842185|-0.20791724|-0.91979206|0.29786557
1510194956500|0.14935319|-0.20746605|-0.9176836|0.30415168
1510194956614|0.14900003|-0.20538977|-0.9177325|0.30558327
1510194956732|0.14514075|-0.20292985|-0.9202945|0.30134973
1510194956845|0.13933891|-0.1988858|-0.9222471|0.30081448
1510194956961|0.1362155|-0.19849546|-0.9237993|0.2977243
1510194957075|0.13693169|-0.19751762|-0.9229412|0.30069268
1510194957190|0.13641617|-0.19845434|-0.9229313|0.30034027
1510194957304|0.13497257|-0.19798766|-0.92423975|0.2972611
1510194957421|0.13354953|-0.19751877|-0.9250689|0.2956321
1510194957536|0.13379315|-0.19870493|-0.9258696|0.2922007
1510194957652|0.13659237|-0.2018426|-0.9253073|0.29053152
1510194957764|0.14046973|-0.20587517|-0.92427474|0.28913647
1510194957882|0.14116776|-0.20547864|-0.9234401|0.2917337
1510194957996|0.1435079|-0.20632473|-0.92180276|0.2951529
1510194958111|0.14604728|-0.20923159|-0.92194897|0.29138017
1510194958225|0.14721705|-0.20939963|-0.9220888|0.29022604
1510194958341|0.14587508|-0.20872104|-0.922569|0.28986636
1510194958457|0.14614365|-0.20840721|-0.9224899|0.2902084
1510194958571|0.1444106|-0.2078431|-0.9230446|0.2897161
1510194958686|0.14439736|-0.20647521|-0.9219405|0.29418215
1510194958801|0.14386107|-0.2070306|-0.92282724|0.29125974
1510194958916|0.1448446|-0.20635061|-0.9214251|0.29566073
1510194959031|0.14492102|-0.20671779|-0.9214872|0.29517287
1510194959147|0.14550482|-0.20726922|-0.9212728|0.29516822
1510194959263|0.14662948|-0.20749894|-0.9204126|0.29712734
1510194959376|0.1477656|-0.20757015|-0.91972|0.29865545
1510194959491|0.1491191|-0.20747271|-0.918316|0.3023479
1510194959606|0.14829284|-0.20801501|-0.919094|0.30000865
1510194959723|0.14911626|-0.20766543|-0.91834056|0.30214247
1510194959836|0.14829884|-0.20743364|-0.91816676|0.3032302
1510194959952|0.14764178|-0.2065955|-0.9181381|0.30420822
1510194960065|0.14582904|-0.2074668|-0.920058|0.29863796
1510194960181|0.1447876|-0.20834118|-0.9211985|0.294998
1510194960297|0.14494637|-0.20817071|-0.9214504|0.29425284
1510194960414|0.14458215|-0.20736517|-0.92155576|0.29467046
1510194960527|0.1442668|-0.20654486|-0.9212941|0.2962153
1510194960641|0.144618|-0.2064675|-0.9208705|0.2974128
1510194960757|0.14504893|-0.20568335|-0.9198282|0.3009507
1510194960875|0.14476526|-0.2046156|-0.9193837|0.3031652
1510194960991|0.14346913|-0.20524837|-0.92114073|0.29797554
1510194961106|0.14186211|-0.20617476|-0.9233385|0.291227
1510194961222|0.14168787|-0.20532715|-0.9227583|0.29373884
1510194961335|0.14150782|-0.20521526|-0.92285013|0.29361522
1510194961452|0.14027287|-0.2059498|-0.9244291|0.28868493
1510194961568|0.13897921|-0.20693609|-0.9259335|0.2837419
1510194961685|0.14051677|-0.20632039|-0.92441964|0.28833184
1510194961799|0.13949783|-0.20669171|-0.92543006|0.2853036
1510194961916|0.13979977|-0.20673673|-0.92504144|0.28638136
1510194962026|0.13971151|-0.20554869|-0.92429614|0.28966722
1510194962141|0.14072694|-0.20513517|-0.9238254|0.29096755
1510194962253|0.14064772|-0.20321493|-0.9216819|0.2990391
1510194962366|0.1411682|-0.20325674|-0.9217474|0.29856327
1510194962482|0.1426093|-0.2023754|-0.91985285|0.3042655
1510194962597|0.14189553|-0.20273995|-0.92063576|0.30198005
1510194962713|0.14135878|-0.2033425|-0.92099184|0.30073842
1510194962827|0.14119078|-0.20389205|-0.92123884|0.2996868
1510194962941|0.14034112|-0.20208903|-0.9216214|0.3001307
1510194963058|0.1381747|-0.20212653|-0.92316|0.2963582
1510194963173|0.13339551|-0.19749326|-0.92382497|0.2995822
1510194963288|0.12698054|-0.18991075|-0.92408496|0.30639333
1510194963404|0.12736867|-0.19065997|-0.9242542|0.3052544
1510194963518|0.12609862|-0.19068612|-0.92529494|0.3026007
1510194963633|0.12561333|-0.19067037|-0.92560154|0.30187398
1510194963748|0.12540358|-0.19046655|-0.92536|0.30282876
1510194963863|0.124801435|-0.19043118|-0.9255815|0.3024226
1510194963980|0.124464646|-0.19119973|-0.92634094|0.2997393
1510194964097|0.12149494|-0.18996744|-0.9278017|0.29721263
1510194964209|0.1222125|-0.1915468|-0.92792076|0.29552826
1510194964322|0.12358566|-0.1955137|-0.92823833|0.29133242
1510194964440|0.12399072|-0.19603507|-0.9279888|0.2916047
1510194964553|0.12202874|-0.19380039|-0.9295041|0.2890892
1510194964669|0.12147461|-0.19687758|-0.930337|0.28452796
1510194964783|0.12325041|-0.20030367|-0.93176275|0.27659705
1510194964898|0.120344706|-0.1964895|-0.93303704|0.27631673
1510194965012|0.12499953|-0.20137341|-0.9321413|0.27374518
1510194965130|0.12360999|-0.20466135|-0.932325|0.27130127
1510194965242|0.12302923|-0.20785305|-0.93302035|0.26670942
1510194965357|0.12297256|-0.21269856|-0.93388516|0.25979918
1510194965480|0.1276081|-0.2155999|-0.9314971|0.26371574
1510194965587|0.13291916|-0.22381933|-0.9305875|0.25737983
1510194965704|0.13752298|-0.23013566|-0.927745|0.25964254
1510194965819|0.13924193|-0.22114198|-0.9282465|0.26470038
1510194965933|0.13426742|-0.21964112|-0.9311205|0.2583499
1510194966049|0.1346655|-0.2178265|-0.93043566|0.26211885
1510194966163|0.13652764|-0.22130312|-0.929926|0.2600438
1510194966279|0.13989963|-0.22443716|-0.92792493|0.2627002
1510194966393|0.14383194|-0.22747861|-0.92667073|0.26238757
1510194966509|0.14313504|-0.22264299|-0.9258337|0.26976743
1510194966624|0.1421995|-0.2215618|-0.925412|0.27258453
1510194966741|0.14193046|-0.22014625|-0.92508906|0.27495754
1510194966855|0.14395377|-0.2173918|-0.9227977|0.28365922
1510194966968|0.14584121|-0.22284137|-0.92182016|0.28163752
1510194967084|0.14523967|-0.22085293|-0.92091346|0.28643999
1510194967198|0.14651345|-0.21890986|-0.9201323|0.28977385
1510194967313|0.14280786|-0.21635923|-0.9218278|0.2881461
1510194967429|0.13482954|-0.21564111|-0.9235841|0.28690124
1510194967544|0.13224082|-0.2127985|-0.9249806|0.28572723
1510194967659|0.13462213|-0.21411787|-0.9249961|0.28357136
1510194967773|0.13677688|-0.21499318|-0.9242108|0.28443706
1510194967890|0.13801916|-0.2176465|-0.9237932|0.28317276
1510194968003|0.1359612|-0.21571393|-0.92475456|0.2825085
1510194968119|0.13866037|-0.21999408|-0.9241232|0.27995032
1510194968234|0.13649198|-0.21479163|-0.92301977|0.2885637
1510194968350|0.13521568|-0.2124871|-0.9235651|0.2891254
1510194968466|0.13752396|-0.21262966|-0.9235994|0.2878192
1510194968580|0.13833879|-0.21147908|-0.92270994|0.29111055
1510194968695|0.13741584|-0.21153575|-0.9238562|0.2878528
1510194968811|0.13639328|-0.21205929|-0.92517877|0.28367588
1510194968945|0.13614793|-0.21196315|-0.92549765|0.28282404
1510194969041|0.13441095|-0.21066678|-0.92617446|0.2824076
1510194969162|0.13270235|-0.20777482|-0.9262186|0.28519946
1510194969271|0.129331|-0.20809372|-0.92945325|0.2758389
1510194969391|0.12846874|-0.20890754|-0.93050975|0.2720387
1510194969500|0.12889135|-0.2078512|-0.9294045|0.27639142
1510194969618|0.12868756|-0.206827|-0.92881143|0.27923375
1510194969730|0.15110171|-0.22175303|-0.92181677|0.279728
