1509581413594|42.54|-3.1799998|9.719999
1509581413715|43.079998|-3.12|9.36
1509581413847|42.78|-3.3|9.12
1509581413978|43.5|-3.06|8.88
1509581414111|43.379997|-3.36|10.08
1509581414243|43.26|-3.12|10.679999
1509581414376|42.54|-2.9399998|11.219999
1509581414507|41.76|-3.24|12.12
1509581414638|42.0|-2.8799999|11.46
1509581414772|42.18|-2.82|11.7
1509581414902|42.78|-2.52|11.34
1509581415034|43.02|-2.22|11.4
1509581415166|43.02|-2.1|11.46
1509581415298|42.96|-1.74|11.099999
1509581415431|42.96|-1.74|11.46
1509581415562|43.02|-1.8|11.099999
1509581415695|42.96|-2.04|10.86
1509581415826|42.78|-2.28|11.16
1509581415958|42.719997|-2.22|10.98
1509581416091|42.899998|-2.22|11.16
1509581416224|42.96|-1.92|11.58
1509581416355|43.2|-1.5|10.98
1509581416486|43.32|-1.8|10.98
1509581416618|43.14|-1.8|10.44
1509581416750|43.2|-1.62|10.139999
1509581416882|43.2|-1.4399999|10.139999
1509581417015|43.14|-1.14|10.139999
1509581417146|43.26|-1.0799999|10.32
1509581417278|43.2|-0.9|10.26
1509581417411|43.2|-1.0799999|10.8
1509581417542|43.379997|-1.0799999|10.92
1509581417677|43.02|-1.02|11.34
1509581417806|43.14|-1.02|11.4
1509581417938|43.14|-1.0799999|11.219999
1509581418070|43.14|-0.59999996|10.679999
1509581418205|43.02|-0.48|10.38
1509581418335|43.26|-0.78|9.66
1509581418467|43.62|-0.65999997|9.059999
1509581418599|43.62|-1.14|8.5199995
1509581418731|44.399998|-0.96|7.9199996
1509581418864|44.16|-0.96|8.22
1509581418995|43.86|-1.0799999|7.9199996
1509581419127|43.68|-0.78|8.04
1509581419259|43.8|-1.02|8.04
1509581419391|43.68|-0.71999997|8.22
1509581419523|43.98|-0.35999998|8.04
1509581419655|43.98|-0.06|8.22
1509581419787|43.44|0.0|8.16
1509581419919|43.44|0.0|7.74
1509581420051|43.079998|0.0|8.4
1509581420183|43.26|-0.29999998|8.22
1509581420316|43.379997|-0.48|8.22
1509581420447|43.68|-0.29999998|8.22
1509581420580|44.04|-0.29999998|8.04
1509581420711|44.04|-0.29999998|7.98
1509581420844|44.04|-0.17999999|8.16
1509581420975|43.8|-0.65999997|8.04
1509581421114|43.8|-0.96|7.98
1509581421238|43.8|-0.65999997|8.16
1509581421371|44.16|-0.17999999|7.9199996
1509581421502|44.16|0.0|8.22
1509581421634|44.219997|0.65999997|8.16
1509581421767|44.579998|0.29999998|7.9199996
1509581421898|44.579998|0.0|8.22
1509581422031|44.879997|0.48|7.9199996
1509581422162|45.0|0.53999996|7.3199997
1509581422295|44.64|0.78|7.9199996
1509581422426|45.0|0.96|7.8599997
1509581422560|44.64|0.78|8.16
1509581422691|44.64|0.71999997|8.94
1509581422824|44.64|0.59999996|8.46
1509581422954|44.28|0.59999996|8.76
1509581423088|44.219997|0.12|8.639999
1509581423218|43.68|0.12|8.4
1509581423351|43.68|0.71999997|8.5199995
1509581423483|43.68|0.71999997|7.98
1509581423615|43.739998|1.1999999|7.98
1509581423747|43.86|1.38|8.099999
1509581423879|43.62|0.96|7.98
1509581424011|43.26|0.96|8.46
1509581424143|43.62|1.0799999|8.46
1509581424275|43.62|0.78|8.04
1509581424407|43.8|0.48|7.98
1509581424539|43.8|0.48|7.68
1509581424671|43.379997|0.29999998|7.9199996
1509581424803|43.26|0.53999996|8.46
1509581424935|43.2|0.96|9.0
1509581425067|43.5|1.38|9.42
1509581425199|43.86|1.92|9.179999
1509581425331|43.86|2.22|9.42
1509581425465|44.34|2.1|9.179999
1509581425599|44.399998|1.56|8.94
1509581425727|44.579998|1.14|9.599999
1509581425859|45.0|0.53999996|9.96
1509581425992|44.64|0.53999996|10.2
1509581426126|44.28|0.35999998|10.38
1509581426257|43.8|0.35999998|10.32
1509581426387|43.379997|0.42|9.719999
1509581426519|43.26|0.42|9.719999
1509581426653|43.26|0.53999996|9.78
1509581426783|43.68|0.42|9.24
1509581426914|44.1|0.59999996|9.0
1509581427049|44.579998|0.29999998|8.5199995
1509581427180|44.579998|0.65999997|7.8599997
1509581427311|44.579998|0.24|7.08
1509581427443|44.579998|0.24|6.96
1509581427575|44.579998|0.06|6.6
1509581427707|44.579998|-0.24|6.48
1509581427839|44.879997|0.06|6.72
1509581427980|45.239998|0.24|6.42
1509581428103|45.539997|0.71999997|6.54
1509581428235|46.26|1.02|6.8399997
1509581428367|45.539997|1.14|7.3199997
1509581428499|45.539997|1.02|7.14
1509581428630|45.239998|1.14|7.08
1509581428763|44.52|0.84|7.14
1509581428894|44.52|1.4399999|6.8399997
1509581429027|43.86|1.38|7.3799996
1509581429158|44.219997|1.0799999|7.3199997
1509581429290|44.219997|1.56|7.14
1509581429423|44.219997|0.53999996|7.44
1509581429555|44.879997|0.24|6.66
1509581429686|44.219997|0.53999996|6.8999996
1509581429818|44.46|-0.06|6.3599997
1509581429950|44.82|0.42|6.12
1509581430084|44.46|0.9|6.2999997
1509581430215|44.46|0.42|6.18
1509581430346|44.579998|0.48|6.8399997
1509581430478|44.579998|0.65999997|6.42
1509581430611|44.879997|0.48|6.96
1509581430742|45.239998|1.02|7.08
1509581430877|45.239998|1.26|6.66
1509581431006|45.239998|0.78|6.96
1509581431138|44.879997|0.65999997|6.3599997
1509581431271|44.879997|0.42|6.3599997
1509581431403|44.879997|0.53999996|6.54
1509581431535|44.879997|0.84|6.54
1509581431667|44.579998|1.02|7.2
1509581431799|44.579998|1.02|6.7799997
1509581431931|44.219997|1.14|6.8399997
1509581432063|44.219997|1.5|6.8399997
1509581432195|44.879997|1.38|6.06
1509581432327|45.0|1.3199999|6.54
1509581432459|45.3|0.9|6.0
1509581432592|45.66|0.78|5.58
1509581432722|45.0|0.78|5.64
1509581432855|44.82|0.96|5.8799996
1509581432987|44.46|1.3199999|5.7
1509581433119|44.46|1.4399999|5.8199997
1509581433251|44.76|1.4399999|6.18
1509581433383|45.239998|1.0799999|5.52
1509581433514|45.539997|1.0799999|5.8799996
1509581433646|44.879997|1.1999999|6.18
1509581433778|44.879997|1.4399999|5.7599998
1509581433910|44.219997|1.3199999|5.52
1509581434043|44.219997|1.3199999|5.94
1509581434176|44.879997|0.84|5.8199997
1509581434306|44.52|0.71999997|5.8799996
1509581434439|44.879997|1.3199999|6.8999996
1509581434571|44.879997|1.1999999|6.24
1509581434703|44.52|1.38|6.48
1509581434835|44.52|1.02|6.66
1509581434967|44.219997|1.02|6.54
1509581435099|44.219997|0.84|6.66
1509581435233|43.86|1.02|6.6
1509581435363|44.1|1.5|6.96
1509581435495|44.1|0.84|6.66
1509581435627|44.46|1.3199999|6.6
1509581435759|44.46|1.1999999|6.42
1509581435891|44.879997|0.9|5.94
1509581436023|45.239998|1.1999999|5.94
1509581436155|44.52|1.3199999|6.66
1509581436287|44.879997|1.3199999|7.08
1509581436419|44.94|1.8|7.2
1509581436551|44.94|1.9799999|7.68
1509581436683|45.36|1.86|7.02
1509581436818|45.36|1.86|6.8999996
1509581436947|45.3|1.62|7.02
1509581437079|45.3|1.62|6.8999996
1509581437211|44.82|1.62|7.5
1509581437344|44.82|1.62|7.3799996
1509581437475|44.34|1.68|7.74
1509581437608|44.46|1.68|7.44
1509581437739|45.239998|1.56|7.14
1509581437871|45.18|1.8|7.02
1509581438003|45.66|1.62|6.8999996
1509581438135|45.239998|1.4399999|6.54
1509581438267|44.879997|1.8|6.2999997
1509581438399|44.879997|1.9799999|6.18
1509581438531|44.94|1.9799999|5.64
1509581438664|45.66|2.1599998|6.0
1509581438799|45.719997|1.86|6.6
1509581438927|45.42|1.62|7.02
1509581439059|45.3|1.62|7.44
1509581439191|44.94|1.62|7.3799996
1509581439323|44.879997|1.14|7.14
1509581439456|45.239998|1.1999999|7.3799996
1509581439587|45.3|1.26|6.7799997
1509581439719|45.3|1.0799999|6.8399997
1509581439851|45.3|1.56|6.66
1509581439983|44.94|1.3199999|6.2999997
1509581440115|44.64|1.62|6.66
1509581440247|44.94|1.68|6.54
1509581440379|44.879997|1.02|6.54
1509581440511|45.66|1.14|6.8399997
1509581440642|46.02|0.84|6.42
1509581440775|45.66|1.02|6.6
1509581440906|45.42|1.62|6.66
1509581441038|44.94|1.74|6.7799997
1509581441171|44.94|1.86|6.7799997
1509581441304|45.3|2.28|6.8399997
1509581441435|45.96|2.6399999|7.02
1509581441568|46.44|2.58|6.48
1509581441699|45.539997|2.58|7.2599998
1509581441835|44.879997|2.1|7.3199997
1509581441963|44.64|1.56|7.2599998
1509581442095|44.52|1.8|7.3799996
1509581442227|44.94|1.86|7.2
1509581442359|45.66|1.92|7.5
1509581442491|45.539997|2.34|7.02
1509581442623|45.239998|2.1|7.02
1509581442755|45.239998|1.68|7.3199997
1509581442887|45.239998|1.56|6.66
1509581443019|45.239998|0.84|7.62
1509581443152|45.239998|0.9|7.9199996
1509581443283|45.239998|1.5|7.14
1509581443415|44.879997|1.74|7.68
1509581443548|44.879997|2.1|7.5
1509581443680|44.879997|1.9799999|7.56
1509581443815|45.3|1.9799999|8.34
1509581443943|44.94|1.62|8.46
1509581444077|44.579998|1.92|9.179999
1509581444206|44.64|1.62|9.48
1509581444339|44.219997|0.71999997|9.9
1509581444471|44.879997|0.12|10.0199995
1509581444603|45.3|-2.04|8.46
1509581444735|44.879997|-3.84|8.22
1509581444867|43.86|-5.46|8.58
1509581444999|42.36|-7.14|9.179999
1509581445131|40.8|-7.7999997|11.28
1509581445264|39.6|-8.28|12.42
1509581445395|38.94|-8.22|12.719999
1509581445527|38.64|-7.98|13.08
1509581445659|38.64|-7.02|12.84
1509581445791|39.0|-6.06|12.66
1509581445923|39.239998|-5.1|12.24
1509581446055|39.3|-4.56|12.36
1509581446187|39.54|-3.78|12.48
1509581446319|39.78|-3.3|12.24
1509581446451|40.26|-3.54|12.48
1509581446583|40.32|-3.6599998|12.0
1509581446715|40.32|-4.14|11.639999
1509581446847|40.079998|-4.74|11.759999
1509581446979|39.66|-4.8599997|11.219999
1509581447122|39.66|-4.8599997|10.92
1509581447243|39.239998|-5.16|10.44
1509581447375|39.239998|-5.4|9.9
1509581447508|39.239998|-5.3399997|9.78
1509581447640|39.239998|-5.04|9.9
1509581447771|39.899998|-4.74|10.38
1509581447903|40.02|-4.2|10.38
1509581448035|40.26|-4.2|10.139999
1509581448171|40.44|-4.08|9.599999
1509581448299|40.44|-4.08|8.94
1509581448431|40.14|-4.08|9.12
1509581448563|40.26|-3.6599998|9.179999
1509581448695|40.5|-4.08|9.36
1509581448827|40.5|-4.2599998|9.36
1509581448959|40.86|-4.38|9.059999
1509581449091|40.68|-4.74|8.76
1509581449223|40.32|-4.62|8.94
1509581449355|40.079998|-4.62|8.94
1509581449487|39.84|-4.92|8.7
1509581449619|40.44|-4.74|8.7
1509581449751|40.62|-4.74|8.4
1509581449883|40.68|-4.38|8.46
1509581450015|41.04|-3.78|8.5199995
1509581450147|40.5|-3.84|9.12
1509581450279|40.5|-3.6599998|9.3
1509581450411|40.86|-3.9599998|9.599999
1509581450543|41.04|-4.02|9.96
1509581450675|41.34|-3.84|9.36
1509581450807|41.52|-3.78|9.36
1509581450939|41.52|-3.72|8.94
1509581451071|41.52|-3.4199998|8.76
1509581451203|41.1|-3.12|8.88
1509581451335|40.739998|-2.7|8.88
1509581451467|40.559998|-2.3999999|8.88
1509581451599|40.379997|-2.22|8.639999
1509581451731|40.559998|-2.76|8.16
1509581451863|40.32|-3.84|7.8599997
1509581452000|39.899998|-4.62|7.8599997
1509581452127|39.719997|-5.7599998|7.62
1509581452259|39.3|-6.0|7.74
1509581452391|39.48|-6.06|7.74
1509581452523|39.899998|-6.18|6.96
1509581452655|39.239998|-5.8799996|6.96
1509581452787|39.6|-6.24|6.66
1509581452920|38.94|-6.06|6.66
1509581453051|38.64|-5.7599998|7.14
1509581453183|38.94|-5.94|7.3199997
1509581453315|39.48|-5.94|6.96
1509581453447|39.66|-5.8799996|7.08
1509581453579|39.48|-5.8799996|7.2
1509581453711|40.2|-5.58|7.3199997
1509581453843|40.14|-4.5|8.04
1509581453975|41.16|-3.72|8.04
1509581454107|41.879997|-3.3|8.34
1509581454239|41.76|-2.76|8.58
1509581454376|41.94|-2.8799999|8.76
1509581454503|41.399998|-2.76|8.76
1509581454635|41.76|-2.46|8.5199995
1509581454767|42.0|-2.52|7.98
1509581454899|41.82|-2.9399998|7.56
1509581455031|42.0|-3.48|7.14
1509581455163|41.28|-4.02|6.42
1509581455295|40.739998|-4.7999997|6.18
