1510200357593|-0.18821934|0.40028882|-3.7269535
1510200357705|0.03903988|0.0868932|1.9592628
1510200357822|1.4152994|-0.39640856|4.2359324
1510200357937|0.94444335|-0.7073417|-4.723933
1510200358050|-0.017298847|-1.9242897|-2.0818539
1510200358166|-1.1098659|2.1251078|-2.2101536
1510200358281|-1.1933814|3.1415348|4.6586447
1510200358399|-0.9840517|-0.26361585|0.717453
1510200358511|2.2652764|-1.990457|-3.6266642
1510200358625|-4.8634243|2.5198853|-6.4709616
1510200358740|-0.55279744|1.0961018|0.67184544
1510200358858|1.689841|-1.3094635|6.130866
1510200358972|0.55865127|-1.1034667|-1.3364077
1510200359085|0.22446513|-0.5656688|-4.016227
1510200359203|-0.09781437|1.9102855|-0.44206905
1510200359316|-0.8383907|2.6530113|4.092352
1510200359432|-1.7583108|-2.5169353|0.6558428
1510200359545|-0.07701695|-0.44660914|-3.0703745
1510200359661|-0.23703372|-0.13383949|-3.8745108
1510200359777|1.042498|0.42778325|2.4382162
1510200359893|2.2772005|-1.6284598|4.7031145
1510200360008|0.80669224|-0.6887419|-2.1185217
1510200360122|0.45976952|-1.0258212|-3.7351875
1510200360237|-0.36525398|1.248435|1.2922049
1510200360351|-1.2233392|2.7830615|2.4881458
1510200360466|-1.8985032|-1.765928|1.4474621
1510200360581|-0.34067243|-0.5783162|-2.2136774
1510200360696|0.37241277|-0.1819694|-5.6023426
1510200360811|-1.1932408|2.2497852|2.3665552
1510200360926|1.741039|-1.2546697|5.602412
1510200361042|1.3530843|-1.6303236|-1.8286581
1510200361157|-0.6722121|0.48034048|-5.507223
1510200361270|-0.69442344|1.2114806|-1.2765169
1510200361387|-1.4199754|2.7947412|2.6859608
1510200361502|-1.0967913|-2.9129267|0.37099838
1510200361617|0.8672523|-0.97296524|-3.4116163
1510200361732|0.4250521|0.9643669|-2.5153027
1510200361847|-0.7649077|1.2380638|-0.14525127
1510200361962|0.9391621|0.38420343|4.361767
1510200362078|-0.013507277|-1.0165439|0.29955864
1510200362195|1.0055754|-0.3452282|-4.8374176
1510200362307|-0.43164226|1.387696|0.9777775
1510200362424|0.40020576|0.9019494|0.98822594
1510200362537|-1.7716616|-1.5633061|3.8585567
1510200362654|0.67061734|0.49812913|-3.0764046
1510200362768|-0.22497304|1.1447496|1.552187
1510200362885|0.31870258|-1.783045|-0.30997562
1510200362997|0.754938|-1.1871212|4.2172728
1510200363112|0.85566|-0.8090029|-1.2072716
1510200363227|0.36215907|1.1139266|-3.8883686
1510200363345|0.22927552|-0.06880379|0.47239208
1510200363458|-1.6899204|1.1928306|1.4915733
1510200363572|-0.104270875|-2.597137|3.2869806
1510200363688|0.8354654|-0.45692468|-1.7150879
1510200363802|-0.7156766|0.41385126|-1.1030169
1510200363917|-1.0826672|-0.103709936|-0.31868458
1510200364032|0.57735705|0.48957896|1.7222099
1510200364148|1.5952431|-0.024145365|-1.2101784
1510200364262|0.052782953|0.022198677|-2.2403603
1510200364377|0.03875228|0.667655|-2.0354328
1510200364494|0.056792796|0.8873174|1.5584908
1510200364606|-0.104892164|-1.2682066|3.0825405
1510200364722|0.75727534|-1.0122778|-0.6855631
1510200364837|-1.3736193|1.6662378|-3.1648827
1510200364953|-0.30160716|0.4292071|-0.11787319
1510200365067|0.32788152|0.78108954|2.3451166
1510200365182|0.9330609|0.08290815|0.044893265
1510200365297|0.27364635|-0.50879955|-2.6709929
1510200365413|-0.48012325|0.7821107|-1.3658676
1510200365528|-0.21297468|0.6438401|0.755702
1510200365644|-1.3097227|-1.213958|3.913105
1510200365759|-0.07260433|-0.08850336|-0.9889908
1510200365872|-0.29306698|0.76573455|-2.126318
1510200365988|0.25658047|0.5084506|-0.3829546
1510200366104|-0.43801647|1.3930192|1.111722
1510200366222|0.7049591|-0.39943457|1.1409645
1510200366332|0.37077445|-0.49883413|-2.7656708
1510200366449|-0.79708266|0.6324794|-1.2058516
1510200366565|0.13896051|0.83268785|1.2450294
1510200366678|-1.2116911|-0.94340086|7.695759
1510200366792|-1.1181238|-1.1834724|-1.1877193
1510200366907|-0.2509116|-0.15444684|-3.0357018
1510200367029|0.1507679|0.29620695|-2.3604345
1510200367138|-1.8519163E-4|0.8005266|2.323865
1510200367251|1.358595|-0.6989279|0.68480206
1510200367368|0.36421514|-0.46788836|-0.95856
1510200367482|-0.019547105|0.44857883|-2.3922987
1510200367598|0.17233339|0.92858076|1.1933136
1510200367715|-1.4965429|-0.39207196|3.432314
1510200367828|-1.583022|-0.05649805|0.015076637
1510200367943|-0.26862675|-0.21451831|-2.4278517
1510200368058|-0.47069183|0.20145726|-0.6592722
1510200368174|0.08162305|0.5000541|1.8267908
1510200368289|1.3328354|-0.9215741|4.4795294
1510200368403|0.80066603|-0.41423583|-1.7646351
1510200368518|0.103098|0.116720915|-1.2628708
1510200368633|0.056079358|0.8750379|-1.0953712
1510200368748|-0.3761177|1.074224|1.9438868
1510200368864|-1.9766352|-0.20130134|-1.2670393
1510200368978|0.45883036|-0.6701784|-0.9081631
1510200369094|-0.71597946|0.35651255|-2.6670885
1510200369209|0.447362|0.31151485|1.0771132
1510200369325|0.95830935|-0.46520472|2.78057
1510200369441|0.76854104|-0.06199622|0.58903885
1510200369554|0.22637564|-0.15061426|-3.0734463
1510200369669|0.15171337|0.79208493|-0.0966177
1510200369783|-0.8409238|1.5490983|1.7682238
1510200369897|-0.694875|-0.6656995|0.24459743
1510200370014|-0.96623963|0.19298816|-1.2580013
1510200370129|-0.19273135|0.21278048|-1.8660812
1510200370244|-0.009671265|0.3202567|0.6234579
1510200370359|0.6426855|0.25857902|2.3033323
1510200370473|1.3336238|-0.18467045|-1.2709818
1510200370588|0.013904527|-0.11970019|-1.9402952
1510200370705|-0.36227834|1.041291|-1.9882298
1510200370819|0.03904161|0.4927435|2.0921698
1510200370932|-1.1725024|-0.8893354|2.5097456
1510200371049|-0.5696759|9.846687E-4|-0.4377079
1510200371163|-0.13224739|0.029943943|-2.4543705
1510200371279|-0.4049539|0.5588136|0.67789936
1510200371392|0.5990268|0.60145307|1.6621923
1510200371509|0.598492|0.06969786|0.6149502
1510200371624|0.6532831|-0.27185583|-2.6059532
1510200371739|-0.24599263|0.8957741|-0.84087276
1510200371853|0.21205923|0.74937725|1.3362389
1510200371968|-1.3608559|-1.3348372|4.709916
1510200372084|-0.49449492|0.04085803|-1.2166567
1510200372197|-0.6724516|0.50509715|-1.3176451
1510200372314|0.4567155|0.4997561|-1.9780197
1510200372429|-0.17248282|1.0305142|1.3145094
1510200372543|1.9842234|-0.57175684|0.111281395
1510200372659|1.0307763|-0.6176212|-2.053422
1510200372775|0.009981275|0.6865518|-2.6160088
1510200372890|0.35587734|0.62998056|2.6684675
1510200373005|-1.4779644|-1.1576823|5.2965
1510200373120|-1.0442754|-0.0215348|-0.7873182
1510200373235|-0.04746204|0.22136724|-2.3693285
1510200373349|-1.1122925|0.97698355|-1.0382156
1510200373464|0.7115499|0.4891777|1.0398312
1510200373580|0.8807912|-0.60311615|2.0305758
1510200373694|0.605078|-0.3199973|-3.4056654
1510200373809|0.26337314|0.65945876|-1.7814388
1510200373926|-0.052316517|1.0139835|1.4402132
1510200374040|0.4604308|-2.3456914|5.5569
1510200374155|-1.4689423|0.08897245|-0.27734947
1510200374269|-0.98917854|0.9319445|-2.9219742
1510200374385|0.8840225|0.42277503|-0.3629532
1510200374499|-0.34966007|-0.007885933|2.5209875
1510200374614|1.8461258|-1.1191914|1.8813887
1510200374730|0.78978467|-0.8795092|-2.160287
1510200374847|0.29723686|0.11293316|-2.098836
1510200374960|-1.2781038|1.1506679|1.135664
1510200375074|-1.1205626|0.34333682|2.61621
1510200375188|-1.1539688|-0.7958336|0.7180586
1510200375304|0.920558|0.02615571|-4.737954
1510200375419|1.1037517|0.17553258|0.24437523
1510200375534|-0.3004651|0.45724428|2.4891272
1510200375649|0.74442065|-0.42945838|2.4106398
1510200375766|0.5474003|-0.6637417|-2.0557766
1510200375879|-0.32551637|0.14701474|-2.1120214
1510200375993|-0.5760402|0.97731996|0.9708233
1510200376108|-1.360618|-1.1943824|4.812292
1510200376224|-2.475319|0.21542513|-0.93346024
1510200376342|-0.47150594|0.2862537|-1.9686804
1510200376453|1.1709608|0.22405756|-1.7291584
1510200376570|-0.15718275|-0.7341031|4.1848745
1510200376685|2.2422283|-0.8296393|2.510172
1510200376798|0.57163227|-0.4030956|-2.3266153
1510200376914|-0.6441274|1.030488|-2.6843796
1510200377029|-0.55518913|0.61776805|0.7816744
1510200377145|-0.1317429|-0.70738554|3.6344728
1510200377261|-2.054337|0.19804645|-1.8875923
1510200377375|0.85691744|-0.07288313|-2.344225
1510200377489|-1.1660438|1.0231217|-0.7645149
1510200377606|0.13360819|0.50401807|0.5414343
1510200377719|1.4359839|-2.5696478|4.913724
1510200377836|-0.14058784|0.5947412|-1.1324224
1510200377949|-0.31412828|1.1999612|-3.3904562
1510200378067|0.44984108|0.01497674|1.428648
1510200378179|-1.1153673|0.39306605|1.5053234
1510200378296|-2.6106155|-0.35964322|-0.8198185
1510200378411|0.10330254|0.69459665|-3.3300047
1510200378524|0.028011769|0.32075512|-1.0777035
1510200378640|-0.45181772|0.63281286|0.68144894
1510200378757|0.8521049|-1.667409|5.4385605
1510200378870|0.915979|-0.8847575|-1.0845718
1510200378985|0.252428|-0.23577702|-3.1996546
1510200379102|-1.7460706|2.166987|-0.2687044
1510200379221|-0.52981955|0.89619064|2.5922384
1510200379331|-0.83565736|-1.2319357|-0.17271996
1510200379445|0.329839|-0.6200106|-1.545146
1510200379562|0.46413875|0.9231552|-2.0782318
1510200379675|0.5216346|0.12647843|1.0497522
1510200379789|1.6459467|-1.8224511|5.8156357
1510200379906|0.9784522|-0.548988|-0.58502865
1510200380023|0.89052266|-0.02999711|-4.423953
1510200380135|-0.21091866|0.8705573|0.008078575
1510200380250|-0.40244412|0.93418074|0.5320139
1510200380366|-2.8806992|-0.4920485|0.3110981
1510200380481|0.5519904|-0.12099445|-2.610938
1510200380597|0.8575791|0.52537096|-2.2380247
1510200380710|0.6763279|0.034575224|0.5277395
1510200380826|-1.3047061|-0.3423078|5.6003494
1510200380941|2.3096871|-1.2361033|-0.6974306
1510200381055|1.2981148|-0.57633567|-2.9761562
1510200381172|-1.4753659|1.6815232|-0.19505024
1510200381285|-0.39369428|0.8626528|0.9635811
1510200381400|-1.0802184|-1.6596947|1.0663424
1510200381514|0.03988421|-0.14951241|-1.927536
1510200381629|0.8686682|0.7579876|-2.6418743
1510200381746|0.94064355|0.48565996|-0.15925312
1510200381861|0.5564133|-1.4023995|6.1541986
1510200381975|0.9819261|-0.7136079|-0.48778152
1510200382091|0.3573907|-0.40685582|-3.585596
1510200382207|-1.1953933|1.7730029|-0.3201294
1510200382320|-0.32760102|1.3187835|1.0193443
1510200382435|-0.9724325|-1.8781065|1.1308002
1510200382551|-0.061288655|-0.5616332|-1.8172617
1510200382665|-1.5304164|1.8367655|-2.6334562
1510200382780|1.3575046|0.40986443|-0.46818924
1510200382896|0.367882|-0.5855367|6.3927364
1510200383010|0.43193838|-0.3407755|-1.1827888
1510200383127|0.66581637|-0.5596316|-3.7025013
1510200383239|-1.2338266|1.2228391|-0.11978531
1510200383357|-0.25451523|0.5318103|1.5291481
1510200383472|-0.036353827|-1.827478|4.0089407
1510200383586|-0.45287603|-0.19166517|-2.0407429
1510200383700|0.026369125|1.0974283|-3.391718
1510200383816|-0.0040157214|0.8228872|-0.38088036
1510200383932|1.3153303|0.21137774|4.140936
1510200384047|0.23788977|-0.11031413|0.72160816
1510200384161|-0.13043264|-0.14195228|-5.6349277
1510200384275|-1.0305349|1.2890108|0.006552696
1510200384390|-0.38735116|1.1305192|1.7182455
1510200384506|0.032489717|-1.8409601|3.085577
1510200384622|-1.076692|-0.37728727|-2.9428244
1510200384736|0.8764214|0.55294275|-3.3566198
1510200384851|0.28983772|0.29973698|-0.29371738
1510200384967|0.64051104|1.0873052|1.8252449
1510200385082|-0.673166|0.5501683|-0.7272911
1510200385198|0.7318773|-0.71382046|-3.686182
1510200385311|-1.57326|1.3731513|-0.4497738
1510200385427|-0.9520323|0.9829235|2.16321
1510200385543|-0.2765572|-1.5639918|2.0479078
1510200385658|-1.257287|-0.2384758|-1.4409218
1510200385771|0.6968427|0.4822147|-3.4237003
1510200385889|1.0187116|0.2709167|0.7360058
1510200386002|-0.34758675|1.0671765|3.6718922
1510200386117|1.4562056|-0.95152426|0.60823345
1510200386232|0.7198126|-0.60653925|-3.3220606
1510200386346|-0.6852924|0.73531175|-1.994133
1510200386461|-0.27826208|1.0736277|2.5278397
1510200386578|-1.1836417|-1.5458767|3.0794601
1510200386692|0.034012496|-0.35850263|-2.0759363
1510200386808|0.946026|0.4071796|-3.7515497
1510200386921|0.91034245|0.8301115|0.3506651
1510200387038|-0.8194292|0.8586383|3.4087954
1510200387152|0.5147727|-0.045559645|-1.0330486
1510200387268|0.4482331|-0.68699336|-2.6505365
1510200387382|-0.5812957|0.632869|-2.1858006
1510200387496|0.1137895|0.87667775|1.7808628
1510200387612|-0.94063866|-1.1639731|4.5377235
1510200387730|-1.6516564|-0.40825117|-1.1119242
1510200387842|0.9998491|-0.0070176125|-3.6813717
1510200387958|0.59770364|0.6667352|-0.047412872
1510200388071|-1.7345442|1.9687288|3.0216017
1510200388187|0.5281988|0.036020517|0.63495636
1510200388303|1.7408388|-1.7890899|-3.4348564
1510200388417|-0.09457815|0.5935464|-1.5578661
1510200388534|-0.27408743|1.0643816|1.4779034
1510200388647|-0.18489087|-0.57436633|3.3570576
1510200388763|-1.0132456|-0.9444939|-0.6546469
1510200388879|0.1543166|0.29372478|-2.7515736
1510200388994|-0.83388174|0.9094659|-0.45017624
1510200389109|-0.68202263|1.2629548|0.8116522
1510200389222|1.6063495|-0.78476334|1.6726236
1510200389337|1.2422138|-0.8317313|-2.251608
1510200389454|-0.43886864|0.51246285|-3.3950596
1510200389568|-0.64827895|1.4031026|0.6389322
1510200389683|-1.2418716|-0.81452584|6.0197678
1510200389797|-1.8570781|-0.8953521|-0.26742744
1510200389915|0.07409167|0.23279166|-4.922944
1510200390027|-0.51499784|1.2891705|-1.4326172
1510200390145|0.72128046|0.3302982|2.157938
1510200390258|1.2000711|-1.8790779|5.1071424
1510200390372|0.7764089|-0.14391255|-1.1622686
1510200390488|-0.7965063|0.4319303|-2.0654173
1510200390604|-0.6019487|0.38641|-0.89478016
1510200390717|-1.5385637|0.3217721|1.1854715
1510200390833|-1.1782568|-1.078085|0.21033192
1510200390948|-0.007555485|0.01959896|-0.9247446
1510200391064|0.22348984|0.21183372|-1.4338417
1510200391177|0.018047482|0.0048000813|1.9700794
1510200391292|1.2775767|-0.13519788|3.6896114
1510200391408|0.52196074|-0.7446995|-1.9349804
1510200391522|-0.589591|0.12389898|-1.4590721
1510200391638|-0.4465653|0.82696724|-0.42481232
1510200391753|-0.27510226|0.76309156|0.98184776
1510200391867|-1.150986|-0.1963222|0.34380436
1510200391983|-0.19584966|0.06919718|-1.4168224
1510200392066|0.8164513|0.022586584|-2.3129358
1510200392155|-0.0017204583|0.5281658|-1.1377077
1510200392275|0.585955|0.88673043|1.1914349
1510200392388|0.68116564|-0.18856049|1.9900942
1510200392500|0.86895084|-1.1513228|-0.59796906
1510200392615|-0.6707807|0.5272031|-2.6042156
1510200392730|0.1716168|0.7143011|-0.31911087
1510200392846|-0.67865527|0.6934831|1.0693092
1510200392962|-2.2291408|-0.2781589|-0.8855419
1510200393077|-0.04810202|0.263932|-1.683136
1510200393191|0.23830119|0.6054201|-1.8630905
1510200393306|0.48610866|0.37541056|1.8621902
1510200393421|0.3508897|-1.044682|3.999998
1510200393535|0.6798627|-0.4702475|-0.8630152
1510200393650|-0.66269565|0.7777307|-3.570366
1510200393766|-0.29432732|0.57730937|0.6946144
1510200393882|-1.3945035|0.55490637|0.5128555
1510200393997|-2.1608655|-0.42556953|0.11488342
1510200394112|0.25398147|-0.22459888|-1.9991465
1510200394226|0.81473565|-0.06512475|-2.0069237
1510200394342|-0.20454109|0.45886064|2.4081345
1510200394455|1.0803875|-0.7017356|5.7690973
1510200394571|1.3202646|-1.1787146|-0.6330452
1510200394687|-0.2687785|0.5933676|-3.6143723
1510200394802|-0.04343593|0.987988|-0.15082264
1510200394917|0.15284443|0.4018898|1.529067
1510200395031|-2.1305842|-0.60853183|1.5981245
1510200395147|0.207075|-0.113091946|-2.5171766
1510200395260|1.6102068|0.062274694|-2.2442732
1510200395377|-1.0757631|1.1506059|-0.643343
1510200395493|0.5453042|-1.6740372|8.156346
1510200395607|1.2287905|-0.59095633|-0.9801512
1510200395720|0.75949335|-0.231112|-2.837309
1510200395835|-0.46523654|1.071207|-2.000226
1510200395950|-1.0762959|0.8052428|2.0001783
1510200396066|-2.5556903|-1.4366782|2.478241
1510200396182|-0.96611905|0.28903806|-2.8402872
1510200396296|1.3893166|0.14646196|-4.5764227
1510200396412|1.4457072|1.2416451|-0.5141344
1510200396527|0.36584556|-2.245648|8.65376
1510200396640|1.6616094|-0.33158326|-1.7512121
1510200396756|1.5676422|-0.21892035|-2.44948
1510200396872|0.060293913|1.0904309|-2.2079506
1510200396986|-2.1431565|0.88236296|1.5395823
1510200397103|-1.1295888|-2.5350378|3.309043
1510200397217|1.6171782|0.3853252|-3.1548948
1510200397332|2.6116788|0.10035229|-2.0031376
1510200397448|-0.26996887|0.30591154|-0.15074158
1510200397561|-0.538329|-1.9751133|4.8311596
1510200397677|1.3588958|-0.6225854|-3.541049
1510200397792|0.38887644|0.48031533|-2.245593
1510200397908|-0.7300906|0.19384408|0.629611
1510200398022|-0.4733808|-1.5647727|4.6320305
1510200398142|-2.6563065|-0.48750854|1.3138208
1510200398255|1.1193938|-0.5279505|-5.2426243
1510200398367|1.4570714|-0.4185331|-0.6914978
1510200398483|0.04083574|1.0599853|3.0811129
1510200398596|1.9998767|-0.83802533|2.3230686
1510200398713|2.1028543|-1.6998718|-1.8369398
1510200398828|0.7321135|-0.21888304|-3.377657
1510200398942|-1.3946996|2.0919013|-0.3420353
1510200399057|-1.8224554|0.28970027|4.7454433
1510200399172|-1.6516771|-1.4161915|-0.06759834
1510200399288|1.9980657|-0.66487765|-4.34482
1510200399402|1.5964636|-0.30335033|-1.5047941
1510200399517|-0.504531|1.2973112|1.6209326
1510200399633|0.5171058|-1.7370212|6.935705
1510200399747|2.170536|-0.67295086|-0.66651535
1510200399862|1.3581874|-0.5806205|-4.0205917
1510200399978|1.6441238|-0.2630297|0.12190151
1510200400093|-2.5298567|1.5153091|4.646368
1510200400207|-1.8988357|-1.0597125|0.8224354
1510200400322|1.2669532|-1.3955357|-5.2124453
1510200400438|1.2770145|-0.18870795|-3.025628
1510200400554|-0.7210314|2.1476483|0.29773712
1510200400667|-0.34369755|-0.27927637|7.010249
1510200400781|1.2500696|-0.14658177|-1.5404377
1510200400898|2.1278822|-1.4212496|-3.877367
1510200401013|1.0906036|-0.007043481|-1.2112627
1510200401127|-1.2755446|2.124282|2.8169584
1510200401241|-1.8609552|-1.3869275|3.8858109
1510200401358|0.7990835|-1.8360862|-2.4991198
1510200401474|1.8625867|-0.04367256|-3.1041794
1510200401587|-0.92559767|1.6427091|0.90421677
1510200401703|-1.4398501|1.2593839|4.020406
1510200401818|1.9063275|-0.95292807|0.28083324
1510200401932|1.5174725|-1.5666554|-2.9682016
1510200402048|0.12692761|-0.19155443|-3.4952965
1510200402163|-1.6921413|1.3985411|2.3042831
1510200402280|-2.948934|-0.53935397|5.651432
1510200402393|-1.523171|-1.3604243|-1.8639746
1510200402508|1.4454095|-0.40755725|-4.358362
1510200402623|0.69596887|0.61394906|-0.60913944
1510200402737|0.25844264|0.5747709|4.210368
1510200402852|1.140116|-0.21700776|2.329278
1510200402968|0.9841871|-1.6633041|-2.7065477
1510200403083|0.33994842|-0.04487276|-4.5131826
1510200403197|-0.6491833|1.3358641|-0.25799656
1510200403318|-2.2706566|-0.68329597|7.3590975
1510200403428|-3.7587981|-0.15513694|-0.8713522
1510200403543|1.0486698|-1.0357916|-4.050535
1510200403659|2.2572641|-0.7625816|-1.7738094
1510200403772|0.41929924|0.7421272|2.566677
1510200403890|0.28026223|-0.7984847|5.1565485
1510200404005|0.13750243|-0.09374809|-2.647872
1510200404119|0.6008897|-0.11546707|-3.7853699
1510200404237|1.0743606|0.5135442|-0.05486679
1510200404348|-1.4232666|-0.9597337|7.8257084
1510200404464|-3.068924|0.23705816|-2.2840443
1510200404578|1.5948186|-0.2611009|-3.527422
1510200404693|0.7390591|0.22757447|-0.043203354
1510200404807|-0.36886966|0.2672931|2.2726812
1510200404922|2.1572087|-1.914489|6.0410004
1510200405037|0.8297416|-0.8563423|-2.6808357
1510200405152|0.10714257|-0.027612686|-3.267211
1510200405268|0.15744364|0.59691834|0.04932213
1510200405387|-0.5523397|0.75481415|2.4020529
1510200405500|-1.4900709|-0.14484644|-0.6994648
1510200405613|0.09853208|-0.051842213|-1.5325794
1510200405730|0.37707376|0.0034041405|-2.5368242
1510200405844|0.35574722|0.26370454|0.78819275
1510200405958|1.2539072|-0.19281602|5.0718164
1510200406075|1.3808515|-1.06463|-1.7530489
1510200406190|-0.5048823|0.4756999|-2.9467573
1510200406305|0.31744242|0.5685241|-0.5814934
