1509581413596|-0.25878662|6.4151835|7.4230895
1509581413716|-0.25878662|6.4151835|7.4230895
1509581413849|-0.29964766|6.401563|7.43671
1509581413980|-0.32688835|6.387943|7.4503303
1509581414113|-0.31326798|6.387943|7.4503303
1509581414245|-0.31326798|6.387943|7.4503303
1509581414377|-0.32688835|6.387943|7.4503303
1509581414509|-0.32688835|6.387943|7.4503303
1509581414641|-0.35412902|6.3743224|7.4639506
1509581414774|-0.35412902|6.3470817|7.477571
1509581414904|-0.38136974|6.3198414|7.504812
1509581415037|-0.38136974|6.306221|7.518432
1509581415168|-0.38136974|6.26536|7.5456724
1509581415300|-0.3949901|6.2244987|7.572913
1509581415432|-0.3949901|6.2244987|7.5865335
1509581415564|-0.42223078|6.2108784|7.5865335
1509581415697|-0.4086104|6.1836376|7.6137743
1509581415827|-0.4086104|6.1700177|7.6273947
1509581415959|-0.4086104|6.1563973|7.641015
1509581416092|-0.4086104|6.1700177|7.6273947
1509581416225|-0.4086104|6.1700177|7.6273947
1509581416356|-0.4086104|6.1700177|7.6273947
1509581416489|-0.4086104|6.1700177|7.6273947
1509581416619|-0.4086104|6.1700177|7.6273947
1509581416752|-0.4086104|6.1700177|7.6273947
1509581416884|-0.4086104|6.1700177|7.6273947
1509581417014|-0.4086104|6.1700177|7.6273947
1509581417147|-0.4086104|6.1700177|7.6273947
1509581417280|-0.4086104|6.1700177|7.6273947
1509581417412|-0.4086104|6.1700177|7.6273947
1509581417544|-0.4086104|6.1563973|7.641015
1509581417678|-0.4086104|6.1563973|7.641015
1509581417808|-0.4086104|6.1563973|7.6273947
1509581417940|-0.4086104|6.1563973|7.641015
1509581418072|-0.4086104|6.1563973|7.6273947
1509581418206|-0.4086104|6.1700177|7.6273947
1509581418336|-0.3949901|6.1836376|7.6137743
1509581418469|-0.3949901|6.1836376|7.6137743
1509581418601|-0.3949901|6.1836376|7.6137743
1509581418732|-0.3949901|6.1836376|7.6137743
1509581418865|-0.3949901|6.1836376|7.6137743
1509581418996|-0.42223078|6.1836376|7.6137743
1509581419130|-0.42223078|6.1836376|7.6137743
1509581419260|-0.43585113|6.1836376|7.6137743
1509581419393|-0.43585113|6.1836376|7.6137743
1509581419524|-0.43585113|6.1700177|7.6137743
1509581419658|-0.43585113|6.1700177|7.6273947
1509581419788|-0.43585113|6.1563973|7.6273947
1509581419921|-0.44947144|6.1563973|7.6273947
1509581420052|-0.44947144|6.1563973|7.6273947
1509581420184|-0.44947144|6.1563973|7.6273947
1509581420317|-0.47671217|6.1563973|7.641015
1509581420448|-0.50395286|6.142777|7.641015
1509581420581|-0.50395286|6.142777|7.641015
1509581420712|-0.50395286|6.142777|7.641015
1509581420845|-0.50395286|6.142777|7.641015
1509581420976|-0.50395286|6.142777|7.641015
1509581421116|-0.50395286|6.142777|7.641015
1509581421239|-0.50395286|6.142777|7.641015
1509581421374|-0.50395286|6.142777|7.641015
1509581421503|-0.50395286|6.142777|7.641015
1509581421635|-0.50395286|6.1700177|7.6137743
1509581421768|-0.51757324|6.1700177|7.6137743
1509581421900|-0.50395286|6.1563973|7.6273947
1509581422033|-0.51757324|6.1563973|7.6273947
1509581422163|-0.50395286|6.1563973|7.6273947
1509581422296|-0.50395286|6.1563973|7.6273947
1509581422428|-0.50395286|6.1563973|7.6273947
1509581422561|-0.50395286|6.1563973|7.6273947
1509581422692|-0.50395286|6.142777|7.641015
1509581422826|-0.51757324|6.1291566|7.6546354
1509581422955|-0.51757324|6.115536|7.6546354
1509581423090|-0.53119355|6.1291566|7.6546354
1509581423220|-0.53119355|6.1291566|7.6546354
1509581423354|-0.53119355|6.101916|7.668256
1509581423484|-0.51757324|6.074675|7.695496
1509581423619|-0.53119355|6.0474343|7.722737
1509581423749|-0.51757324|6.0474343|7.7091165
1509581423880|-0.51757324|6.0474343|7.7091165
1509581424013|-0.51757324|6.0474343|7.7091165
1509581424144|-0.53119355|6.0474343|7.722737
1509581424276|-0.50395286|6.0474343|7.722737
1509581424411|-0.51757324|6.0610547|7.7091165
1509581424541|-0.51757324|6.0610547|7.7091165
1509581424674|-0.51757324|6.0610547|7.7091165
1509581424804|-0.51757324|6.0610547|7.7091165
1509581424937|-0.51757324|6.0610547|7.7091165
1509581425068|-0.51757324|6.0610547|7.7091165
1509581425201|-0.51757324|6.0610547|7.7091165
1509581425333|-0.51757324|6.0610547|7.7091165
1509581425466|-0.51757324|6.0610547|7.7091165
1509581425601|-0.51757324|6.0610547|7.7091165
1509581425729|-0.53119355|6.033814|7.722737
1509581425860|-0.53119355|6.033814|7.722737
1509581425996|-0.53119355|6.020194|7.736357
1509581426128|-0.53119355|6.0065737|7.7499776
1509581426258|-0.53119355|5.9929533|7.7499776
1509581426390|-0.53119355|5.9929533|7.7499776
1509581426521|-0.53119355|5.9929533|7.7499776
1509581426655|-0.53119355|5.979333|7.763598
1509581426785|-0.53119355|5.9657125|7.7772183
1509581426916|-0.51757324|5.9657125|7.7772183
1509581427051|-0.51757324|5.9657125|7.7772183
1509581427182|-0.51757324|5.9657125|7.7772183
1509581427314|-0.51757324|5.9657125|7.7772183
1509581427445|-0.51757324|5.9657125|7.7772183
1509581427577|-0.50395286|5.938472|7.804459
1509581427709|-0.49033248|5.924851|7.804459
1509581427840|-0.49033248|5.924851|7.8180795
1509581427981|-0.49033248|5.9112306|7.8180795
1509581428105|-0.49033248|5.89761|7.8317
1509581428237|-0.47671217|5.88399|7.8453197
1509581428368|-0.47671217|5.8703694|7.85894
1509581428500|-0.47671217|5.856749|7.85894
1509581428632|-0.47671217|5.8431287|7.8725605
1509581428764|-0.47671217|5.8431287|7.8725605
1509581428896|-0.47671217|5.8431287|7.8725605
1509581429029|-0.47671217|5.8295083|7.886181
1509581429163|-0.49033248|5.8295083|7.886181
1509581429292|-0.49033248|5.8295083|7.886181
1509581429425|-0.49033248|5.8295083|7.886181
1509581429556|-0.49033248|5.8295083|7.886181
1509581429688|-0.49033248|5.856749|7.85894
1509581429821|-0.49033248|5.856749|7.85894
1509581429951|-0.49033248|5.856749|7.85894
1509581430085|-0.49033248|5.8703694|7.8453197
1509581430217|-0.49033248|5.8703694|7.85894
1509581430358|-0.49033248|5.8703694|7.85894
1509581430480|-0.49033248|5.856749|7.85894
1509581430613|-0.47671217|5.8431287|7.8725605
1509581430745|-0.47671217|5.8431287|7.8725605
1509581430878|-0.47671217|5.8431287|7.8725605
1509581431008|-0.46309182|5.815888|7.886181
1509581431140|-0.46309182|5.802268|7.8998013
1509581431273|-0.44947144|5.761407|7.927042
1509581431404|-0.44947144|5.7477865|7.9406624
1509581431538|-0.43585113|5.734166|7.9542828
1509581431669|-0.43585113|5.720546|7.967903
1509581431801|-0.43585113|5.720546|7.967903
1509581431932|-0.43585113|5.7069254|7.9815235
1509581432089|-0.43585113|5.7069254|7.9815235
1509581432197|-0.43585113|5.693305|7.9951434
1509581432329|-0.42223078|5.6796846|7.9951434
1509581432460|-0.42223078|5.6796846|7.9951434
1509581432593|-0.42223078|5.6796846|7.9951434
1509581432724|-0.43585113|5.693305|7.9815235
1509581432859|-0.43585113|5.7477865|7.9406624
1509581432988|-0.46309182|5.7750273|7.927042
1509581433120|-0.44947144|5.761407|7.927042
1509581433253|-0.44947144|5.761407|7.927042
1509581433385|-0.44947144|5.802268|7.9134216
1509581433515|-0.44947144|5.802268|7.9134216
1509581433648|-0.44947144|5.802268|7.9134216
1509581433779|-0.44947144|5.802268|7.9134216
1509581433912|-0.44947144|5.815888|7.886181
1509581434044|-0.44947144|5.8295083|7.886181
1509581434178|-0.44947144|5.8295083|7.886181
1509581434308|-0.44947144|5.8295083|7.886181
1509581434441|-0.44947144|5.8295083|7.886181
1509581434572|-0.44947144|5.815888|7.8998013
1509581434706|-0.44947144|5.815888|7.8998013
1509581434836|-0.44947144|5.815888|7.8998013
1509581434969|-0.44947144|5.7886477|7.9134216
1509581435100|-0.44947144|5.761407|7.9406624
1509581435235|-0.44947144|5.734166|7.9542828
1509581435364|-0.44947144|5.693305|7.9815235
1509581435497|-0.44947144|5.6796846|7.9951434
1509581435628|-0.46309182|5.638824|8.022385
1509581435761|-0.46309182|5.6252036|8.036005
1509581435893|-0.46309182|5.6252036|8.036005
1509581436025|-0.46309182|5.6252036|8.036005
1509581436156|-0.46309182|5.611583|8.049625
1509581436290|-0.47671217|5.5843425|8.049625
1509581436420|-0.47671217|5.5843425|8.049625
1509581436552|-0.47671217|5.597963|8.049625
1509581436684|-0.47671217|5.597963|8.049625
1509581436820|-0.47671217|5.597963|8.049625
1509581436948|-0.47671217|5.597963|8.049625
1509581437081|-0.47671217|5.597963|8.049625
1509581437213|-0.49033248|5.5843425|8.049625
1509581437346|-0.49033248|5.5843425|8.049625
1509581437477|-0.50395286|5.5843425|8.049625
1509581437610|-0.50395286|5.597963|8.049625
1509581437740|-0.50395286|5.611583|8.036005
1509581437873|-0.53119355|5.638824|8.022385
1509581438004|-0.53119355|5.638824|8.022385
1509581438137|-0.5448139|5.652444|8.008764
1509581438268|-0.55843425|5.6660643|7.9951434
1509581438401|-0.57205456|5.6796846|7.9951434
1509581438533|-0.57205456|5.6660643|7.9951434
1509581438665|-0.58567494|5.6796846|7.9815235
1509581438801|-0.58567494|5.652444|8.008764
1509581438928|-0.58567494|5.6660643|7.9951434
1509581439061|-0.58567494|5.6660643|7.9951434
1509581439192|-0.58567494|5.6796846|7.9815235
1509581439325|-0.58567494|5.652444|7.9951434
1509581439457|-0.58567494|5.652444|7.9951434
1509581439588|-0.57205456|5.638824|8.008764
1509581439721|-0.57205456|5.638824|8.008764
1509581439852|-0.57205456|5.638824|8.008764
1509581439985|-0.57205456|5.638824|8.008764
1509581440117|-0.57205456|5.638824|8.008764
1509581440249|-0.57205456|5.638824|8.008764
1509581440380|-0.55843425|5.638824|8.022385
1509581440513|-0.5448139|5.6252036|8.022385
1509581440644|-0.5448139|5.6252036|8.022385
1509581440777|-0.5448139|5.6252036|8.022385
1509581440908|-0.5448139|5.6252036|8.022385
1509581441040|-0.5448139|5.6252036|8.022385
1509581441173|-0.5448139|5.6252036|8.022385
1509581441306|-0.5448139|5.638824|8.022385
1509581441437|-0.53119355|5.638824|8.022385
1509581441569|-0.53119355|5.638824|8.022385
1509581441701|-0.5448139|5.638824|8.022385
1509581441836|-0.57205456|5.638824|8.022385
1509581441965|-0.5992953|5.638824|8.022385
1509581442097|-0.5992953|5.638824|8.022385
1509581442230|-0.5992953|5.638824|8.022385
1509581442361|-0.61291564|5.638824|8.008764
1509581442494|-0.61291564|5.638824|8.008764
1509581442625|-0.62653595|5.638824|8.008764
1509581442757|-0.6401563|5.652444|7.9951434
1509581442888|-0.667397|5.6796846|7.9815235
1509581443020|-0.667397|5.693305|7.967903
1509581443154|-0.667397|5.7069254|7.9542828
1509581443284|-0.6810174|5.7069254|7.9542828
1509581443417|-0.6810174|5.7069254|7.9542828
1509581443549|-0.667397|5.693305|7.967903
1509581443681|-0.667397|5.693305|7.967903
1509581443816|-0.6401563|5.6796846|7.9815235
1509581443944|-0.6401563|5.6796846|7.9815235
1509581444078|-0.6401563|5.6796846|7.9815235
1509581444208|-0.62653595|5.652444|7.9951434
1509581444344|-0.62653595|5.638824|8.008764
1509581444473|-0.62653595|5.611583|8.036005
1509581444606|-0.62653595|5.597963|8.036005
1509581444737|-0.61291564|5.570722|8.063246
1509581444869|-0.62653595|5.529861|8.076866
1509581445002|-0.61291564|5.50262|8.104107
1509581445133|-0.57205456|5.434519|8.158588
1509581445265|-0.53119355|5.339176|8.21307
1509581445397|-0.47671217|5.2302136|8.294791
1509581445530|-0.3949901|5.08039|8.390134
1509581445661|-0.32688835|4.944186|8.471856
1509581445793|-0.27240694|4.8488436|8.526338
1509581445925|-0.21792556|4.780742|8.567199
1509581446057|-0.19068487|4.7126403|8.608059
1509581446189|-0.17706451|4.6445384|8.64892
1509581446322|-0.16344418|4.6172976|8.66254
1509581446452|-0.13620347|4.590057|8.676161
1509581446585|-0.13620347|4.590057|8.676161
1509581446716|-0.14982383|4.6172976|8.66254
1509581446850|-0.16344418|4.671779|8.6353
1509581446980|-0.19068487|4.739881|8.594439
1509581447126|-0.21792556|4.821603|8.553578
1509581447244|-0.23154591|4.8897047|8.512717
1509581447378|-0.23154591|4.9169455|8.499097
1509581447511|-0.23154591|4.930566|8.4854765
1509581447642|-0.21792556|4.9578066|8.471856
1509581447774|-0.17706451|4.971427|8.458236
1509581447905|-0.10896278|4.971427|8.458236
1509581448038|-0.08172209|4.985047|8.458236
1509581448173|-0.013620348|4.985047|8.458236
1509581448301|-0.013620348|4.985047|8.458236
1509581448441|0.027240695|4.985047|8.458236
1509581448565|0.05448139|4.971427|8.458236
1509581448697|0.095342435|4.971427|8.458236
1509581448828|0.12258312|4.985047|8.458236
1509581448962|0.12258312|4.985047|8.458236
1509581449094|0.13620347|4.985047|8.458236
1509581449225|0.13620347|4.985047|8.458236
1509581449358|0.17706451|4.985047|8.444615
1509581449488|0.2043052|4.985047|8.458236
1509581449622|0.23154591|4.985047|8.458236
1509581449752|0.23154591|4.985047|8.458236
1509581449885|0.23154591|4.985047|8.458236
1509581450016|0.23154591|4.9578066|8.471856
1509581450149|0.23154591|4.9578066|8.458236
1509581450281|0.24516624|4.944186|8.471856
1509581450412|0.24516624|4.944186|8.471856
1509581450545|0.23154591|4.944186|8.471856
1509581450676|0.23154591|4.944186|8.471856
1509581450810|0.23154591|4.9578066|8.471856
1509581450940|0.23154591|4.9578066|8.471856
1509581451074|0.21792556|4.971427|8.458236
1509581451204|0.21792556|4.985047|8.458236
1509581451337|0.2043052|4.985047|8.444615
1509581451469|0.19068487|4.9986672|8.444615
1509581451600|0.19068487|4.9986672|8.444615
1509581451734|0.17706451|5.0122876|8.430995
1509581451866|0.17706451|5.0122876|8.430995
1509581452002|0.14982383|5.0122876|8.430995
1509581452130|0.14982383|5.0122876|8.430995
1509581452262|0.16344418|4.9986672|8.444615
1509581452393|0.2043052|4.9578066|8.471856
1509581452526|0.28602728|4.903325|8.499097
1509581452657|0.35412902|4.8488436|8.526338
1509581452790|0.42223078|4.807983|8.539958
1509581452921|0.49033248|4.780742|8.553578
1509581453053|0.5448139|4.7535014|8.567199
1509581453185|0.61291564|4.7262607|8.580819
1509581453317|0.6810174|4.69902|8.594439
1509581453454|0.74911916|4.671779|8.594439
1509581453581|0.8036005|4.6445384|8.608059
1509581453713|0.8172208|4.6445384|8.608059
1509581453845|0.83084124|4.630918|8.608059
1509581453976|0.8172208|4.630918|8.621679
1509581454109|0.7763598|4.630918|8.621679
1509581454241|0.70825803|4.658159|8.608059
1509581454377|0.6537767|4.6853995|8.594439
1509581454506|0.61291564|4.7126403|8.594439
1509581454637|0.5448139|4.7262607|8.580819
1509581454770|0.49033248|4.7535014|8.567199
1509581454901|0.42223078|4.767122|8.567199
1509581455034|0.36774936|4.780742|8.567199
1509581455165|0.31326798|4.7943625|8.553578
1509581455297|0.29964766|4.7943625|8.553578
