1509528384457|0.15322891|-0.10534488|9.710882
1509528384559|0.15322891|-0.10534488|9.710882
1509528384692|0.15322891|-0.10534488|9.730036
1509528384824|0.15322891|-0.10534488|9.720459
1509528384956|0.15322891|-0.10534488|9.710882
1509528385088|0.15322891|-0.11492168|9.672575
1509528385220|0.17238252|-0.095768064|9.691729
1509528385352|0.1436521|-0.095768064|9.787497
1509528385485|0.17238252|-0.11492168|9.634268
1509528385617|0.15322891|-0.095768064|9.720459
1509528385748|0.15322891|-0.095768064|9.710882
1509528385880|0.1436521|-0.076614454|9.758766
1509528386012|0.12449849|-0.08619126|9.720459
1509528386144|0.12449849|-0.08619126|9.758766
1509528386276|0.1436521|-0.08619126|9.749189
1509528386408|0.12449849|-0.06703765|9.730036
1509528386541|0.12449849|-0.076614454|9.730036
1509528386672|0.1436521|-0.08619126|9.730036
1509528386805|0.11492168|-0.06703765|9.768343
1509528386936|0.1340753|-0.076614454|9.730036
1509528387067|0.1340753|-0.08619126|9.749189
1509528387199|0.12449849|-0.06703765|9.758766
1509528387332|0.11492168|-0.076614454|9.710882
1509528387464|0.11492168|-0.076614454|9.749189
1509528387596|0.1340753|-0.095768064|9.749189
1509528387729|0.11492168|-0.095768064|9.80665
1509528387861|0.15322891|-0.10534488|9.672575
1509528387992|0.19153613|-0.10534488|9.682152
1509528388125|0.1340753|-0.08619126|9.710882
1509528388256|0.1340753|-0.095768064|9.720459
1509528388389|0.15322891|-0.10534488|9.701305
1509528388521|0.1340753|-0.10534488|9.739613
1509528388652|0.1340753|-0.08619126|9.710882
1509528388784|0.12449849|-0.08619126|9.730036
1509528388916|0.1436521|-0.11492168|9.710882
1509528389049|0.1340753|-0.095768064|9.720459
1509528389181|0.1340753|-0.095768064|9.720459
1509528389313|0.1340753|-0.10534488|9.720459
1509528389444|0.1340753|-0.10534488|9.720459
1509528389576|0.15322891|-0.10534488|9.720459
1509528389708|0.1436521|-0.10534488|9.710882
1509528389841|0.1436521|-0.10534488|9.730036
1509528389973|0.1340753|-0.11492168|9.730036
1509528390104|0.1340753|-0.095768064|9.730036
1509528390237|0.1340753|-0.095768064|9.739613
1509528390368|0.15322891|-0.10534488|9.701305
1509528390500|0.1340753|-0.10534488|9.720459
1509528390633|0.15322891|-0.11492168|9.672575
1509528390764|0.12449849|-0.095768064|9.768343
1509528390897|0.12449849|-0.095768064|9.730036
1509528391029|0.11492168|-0.076614454|9.739613
1509528391160|0.08619126|-0.076614454|9.758766
1509528391293|0.095768064|-0.095768064|9.730036
1509528391425|0.095768064|-0.076614454|9.720459
1509528391556|0.12449849|-0.10534488|9.701305
1509528391688|0.1436521|-0.10534488|9.720459
1509528391820|0.1436521|-0.11492168|9.720459
1509528391953|0.1436521|-0.11492168|9.720459
1509528392083|0.1436521|-0.11492168|9.710882
1509528392218|0.1436521|-0.11492168|9.710882
1509528392348|0.1340753|-0.11492168|9.710882
1509528392481|0.15322891|-0.11492168|9.710882
1509528392624|0.15322891|-0.11492168|9.710882
1509528392745|0.1436521|-0.10534488|9.720459
1509528392877|0.1436521|-0.11492168|9.720459
1509528393008|0.16280572|-0.11492168|9.720459
1509528393140|0.15322891|-0.095768064|9.720459
1509528393272|0.15322891|-0.095768064|9.720459
1509528393404|0.15322891|-0.095768064|9.720459
1509528393538|0.15322891|-0.095768064|9.720459
1509528393669|0.15322891|-0.095768064|9.720459
1509528393800|0.15322891|-0.095768064|9.710882
1509528393933|0.15322891|-0.10534488|9.730036
1509528394064|0.15322891|-0.11492168|9.720459
1509528394206|0.16280572|-0.11492168|9.710882
1509528394328|0.15322891|-0.11492168|9.730036
1509528394461|0.1436521|-0.10534488|9.662998
1509528394592|0.1436521|-0.10534488|9.730036
1509528394725|0.12449849|-0.08619126|9.749189
1509528394856|0.15322891|-0.11492168|9.701305
1509528394988|0.15322891|-0.11492168|9.701305
1509528395121|0.1436521|-0.11492168|9.730036
1509528395252|0.12449849|-0.08619126|9.730036
1509528395384|0.12449849|-0.095768064|9.730036
1509528395517|0.12449849|-0.076614454|9.720459
1509528395653|0.12449849|-0.076614454|9.749189
1509528395781|0.12449849|-0.076614454|9.730036
1509528395913|0.12449849|-0.076614454|9.768343
1509528396044|0.12449849|-0.08619126|9.730036
1509528396177|0.12449849|-0.06703765|9.739613
1509528396307|0.12449849|-0.095768064|9.720459
1509528396445|0.15322891|-0.11492168|9.701305
1509528396573|0.15322891|-0.11492168|9.710882
1509528396704|0.15322891|-0.12449849|9.710882
1509528396836|0.1436521|-0.10534488|9.730036
1509528396968|0.1340753|-0.10534488|9.730036
1509528397100|0.1340753|-0.08619126|9.720459
1509528397232|0.15322891|-0.11492168|9.710882
1509528397364|0.15322891|-0.095768064|9.701305
1509528397497|0.15322891|-0.095768064|9.701305
1509528397629|0.15322891|-0.11492168|9.720459
1509528397761|0.1436521|-0.095768064|9.730036
1509528397893|0.1436521|-0.095768064|9.701305
1509528398025|0.1436521|-0.095768064|9.720459
1509528398157|0.1436521|-0.095768064|9.710882
1509528398288|0.1340753|-0.095768064|9.739613
1509528398421|0.15322891|-0.11492168|9.720459
1509528398552|0.15322891|-0.11492168|9.720459
1509528398684|0.1340753|-0.11492168|9.720459
1509528398816|0.15322891|-0.11492168|9.720459
1509528398948|0.1340753|-0.095768064|9.720459
1509528399081|0.1340753|-0.095768064|9.720459
1509528399222|0.1340753|-0.095768064|9.739613
1509528399344|0.1340753|-0.095768064|9.710882
1509528399477|0.15322891|-0.095768064|9.701305
1509528399609|0.1436521|-0.095768064|9.710882
1509528399740|0.1340753|-0.11492168|9.710882
1509528399872|0.1340753|-0.095768064|9.730036
1509528399973|0.1436521|-0.10534488|9.720459
1509528400070|0.1436521|-0.11492168|9.720459
1509528400202|0.1436521|-0.095768064|9.720459
1509528400334|0.1436521|-0.095768064|9.720459
1509528400466|0.1340753|-0.095768064|9.739613
1509528400598|0.1340753|-0.076614454|9.701305
1509528400730|0.1340753|-0.076614454|9.710882
1509528400862|0.1340753|-0.076614454|9.730036
1509528400993|0.1340753|-0.08619126|9.749189
1509528401126|0.15322891|-0.11492168|9.710882
1509528401258|0.1436521|-0.11492168|9.710882
1509528401389|0.1436521|-0.095768064|9.730036
1509528401522|0.1436521|-0.10534488|9.701305
1509528401654|0.1340753|-0.10534488|9.710882
1509528401786|0.1340753|-0.08619126|9.739613
1509528401922|0.15322891|-0.12449849|9.768343
1509528402052|0.15322891|-0.10534488|9.730036
1509528402181|0.15322891|-0.10534488|9.710882
1509528402314|0.1436521|-0.10534488|9.701305
1509528402446|0.1436521|-0.10534488|9.720459
1509528402579|0.1436521|-0.10534488|9.691729
1509528402710|0.1436521|-0.10534488|9.768343
1509528402842|0.1340753|-0.08619126|9.701305
1509528402974|0.1340753|-0.08619126|9.720459
1509528403106|0.11492168|-0.08619126|9.749189
1509528403238|0.095768064|-0.06703765|9.768343
1509528403371|0.12449849|-0.08619126|9.730036
1509528403502|0.1436521|-0.095768064|9.730036
1509528403634|0.1436521|-0.10534488|9.710882
1509528403766|0.1436521|-0.10534488|9.730036
1509528403903|0.1436521|-0.10534488|9.710882
1509528404030|0.1436521|-0.10534488|9.701305
1509528404170|0.1436521|-0.10534488|9.730036
1509528404296|0.1340753|-0.10534488|9.720459
1509528404426|0.15322891|-0.10534488|9.710882
1509528404558|0.1340753|-0.10534488|9.730036
1509528404692|0.1340753|-0.10534488|9.730036
1509528404823|0.1340753|-0.12449849|9.720459
1509528404954|0.15322891|-0.12449849|9.710882
1509528405086|0.15322891|-0.10534488|9.730036
1509528405219|0.15322891|-0.10534488|9.710882
1509528405351|0.15322891|-0.12449849|9.710882
1509528405483|0.15322891|-0.10534488|9.710882
1509528405614|0.1436521|-0.11492168|9.710882
1509528405745|0.16280572|-0.11492168|9.682152
1509528405879|0.15322891|-0.11492168|9.710882
1509528406011|0.1436521|-0.11492168|9.710882
1509528406142|0.16280572|-0.12449849|9.682152
1509528406274|0.1436521|-0.12449849|9.701305
1509528406406|0.1340753|-0.10534488|9.77792
1509528406538|0.15322891|-0.10534488|9.710882
1509528406671|0.15322891|-0.10534488|9.710882
1509528406802|0.15322891|-0.11492168|9.730036
1509528406934|0.095768064|-0.11492168|9.710882
1509528407065|0.15322891|-0.11492168|9.682152
1509528407197|0.12449849|-0.095768064|9.730036
1509528407330|0.12449849|-0.076614454|9.749189
1509528407462|0.1436521|-0.11492168|9.701305
1509528407594|0.1436521|-0.11492168|9.701305
1509528407726|0.1436521|-0.095768064|9.730036
1509528407858|0.095768064|-0.10534488|9.730036
1509528407990|0.15322891|-0.11492168|9.710882
1509528408123|0.1340753|-0.11492168|9.710882
1509528408254|0.1340753|-0.11492168|9.768343
1509528408386|0.17238252|-0.11492168|9.672575
1509528408519|0.12449849|-0.11492168|9.710882
1509528408650|0.1436521|-0.08619126|9.691729
1509528408788|0.12449849|-0.10534488|9.768343
1509528408914|0.15322891|-0.095768064|9.720459
1509528409046|0.15322891|-0.095768064|9.710882
1509528409178|-0.038307227|-0.019153614|9.730036
1509528409311|0.16280572|-0.11492168|9.749189
1509528409442|0.1436521|-0.1340753|9.720459
1509528409575|0.15322891|-0.12449849|9.691729
1509528409706|0.1340753|-0.11492168|9.730036
1509528409838|0.15322891|-0.1436521|9.749189
1509528409971|0.1340753|-0.10534488|9.710882
1509528410102|0.11492168|-0.10534488|9.710882
1509528410234|0.11492168|-0.10534488|9.710882
1509528410366|0.10534488|-0.10534488|9.730036
1509528410498|0.10534488|-0.10534488|9.720459
1509528410631|0.10534488|-0.10534488|9.710882
1509528410762|0.10534488|-0.10534488|9.672575
1509528410894|0.06703765|-0.10534488|9.739613
1509528411026|0.16280572|-0.1340753|9.739613
1509528411158|0.10534488|-0.095768064|9.691729
1509528411290|0.10534488|-0.095768064|9.730036
1509528411422|0.11492168|-0.095768064|9.739613
1509528411554|0.1340753|-0.10534488|9.710882
1509528411686|0.1340753|-0.11492168|9.701305
1509528411822|0.095768064|-0.095768064|9.739613
1509528411957|0.1436521|-0.1340753|9.701305
1509528412082|0.1436521|-0.12449849|9.720459
1509528412215|0.1436521|-0.12449849|9.710882
1509528412346|0.1340753|-0.10534488|9.710882
1509528412478|0.1340753|-0.10534488|9.710882
1509528412611|0.15322891|-0.11492168|9.643845
1509528412742|0.1340753|-0.11492168|9.720459
1509528412874|0.1340753|-0.11492168|9.691729
1509528413006|0.1340753|-0.095768064|9.720459
1509528413139|0.1340753|-0.095768064|9.662998
1509528413271|0.12449849|-0.10534488|9.720459
1509528413402|0.1436521|-0.10534488|9.720459
1509528413535|0.12449849|-0.08619126|9.710882
1509528413667|0.10534488|-0.08619126|9.739613
1509528413799|0.12449849|-0.06703765|9.691729
1509528413930|0.12449849|-0.10534488|9.739613
1509528414063|0.1340753|-0.10534488|9.701305
1509528414195|0.12449849|-0.10534488|9.730036
1509528414325|0.11492168|-0.08619126|9.749189
1509528414463|0.095768064|-0.08619126|9.77792
1509528414590|0.11492168|-0.06703765|9.730036
1509528414722|0.10534488|-0.06703765|9.758766
1509528414854|0.12449849|-0.095768064|9.710882
1509528414986|0.12449849|-0.10534488|9.730036
1509528415118|0.1436521|-0.08619126|9.758766
1509528415250|0.11492168|-0.10534488|9.758766
1509528415382|0.1340753|-0.10534488|9.720459
1509528415514|0.1436521|-0.12449849|9.720459
1509528415647|0.1340753|-0.10534488|9.720459
1509528415778|0.1340753|-0.10534488|9.720459
1509528415910|0.1340753|-0.10534488|9.710882
1509528416041|0.12449849|-0.10534488|9.730036
1509528416174|0.12449849|-0.10534488|9.730036
1509528416307|0.12449849|-0.10534488|9.720459
