1509531353687|-0.027240695|0.21792556|-0.3405087
1509531353776|0.0|0.27240694|-0.38136974
1509531353905|-0.027240695|0.23154591|-0.43585113
1509531354042|-0.027240695|0.31326798|-0.36774936
1509531354173|0.0|0.24516624|-0.3949901
1509531354302|-0.013620348|0.16344418|-0.36774936
1509531354434|0.013620348|0.19068487|-0.36774936
1509531354567|0.0|0.17706451|-0.35412902
1509531354698|0.0|0.24516624|-0.4086104
1509531354830|-0.027240695|0.23154591|-0.38136974
1509531354962|-0.040861044|0.12258312|-0.29964766
1509531355094|-0.068101734|0.0|-0.16344418
1509531355228|-0.040861044|-0.08172209|-0.24516624
1509531355358|-0.013620348|-0.095342435|-0.24516624
1509531355489|0.013620348|0.05448139|-0.23154591
1509531355627|0.013620348|0.23154591|-0.4086104
1509531355762|0.027240695|0.44947144|-0.6401563
1509531355886|-0.040861044|0.53119355|-0.70825803
1509531356019|-0.040861044|0.47671217|-0.6537767
1509531356151|-0.05448139|0.46309182|-0.42223078
1509531356283|-0.040861044|0.36774936|-0.5448139
1509531356415|-0.013620348|0.36774936|-0.5992953
1509531356547|-0.027240695|0.42223078|-0.53119355
1509531356679|-0.08172209|0.4086104|-0.42223078
1509531356811|-0.08172209|0.25878662|-0.53119355
1509531356942|-0.05448139|0.3949901|-0.3949901
1509531357073|-0.040861044|0.17706451|-0.49033248
1509531357205|-0.027240695|0.16344418|-0.32688835
1509531357338|-0.05448139|0.19068487|-0.19068487
1509531357470|-0.05448139|-0.05448139|-0.24516624
1509531357604|0.16344418|-0.095342435|-0.12258312
1509531357735|0.3405087|-0.013620348|-0.17706451
1509531357867|0.29964766|-0.16344418|-0.24516624
1509531357999|-0.068101734|-0.068101734|-0.12258312
1509531358131|0.2043052|0.027240695|0.08172209
1509531358262|0.23154591|-0.040861044|0.08172209
1509531358395|0.16344418|-0.27240694|-0.05448139
1509531358527|0.0|-0.28602728|-0.12258312
1509531358660|0.040861044|-0.19068487|0.08172209
1509531358790|0.14982383|-0.17706451|0.095342435
1509531358923|0.2043052|-0.38136974|-0.013620348
1509531359054|0.12258312|-0.12258312|0.013620348
1509531359186|0.14982383|-0.27240694|0.12258312
1509531359319|-0.040861044|-0.27240694|-0.05448139
1509531359450|0.13620347|-0.3949901|-0.05448139
1509531359582|0.08172209|-0.16344418|0.23154591
1509531359714|0.013620348|-0.31326798|0.2043052
1509531359846|0.068101734|-0.42223078|-0.10896278
1509531359978|0.21792556|-0.38136974|-0.12258312
1509531360109|0.16344418|-0.14982383|0.12258312
1509531360244|0.095342435|-0.23154591|0.0
1509531360374|0.013620348|-0.27240694|-0.027240695
1509531360505|0.068101734|-0.28602728|0.0
1509531360642|0.05448139|-0.4086104|-0.05448139
1509531360787|-0.013620348|-0.25878662|-0.027240695
1509531360902|-0.08172209|-0.32688835|-0.17706451
1509531361034|-0.25878662|-0.068101734|0.14982383
1509531361166|-0.21792556|-0.32688835|0.040861044
1509531361298|-0.16344418|-0.36774936|0.027240695
1509531361430|-0.27240694|-0.17706451|-0.013620348
1509531361563|-0.19068487|-0.25878662|-0.095342435
1509531361694|-0.2043052|-0.21792556|-0.013620348
1509531361827|-0.17706451|-0.16344418|0.08172209
1509531361959|-0.27240694|-0.4086104|-0.08172209
1509531362090|-0.43585113|-0.17706451|-0.08172209
1509531362222|-0.3949901|-0.27240694|-0.10896278
1509531362356|-0.35412902|-0.29964766|-0.25878662
1509531362486|-0.23154591|-0.10896278|-0.068101734
1509531362617|-0.17706451|-0.17706451|-0.12258312
1509531362751|-0.013620348|-0.21792556|-0.21792556
1509531362883|0.19068487|-0.068101734|-0.21792556
1509531363014|0.32688835|0.05448139|0.08172209
1509531363147|0.43585113|-0.19068487|-0.31326798
1509531363278|0.3949901|-0.10896278|-0.23154591
1509531363410|0.23154591|-0.068101734|-0.040861044
1509531363558|0.4086104|0.05448139|0.027240695
1509531363676|0.47671217|-0.14982383|-0.08172209
1509531363810|0.35412902|-0.19068487|-0.24516624
1509531363938|0.13620347|0.068101734|0.0
1509531364069|-0.040861044|-0.040861044|0.027240695
1509531364202|-0.05448139|-0.21792556|-0.16344418
1509531364335|0.05448139|-0.27240694|-0.28602728
1509531364466|-0.13620347|-0.05448139|0.068101734
1509531364605|-0.068101734|0.21792556|0.17706451
1509531364730|-0.32688835|-0.027240695|0.068101734
1509531364862|-0.013620348|-0.05448139|0.08172209
1509531364994|-0.13620347|-0.4086104|-0.21792556
1509531365127|-0.013620348|-0.10896278|-0.12258312
1509531365258|-0.095342435|-0.14982383|-0.12258312
1509531365393|0.027240695|-0.17706451|0.013620348
1509531365522|-0.068101734|-0.19068487|-0.013620348
1509531365654|-0.14982383|-0.19068487|-0.12258312
1509531365786|-0.12258312|-0.28602728|-0.068101734
1509531365919|-0.16344418|-0.29964766|-0.2043052
1509531366051|-0.12258312|-0.28602728|-0.10896278
1509531366182|-0.13620347|-0.13620347|-0.2043052
1509531366314|-0.095342435|0.040861044|0.12258312
1509531366446|0.0|-0.068101734|-0.14982383
1509531366578|-0.027240695|-0.10896278|-0.08172209
1509531366710|-0.027240695|-0.013620348|-0.040861044
1509531366843|-0.040861044|-0.19068487|-0.05448139
1509531366983|-0.027240695|-0.24516624|-0.095342435
1509531367112|0.095342435|-0.21792556|-0.10896278
1509531367239|0.068101734|-0.23154591|-0.19068487
1509531367373|0.24516624|-0.19068487|-0.040861044
1509531367504|0.19068487|-0.17706451|-0.10896278
1509531367634|0.095342435|-0.28602728|-0.16344418
1509531367768|0.068101734|-0.27240694|0.0
1509531367899|0.040861044|-0.12258312|-0.05448139
1509531368030|0.095342435|-0.21792556|-0.27240694
1509531368162|0.013620348|-0.43585113|-0.16344418
1509531368295|-0.027240695|-0.49033248|0.13620347
1509531368428|0.068101734|-0.87170225|0.068101734
1509531368558|0.027240695|-0.6810174|0.027240695
1509531368695|0.10896278|-0.42223078|-0.013620348
1509531368822|0.08172209|-0.28602728|0.29964766
1509531368953|-0.08172209|-0.19068487|0.27240694
1509531369086|-0.12258312|-0.29964766|-0.12258312
1509531369219|-0.027240695|-0.55843425|-0.13620347
1509531369350|0.12258312|-0.28602728|-0.23154591
1509531369482|0.068101734|-0.13620347|-0.10896278
1509531369614|0.05448139|-0.10896278|-0.013620348
1509531369746|-0.14982383|-0.040861044|0.095342435
1509531369878|0.0|-0.17706451|-0.28602728
1509531370010|-0.05448139|-0.17706451|-0.19068487
1509531370142|0.0|-0.013620348|-0.13620347
1509531370274|0.027240695|-0.040861044|-0.068101734
1509531370410|0.013620348|-0.05448139|-0.05448139
1509531370538|0.05448139|-0.10896278|-0.040861044
1509531370671|0.12258312|-0.13620347|-0.23154591
1509531370802|0.17706451|-0.13620347|-0.28602728
1509531370934|0.2043052|-0.17706451|-0.19068487
1509531371066|0.16344418|-0.08172209|-0.10896278
1509531371197|0.05448139|0.040861044|0.013620348
1509531371330|0.08172209|0.0|-0.14982383
1509531371463|0.068101734|-0.040861044|-0.16344418
1509531371594|-0.040861044|-0.08172209|-0.24516624
1509531371726|-0.095342435|-0.2043052|-0.4086104
1509531371861|-0.16344418|-0.23154591|-0.35412902
1509531371993|-0.08172209|0.12258312|0.027240695
1509531372123|-0.24516624|-0.05448139|-0.14982383
1509531372260|-0.2043052|-0.23154591|-0.29964766
1509531372387|-0.08172209|-0.13620347|-0.31326798
1509531372518|-0.17706451|0.068101734|0.0
1509531372650|-0.095342435|-0.027240695|-0.05448139
1509531372782|-0.068101734|-0.068101734|-0.10896278
1509531372919|-0.14982383|-0.12258312|-0.32688835
1509531373046|0.0|-0.16344418|-0.29964766
1509531373177|-0.068101734|-0.19068487|-0.19068487
1509531373311|-0.040861044|0.068101734|0.05448139
1509531373442|0.05448139|-0.095342435|-0.27240694
1509531373576|0.0|-0.28602728|-0.14982383
1509531373705|0.12258312|-0.5448139|0.027240695
1509531373842|0.10896278|-0.55843425|0.17706451
1509531373971|0.12258312|-0.62653595|-0.013620348
1509531374104|0.10896278|-0.58567494|0.13620347
1509531374235|0.10896278|-0.44947144|0.25878662
1509531374366|0.027240695|-0.47671217|0.095342435
1509531374498|0.0|-0.42223078|0.013620348
1509531374630|0.16344418|-0.16344418|0.068101734
1509531374762|0.12258312|-0.040861044|0.040861044
1509531374895|0.05448139|-0.17706451|-0.05448139
1509531375033|0.05448139|-0.08172209|-0.13620347
1509531375158|0.12258312|0.027240695|-0.25878662
1509531375290|0.2043052|-0.23154591|-0.4086104
1509531375422|0.08172209|0.095342435|-0.095342435
1509531375560|0.027240695|0.05448139|-0.38136974
1509531375687|0.040861044|-0.013620348|-0.25878662
1509531375819|0.08172209|0.0|-0.23154591
1509531375950|0.14982383|-0.027240695|-0.24516624
1509531376082|0.068101734|-0.068101734|-0.040861044
1509531376213|0.13620347|-0.21792556|-0.095342435
1509531376345|0.21792556|-0.29964766|-0.17706451
1509531376479|0.068101734|-0.05448139|0.095342435
1509531376609|0.08172209|-0.13620347|-0.10896278
1509531376741|0.05448139|-0.32688835|-0.24516624
1509531376874|-0.013620348|-0.3405087|-0.13620347
1509531377006|0.068101734|-0.3949901|-0.21792556
1509531377137|0.12258312|-0.3405087|-0.027240695
1509531377270|0.13620347|-0.19068487|-0.16344418
1509531377402|0.27240694|-0.068101734|-0.24516624
1509531377535|0.23154591|-0.068101734|-0.32688835
1509531377667|0.095342435|-0.068101734|-0.31326798
1509531377797|0.14982383|-0.027240695|-0.32688835
1509531377930|0.095342435|0.08172209|-0.32688835
1509531378063|0.12258312|-0.027240695|-0.35412902
1509531378195|0.068101734|0.12258312|-0.23154591
1509531378325|-0.068101734|0.08172209|-0.42223078
1509531378462|-0.3949901|-0.013620348|-0.25878662
1509531378590|-0.44947144|0.068101734|-0.23154591
1509531378724|-0.38136974|0.027240695|-0.31326798
1509531378855|-0.43585113|0.23154591|0.095342435
1509531378986|-0.3405087|-0.17706451|-0.44947144
1509531379119|-0.47671217|0.013620348|-0.14982383
1509531379250|-0.10896278|0.095342435|-0.29964766
1509531379383|-0.43585113|-0.55843425|-0.83084124
1509531379514|0.027240695|-0.3405087|0.10896278
1509531379654|-0.013620348|-0.36774936|0.23154591
1509531379778|0.19068487|0.28602728|0.24516624
1509531379911|0.2043052|-0.35412902|-0.095342435
1509531380042|-0.040861044|-0.42223078|0.08172209
1509531380173|-0.068101734|-0.10896278|-0.2043052
1509531380306|0.24516624|-0.29964766|-0.62653595
1509531380450|0.62653595|-0.5992953|-0.7627395
1509531380570|0.55843425|-0.10896278|0.3405087
1509531380702|0.24516624|0.36774936|0.23154591
1509531380834|0.095342435|0.10896278|-0.10896278
1509531380967|0.23154591|-0.3949901|-0.36774936
1509531381097|0.31326798|0.068101734|-0.28602728
1509531381230|0.24516624|-0.12258312|-0.17706451
1509531381362|0.095342435|-0.29964766|-0.36774936
1509531381495|0.040861044|-0.32688835|-0.50395286
1509531381626|-0.12258312|-0.19068487|-0.24516624
1509531381761|-0.05448139|-0.16344418|-0.4086104
1509531381890|-0.095342435|0.013620348|-0.49033248
1509531382022|-0.05448139|-0.068101734|-0.38136974
