1510198728124|-0.04360962|-0.057754517|-0.037490845
1510198728239|0.20988464|0.1521759|-0.08514404
1510198728356|0.47888184|0.29714966|-0.3013916
1510198728472|0.47705078|0.33624268|-0.24050903
1510198728585|0.38786316|0.50505066|-0.24497986
1510198728702|-0.046875|-0.024368286|-0.107543945
1510198728815|-0.034454346|0.014312744|-0.015701294
1510198728930|-0.10083008|0.011474609|-0.042785645
1510198729047|-0.031799316|-0.09420776|0.031326294
1510198729162|-0.4119568|-0.08912659|0.117248535
1510198729277|-0.07801819|0.26538086|0.7672119
1510198729391|0.010345459|-0.4434204|0.5707245
1510198729507|0.250412|0.77505493|-0.8538208
1510198729622|0.048217773|-0.005432129|-1.1836853
1510198729735|-0.14846802|-0.004425049|-0.04095459
1510198729853|0.7645569|-0.6700592|-0.45187378
1510198729966|1.7887878|-0.41145325|-0.48628235
1510198730080|-1.4850616|0.53253174|0.16244507
1510198730197|0.6112366|-0.9958496|0.002609253
1510198730311|0.2960205|0.20246887|0.0044403076
1510198730427|0.66030884|-0.44891357|-0.031188965
1510198730540|-1.2557831|-0.39497375|0.1716156
1510198730661|0.7040863|0.76119995|-0.08779907
1510198730772|0.05392456|-0.18440247|-0.06906128
1510198730885|-1.9719238|1.5296783|-0.37123108
1510198731002|1.2035828|-1.8266296|-0.31278992
1510198731117|-4.0020447|1.4431458|1.1329193
1510198731231|1.3322754|-0.012771606|1.2308655
1510198731345|1.070816|-0.9522705|-0.38304138
1510198731461|-0.08799744|0.48060608|0.21315002
1510198731576|0.8537445|0.22323608|0.53364563
1510198731691|-0.4651184|-0.10235596|0.33166504
1510198731806|0.13882446|-0.05531311|-0.0010528564
1510198731920|-0.693985|0.776886|0.3664856
1510198732036|-1.017746|-0.13005066|-0.12362671
1510198732151|-0.39730835|0.031219482|0.6415863
1510198732266|0.55747986|0.0025024414|0.05128479
1510198732382|0.6647949|-0.57069397|-0.08106995
1510198732496|-0.08087158|0.09007263|-0.19468689
1510198732612|0.42614746|-1.0636597|-0.21710205
1510198732728|-0.16944885|0.46798706|0.028884888
1510198732841|0.2671051|-0.35057068|-0.023040771
1510198732957|-0.07232666|0.05647278|-0.013885498
1510198733072|0.44752502|0.4633026|-0.022628784
1510198733187|-0.08106995|0.006790161|0.022979736
1510198733303|-0.1794281|-0.12802124|-0.019577026
1510198733416|0.1675415|-0.007873535|-0.0043029785
1510198733533|0.014205933|-0.06121826|0.017471313
1510198733647|-0.070495605|-0.08280945|0.0032348633
1510198733762|-0.17922974|-0.24142456|-0.045639038
1510198733876|0.2475586|-0.074661255|-0.018356323
1510198733991|-0.12628174|-0.029663086|-0.0028839111
1510198734106|-0.13401794|0.06399536|-0.02507019
1510198734223|-0.26148987|-0.9105377|-0.06071472
1510198734336|-0.42500305|-1.9801636|0.26019287
1510198734451|-2.664856|-1.7466125|2.8219757
1510198734568|1.5519714|0.4677887|1.1756744
1510198734682|0.6873932|2.122223|0.08161926
1510198734798|-0.548996|-0.32063293|-0.15498352
1510198734912|-0.69296265|-0.47254944|-0.396286
1510198735030|-0.5532837|-0.081588745|-0.31808472
1510198735145|0.8219757|0.20388794|-0.7110901
1510198735267|-0.14318848|-0.00340271|0.19482422
1510198735372|-0.03364563|-0.046569824|-0.022628784
1510198735489|0.06939697|0.042816162|-0.046051025
1510198735602|-0.001876831|-0.0834198|0.010345459
1510198735719|0.057174683|-0.014602661|-0.04197693
1510198735838|0.045562744|0.02571106|-0.005722046
1510198735949|0.115615845|0.13119507|-0.04156494
1510198736066|0.018692017|0.0033111572|-0.03363037
1510198736181|0.034362793|-5.493164E-4|-0.042175293
1510198736300|0.01828003|-0.007461548|-0.0045166016
1510198736408|-0.00819397|-0.021316528|-0.012451172
1510198736523|0.004638672|0.0012817383|-0.00491333
1510198736641|0.010757446|0.023483276|0.007904053
1510198736753|0.019500732|0.016967773|-0.010009766
1510198736869|-0.017364502|-0.007461548|0.004638672
1510198736988|0.054122925|0.04423523|-0.058273315
1510198737100|0.17771912|0.06297302|-0.06864929
1510198737216|0.080596924|8.69751E-4|-0.08453369
1510198737333|-0.09370422|-0.068344116|0.015853882
1510198737443|0.003829956|-0.036590576|-0.031173706
1510198737559|-0.039123535|-0.008087158|0.043121338
1510198737678|-0.0020751953|-0.013366699|0.018081665
1510198737790|0.005859375|-0.0060424805|-0.027114868
1510198737912|0.0064697266|-0.011947632|-0.009597778
1510198738020|0.12295532|0.09820557|-0.07292175
1510198738133|0.13760376|0.20266724|-0.035873413
1510198738254|-0.009613037|1.2199707|-0.13421631
1510198738365|-1.0861664|2.4072876|-0.93730164
1510198738479|1.4762268|1.5807953|-0.3343811
1510198738594|-0.065200806|2.1462555|0.1451416
1510198738708|0.10054016|-0.8378296|-0.62290955
1510198738823|0.060440063|-0.29457092|0.0708313
1510198738937|0.008926392|-0.27990723|-0.039749146
1510198739052|0.24145508|-0.3289795|-0.099609375
1510198739167|-0.13931274|-0.18583679|0.04333496
1510198739282|-0.1977539|-0.13391113|-0.08963013
1510198739397|-0.07823181|-0.016235352|0.04638672
1510198739512|0.044143677|0.11531067|0.04067993
1510198739628|0.18830872|-0.26545715|0.037231445
1510198739744|0.26914978|-0.011749268|0.01625061
1510198739857|0.46624756|-0.30393982|0.12498474
1510198739974|0.10319519|-0.08117676|0.11581421
1510198740093|0.012786865|0.05177307|0.074279785
1510198740202|0.06124878|-0.09298706|-0.0063476562
1510198740318|-0.0014648438|0.07519531|-0.037490845
1510198740432|-0.19082642|-0.102767944|0.03579712
1510198740549|-0.010025024|0.0039367676|-0.0034942627
1510198740664|-0.010635376|0.004333496|-0.0063476562
1510198740778|0.0019989014|-0.040649414|0.010345459
1510198740894|-0.06642151|-0.0634613|0.016052246
1510198741010|-0.0067596436|-0.049209595|0.008712769
1510198741123|0.010131836|0.014724731|-0.0030822754
1510198741243|0.02255249|0.058288574|-0.0020599365
1510198741354|0.0019989014|0.003921509|-0.013671875
1510198741469|0.25997925|-0.078323364|0.0022125244
1510198741585|-0.057861328|0.034072876|0.013397217
1510198741698|-0.05155945|-0.06590271|0.0052490234
1510198741819|-0.03791809|0.006576538|0.006881714
1510198741928|-0.06071472|0.0061798096|0.024398804
1510198742048|0.015640259|-0.002380371|-0.023239136
1510198742162|-0.11997986|-0.011138916|-0.015716553
1510198742275|5.645752E-4|0.013702393|0.0178833
1510198742388|-0.020401001|0.026733398|0.023986816
1510198742504|0.009124756|0.015136719|3.8146973E-4
1510198742619|0.01461792|-0.020080566|-0.013061523
1510198742736|0.0152282715|-0.001159668|0.0068969727
1510198742851|-0.06600952|-0.01399231|-0.014083862
1510198742966|0.11480713|-0.021118164|0.034179688
1510198743078|-0.020202637|-0.014801025|0.00831604
1510198743193|0.05290222|-0.022125244|-0.003479004
1510198743309|0.1822052|-0.011947632|-0.025894165
1510198743424|0.027038574|0.011047363|-3.0517578E-5
1510198743538|0.021331787|-0.0036010742|0.0032348633
1510198743655|0.058395386|0.020629883|0.014831543
1510198743771|0.0021972656|0.003112793|-0.002670288
1510198743885|-0.00390625|0.026138306|-0.0022735596
1510198743999|-0.004928589|0.011260986|-0.008987427
1510198744114|0.14453125|0.031219482|0.020721436
1510198744230|-0.04219055|0.008804321|0.00831604
1510198744345|-0.007369995|-0.02619934|0.004852295
1510198744459|-0.028961182|0.01675415|-0.0010528564
1510198744576|-0.045654297|0.02734375|-0.0032806396
1510198744689|0.014419556|0.01838684|0.007095337
1510198744803|0.038650513|0.035079956|0.0152282715
1510198744919|-0.015319824|0.03366089|0.011367798
1510198745034|0.036819458|0.026535034|0.005264282
1510198745152|-0.05053711|0.012283325|-0.004714966
1510198745265|-0.01612854|-0.028442383|0.014831543
1510198745380|-0.061538696|-5.493164E-4|0.016860962
1510198745497|-0.19592285|0.08680725|-0.01977539
1510198745609|-0.0075683594|-0.0357666|0.012588501
1510198745725|-0.04850769|0.065826416|-0.0043029785
1510198745840|0.10421753|-0.030075073|-0.0030822754
1510198745957|0.036819458|2.746582E-4|-0.021621704
1510198746069|-8.544922E-4|0.010650635|-0.0075683594
1510198746186|-0.0521698|0.032226562|-0.002670288
1510198746300|0.06266785|-0.014389038|-0.020385742
1510198746420|-0.14338684|-0.070388794|-0.037902832
1510198746531|0.0856781|-0.037399292|-0.04095459
1510198746644|-0.024871826|-1.5258789E-4|-0.0012512207
1510198746760|-0.03730774|-0.02885437|0.0054626465
1510198746875|0.020935059|0.0025024414|-0.019989014
1510198746989|-0.07598877|-0.03149414|-0.015716553
1510198747105|-0.0077819824|0.0012817383|-0.0067443848
1510198747220|-0.017959595|0.0491333|-2.4414062E-4
1510198747337|0.0023956299|-0.010726929|0.0018005371
1510198747449|-0.01979065|-0.0015563965|0.0064849854
1510198747565|-0.036087036|-0.08403015|-0.020187378
1510198747681|0.037017822|0.014724731|0.013809204
1510198747797|0.025619507|-5.493164E-4|0.00831604
1510198747911|-0.008590698|0.0067749023|0.0011901855
1510198748026|0.018692017|-0.0037994385|0.014419556
1510198748141|0.027648926|-0.0021820068|0.0054626465
1510198748255|0.03213501|-0.013168335|0.0068969727
1510198748371|0.0019836426|0.0014801025|-0.0014648438
1510198748485|-0.03791809|0.019210815|-2.2888184E-4
1510198748602|-0.024673462|0.034469604|3.6621094E-4
1510198748718|0.0052490234|-1.373291E-4|0.0011901855
1510198748831|0.0011749268|-0.01133728|0.0062713623
1510198748948|-0.007583618|-0.0050354004|0.0020141602
1510198749061|-0.05970764|0.003326416|-0.028945923
1510198749175|-0.053375244|0.028778076|-0.001663208
1510198749291|-0.012252808|0.01411438|-6.4086914E-4
1510198749410|0.028671265|-0.015197754|-0.0014648438
1510198749522|0.010131836|6.1035156E-5|-0.011428833
1510198749636|-0.06764221|0.00982666|-0.011428833
1510198749753|-0.004119873|0.0025024414|-0.0087890625
1510198749867|-0.13157654|0.055847168|-0.01020813
1510198749981|0.013198853|-0.004623413|0.0013885498
1510198750096|-0.044418335|0.025726318|0.0022125244
1510198750211|-0.096969604|0.0069885254|3.8146973E-4
1510198750325|0.012588501|0.014526367|0.013809204
1510198750443|-0.019592285|0.012680054|0.0054626465
1510198750557|0.052490234|-0.02192688|-0.0073547363
1510198750671|-0.11528015|0.003326416|-0.013259888
1510198750788|0.14900208|-0.011138916|0.011566162
1510198750901|0.008514404|0.0023040771|-0.0028839111
1510198751015|0.053710938|0.0027160645|-0.0014648438
1510198751131|3.6621094E-4|0.0025024414|-0.0053253174
1510198751245|-0.075164795|-0.04269409|-0.0140686035
1510198751369|0.017669678|-0.011947632|0.0021972656
1510198751476|-0.05317688|0.05116272|0.007293701
1510198751591|0.031723022|0.006164551|-0.010406494
1510198751708|0.01625061|-0.013168335|-0.0073547363
1510198751822|0.014419556|-0.012359619|0.0018005371
1510198751937|0.008300781|-0.00869751|-0.00491333
1510198752054|0.0129852295|-0.0040130615|-0.011428833
1510198752167|-0.013473511|-7.4768066E-4|-0.0051116943
1510198752282|-0.0014648438|0.003921509|-0.0045166016
1510198752396|-0.0110321045|0.009017944|0.002822876
1510198752511|-0.080062866|0.02204895|-4.272461E-4
1510198752628|0.022155762|0.0029144287|-0.0028839111
1510198752743|0.015029907|0.0069885254|-0.014892578
1510198752858|0.020111084|0.0016937256|-8.392334E-4
1510198752971|-0.066207886|0.03161621|-0.0028839111
1510198753087|0.03845215|-0.01927185|0.012786865
1510198753201|0.003616333|-0.020706177|0.013397217
1510198753318|-0.0026855469|0.0027160645|0.0018005371
1510198753435|-0.0362854|0.02204895|-0.0063476562
1510198753548|0.03477478|-0.022949219|0.0066833496
1510198753663|0.007293701|-3.5095215E-4|-0.0018615723
1510198753778|0.004638672|-0.013977051|0.0018157959
1510198753893|-0.017150879|0.001083374|0.0024108887
1510198754008|-0.046051025|0.009628296|-0.0077667236
1510198754123|0.068374634|-0.02355957|0.0013885498
1510198754239|0.02684021|0.015335083|-0.0075683594
1510198754352|0.106048584|-0.018463135|-0.043395996
1510198754467|-0.08494568|0.11042786|0.007095337
1510198754582|0.09790039|-0.060821533|0.023376465
1510198754700|-0.14848328|0.16723633|-0.03504944
1510198754813|-0.086380005|0.10227966|-0.15110779
1510198754928|0.06613159|0.031417847|-0.10041809
1510198755042|-0.10897827|0.057891846|0.004638672
1510198755157|3.6621094E-4|0.012283325|0.019302368
1510198755273|-0.13891602|0.15950012|0.011978149
1510198755387|0.03213501|-0.037399292|-0.008575439
1510198755503|-0.07640076|0.052597046|0.015029907
1510198755617|-0.05419922|0.16438293|-0.0032958984
1510198755733|0.123550415|-0.10357666|-0.009597778
1510198755847|-0.07395935|0.03895569|-0.016921997
1510198755962|0.15185547|-0.055114746|0.013397217
1510198756079|-0.022033691|0.049942017|0.019302368
1510198756192|0.024795532|-0.01927185|-0.0020751953
1510198756308|-0.0155181885|8.8500977E-4|0.0038452148
1510198756422|0.02255249|0.016555786|0.01625061
1510198756538|-0.11630249|0.14402771|0.038238525
1510198756652|0.10971069|-0.06793213|-0.0022735596
1510198756767|-0.065597534|0.07621765|0.014419556
1510198756885|-0.090652466|-0.012557983|-0.019577026
1510198756998|0.027862549|-0.035369873|-0.015914917
1510198757129|-0.048095703|0.024902344|-0.01550293
1510198757228|0.21864319|-0.11091614|0.013397217
1510198757343|-0.06681824|0.03956604|0.0099487305
1510198757458|-0.08514404|0.024490356|0.0022125244
1510198757575|0.10787964|-0.061828613|-0.023651123
1510198757689|0.0052490234|-0.008087158|-0.01550293
1510198757807|0.114593506|-0.040863037|0.0099487305
1510198757919|-0.11305237|0.02368164|0.004043579
1510198758032|0.01991272|-7.6293945E-4|-0.0073547363
1510198758148|0.03538513|-0.022735596|-0.012664795
1510198758263|0.010147095|-0.002380371|-0.0067443848
1510198758378|-0.067840576|-0.038223267|-0.014892578
1510198758494|0.18667603|-0.089523315|1.6784668E-4
1510198758608|-0.0110321045|0.02571106|0.0099487305
1510198758723|0.05329895|-0.027420044|0.0046539307
1510198758838|-0.069869995|-0.018875122|-0.03465271
1510198758955|0.019104004|0.03427124|0.003829956
1510198759069|-0.014907837|0.023269653|-0.0020751953
1510198759184|0.037017822|0.014923096|0.0011901855
1510198759298|0.07814026|-0.03413391|0.0011901855
1510198759414|-0.014083862|0.018585205|-0.001449585
1510198759529|-0.025299072|0.011672974|0.0022125244
1510198759643|0.0066833496|0.021652222|-0.0012512207
1510198759758|-0.06498718|0.009628296|0.028671265
1510198759874|0.0921936|-0.042892456|-0.00491333
1510198759988|-0.049728394|0.03263855|0.008728027
1510198760104|-0.023666382|2.746582E-4|0.007095337
1510198760219|0.036605835|-0.031082153|-0.003692627
1510198760335|0.0030059814|0.026321411|0.0032348633
1510198760448|-0.027526855|0.025924683|-0.005722046
1510198760564|-0.013473511|0.010848999|-0.0028839111
1510198760681|0.005050659|0.008010864|-0.00920105
1510198760794|0.003616333|-0.011138916|-0.00491333
1510198760910|0.08506775|0.025512695|0.0013885498
1510198761023|-0.022033691|0.02204895|-0.0065460205
1510198761140|-0.0030975342|0.0037231445|0.0016021729
1510198761254|0.009124756|0.002090454|0.002609253
1510198761371|-0.0069732666|0.012283325|-0.0041046143
1510198761483|-0.009613037|-7.6293945E-4|0.011566162
1510198761599|-0.060516357|-0.01399231|0.051483154
1510198761715|-0.32969666|-0.24713135|0.14779663
1510198761830|-0.73490906|0.5211334|0.51023865
1510198761946|-0.4121704|0.66571045|-0.28103638
1510198762059|-0.091049194|0.24583435|-0.09837341
1510198762177|0.15919495|0.119384766|-0.004714966
1510198762289|0.056762695|-0.08137512|-0.015914917
1510198762404|-0.317688|0.3152771|-0.0657959
1510198762521|-0.07640076|0.16825867|-0.18572998
1510198762635|0.20846558|-0.23654175|-0.17372131
1510198762753|0.2481842|-0.19725037|-0.1053009
1510198762864|0.34062195|0.02897644|-0.07740784
1510198762981|-0.3453827|0.00881958|-0.026916504
1510198763096|0.06755066|-0.20579529|-0.06600952
1510198763211|-0.14297485|-0.2025299|-0.114471436
1510198763325|-0.106536865|-0.25730896|-0.07536316
1510198763441|0.07571411|-0.1882782|-0.052368164
1510198763554|-0.10551453|0.095962524|-0.0073547363
1510198763670|-0.044433594|0.08029175|0.016464233
1510198763785|-0.023666382|0.011062622|0.0018005371
1510198763901|0.053710938|0.006378174|0.0026245117
1510198764015|0.06593323|-0.07608032|-0.01020813
1510198764129|-0.15478516|0.11470032|0.01991272
1510198764244|0.22761536|-0.054107666|0.019515991
1510198764361|0.0040283203|0.030410767|0.010345459
1510198764476|0.030914307|-0.030075073|0.015655518
1510198764590|0.076309204|-0.14247131|-0.020385742
1510198764705|-0.0132751465|0.2924652|0.07305908
1510198764821|-0.12872314|0.17658997|-0.00390625
1510198764936|0.10646057|-0.21089172|-0.020599365
1510198765051|-0.055221558|-0.118652344|-0.012863159
1510198765165|0.121520996|-0.25894165|-0.042999268
1510198765281|0.06654358|0.08822632|0.007293701
1510198765395|-0.014694214|-0.1151886|-0.016937256
1510198765510|0.020111084|0.19900513|0.004852295
1510198765625|-0.06274414|0.095962524|0.020935059
1510198765741|0.03274536|-0.16079712|-0.045837402
1510198765856|-0.024475098|-0.13534546|-0.08534241
1510198765971|0.11357117|-0.10908508|9.765625E-4
1510198766086|-0.057876587|0.064819336|0.021759033
1510198766202|0.023590088|-0.045547485|-0.017745972
1510198766315|-0.035873413|0.1511383|0.04109192
1510198766431|-0.027313232|0.077438354|0.030303955
1510198766546|0.11705017|-0.26994324|-0.0309906
1510198766660|-0.14482117|0.68647766|0.027664185
1510198766776|-0.5854492|0.2211914|-0.02508545
1510198766890|-0.048294067|0.04486084|9.918213E-4
1510198767007|-0.40260315|0.5058594|0.045166016
1510198767120|0.0284729|-0.16181946|-0.014892578
1510198767237|-0.09146118|0.1739502|0.011978149
1510198767351|-0.13218689|0.05647278|-0.0057373047
1510198767465|-0.016738892|0.028167725|-0.0063476562
1510198767580|-0.041168213|-0.14266968|-0.05154419
1510198767696|-0.07028198|-0.14735413|-0.08229065
1510198767812|0.22923279|-0.14959717|-0.027313232
1510198767925|-0.0816803|-0.015625|0.0030212402
1510198768042|0.008911133|-0.026000977|-0.012039185
1510198768156|0.063690186|-0.073638916|-0.01876831
1510198768272|-0.0059509277|0.034057617|0.0032196045
1510198768387|0.19013977|-0.1506195|0.014831543
1510198768501|-0.007171631|0.050369263|0.005065918
1510198768616|0.09628296|-0.19825745|-0.02772522
1510198768733|0.05329895|0.11755371|0.041503906
1510198768845|0.52204895|-0.20701599|0.16978455
1510198768963|0.6112366|-0.55908203|0.3306427
1510198769076|0.07835388|-0.12922668|0.03111267
1510198769194|0.31781006|0.25030518|0.086502075
1510198769308|-0.007171631|0.311203|0.044143677
1510198769421|0.04902649|-7.4768066E-4|-0.012649536
1510198769537|0.21946716|-0.19052124|-0.046661377
1510198769651|-0.05319214|0.66122437|0.051483154
1510198769768|-0.014694214|-0.21577454|-0.026290894
1510198769881|0.18118286|-0.46154785|-0.14419556
1510198769997|-0.076187134|0.013290405|0.014831543
1510198770111|0.018081665|-0.005645752|0.082839966
1510198770227|-0.022232056|-0.015609741|0.13150024
1510198770341|0.10951233|-0.18014526|-0.056228638
1510198770458|0.13963318|0.30895996|0.15104675
1510198770572|-0.069885254|0.088027954|0.002822876
1510198770686|-0.010421753|-0.8471985|0.30336
1510198770801|-0.04156494|0.21243286|0.091796875
1510198770918|-0.18003845|0.32138062|-0.0362854
1510198771033|0.32757568|0.043640137|-0.18247986
1510198771146|-0.23501587|-0.41105652|-0.08514404
1510198771264|0.4432373|0.568573|-0.10041809
1510198771377|-0.15194702|-0.10908508|-0.01184082
1510198771494|-0.044021606|0.31282043|0.0178833
1510198771606|-0.16822815|-0.13372803|-0.044418335
1510198771722|-0.21282959|0.20715332|0.10217285
1510198771839|0.32920837|0.10899353|-0.05256653
1510198771951|-0.06071472|-0.08544922|0.007293701
1510198772067|-0.10551453|0.23973083|0.12010193
1510198772181|-0.0309906|-0.14064026|-0.046463013
1510198772296|0.082214355|-0.15835571|0.011779785
1510198772412|-0.3123932|-0.2579193|-0.01876831
1510198772527|0.18850708|0.11633301|-0.03892517
1510198772643|-0.07293701|0.080093384|0.008728027
1510198772757|0.0032196045|0.04017639|0.022567749
1510198772873|-0.074157715|-0.25975037|0.006072998
1510198772988|0.06776428|-0.03881836|0.016662598
1510198773103|0.062057495|-0.09625244|-0.0014648438
1510198773218|0.09870911|-0.015411377|-0.0022735596
1510198773332|0.012786865|-0.09869385|-0.030975342
1510198773449|0.13069153|0.20510864|0.011581421
1510198773563|0.016662598|-0.114990234|-0.028747559
1510198773677|-0.049728394|-0.0834198|-0.0065460205
1510198773793|0.16732788|0.09881592|0.05819702
1510198773910|0.016860962|0.027557373|0.0154418945
1510198774025|-0.046066284|0.16723633|0.08181763
1510198774139|-0.059692383|-0.069366455|-0.009185791
1510198774253|0.046585083|-0.26138306|-0.07069397
1510198774366|-0.059692383|0.026123047|0.011169434
1510198774482|-0.009811401|-0.1770935|-0.073532104
1510198774598|-0.045043945|-0.10948181|-0.0057373047
1510198774712|-0.13198853|-0.08444214|-0.01713562
1510198774828|-0.012054443|-0.035980225|-3.0517578E-5
1510198774943|-0.18167114|-0.1506195|-0.017745972
1510198775058|0.11317444|0.2305603|0.08955383
1510198775173|0.14717102|0.23565674|-0.025283813
1510198775291|7.6293945E-4|0.0023040771|-0.021209717
1510198775403|0.70062256|0.8976288|-0.41175842
1510198775519|-0.6783142|0.22975159|-0.16781616
1510198775633|0.04862976|0.1257019|0.029891968
1510198775747|0.3677063|-0.21740723|-0.057052612
1510198775863|-0.07620239|0.17333984|-0.0020599365
1510198775977|0.04638672|0.21284485|0.24879456
1510198776094|-1.278595|-1.2642365|0.6214142
1510198776208|0.69166565|1.3789978|0.31394958
1510198776326|0.13781738|-0.89668274|-0.23786926
1510198776438|-0.2472229|-0.30496216|0.35629272
1510198776553|0.14697266|0.15237427|0.042510986
1510198776668|0.1952362|-0.32878113|0.031936646
1510198776783|-0.058883667|-0.16282654|0.1703949
1510198776898|0.079574585|-0.24957275|-0.04258728
1510198777015|-0.119766235|0.13568115|-0.007156372
1510198777127|-0.116500854|0.011474609|0.019104004
1510198777245|-0.10185242|-0.11274719|-0.06254578
1510198777359|-0.14033508|-0.1151886|-0.02507019
1510198777475|-0.07374573|-0.10519409|-0.02670288
1510198777589|0.4424286|0.39427185|-0.037902832
1510198777703|-0.021621704|0.068481445|-0.12423706
1510198777818|-0.27146912|-0.42733765|-0.14868164
1510198777933|-0.0028839111|0.09739685|-0.050933838
1510198778049|0.0023956299|0.081710815|-0.07862854
1510198778164|-0.005935669|0.16418457|-0.056625366
1510198778278|-0.049728394|0.09454346|-0.090026855
1510198778395|-0.19021606|0.104522705|0.022979736
1510198778508|-0.23522949|0.22058105|-0.02772522
1510198778624|-0.24601746|0.09576416|-0.20549011
1510198778740|-0.44169617|-0.07751465|-0.24682617
1510198778854|0.06430054|0.088638306|-0.04360962
1510198778967|0.097091675|-0.013168335|-0.036483765
1510198779083|-0.056655884|0.051986694|0.004043579
1510198779200|0.1251831|-0.2937622|-0.12382507
1510198779315|0.022155762|0.058303833|0.018692017
1510198779428|0.20602417|0.010040283|-0.041778564
1510198779543|0.094436646|-0.4426117|-0.14175415
1510198779659|-0.1716919|-0.07017517|0.013412476
1510198779776|0.24572754|-0.30537415|-0.15559387
1510198779889|0.12742615|-0.078323364|-0.04298401
1510198780005|-0.16578674|-0.28092957|-0.035461426
1510198780120|-0.037094116|0.1126709|0.02420044
1510198780234|-0.099609375|-0.0013580322|0.0178833
1510198780350|0.0064697266|-0.21720886|-0.06071472
1510198780465|0.17384338|0.021438599|0.010757446
1510198780582|0.03804016|0.083740234|0.08547974
1510198780694|-0.03567505|-0.4124756|-0.05744934
1510198780809|0.16163635|0.07885742|0.022354126
1510198780926|0.06959534|-0.14308167|0.04699707
1510198781040|0.17913818|-0.033737183|0.15614319
1510198781156|0.009735107|-0.11029053|0.029281616
1510198781271|0.0066833496|-0.025390625|0.009735107
1510198781386|0.04475403|-0.06956482|0.033355713
1510198781500|-0.059295654|-0.16079712|0.01524353
1510198781614|0.25102234|0.07865906|0.027664185
1510198781729|0.053100586|-0.056747437|-8.392334E-4
1510198781845|0.0803833|-0.03414917|0.030914307
1510198781960|0.1993103|0.02734375|0.0032348633
1510198782076|3.6621094E-4|-1.373291E-4|-0.005935669
1510198782189|0.0066833496|0.0045318604|0.0231781
1510198782306|-0.008178711|-0.023345947|-0.012863159
1510198782421|-0.01612854|-0.015823364|-0.00390625
1510198782535|-0.08657837|0.06135559|0.03437805
1510198782649|0.004638672|0.007797241|-0.005935669
1510198782764|-0.0037078857|0.009628296|-0.021209717
1510198782881|0.037826538|0.023468018|0.011581421
1510198782995|-0.0415802|0.004135132|-0.04522705
1510198783111|0.05819702|0.093322754|-0.03504944
1510198783225|-0.12586975|0.046279907|0.007904053
1510198783340|-0.27044678|-0.08810425|0.0284729
1510198783455|-0.10632324|0.0690918|-0.072525024
1510198783571|-0.27288818|0.06704712|-0.026290894
1510198783685|-0.3290863|0.2106018|-0.10449219
1510198783799|-0.628006|0.15074158|-0.11262512
1510198783916|-0.0362854|-0.028030396|-0.044418335
1510198784029|0.03904724|0.028762817|0.018081665
1510198784146|-0.06864929|-0.028656006|-0.0043029785
1510198784261|0.078552246|-0.053497314|-0.02406311
1510198784377|-0.01612854|-0.029663086|0.0066833496
1510198784490|-0.08657837|0.057891846|0.0077056885
1510198784605|-0.03567505|-0.06428528|-0.017745972
1510198784720|-0.0155181885|-0.054718018|-0.04360962
1510198784836|0.21070862|-0.023147583|-0.024261475
1510198784951|0.49801636|-0.20986938|0.09484863
1510198785067|0.10054016|0.15013123|0.07449341
1510198785181|0.35263062|-0.15467834|0.13537598
1510198785296|-0.04360962|-0.046554565|0.036209106
1510198785412|0.19319153|-0.04940796|0.020324707
1510198785526|0.06776428|-0.049423218|0.011367798
1510198785641|-0.04626465|4.7302246E-4|0.01991272
1510198785756|0.09118652|0.051986694|-0.0018615723
1510198785871|0.01991272|-0.011138916|-0.005935669
1510198785987|-0.06112671|0.008621216|0.016662598
1510198786102|-0.058883667|-0.054504395|-0.017532349
1510198786216|0.022354126|0.0027160645|-0.0018615723
1510198786330|-0.011444092|0.026123047|0.007293701
1510198786446|0.018692017|0.02204895|-0.0053253174
1510198786561|-0.06112671|0.05218506|-0.0024719238
1510198786676|0.33125305|0.35212708|-0.21322632
1510198786791|0.25468445|0.1845398|-0.1558075
1510198786906|-0.23379517|-0.0793457|0.018295288
1510198787021|-0.017547607|-0.09828186|-0.08900452
1510198787136|0.2035675|0.32707214|-0.22747803
1510198787250|0.18403625|0.3240204|-0.22299194
1510198787367|-0.14297485|0.30244446|-0.025482178
1510198787484|-0.24113464|-0.10580444|0.016448975
1510198787597|0.1227417|-0.01763916|-0.082901
1510198787711|-0.17779541|-0.04676819|0.053512573
1510198787825|-0.02508545|-0.046966553|-0.0034942627
1510198787942|-0.008804321|-0.022125244|0.01727295
1510198788056|-0.030181885|-0.00340271|0.008102417
1510198788170|0.0443573|6.1035156E-5|0.038864136
1510198788287|0.08161926|-0.024368286|-0.035461426
1510198788403|-0.05317688|0.016357422|0.05126953
1510198788517|-0.047683716|-0.024169922|0.01687622
1510198788631|-0.34823608|-0.15916443|0.13801575
1510198788746|-0.20651245|-0.3320465|0.06390381
1510198788861|-0.09675598|0.13302612|0.08569336
1510198788977|-0.31036377|-0.107437134|-0.070892334
1510198789092|-0.18797302|0.25927734|-0.12872314
1510198789207|-0.26678467|0.0071868896|-0.21240234
1510198789321|-0.17617798|-0.060821533|-0.21076965
1510198789439|-0.3995514|0.3423462|0.7118225
1510198789552|0.027236938|-0.14920044|-0.18125916
1510198789666|-0.0692749|0.042816162|-0.011444092
1510198789782|-0.27757263|0.06298828|0.05026245
1510198789897|-0.42274475|-0.27848816|0.4137268
1510198790012|0.51512146|-0.13615417|0.16226196
1510198790127|-0.37756348|0.6488037|-0.083114624
1510198790243|0.30641174|-0.021728516|0.002609253
1510198790357|0.10707092|0.08761597|0.0056762695
1510198790473|0.0791626|0.062576294|0.0099487305
1510198790588|0.35202026|-0.20091248|-0.02670288
1510198790702|0.16712952|-0.18400574|-0.03831482
1510198790817|-0.46653748|0.30732727|0.041305542
1510198790933|0.6515503|-0.58799744|-0.053985596
1510198791047|0.24023438|-0.12800598|-0.006958008
1510198791162|0.10646057|-0.4332428|-0.06967163
