1510199324652|-1.193762|6.236742|7.4731765
1510199324765|-0.7628745|5.1467147|8.312626
1510199324881|0.6840225|4.7050195|8.577022
1510199324996|1.8600703|4.2765727|8.626787
1510199325112|0.705501|4.0153465|8.919061
1510199325227|-0.027598843|3.6089976|9.118375
1510199325348|-0.46206725|4.568763|8.665061
1510199325461|-0.8006929|5.403053|8.14471
1510199325574|-1.3886364|4.281864|8.7125025
1510199325688|-1.5342102|2.7842312|9.277103
1510199325806|-2.4061575|3.824056|8.703872
1510199325915|-2.57546|3.517037|8.784523
1510199326032|-2.2150004|3.0785446|9.043601
1510199326146|-2.2763958|3.3389068|8.93533
1510199326262|-2.1004834|3.9955497|8.705971
1510199326375|-1.9554161|4.1912847|8.647534
1510199326492|-1.9297098|4.2882895|8.605648
1510199326606|-1.884392|4.4633965|8.526286
1510199326721|-1.61427|4.495364|8.564825
1510199326838|-1.5072612|4.492558|8.585771
1510199326953|-1.4740423|4.5044928|8.585286
1510199327067|-1.3422099|4.627498|8.541377
1510199327182|-1.3294097|4.550859|8.584448
1510199327299|-1.3454548|4.675484|8.514692
1510199327413|-1.3171104|4.656778|8.529363
1510199327526|-1.2844677|4.738456|8.489262
1510199327643|-1.2897239|4.7738514|8.468609
1510199327759|-1.2954026|4.7308884|8.49182
1510199327871|-1.2719966|4.9292464|8.381823
1510199327988|-1.3806443|4.922198|8.368762
1510199328103|-1.3961695|4.8837233|8.388703
1510199328216|-1.4844488|4.9407616|8.340005
1510199328331|-1.9071078|5.0290074|8.200147
1510199328446|-1.955345|5.0286093|8.189023
1510199328561|-1.8377339|4.3565493|8.591484
1510199328678|-1.8263094|5.3780646|7.994461
1510199328791|-2.0641913|5.1455655|8.089046
1510199328909|-1.524111|5.2671976|8.130444
1510199329024|-1.2268447|4.7675533|8.481491
1510199329138|-1.3939302|4.451343|8.62629
1510199329253|-1.5069698|4.3326063|8.667639
1510199329374|-1.4018738|4.3217325|8.690671
1510199329483|-1.2639911|3.7441363|8.975198
1510199329601|-1.6057779|4.156069|8.736073
1510199329713|-1.8545694|4.2256594|8.653021
1510199329835|-1.8206724|3.768602|8.868663
1510199329946|-1.8534104|4.0026073|8.758676
1510199330057|-1.5343248|4.4745464|8.590384
1510199330172|-1.4144919|4.5537925|8.569282
1510199330288|-1.4364653|4.4533405|8.618278
1510199330403|-1.3300587|4.4848185|8.619034
1510199330521|-1.2641509|4.465735|8.638838
1510199330635|-1.2659914|4.4712753|8.635701
1510199330756|-1.250559|4.5538306|8.594715
1510199330862|-1.4964138|4.528771|8.568626
1510199330977|-1.514825|4.416458|8.623839
1510199331093|-1.4868242|4.5883217|8.538562
1510199331208|-1.9012069|4.5581813|8.472236
1510199331322|-1.9978979|4.4977865|8.482258
1510199331439|-1.7515833|4.3539443|8.610779
1510199331556|-1.9057218|4.276141|8.617031
1510199331668|-1.7730844|4.148537|8.70725
1510199331783|-1.7353208|4.1703653|8.704431
1510199331900|-1.6990749|4.181228|8.706369
1510199332013|-1.6670737|4.1913753|8.707676
1510199332129|-1.8702562|4.256084|8.634713
1510199332242|-1.733794|4.3908687|8.595616
1510199332357|-1.801021|4.2629256|8.64605
1510199332473|-1.9003613|4.2954097|8.608627
1510199332592|-2.162554|4.2598953|8.564289
1510199332726|-1.9730039|4.933163|8.242666
1510199332818|-0.49216175|5.2048197|8.296867
1510199332933|0.4767438|4.3881106|8.757145
1510199333049|0.61247694|5.0747895|8.369097
1510199333163|0.5585233|5.083499|8.367585
1510199333279|0.69798195|5.3090305|8.21568
1510199333393|0.68719494|5.352736|8.188185
1510199333508|0.7012282|5.2921824|8.226268
1510199333623|0.66671544|5.386666|8.167601
1510199333738|0.556287|5.412087|8.15906
1510199333852|0.4064547|5.508233|8.103367
1510199333968|0.317991|5.550043|8.078755
1510199334084|0.15054612|5.535621|8.0934925
1510199334199|0.22515704|5.5488586|8.082688
1510199334314|0.1656611|5.5335703|8.0946
1510199334428|0.1474734|5.4850383|8.127914
1510199334543|0.17723542|5.493123|8.121858
1510199334660|0.19994187|5.436189|8.159551
1510199334777|0.17503332|5.4679003|8.138907
1510199334890|0.20272069|5.4900284|8.123354
1510199335003|0.18824896|5.511652|8.109048
1510199335119|0.25044492|5.550925|8.080526
1510199335234|0.21013549|5.4848595|8.126657
1510199335349|0.1807956|5.480056|8.130602
1510199335464|0.09266015|5.561697|8.0764675
1510199335579|0.09907884|5.5804863|8.06342
1510199335694|0.12993485|5.614013|8.039674
1510199335808|0.15574028|5.5205464|8.103683
1510199335924|0.1233415|5.449572|8.152137
1510199336039|0.06776018|5.430377|8.165586
1510199336153|0.121194474|5.4774423|8.13347
1510199336272|0.10606207|5.507433|8.113404
1510199336386|0.08401655|5.521498|8.104097
1510199336499|0.05979886|5.489337|8.126129
1510199336617|0.102960885|5.502846|8.116556
1510199336729|0.16719592|5.539812|8.090297
1510199336846|0.1570465|5.528567|8.098189
1510199336959|0.25475922|5.5716014|8.066148
1510199337076|0.23283908|5.5781956|8.062252
1510199337191|0.31618756|5.60705|8.039366
1510199337304|0.34447446|5.5863223|8.052623
1510199337422|0.40405482|5.5816407|8.0531
1510199337535|0.43627647|5.6025357|8.036892
1510199337649|0.42997354|5.5837784|8.050275
1510199337769|0.41585585|5.592575|8.044909
1510199337880|0.45100564|5.573967|8.055922
1510199337994|0.44321644|5.5400014|8.079748
1510199338110|0.3712569|5.559893|8.069705
1510199338226|0.3504693|5.533988|8.088419
1510199338341|0.38492912|5.5325427|8.087842
1510199338457|0.3221876|5.531983|8.090966
1510199338570|0.30472744|5.5414743|8.085146
1510199338685|0.3277827|5.5082803|8.106898
1510199338800|0.17230517|5.6362844|8.023279
1510199338916|0.14453827|5.7299604|7.9572005
1510199339033|0.045812603|5.765628|7.9325805
1510199339145|0.07972273|5.6689005|8.001723
1510199339262|-0.05367417|5.859332|7.8635693
1510199339376|-0.20496395|5.7147365|7.966817
1510199339491|-0.21948723|5.7307806|7.9548955
1510199339606|-0.16210228|5.770723|7.9273496
1510199339720|-0.14896446|5.797194|7.90827
1510199339835|-0.10910671|5.8341746|7.881682
1510199339952|-0.09887186|5.905207|7.8287377
1510199340066|-0.100944825|5.886582|7.8427258
1510199340182|-0.08036039|5.902849|7.830728
1510199340297|-0.024278145|5.8914876|7.839654
1510199340412|-0.07454652|5.924273|7.81459
1510199340525|-0.13182418|5.8873878|7.8416624
1510199340640|-0.11151148|5.833598|7.882074
1510199340755|-0.11790344|5.8309236|7.88396
1510199340872|-0.23834822|5.76874|7.926867
1510199340988|-0.3956635|5.56276|8.066568
1510199341102|-0.36119205|5.5896654|8.04957
1510199341216|-0.37520432|5.523602|8.094407
1510199341331|-0.44279236|5.483327|8.1183405
1510199341447|-0.43465623|5.4166746|8.163401
1510199341562|-0.4757685|5.4351463|8.148817
1510199341675|-0.4205612|5.438928|8.14933
1510199341791|-0.31841674|5.4405932|8.152849
1510199341906|-0.3142416|5.5091805|8.106822
1510199342021|-0.290614|5.505597|8.110138
1510199342136|-0.14462548|5.504367|8.114888
1510199342252|-0.17284836|5.556485|8.078737
1510199342367|-0.13688119|5.545764|8.086788
1510199342482|-0.09549581|5.5101967|8.111658
1510199342597|-0.17676322|5.5200806|8.103571
1510199342711|-0.123252966|5.494413|8.121984
1510199342827|-0.1959389|5.5505857|8.082264
1510199342942|-0.14797166|5.5481405|8.084963
1510199343057|-0.15285516|5.5361905|8.09306
1510199343170|-0.11388059|5.492143|8.123655
1510199343287|-0.24413142|5.53428|8.092128
1510199343402|-0.16957238|5.4448476|8.154463
1510199343516|-0.15546049|5.4503455|8.151072
1510199343631|-0.14083055|5.46935|8.1385975
1510199343748|-0.051912908|5.5623174|8.076405
1510199343862|-0.08257963|5.522048|8.103737
1510199343976|-0.15685616|5.5242043|8.101171
1510199344091|-0.15210178|5.5097837|8.111074
1510199344207|-0.24842785|5.4319544|8.161037
1510199344322|-0.2663498|5.3664665|8.203687
1510199344437|-0.2781058|5.36783|8.202406
1510199344551|-0.34059682|5.320907|8.230573
1510199344666|-0.30073848|5.3446884|8.216705
1510199344782|-0.36600503|5.3191166|8.2306385
1510199344897|-0.33958805|5.277261|8.258668
1510199345014|-0.33856696|5.218556|8.295929
1510199345129|-0.3866315|5.248487|8.2749195
1510199345241|-0.37461334|5.2626004|8.266504
1510199345358|-0.36029243|5.2601347|8.268709
1510199345471|-0.35898945|5.2718134|8.261325
1510199345589|-0.25811946|5.2770395|8.261756
1510199345704|-0.33397958|5.307147|8.239722
1510199345817|-0.33314598|5.2781014|8.258392
1510199345932|-0.2553228|5.2991242|8.247696
1510199346048|-0.28904262|5.29664|8.248179
1510199346164|-0.30179346|5.2916245|8.25094
1510199346279|-0.2717793|5.3207216|8.233253
1510199346393|-0.29726166|5.3078194|8.240697
1510199346508|-0.30037832|5.2468615|8.27953
1510199346623|-0.31150404|5.2268357|8.291775
1510199346737|-0.36095548|5.2537484|8.27274
1510199346853|-0.32961822|5.2283063|8.290148
1510199346967|-0.43645316|5.233109|8.282177
1510199347089|-0.32973737|5.187712|8.315605
1510199347198|-0.38993135|5.222374|8.29127
1510199347314|-0.3926425|5.1988792|8.305894
1510199347427|-0.38514546|5.1951494|8.3085785
1510199347542|-0.37133867|5.185928|8.314965
1510199347658|-0.38799784|5.1935554|8.3094425
1510199347774|-0.3012678|5.18236|8.320022
1510199347888|-0.36183062|5.218594|8.294922
1510199348003|-0.3247686|5.254201|8.2739525
1510199348119|-0.38701224|5.2622905|8.2661295
1510199348235|-0.37926927|5.2293916|8.28734
1510199348350|-0.36301363|5.2612042|8.267911
1510199348464|-0.33986673|5.252522|8.274412
1510199348578|-0.36594003|5.267628|8.26369
1510199348693|-0.34175566|5.292575|8.248772
1510199348808|-0.3158677|5.3291|8.226257
1510199348925|-0.32565796|5.2981415|8.245849
1510199349038|-0.35740831|5.2793674|8.256568
1510199349152|-0.32557258|5.2914505|8.250148
1510199349268|-0.33347708|5.284296|8.254416
1510199349385|-0.33527634|5.2975073|8.245871
1510199349498|-0.3258195|5.2916985|8.24998
1510199349613|-0.35518295|5.2398953|8.281772
1510199349729|-0.34353617|5.2728877|8.261297
1510199349843|-0.33023724|5.21012|8.301565
1510199349958|-0.34303954|5.2296658|8.288747
1510199350073|-0.3356637|5.2196684|8.295347
1510199350188|-0.3182398|5.1817665|8.31976
1510199350305|-0.34154058|5.246514|8.278153
1510199350419|-0.36974984|5.1508384|8.336818
1510199350533|-0.29008198|5.174356|8.325399
1510199350650|-0.29709435|5.206614|8.3050165
1510199350763|-0.19874598|5.1566463|8.339058
1510199350879|-0.13913691|5.265085|8.272237
1510199350995|-0.10405481|5.297483|8.252045
1510199351109|-0.07558952|5.199545|8.314409
1510199351224|-0.08161653|5.296838|8.252712
1510199351340|-0.067481406|5.3444176|8.222107
1510199351454|-0.013044248|5.242368|8.287809
1510199351569|-0.05217092|5.323359|8.2358675
1510199351683|-0.06172841|5.323881|8.235464
1510199351798|-0.045915253|5.3103886|8.244273
1510199351914|-0.048665185|5.3010526|8.250265
1510199352029|-0.024522895|5.3465457|8.2209635
1510199352143|-0.080531865|5.340725|8.224388
1510199352260|-0.09695234|5.3149595|8.240885
1510199352374|-0.11180801|5.34333|8.22233
1510199352489|-0.09532616|5.3062534|8.246514
1510199352605|-0.111633|5.3486753|8.218856
1510199352724|-0.13279532|5.3223076|8.2356415
1510199352834|-0.09248799|5.288893|8.25769
1510199352950|-0.10926782|5.3382955|8.225634
1510199353066|-0.09736915|5.3408346|8.224134
1510199353190|-0.1150606|5.3328404|8.229094
1510199353294|-0.11301587|5.3662243|8.20739
1510199353411|-0.10845226|5.3821926|8.196989
1510199353525|-0.061125442|5.292697|8.255545
1510199353639|-0.0720355|5.370189|8.205258
1510199353756|-0.09290808|5.3273797|8.232907
1510199353870|-0.10086713|5.3134956|8.241782
1510199353985|-0.084223725|5.3244157|8.23492
1510199354100|-0.11559473|5.2848506|8.259986
1510199354216|-0.08185448|5.3111143|8.243527
1510199354330|-0.090429895|5.2974105|8.252252
1510199354444|-0.110064484|5.3072915|8.245661
1510199354560|-0.16398534|5.316204|8.239022
1510199354675|-0.27552405|5.267075|8.26755
1510199354791|-0.24706665|5.2523155|8.277834
1510199354906|-0.2738337|5.244505|8.281942
1510199355020|-0.40665406|5.1203156|8.353885
1510199355135|-0.39615697|5.083735|8.376699
1510199355250|-0.42012435|5.1351047|8.344134
1510199355366|-0.4835362|5.104621|8.359392
1510199355482|-0.4326079|5.115244|8.355688
1510199355597|-0.47159827|5.1550856|8.329051
1510199355710|-0.46048635|5.1660285|8.32289
1510199355825|-0.4167204|5.18203|8.315245
1510199355941|-0.42171365|5.1938186|8.307635
1510199356055|-0.42711267|5.186446|8.311964
1510199356170|-0.41695|5.179507|8.316805
1510199356285|-0.42093486|5.160906|8.32816
1510199356413|-0.39770252|5.192636|8.309559
1510199356515|-0.4054064|5.1693764|8.323677
1510199356632|-0.40621293|5.1696515|8.323464
1510199356745|-0.37644917|5.176246|8.3207655
1510199356860|-0.3775637|5.1760416|8.320844
1510199356980|-0.3754209|5.185975|8.314753
1510199357091|-0.3568244|5.1877866|8.314442
1510199357216|-0.3692186|5.1876736|8.313971
1510199357320|-0.3741423|5.197397|8.307675
1510199357436|-0.35461405|5.18968|8.313354
1510199357553|-0.3699719|5.1894336|8.312839
1510199357666|-0.36629713|5.183408|8.316759
1510199357781|-0.3553356|5.187895|8.314437
1510199357896|-0.354567|5.1746464|8.322722
1510199358018|-0.35349512|5.1870427|8.315047
1510199358127|-0.3549774|5.1872697|8.314843
1510199358241|-0.3419475|5.1863894|8.315938
1510199358358|-0.3505995|5.198724|8.307872
1510199358472|-0.3181499|5.1876755|8.31608
1510199358586|-0.3459423|5.1786275|8.320609
1510199358703|-0.34638134|5.155829|8.334737
1510199358818|-0.355505|5.173761|8.323233
1510199358931|-0.35292822|5.161445|8.330985
1510199359046|-0.3466026|5.160498|8.331838
1510199359162|-0.33611888|5.1560144|8.335042
1510199359278|-0.33241343|5.1657248|8.329177
1510199359391|-0.32207203|5.160169|8.333024
1510199359506|-0.33162278|5.1636133|8.330517
1510199359623|-0.34663814|5.1551886|8.335123
1510199359737|-0.35347652|5.1620846|8.330565
1510199359852|-0.3244799|5.160674|8.332619
1510199359974|-0.33926934|5.166333|8.328523
1510199360110|-0.3257714|5.162753|8.331281
1510199360208|-0.34019923|5.1615624|8.331442
1510199360313|-0.3344033|5.1597824|8.332779
1510199360440|-0.33189905|5.168949|8.327196
1510199360543|-0.3320093|5.1595893|8.332994
1510199360658|-0.30306318|5.1676183|8.329122
1510199360774|-0.31719467|5.1748123|8.324127
1510199360886|-0.31676027|5.1617393|8.332257
1510199361003|-0.31791422|5.1598506|8.333383
1510199361120|-0.31257075|5.132498|8.350458
1510199361232|-0.3208092|5.1417956|8.344423
1510199361348|-0.31276426|5.1438613|8.343456
1510199361462|-0.32308105|5.1512985|8.338473
1510199361576|-0.3291419|5.150332|8.338833
1510199361692|-0.31864342|5.1411552|8.344901
1510199361807|-0.33307984|5.1609445|8.332112
1510199361922|-0.32049134|5.157382|8.33481
1510199362038|-0.31707072|5.1683683|8.328135
1510199362152|-0.32880032|5.172529|8.325096
1510199362268|-0.326879|5.1651635|8.329743
1510199362384|-0.33503038|5.177912|8.321501
1510199362498|-0.34224176|5.172107|8.324817
1510199362611|-0.3196532|5.16045|8.332944
1510199362728|-0.32725334|5.172578|8.325126
1510199362842|-0.33815986|5.1613154|8.331678
1510199362957|-0.32703137|5.1625094|8.331383
1510199363074|-0.34184024|5.183759|8.317582
1510199363187|-0.30918145|5.169623|8.327652
1510199363304|-0.32820737|5.1814528|8.319569
1510199363419|-0.28849664|5.1552677|8.337288
1510199363535|-0.3263414|5.1778564|8.32188
1510199363650|-0.3525999|5.153116|8.336154
1510199363762|-0.33153716|5.179046|8.320934
1510199363878|-0.34034175|5.2224627|8.293397
1510199363993|-0.32545942|5.175049|8.323662
1510199364107|-0.38224268|5.213381|8.297285
1510199364223|-0.88220114|4.791503|8.510794
1510199364338|-1.0335245|4.6572323|8.568103
1510199364452|-1.1886629|4.629346|8.563097
1510199364568|-1.1195264|4.581439|8.598108
1510199364686|-1.1211482|4.5178814|8.631464
1510199364799|-1.1243182|4.5360613|8.6215105
1510199364913|-1.0945355|4.5460095|8.620103
1510199365028|-1.0810392|4.589624|8.598669
1510199365147|-1.0298129|4.5992966|8.599788
1510199365257|-0.98795795|4.6248636|8.5909815
1510199365374|-0.98192424|4.646963|8.579741
1510199365490|-0.9685896|4.6926823|8.55634
1510199365604|-0.9012919|4.730987|8.542589
1510199365718|-0.9261231|4.7702465|8.5180645
1510199365834|-0.85113347|4.777418|8.521868
1510199365948|-0.8846693|4.8116574|8.499159
1510199366065|-0.7651865|4.9010687|8.459575
1510199366179|-0.83667755|4.946677|8.426194
1510199366293|-0.69280636|5.080294|8.359487
1510199366408|-0.532412|5.1495748|8.328794
1510199366526|-0.5760006|5.223942|8.279434
1510199366640|-0.48945165|5.2043386|8.29733
1510199366753|-0.41334775|5.256139|8.268768
1510199366868|-0.28156406|5.278638|8.259969
1510199366984|-0.2448689|5.3396235|8.221852
1510199367101|-0.16263466|5.316704|8.238726
1510199367215|-0.2057096|5.3525577|8.214511
1510199367330|-0.196506|5.297314|8.250469
1510199367445|-0.20796615|5.3083553|8.243088
1510199367558|-0.19387844|5.2905498|8.25487
1510199367675|-0.240149|5.2930875|8.252027
1510199367789|-0.20766522|5.3006516|8.248052
1510199367904|-0.23375332|5.3182683|8.236005
1510199368018|-0.20693927|5.3065214|8.244294
1510199368135|-0.23354116|5.305036|8.24454
1510199368249|-0.22495551|5.288556|8.255359
1510199368366|-0.2505178|5.312805|8.2390375
1510199368493|-0.24823542|5.2699294|8.266597
1510199368626|-0.23116195|5.302491|8.246244
1510199368710|-0.21863784|5.248743|8.280899
1510199368827|-0.24064456|5.2731028|8.264797
1510199368939|-0.23650973|5.22215|8.297204
1510199369055|-0.28729704|5.2712293|8.264502
1510199369170|-0.23871091|5.2564564|8.27545
1510199369284|-0.2793893|5.2715573|8.264563
1510199369401|-0.276119|5.204761|8.306902
1510199369516|-0.33644375|5.2493067|8.276592
1510199369630|-0.35846394|5.2130795|8.298535
1510199369746|-0.38470384|5.182602|8.316431
1510199369859|-0.3920176|5.2172713|8.294383
1510199369979|-0.38446778|5.1945195|8.309004
1510199370089|-0.407189|5.218095|8.293135
1510199370207|-0.37069988|5.1814556|8.317781
1510199370322|-0.37895945|5.234739|8.283978
1510199370435|-0.30824277|5.2736983|8.262172
1510199370551|-0.27238652|5.314543|8.237223
1510199370664|-0.21340992|5.2876234|8.256263
1510199370780|-0.2182611|5.3493304|8.216289
1510199370895|-0.17694342|5.3337555|8.227401
1510199371010|-0.18705612|5.3498397|8.216728
1510199371131|-0.22527698|5.328957|8.229328
1510199371241|-0.2057717|5.304591|8.245566
1510199371357|-0.21141325|5.3301306|8.228937
1510199371472|-0.21965146|5.2985396|8.249098
1510199371585|-0.28368244|5.2420835|8.283143
1510199371700|-0.34487146|5.161039|8.3315735
1510199371818|-0.38922548|5.2181683|8.29395
1510199371931|-0.47306123|5.1688046|8.320459
1510199372046|-0.4990291|5.121079|8.348407
1510199372161|-0.5205086|5.11917|8.348267
1510199372275|-0.42758217|5.0787907|8.378153
1510199372391|-0.5534216|5.0774508|8.371596
1510199372507|-0.50406104|5.067935|8.380474
1510199372622|-0.5240016|5.09272|8.36421
1510199372738|-0.5426144|5.0425787|8.3933525
1510199372852|-0.5192382|5.104984|8.357028
1510199372965|-0.5019135|5.0924845|8.365708
1510199373081|-0.50428045|5.0948796|8.364107
1510199373195|-0.4979567|5.0822263|8.37218
1510199373312|-0.48872828|5.0971212|8.363665
1510199373426|-0.48262754|5.0780883|8.375588
1510199373542|-0.49313053|5.087803|8.369078
1510199373657|-0.48191068|5.0958705|8.364823
1510199373772|-0.48325068|5.0835557|8.372235
1510199373886|-0.47805336|5.0743027|8.378144
1510199374001|-0.46876952|5.0841317|8.372708
1510199374116|-0.4781358|5.075688|8.3773
1510199374232|-0.43608934|5.0991955|8.365311
1510199374347|-0.4427339|5.063682|8.386507
1510199374462|-0.45700574|5.0632133|8.386024
1510199374576|-0.47264683|5.0647798|8.384212
1510199374708|-0.4812585|5.074115|8.378075
1510199374812|-0.49146715|5.075963|8.376362
1510199374942|-0.49939102|5.080783|8.372972
1510199375045|-0.5420665|5.06546|8.379598
1510199375154|-0.60930735|5.075513|8.368889
1510199375267|-0.6215963|5.059369|8.377756
1510199375425|-0.6308319|5.0441647|8.386229
1510199375519|-0.627801|5.0359344|8.391401
1510199375612|-0.6279949|5.032268|8.393587
1510199375696|-0.6330698|5.019188|8.401033
1510199375799|-0.63275963|5.0123825|8.405118
1510199375901|-0.62249184|4.981932|8.423968
1510199376063|-0.63265|4.985019|8.421385
1510199376182|-0.6121067|4.9968724|8.415876
1510199376264|-0.58735275|4.9924884|8.420241
1510199376362|-0.51678264|5.031984|8.401337
1510199376474|-0.36743894|5.0680294|8.387517
1510199376592|-0.08192553|5.153363|8.343052
1510199376707|0.25738204|5.2920895|8.252147
1510199376819|0.4472889|5.354745|8.203476
1510199376935|0.4859717|5.3684287|8.192325
1510199377051|0.52552897|5.361627|8.194337
1510199377166|0.5943943|5.3870506|8.172929
1510199377280|0.6105401|5.375579|8.17929
1510199377395|0.5795327|5.34324|8.2027025
1510199377509|0.27987993|5.1107717|8.364931
1510199377625|0.17319739|5.0108004|8.428063
1510199377741|-0.09175939|4.7927194|8.555221
1510199377856|-0.17759235|4.8125625|8.542721
1510199377969|-0.527394|4.621603|8.633251
1510199378086|-0.75561166|4.559595|8.64925
1510199378200|-1.280451|4.367409|8.686574
1510199378316|-1.6252896|4.4159274|8.603976
1510199378430|-1.6970245|4.3192596|8.639125
1510199378545|-1.6058865|4.4133663|8.6089325
1510199378661|-1.5845809|4.4262996|8.606239
1510199378775|-1.5641552|4.4004335|8.623224
1510199378891|-1.4759772|4.4701924|8.602863
1510199379005|-1.4316597|4.470037|8.61043
1510199379121|-1.4022453|4.530841|8.583447
1510199379235|-1.2614591|4.6126323|8.561702
1510199379351|-1.1151946|4.726847|8.519603
1510199379465|-1.0886912|4.7008147|8.537416
1510199379580|-1.0691442|4.719687|8.52947
1510199379695|-1.0536897|4.737758|8.521372
1510199379811|-1.0122497|4.736822|8.526914
1510199379926|-0.9736318|4.7532845|8.522248
1510199380041|-0.935421|4.784776|8.508894
1510199380155|-0.85650915|4.766752|8.527301
1510199380272|-0.8370916|4.7522078|8.537341
1510199380385|-0.82453936|4.765663|8.531059
1510199380500|-0.81707555|4.752121|8.539329
1510199380616|-0.820378|4.7625766|8.533184
1510199380730|-0.83171815|4.7706747|8.52756
1510199380847|-0.82499075|4.7744493|8.526102
1510199380962|-0.8074055|4.779259|8.525091
1510199381075|-0.80715734|4.75367|8.53941
1510199381191|-0.79194283|4.759795|8.537421
1510199381305|-1.126666|4.505853|8.637032
1510199381421|-1.4448664|4.250783|8.718577
1510199381535|-1.4584991|4.2801337|8.701932
1510199381651|-1.4282762|4.3024917|8.695918
1510199381766|-1.4688021|4.2126513|8.733074
1510199381880|-1.477075|4.2285194|8.724005
1510199381996|-1.426592|4.2775254|8.708501
1510199382110|-1.4989318|4.234036|8.717599
1510199382226|-1.4826452|4.207504|8.733215
1510199382343|-1.5123746|4.2187705|8.722676
1510199382457|-1.5178654|4.2288995|8.716816
1510199382571|-1.4502543|4.246172|8.71993
1510199382687|-1.503748|4.2400775|8.713833
1510199382802|-1.5238203|4.2197576|8.720207
1510199382918|-1.500307|4.231822|8.718438
1510199383031|-1.5140598|4.238001|8.713057
1510199383148|-1.4928577|4.2669115|8.7026
1510199383260|-1.4180187|4.292189|8.702684
1510199383381|-1.4073645|4.328254|8.686537
1510199383495|-1.430818|4.300511|8.696479
1510199383606|-1.4694885|4.2658696|8.707086
1510199383722|-1.6049764|4.250887|8.690476
1510199383836|-1.5585113|4.2605743|8.694189
1510199383953|-1.4016988|4.324003|8.68957
1510199384068|-1.1283284|4.146832|8.814819
1510199384182|-0.9485893|4.284822|8.769884
1510199384296|-0.7528868|4.330999|8.766186
1510199384413|-0.53560954|4.447694|8.7236185
1510199384526|-0.41390908|4.5390167|8.68311
1510199384643|-0.22657378|4.593284|8.661454
1510199384757|0.017454045|4.635393|8.641945
1510199384874|0.051197283|4.6257405|8.646981
1510199384988|0.031009756|4.6223755|8.648876
1510199385103|0.29802284|4.9160547|8.48021
1510199385219|0.5032874|4.8633437|8.500881
1510199385332|0.10934466|4.9606237|8.458761
1510199385448|-0.32818568|4.686462|8.608121
1510199385562|-0.24365976|4.255581|8.8318205
1510199385678|0.10688663|4.0386786|8.935773
1510199385792|0.9254395|4.3086596|8.7606735
1510199385907|-0.3046279|3.5487995|9.136937
1510199386023|-0.8280225|2.9387538|9.319254
1510199386139|-1.6884333|2.5303354|9.322927
1510199386254|-1.9179792|2.3177733|9.333792
1510199386371|-1.9832666|2.372319|9.306403
1510199386483|-1.8714285|2.5426347|9.284566
1510199386601|-1.7348825|2.768072|9.2465315
1510199386719|-1.6446072|3.0558033|9.172116
1510199386828|-1.6983937|3.072346|9.156775
1510199386945|-1.7052349|2.815548|9.237708
1510199387059|-1.7708093|2.3224595|9.361667
1510199387172|-1.4418077|2.1079729|9.468265
1510199387288|-1.5704098|1.9815637|9.475104
1510199387405|-1.9548457|1.8166165|9.43657
1510199387518|-1.9910644|1.9178193|9.408933
1510199387638|-1.8437241|2.0985968|9.400371
1510199387754|-1.8308896|2.2682996|9.363388
1510199387862|-1.9990367|2.35605|9.307162
1510199388013|-2.756499|2.2840257|9.129914
1510199388153|-2.6261508|2.5560858|9.096161
1510199388297|-2.685088|2.5453796|9.081945
1510199388380|-2.4144058|2.6302626|9.133605
