1509531353687|-0.36774936|5.1484914|8.349273
1509531353777|-0.36774936|5.1484914|8.349273
1509531353905|-0.36774936|5.1484914|8.349273
1509531354043|-0.36774936|5.175732|8.335652
1509531354173|-0.38136974|5.2165933|8.308412
1509531354303|-0.38136974|5.257454|8.281172
1509531354435|-0.38136974|5.298315|8.253931
1509531354568|-0.38136974|5.3527966|8.21307
1509531354699|-0.38136974|5.3800373|8.19945
1509531354830|-0.38136974|5.448139|8.158588
1509531354963|-0.38136974|5.50262|8.117727
1509531355094|-0.38136974|5.5434813|8.090487
1509531355229|-0.3949901|5.570722|8.076866
1509531355359|-0.3949901|5.5843425|8.063246
1509531355490|-0.3949901|5.597963|8.049625
1509531355628|-0.4086104|5.611583|8.036005
1509531355762|-0.4086104|5.6252036|8.036005
1509531355887|-0.4086104|5.693305|7.9951434
1509531356019|-0.4086104|5.7477865|7.9406624
1509531356153|-0.4086104|5.802268|7.8998013
1509531356284|-0.4086104|5.856749|7.85894
1509531356416|-0.4086104|5.924851|7.8180795
1509531356547|-0.4086104|5.979333|7.7772183
1509531356680|-0.42223078|6.0474343|7.722737
1509531356812|-0.42223078|6.115536|7.668256
1509531356943|-0.42223078|6.1836376|7.6137743
1509531357074|-0.43585113|6.26536|7.5456724
1509531357206|-0.43585113|6.3198414|7.4911914
1509531357339|-0.44947144|6.387943|7.43671
1509531357471|-0.46309182|6.428804|7.409469
1509531357604|-0.47671217|6.4560447|7.3822284
1509531357736|-0.47671217|6.483285|7.354988
1509531357868|-0.47671217|6.4969053|7.3413677
1509531357999|-0.44947144|6.524146|7.3277473
1509531358132|-0.42223078|6.5377665|7.314126
1509531358263|-0.4086104|6.5377665|7.314126
1509531358396|-0.3949901|6.5377665|7.314126
1509531358527|-0.3949901|6.5377665|7.314126
1509531358661|-0.36774936|6.524146|7.3277473
1509531358790|-0.3405087|6.5105257|7.3277473
1509531358923|-0.32688835|6.4969053|7.354988
1509531359055|-0.31326798|6.483285|7.3686085
1509531359187|-0.29964766|6.469665|7.3822284
1509531359320|-0.28602728|6.4424243|7.3958488
1509531359453|-0.28602728|6.4424243|7.409469
1509531359583|-0.27240694|6.4151835|7.4230895
1509531359715|-0.25878662|6.387943|7.4503303
1509531359846|-0.25878662|6.360702|7.477571
1509531359979|-0.24516624|6.3334613|7.4911914
1509531360110|-0.24516624|6.3198414|7.504812
1509531360244|-0.23154591|6.306221|7.518432
1509531360375|-0.21792556|6.2789803|7.5456724
1509531360508|-0.2043052|6.26536|7.559293
1509531360642|-0.2043052|6.2517395|7.559293
1509531360788|-0.2043052|6.2244987|7.5865335
1509531360903|-0.2043052|6.2108784|7.600154
1509531361034|-0.19068487|6.1836376|7.6273947
1509531361166|-0.19068487|6.1700177|7.641015
1509531361299|-0.19068487|6.142777|7.6546354
1509531361430|-0.2043052|6.115536|7.668256
1509531361563|-0.21792556|6.115536|7.681876
1509531361695|-0.25878662|6.0882955|7.695496
1509531361827|-0.27240694|6.074675|7.7091165
1509531361960|-0.28602728|6.0610547|7.7091165
1509531362090|-0.29964766|6.0610547|7.722737
1509531362223|-0.38136974|6.020194|7.736357
1509531362356|-0.44947144|6.0065737|7.7499776
1509531362486|-0.47671217|5.9929533|7.763598
1509531362618|-0.53119355|5.9657125|7.7772183
1509531362752|-0.55843425|5.9657125|7.7772183
1509531362885|-0.57205456|5.952092|7.7772183
1509531363015|-0.57205456|5.952092|7.7772183
1509531363148|-0.58567494|5.952092|7.7908387
1509531363278|-0.58567494|5.952092|7.7908387
1509531363411|-0.55843425|5.952092|7.7908387
1509531363559|-0.55843425|5.952092|7.7908387
1509531363676|-0.51757324|5.952092|7.7908387
1509531363811|-0.47671217|5.952092|7.7908387
1509531363938|-0.42223078|5.952092|7.7908387
1509531364070|-0.38136974|5.9657125|7.7908387
1509531364203|-0.38136974|5.9657125|7.7908387
1509531364336|-0.36774936|5.9657125|7.7908387
1509531364467|-0.31326798|5.9657125|7.7908387
1509531364605|-0.31326798|5.9657125|7.7908387
1509531364732|-0.27240694|5.9657125|7.7908387
1509531364863|-0.27240694|5.9657125|7.7908387
1509531364995|-0.27240694|5.9657125|7.7908387
1509531365128|-0.29964766|5.952092|7.804459
1509531365258|-0.32688835|5.938472|7.804459
1509531365393|-0.32688835|5.938472|7.804459
1509531365523|-0.32688835|5.938472|7.804459
1509531365655|-0.32688835|5.938472|7.804459
1509531365787|-0.35412902|5.924851|7.8180795
1509531365921|-0.36774936|5.9112306|7.8317
1509531366052|-0.36774936|5.9112306|7.8317
1509531366182|-0.3949901|5.88399|7.8453197
1509531366315|-0.4086104|5.88399|7.8453197
1509531366446|-0.42223078|5.8703694|7.85894
1509531366579|-0.44947144|5.8431287|7.8725605
1509531366711|-0.44947144|5.8431287|7.8725605
1509531366844|-0.44947144|5.8431287|7.8725605
1509531366986|-0.44947144|5.8431287|7.8725605
1509531367113|-0.46309182|5.8431287|7.8725605
1509531367240|-0.47671217|5.8295083|7.886181
1509531367373|-0.47671217|5.8295083|7.886181
1509531367505|-0.47671217|5.8295083|7.886181
1509531367635|-0.47671217|5.8295083|7.886181
1509531367769|-0.46309182|5.815888|7.886181
1509531367900|-0.43585113|5.802268|7.8998013
1509531368031|-0.43585113|5.802268|7.8998013
1509531368163|-0.42223078|5.7886477|7.9134216
1509531368295|-0.42223078|5.7886477|7.9134216
1509531368429|-0.4086104|5.734166|7.9542828
1509531368559|-0.4086104|5.7069254|7.9815235
1509531368696|-0.3949901|5.652444|8.022385
1509531368823|-0.3949901|5.611583|8.036005
1509531368954|-0.38136974|5.5843425|8.063246
1509531369087|-0.38136974|5.570722|8.076866
1509531369220|-0.38136974|5.50262|8.117727
1509531369351|-0.38136974|5.4890003|8.131348
1509531369483|-0.36774936|5.448139|8.158588
1509531369615|-0.36774936|5.407278|8.185829
1509531369747|-0.36774936|5.366417|8.21307
1509531369879|-0.36774936|5.3527966|8.22669
1509531370011|-0.36774936|5.339176|8.22669
1509531370143|-0.36774936|5.339176|8.22669
1509531370275|-0.36774936|5.339176|8.22669
1509531370411|-0.36774936|5.339176|8.22669
1509531370539|-0.36774936|5.339176|8.22669
1509531370672|-0.38136974|5.339176|8.22669
1509531370803|-0.36774936|5.339176|8.22669
1509531370934|-0.36774936|5.339176|8.22669
1509531371067|-0.36774936|5.339176|8.22669
1509531371197|-0.35412902|5.339176|8.22669
1509531371330|-0.35412902|5.339176|8.22669
1509531371464|-0.3405087|5.339176|8.22669
1509531371594|-0.32688835|5.339176|8.22669
1509531371727|-0.32688835|5.339176|8.22669
1509531371861|-0.32688835|5.339176|8.22669
1509531371994|-0.32688835|5.339176|8.22669
1509531372123|-0.32688835|5.339176|8.22669
1509531372261|-0.3405087|5.339176|8.22669
1509531372388|-0.3405087|5.339176|8.22669
1509531372519|-0.3405087|5.3527966|8.22669
1509531372651|-0.35412902|5.3527966|8.22669
1509531372783|-0.38136974|5.3527966|8.21307
1509531372920|-0.3949901|5.3527966|8.21307
1509531373047|-0.4086104|5.366417|8.21307
1509531373178|-0.4086104|5.366417|8.21307
1509531373312|-0.43585113|5.366417|8.21307
1509531373443|-0.43585113|5.366417|8.21307
1509531373576|-0.46309182|5.366417|8.21307
1509531373706|-0.46309182|5.366417|8.21307
1509531373843|-0.46309182|5.366417|8.21307
1509531373972|-0.46309182|5.339176|8.22669
1509531374105|-0.46309182|5.3119354|8.240311
1509531374235|-0.46309182|5.257454|8.281172
1509531374367|-0.44947144|5.2165933|8.308412
1509531374498|-0.44947144|5.1621118|8.335652
1509531374630|-0.44947144|5.1212506|8.362893
1509531374763|-0.43585113|5.08039|8.390134
1509531374895|-0.42223078|5.0395284|8.403754
1509531375042|-0.4086104|5.0122876|8.430995
1509531375158|-0.4086104|5.0122876|8.430995
1509531375291|-0.3949901|4.971427|8.458236
1509531375423|-0.3949901|4.971427|8.458236
1509531375561|-0.38136974|4.9578066|8.458236
1509531375687|-0.36774936|4.971427|8.458236
1509531375820|-0.36774936|4.9986672|8.444615
1509531375952|-0.36774936|4.9986672|8.444615
1509531376083|-0.36774936|4.9986672|8.444615
1509531376213|-0.36774936|4.9986672|8.444615
1509531376346|-0.35412902|4.9986672|8.444615
1509531376479|-0.32688835|5.0122876|8.430995
1509531376609|-0.31326798|5.0122876|8.430995
1509531376742|-0.31326798|5.0122876|8.430995
1509531376875|-0.29964766|4.9986672|8.444615
1509531377007|-0.29964766|4.9986672|8.444615
1509531377138|-0.29964766|4.9986672|8.444615
1509531377270|-0.27240694|4.944186|8.471856
1509531377403|-0.27240694|4.930566|8.4854765
1509531377536|-0.23154591|4.903325|8.499097
1509531377667|-0.2043052|4.8760843|8.512717
1509531377798|-0.2043052|4.8760843|8.512717
1509531377930|-0.19068487|4.8897047|8.512717
1509531378063|-0.19068487|4.8897047|8.512717
1509531378195|-0.17706451|4.9169455|8.499097
1509531378326|-0.17706451|4.9169455|8.499097
1509531378463|-0.17706451|4.9578066|8.471856
1509531378590|-0.17706451|4.971427|8.471856
1509531378724|-0.17706451|4.9986672|8.444615
1509531378856|-0.17706451|4.9986672|8.444615
1509531378987|-0.23154591|5.025908|8.430995
1509531379120|-0.27240694|5.0531487|8.417375
1509531379251|-0.31326798|5.0667696|8.403754
1509531379384|-0.36774936|5.09401|8.390134
1509531379515|-0.42223078|5.1212506|8.362893
1509531379655|-0.46309182|5.134871|8.349273
1509531379778|-0.50395286|5.134871|8.349273
1509531379913|-0.53119355|5.134871|8.349273
1509531380043|-0.53119355|5.1212506|8.349273
1509531380174|-0.53119355|5.09401|8.3765135
1509531380306|-0.53119355|5.08039|8.390134
1509531380451|-0.53119355|5.0531487|8.390134
1509531380571|-0.53119355|5.0531487|8.403754
1509531380703|-0.49033248|5.0395284|8.417375
1509531380836|-0.46309182|5.025908|8.417375
1509531380967|-0.3949901|5.0122876|8.430995
1509531381098|-0.36774936|4.9986672|8.430995
1509531381231|-0.3405087|4.9986672|8.444615
1509531381363|-0.28602728|5.0122876|8.444615
1509531381495|-0.27240694|5.0122876|8.444615
1509531381626|-0.24516624|5.0122876|8.430995
1509531381762|-0.23154591|5.0122876|8.430995
1509531381891|-0.21792556|5.0122876|8.430995
1509531382023|-0.2043052|5.0395284|8.430995
