1509502052637|28.56|-16.8|-28.199999
1509502052763|28.14|-19.08|-28.14
1509502052895|28.92|-19.5|-27.66
1509502053027|29.939999|-18.119999|-27.359999
1509502053159|31.08|-16.68|-27.359999
1509502053291|31.199999|-15.9|-27.539999
1509502053424|30.72|-16.5|-27.84
1509502053555|29.939999|-18.06|-28.019999
1509502053688|29.279999|-19.5|-28.14
1509502053819|28.439999|-20.16|-28.26
1509502053951|28.26|-19.92|-28.38
1509502054083|28.619999|-19.38|-28.439999
1509502054215|29.64|-18.119999|-27.96
1509502054347|30.66|-17.64|-27.119999
1509502054479|30.3|-17.34|-27.0
1509502054611|29.64|-17.82|-26.519999
1509502054743|28.08|-19.38|-27.0
1509502054876|26.039999|-20.4|-27.359999
1509502055007|25.56|-21.0|-27.3
1509502055139|25.8|-20.58|-26.939999
1509502055271|26.699999|-19.32|-26.16
1509502055403|28.26|-17.82|-26.039999
1509502055535|28.92|-16.68|-25.8
1509502055667|28.56|-16.26|-26.099998
1509502055799|27.539999|-16.859999|-26.279999
1509502055931|26.099998|-17.58|-26.519999
1509502056063|25.32|-18.24|-27.24
1509502056195|25.859999|-18.119999|-26.939999
1509502056327|26.939999|-16.56|-26.76
1509502056459|28.8|-14.639999|-25.92
1509502056591|30.48|-13.0199995|-24.96
1509502056723|30.779999|-12.3|-25.14
1509502056855|30.9|-12.48|-25.74
1509502056987|30.48|-13.32|-26.699999
1509502057119|29.34|-13.98|-27.48
1509502057251|29.88|-13.259999|-27.9
1509502057383|30.539999|-11.94|-27.42
1509502057515|31.38|-10.32|-27.0
1509502057647|32.64|-8.5199995|-26.4
1509502057779|32.94|-8.22|-26.4
1509502057911|32.579998|-8.28|-27.18
1509502058043|31.859999|-8.34|-27.96
1509502058175|31.439999|-7.56|-29.22
1509502058307|31.439999|-6.12|-29.82
1509502058440|32.1|-4.44|-30.06
1509502058571|33.059998|-2.8799999|-30.119999
1509502058703|33.54|-3.12|-30.06
1509502058837|33.3|-4.44|-30.42
1509502058967|32.04|-7.14|-31.32
1509502059099|29.939999|-10.62|-31.679998
1509502059231|28.26|-13.62|-31.98
1509502059363|26.939999|-15.9|-32.16
1509502059495|26.34|-17.34|-31.679998
1509502059627|26.34|-17.94|-31.56
1509502059759|26.34|-18.24|-31.38
1509502059892|25.439999|-19.08|-31.26
1509502060023|23.82|-20.46|-31.439999
1509502060155|21.779999|-22.199999|-31.439999
1509502060287|20.1|-23.699999|-31.5
1509502060419|19.859999|-24.779999|-30.96
1509502060551|20.939999|-24.24|-29.939999
1509502060683|23.1|-23.34|-29.22
1509502060815|24.779999|-22.38|-28.5
1509502060947|25.619999|-21.9|-28.019999
1509502061079|24.42|-21.66|-28.68
1509502061211|22.92|-21.72|-29.16
1509502061343|21.6|-22.68|-29.519999
1509502061475|19.8|-23.34|-30.539999
1509502061607|18.539999|-24.3|-31.859999
1509502061746|15.179999|-24.18|-34.5
1509502061871|10.44|-21.72|-37.38
1509502062003|6.06|-18.66|-39.719997
1509502062135|2.34|-17.4|-40.5
1509502062267|0.12|-16.619999|-40.079998
1509502062399|-2.22|-16.56|-39.48
1509502062535|-5.2799997|-16.32|-38.34
1509502062663|-7.3799996|-14.639999|-38.76
1509502062796|-8.94|-13.5|-40.86
1509502062927|-9.3|-12.66|-42.78
1509502063059|-8.46|-12.54|-45.18
1509502063191|-8.88|-12.24|-46.5
1509502063323|-8.88|-12.599999|-45.899998
1509502063454|-8.88|-12.96|-46.14
1509502063588|-9.599999|-15.059999|-49.14
1509502063719|-9.179999|-20.939999|-53.16
1509502063851|-9.12|-26.939999|-57.3
1509502063983|-9.48|-34.14|-60.719997
1509502064115|-9.12|-39.0|-61.079998
1509502064247|-9.9|-40.2|-60.539997
1509502064379|-10.32|-40.62|-60.239998
1509502064511|-9.719999|-41.16|-59.64
1509502064643|-9.0|-42.3|-58.62
1509502064776|-7.3199997|-44.16|-55.62
1509502064907|-6.3599997|-45.84|-51.539997
1509502065039|-6.42|-46.559998|-46.68
1509502065171|-6.66|-46.62|-42.239998
1509502065303|-7.5|-45.66|-39.54
1509502065435|-8.04|-45.539997|-37.98
1509502065567|-8.16|-45.48|-37.44
1509502065699|-8.46|-45.48|-37.2
1509502065831|-8.46|-46.02|-37.2
1509502065964|-8.58|-45.899998|-37.14
1509502066095|-8.58|-45.3|-37.5
1509502066228|-8.16|-45.48|-37.62
1509502066359|-8.22|-45.42|-37.44
1509502066491|-8.58|-45.48|-37.739998
1509502066623|-8.58|-45.96|-37.8
1509502066755|-8.4|-45.84|-37.8
1509502066887|-8.34|-45.36|-37.739998
1509502067019|-7.62|-45.239998|-37.44
1509502067151|-7.44|-45.3|-37.32
1509502067283|-7.56|-45.059998|-37.44
1509502067415|-7.62|-45.66|-37.44
1509502067547|-8.639999|-45.6|-37.92
1509502067679|-8.76|-45.6|-37.739998
1509502067811|-9.179999|-45.6|-37.62
1509502067943|-9.059999|-45.719997|-37.62
1509502068075|-8.4|-45.96|-37.14
1509502068207|-8.28|-45.66|-37.2
1509502068339|-8.4|-45.899998|-37.079998
1509502068471|-8.46|-45.719997|-36.84
1509502068603|-8.46|-45.719997|-37.14
1509502068735|-8.58|-45.96|-37.2
1509502068867|-8.16|-46.02|-37.38
1509502068999|-8.4|-46.079998|-37.62
1509502069130|-8.4|-46.14|-37.2
1509502069263|-8.46|-45.78|-37.2
1509502069395|-8.46|-45.48|-37.2
1509502069528|-8.04|-45.48|-37.2
1509502069659|-8.04|-45.539997|-37.62
1509502069791|-7.98|-45.719997|-37.38
1509502069923|-7.98|-45.719997|-37.38
1509502070055|-8.04|-45.66|-37.14
1509502070188|-8.34|-45.48|-36.96
1509502070319|-8.34|-45.66|-37.2
1509502070451|-8.4|-45.84|-37.559998
1509502070583|-8.4|-45.84|-37.8
1509502070715|-8.46|-45.899998|-37.62
1509502070847|-8.46|-46.02|-37.8
1509502070979|-8.46|-46.14|-37.62
1509502071116|-8.94|-46.2|-37.44
1509502071243|-8.94|-46.2|-37.38
1509502071376|-9.059999|-46.26|-37.079998
1509502071507|-9.059999|-45.899998|-37.079998
1509502071640|-8.76|-45.96|-37.2
1509502071771|-8.4|-45.84|-37.44
1509502071904|-8.28|-45.78|-37.44
1509502072035|-8.16|-45.78|-37.44
1509502072167|-8.04|-45.539997|-37.62
1509502072299|-8.04|-45.78|-37.62
1509502072431|-7.98|-45.66|-37.739998
1509502072563|-8.16|-45.719997|-37.44
1509502072696|-8.16|-46.079998|-37.44
1509502072828|-7.98|-45.84|-37.44
1509502072959|-7.98|-46.02|-37.32
1509502073091|-7.8599997|-46.26|-37.38
1509502073223|-7.8599997|-45.84|-37.2
1509502073355|-8.4|-45.78|-37.38
1509502073487|-8.46|-45.3|-37.44
1509502073619|-8.58|-45.059998|-37.68
1509502073751|-9.0|-45.12|-37.68
1509502073883|-8.639999|-45.059998|-37.38
1509502074015|-9.0|-45.3|-37.44
1509502074150|-8.94|-45.48|-37.44
1509502074279|-8.46|-45.6|-37.44
1509502074411|-8.46|-45.66|-37.739998
1509502074543|-8.16|-45.84|-37.739998
1509502074675|-8.16|-45.899998|-37.92
1509502074807|-8.22|-45.6|-37.739998
1509502074939|-8.46|-45.66|-37.62
1509502075071|-8.46|-45.6|-37.62
1509502075203|-8.22|-45.36|-37.44
1509502075335|-8.22|-45.539997|-37.739998
1509502075467|-7.8599997|-45.12|-37.739998
1509502075599|-8.16|-45.12|-37.92
1509502075731|-8.4|-45.0|-37.8
1509502075863|-8.76|-45.12|-37.68
1509502075995|-9.54|-45.48|-37.68
1509502076128|-9.599999|-45.3|-37.5
1509502076259|-10.0199995|-45.3|-37.62
1509502076391|-9.599999|-45.12|-37.62
1509502076523|-8.94|-45.12|-37.98
1509502076655|-8.58|-45.42|-37.98
1509502076787|-8.22|-45.899998|-38.16
1509502076919|-8.22|-46.14|-38.16
1509502077051|-8.04|-46.14|-37.92
1509502077184|-8.4|-46.14|-37.68
1509502077315|-8.34|-46.079998|-37.559998
1509502077447|-8.4|-46.2|-37.38
1509502077579|-8.46|-46.379997|-37.079998
1509502077711|-8.46|-46.26|-37.14
1509502077843|-8.82|-46.02|-37.44
1509502077975|-8.82|-45.719997|-37.739998
1509502078107|-9.24|-45.539997|-38.1
1509502078239|-9.24|-45.6|-38.1
1509502078371|-9.0|-45.18|-37.92
1509502078503|-9.24|-45.36|-37.739998
1509502078635|-9.24|-45.48|-37.44
1509502078767|-8.94|-45.3|-37.44
1509502078899|-8.94|-45.539997|-37.32
1509502079031|-9.0|-45.539997|-37.14
1509502079163|-8.46|-45.42|-37.26
1509502079295|-8.46|-45.239998|-37.2
1509502079427|-8.4|-45.66|-37.2
1509502079559|-8.04|-45.66|-37.38
1509502079691|-8.22|-45.78|-37.14
1509502079823|-8.22|-45.96|-37.559998
1509502079956|-8.16|-45.84|-37.68
1509502080087|-8.16|-45.84|-37.559998
1509502080218|-8.46|-45.48|-37.739998
1509502080351|-8.76|-45.539997|-37.62
1509502080483|-8.82|-45.539997|-37.32
1509502080616|-8.82|-45.42|-37.32
1509502080747|-8.4|-45.719997|-37.14
1509502080879|-8.46|-45.719997|-36.899998
1509502081012|-8.94|-45.6|-36.899998
1509502081143|-8.82|-45.539997|-37.079998
1509502081275|-8.76|-45.539997|-37.2
1509502081407|-8.34|-45.6|-37.44
1509502081539|-7.98|-45.96|-37.62
1509502081671|-8.04|-46.079998|-37.44
1509502081802|-8.099999|-46.14|-37.62
1509502081935|-8.16|-46.02|-37.62
1509502082067|-8.16|-45.66|-37.739998
1509502082199|-8.16|-45.719997|-38.1
1509502082332|-8.46|-45.66|-37.86
1509502082463|-8.46|-45.66|-38.16
1509502082596|-8.82|-45.899998|-37.8
1509502082728|-8.76|-45.84|-37.44
1509502082859|-8.4|-45.48|-37.5
1509502082991|-8.4|-45.539997|-37.079998
1509502083123|-8.04|-45.719997|-37.079998
1509502083256|-7.98|-45.719997|-37.38
1509502083387|-8.04|-46.2|-37.559998
1509502083519|-7.98|-46.14|-37.86
1509502083651|-7.8599997|-45.899998|-37.92
1509502083783|-8.04|-45.96|-37.559998
1509502083915|-8.04|-45.899998|-37.32
1509502084047|-8.46|-45.78|-37.14
1509502084179|-8.94|-45.78|-37.32
1509502084311|-9.24|-45.719997|-37.68
1509502084443|-9.599999|-45.719997|-37.62
1509502084575|-9.36|-45.719997|-37.38
1509502084707|-9.0|-45.539997|-37.2
1509502084839|-8.639999|-45.6|-36.899998
1509502084971|-8.22|-45.539997|-37.2
1509502085103|-8.46|-45.36|-37.62
1509502085235|-8.46|-45.539997|-37.92
1509502085367|-8.4|-45.78|-37.92
1509502085499|-8.46|-45.6|-37.739998
1509502085631|-8.58|-45.78|-37.44
1509502085764|-8.82|-45.66|-37.14
1509502085895|-8.94|-45.48|-37.14
1509502086027|-9.179999|-45.719997|-37.079998
1509502086159|-9.54|-45.78|-36.96
1509502086291|-9.24|-45.96|-37.32
1509502086423|-9.24|-45.84|-37.62
1509502086555|-9.36|-45.96|-37.44
1509502086688|-9.0|-45.84|-37.68
1509502086819|-8.94|-45.96|-37.38
1509502086951|-8.82|-45.719997|-37.079998
1509502087083|-8.46|-45.6|-37.44
1509502087215|-8.16|-45.66|-37.32
1509502087347|-8.22|-45.36|-37.62
1509502087479|-8.22|-45.6|-37.62
1509502087611|-8.46|-45.539997|-37.739998
1509502087743|-8.46|-45.66|-38.1
1509502087876|-8.4|-45.899998|-38.1
1509502088007|-8.4|-46.14|-38.399998
1509502088139|-8.58|-46.14|-38.1
1509502088271|-8.46|-46.079998|-37.68
1509502088403|-8.46|-46.02|-37.559998
1509502088535|-8.58|-45.96|-37.2
1509502088667|-8.04|-45.96|-37.2
1509502088799|-8.16|-45.899998|-37.32
1509502088931|-8.16|-45.96|-37.32
1509502089063|-8.16|-45.899998|-37.62
1509502089196|-8.04|-45.899998|-37.62
1509502089326|-8.04|-45.6|-37.62
1509502089459|-8.04|-45.719997|-37.62
1509502089591|-7.98|-45.6|-37.44
1509502089723|-8.16|-45.719997|-37.44
1509502089856|-8.16|-46.02|-37.62
1509502089987|-8.16|-45.96|-37.62
1509502090119|-8.04|-46.02|-37.8
1509502090251|-8.34|-45.96|-37.62
1509502090383|-8.34|-45.96|-37.62
1509502090515|-8.639999|-45.84|-37.62
1509502090647|-9.12|-45.78|-37.8
1509502090779|-8.82|-46.02|-37.92
