1509091919802|0.27824026|-0.030348778|0.78648615
1509091919923|-0.31338567|0.040071487|0.20993757
1509091920045|-0.0019614697|-0.024854183|0.096916676
1509091920164|-0.0101876855|-0.0010137558|-0.051987648
1509091920350|0.30091518|-0.052137375|-0.008610249
1509091920477|-0.1725488|0.031002998|0.18929672
1509091920592|-0.11068526|-0.010951042|-0.025427818
1509091920713|0.49422967|-0.6257925|2.996338
1509091920833|-0.34732023|0.48469543|-1.5956678
1509091920952|0.4995046|0.030575275|-1.3960404
1509091921073|-0.2086739|-0.5878024|2.6104379
1509091921191|-0.32420477|0.2642975|-0.24220753
1509091921310|0.21111831|0.24906397|-1.4193258
1509091921432|0.0873605|-0.1348567|-0.030220032
1509091921549|-0.2692864|-0.14668083|1.0899482
1509091921671|-0.06302418|-0.01102829|0.5761533
1509091921792|-0.111401066|0.29396677|-1.5516891
1509091921911|0.0905382|0.13134193|-1.005858
1509091922032|-0.560092|-0.24404621|0.8372154
1509091922150|-0.23380911|0.098074436|-0.072769165
1509091922272|-0.019922256|0.07666683|0.5464883
1509091922391|-0.49654698|0.02260065|0.1413908
1509091922515|0.2810079|-0.10343504|-0.49038267
1509091922636|0.3775512|-0.18866682|0.20090437
1509091922756|0.09107447|0.13035727|-0.9044194
1509091922874|-0.07690805|-0.26664305|0.8078203
1509091922990|0.1049861|-0.017456055|-0.13248634
1509091923113|-0.57884085|0.088359356|0.24182415
1509091923239|0.56919277|-0.54136515|4.9159684
1509091923350|0.26618063|0.2516117|-2.8115416
1509091923475|-0.05061537|-0.7431288|1.4553547
1509091923593|0.20326364|-0.2828622|3.8041487
1509091923711|-0.20774117|0.5185156|-3.174521
1509091923837|0.31518793|-0.16912365|-0.6061444
1509091923953|-1.0104325|-1.0632787|4.383046
1509091924074|0.49639454|0.5696149|-1.9726491
1509091924191|0.42847303|0.12800455|-1.247293
1509091924317|-0.503448|-0.51429033|1.0670862
1509091924435|0.22370619|0.09212065|1.4945164
1509091924551|0.26274562|0.4294696|-1.5625687
1509091924671|-0.021721393|-0.08530903|-0.7744031
1509091924793|-0.5230577|-0.45859003|1.7290263
1509091924911|-0.033894554|0.40078735|-1.494957
1509091925033|0.12246406|-0.011037827|-0.25966835
1509091925154|-0.41099432|-0.53975916|1.6817551
1509091925272|-0.072527826|0.14084387|-0.17971277
1509091925397|0.31401134|-0.029838085|-0.030725956
1509091925521|-0.4882515|0.05760193|-0.14572906
1509091925640|0.19116536|-0.016067028|-0.16135597
1509091925753|-0.19323426|0.0043878555|0.08885908
1509091925874|0.074322194|0.04459381|-0.23078203
1509091925992|0.24184954|0.011787891|-0.43226337
1509091926118|-0.28258997|0.08758354|-0.028119564
1509091926232|-0.059327483|-0.1399355|-0.06003046
1509091926354|-0.44033524|-0.2373724|0.64960814
1509091926479|0.47069365|0.022670746|-1.2425237
1509091926593|-0.16492763|0.21284151|-0.5592694
1509091926712|-0.7504652|-0.30395985|1.6232862
1509091926837|0.5472004|0.032526016|-0.9735584
1509091926953|-0.031187594|0.08759308|-0.6616297
1509091927072|-1.0569112|-0.19258213|1.3186817
1509091927191|0.6739772|0.06981754|-2.002438
1509091927312|-0.02822715|-0.27853584|-0.45405912
1509091927442|0.6198814|-0.7835541|5.0560846
1509091927555|-0.35492986|0.9027996|-6.5168624
1509091927674|-0.009557664|-0.3065753|-1.1840234
1509091927792|0.30981866|-0.2992077|3.7567177
1509091927912|0.8730267|0.52440405|-3.1503992
1509091928032|-0.59429586|-0.18943834|-0.8690038
1509091928156|-0.26927677|-0.49501038|1.9711885
1509091928273|0.2980308|0.28607655|-1.3596253
1509091928392|0.32217902|0.26636696|-1.7879896
1509091928523|-0.51508737|-0.32878113|-0.7277684
1509091928641|-0.12566584|-0.19258976|-0.09697151
1509091928751|-0.2217344|-0.3706236|0.33835173
1509091928874|-0.4414643|0.098415375|0.8344188
1509091928995|0.023074985|0.13238144|-0.6362667
1509091929112|0.0444116|-0.050964355|-0.568553
1509091929240|0.15469164|-0.08420658|-0.11625242
1509091929356|-0.23976284|0.077058315|0.5174866
1509091929480|0.09977305|0.14814854|-0.1696763
1509091929596|0.04500538|-0.03204775|0.1882143
1509091929717|0.5600885|-0.18744469|-0.60834694
1509091929836|-0.62160504|0.18665743|0.2769885
1509091929952|-0.64857507|0.17288065|-0.20558977
1509091930076|0.25817555|-0.0647006|0.023348331
1509091930193|0.60952187|-0.14985561|-0.21151495
1509091930320|-0.2622782|0.09495211|-0.12983322
1509091930438|-0.1165061|0.06739998|-0.17528486
1509091930555|0.028209686|-0.0015597343|0.03609419
1509091930676|-0.05982071|0.03415537|-0.011618137
1509091930794|-0.02953285|0.009052753|0.024380684
1509091930918|-0.05099708|0.0024986267|0.0075330734
1509091931040|-0.2247119|0.10629654|-0.23089409
1509091931162|-0.25072205|0.0067563057|0.27970123
1509091931279|0.32881236|-0.1268506|0.4069128
1509091931400|0.048333764|0.026714325|-0.14019203
1509091931518|0.0833447|-0.039363384|0.67696905
1509091931635|0.123890996|0.14459658|-0.66496134
1509091931754|0.67597723|-0.16038084|-0.38180876
1509091931883|-0.5661036|-0.32875586|2.0683346
1509091931995|-0.023540616|0.2458973|-0.9672928
1509091932116|0.7477602|0.21794748|-1.4392619
1509091932248|-0.71705055|-0.35552883|1.9137769
1509091932355|-0.10557294|-0.117883205|-0.8908229
1509091932477|0.9071201|-0.11764765|-1.080152
1509091932596|-0.97553754|-0.20595646|2.4880075
1509091932714|0.07509506|0.122425556|0.12485933
1509091932834|0.21588933|0.14943075|-0.6615977
1509091932958|-0.42177653|0.0070443153|2.1963377
1509091933078|-0.4378078|0.16115856|1.5306015
1509091933195|0.4219644|-0.060353756|-0.12021971
1509091933319|-1.3051186|-0.1525588|3.3455396
1509091933435|0.35113895|0.16535425|-0.13799286
1509091933553|0.34398675|-0.12431145|-0.2511897
1509091933675|-0.6758783|-0.30966234|3.2783866
1509091933798|0.076687336|-0.071545124|-1.0875382
1509091933914|0.6542963|0.18626833|-1.1318355
1509091934036|0.27090967|0.25629282|-0.50999117
1509091934155|0.2832049|-0.14087534|-0.14165497
1509091934276|-1.0792499|-0.04840517|1.8719988
1509091934397|0.5081688|0.14883423|-1.6892033
1509091934514|0.41943514|0.18475103|-0.5591817
1509091934638|-0.76701736|0.18673038|0.001876831
1509091934756|2.3975985|-0.73444414|3.3749795
1509091934878|-2.949749|0.12962008|0.7309451
