1509524792427|34
1509524792833|28
1509524793445|31
1509524794264|34
1509524794474|31
1509524795087|34
1509524795494|31
1509524797327|34
1509524797531|31
1509524797736|34
1509524798758|31
1509524799570|34
1509524804894|28
1509524807341|31
1509524810392|28
1509524810597|34
1509524811412|28
1509524811616|34
1509524812024|28
1509524814460|31
1509524814868|28
1509524815277|31
1509524816093|28
1509524816296|31
1509524816507|28
1509524817117|34
1509524817320|28
1509524818134|34
1509524819358|28
1509524820784|31
1509524821195|28
1509524821395|31
1509524821795|34
1509524821999|31
1509524822202|25
1509524822608|28
1509524822811|25
1509524823222|31
1509524823424|28
1509524823629|31
1509524823832|28
1509524825052|25
1509524825255|31
1509524825459|25
1509524825663|28
1509524825866|25
1509524826273|28
1509524826479|34
1509524826678|31
1509524826882|28
1509524827085|31
1509524827491|28
1509524827898|31
1509524830745|28
1509524830948|25
1509524831161|22
1509524831361|25
1509524831759|28
1509524832571|25
