1509547540591|-30.42|16.619999|9.42
1509547540723|-30.0|16.619999|9.599999
1509547540855|-30.179998|16.619999|9.9
1509547540987|-30.0|16.56|9.599999
1509547541119|-30.599998|16.8|9.42
1509547541251|-30.9|16.98|9.42
1509547541383|-30.96|16.859999|9.12
1509547541515|-30.9|16.92|9.84
1509547541647|-30.9|17.16|9.54
1509547541779|-30.48|17.16|9.36
1509547541911|-30.48|16.98|9.54
1509547542043|-30.3|17.16|9.54
1509547542175|-29.939999|16.92|9.84
1509547542307|-30.119999|16.68|9.96
1509547542439|-30.119999|16.619999|9.96
1509547542571|-30.359999|16.26|9.9
1509547542704|-30.359999|16.199999|9.9
1509547542835|-30.539999|16.38|9.719999
1509547542967|-30.539999|16.619999|9.84
1509547543099|-30.119999|16.859999|9.54
1509547543231|-30.359999|17.1|9.599999
1509547543364|-30.179998|16.98|9.96
1509547543495|-30.48|17.4|10.139999
1509547543627|-31.08|17.279999|10.38
1509547543759|-30.779999|17.34|10.32
1509547543894|-30.9|17.22|10.2
1509547544023|-30.599998|16.92|9.9
1509547544155|-30.359999|16.859999|9.9
1509547544287|-30.359999|16.619999|9.9
1509547544419|-30.72|16.92|9.599999
1509547544551|-30.9|16.68|9.48
1509547544683|-31.08|16.619999|9.66
1509547544815|-31.019999|16.44|9.66
1509547544947|-30.84|16.199999|10.139999
1509547545079|-30.84|16.26|10.38
1509547545211|-30.599998|15.96|9.96
1509547545343|-30.599998|16.32|10.139999
1509547545475|-30.539999|16.38|9.78
1509547545607|-30.539999|16.44|9.719999
1509547545740|-30.96|16.56|10.0199995
1509547545871|-31.32|16.5|10.139999
1509547546003|-31.14|16.68|9.96
1509547546135|-30.779999|16.92|10.139999
1509547546267|-30.3|17.34|10.2
1509547546399|-29.939999|17.22|9.84
1509547546531|-30.359999|17.22|10.32
1509547546663|-30.3|17.22|10.139999
1509547546795|-30.72|17.039999|10.0199995
1509547546929|-30.72|17.22|10.26
1509547547059|-30.42|17.279999|9.78
1509547547191|-30.42|17.039999|9.78
1509547547323|-29.64|16.68|9.78
1509547547455|-29.82|16.26|9.84
1509547547587|-29.76|15.839999|9.84
1509547547720|-29.82|15.839999|9.9
1509547547851|-30.539999|15.719999|9.78
1509547547983|-30.779999|16.14|9.719999
1509547548115|-30.96|16.44|9.9
1509547548247|-31.019999|16.56|10.08
1509547548379|-31.019999|16.859999|10.38
1509547548511|-30.96|16.8|10.32
1509547548643|-31.019999|16.56|10.38
1509547548775|-31.199999|16.68|10.139999
1509547548907|-31.14|16.56|10.139999
1509547549040|-31.08|16.56|10.38
1509547549171|-30.779999|16.8|10.559999
1509547549303|-30.42|16.8|10.62
1509547549435|-30.179998|17.039999|9.96
1509547549567|-29.82|17.22|9.599999
1509547549700|-29.699999|17.4|9.42
1509547549831|-29.519999|17.4|9.36
1509547549968|-29.58|17.16|9.66
1509547550096|-29.82|16.92|9.84
1509547550227|-29.939999|16.68|9.719999
1509547550359|-30.179998|16.199999|9.599999
1509547550491|-30.179998|16.32|9.42
1509547550624|-29.939999|16.38|9.24
1509547550755|-30.42|16.199999|9.24
1509547550887|-30.599998|16.44|9.3
1509547551019|-30.96|16.619999|9.42
1509547551154|-31.439999|16.5|9.84
1509547551283|-31.199999|16.74|9.84
1509547551415|-30.779999|16.98|9.96
1509547551548|-30.599998|16.74|9.66
1509547551679|-30.119999|17.16|9.3
1509547551811|-30.179998|17.1|9.599999
1509547551943|-30.42|16.859999|9.66
1509547552075|-30.539999|16.98|9.84
1509547552207|-30.779999|16.74|10.08
1509547552339|-30.42|16.68|9.599999
1509547552471|-30.779999|16.68|9.36
1509547552603|-30.3|16.38|9.66
1509547552735|-30.3|16.44|9.48
1509547552867|-30.48|16.5|9.66
1509547552999|-30.119999|16.74|9.719999
1509547553131|-30.599998|17.1|9.599999
1509547553264|-30.48|17.1|9.48
1509547553395|-30.119999|17.1|9.599999
1509547553527|-30.0|16.8|9.96
1509547553659|-30.179998|17.22|9.84
1509547553792|-30.179998|16.98|10.08
1509547553924|-30.359999|16.98|9.84
1509547554055|-30.359999|16.98|9.54
1509547554187|-30.0|16.619999|9.66
1509547554319|-30.0|16.859999|9.599999
1509547554450|-30.3|17.22|9.719999
1509547554583|-30.119999|17.46|9.78
1509547554715|-30.0|17.46|9.9
1509547554847|-29.939999|16.98|9.9
1509547554979|-29.46|16.44|9.9
1509547555111|-30.0|16.199999|10.139999
1509547555243|-30.359999|15.599999|10.2
1509547555375|-30.599998|15.839999|10.2
1509547555512|-31.019999|16.199999|10.2
1509547555639|-31.38|16.26|9.84
1509547555771|-31.26|16.44|9.599999
1509547555904|-30.84|16.619999|9.599999
1509547556035|-31.019999|16.68|9.599999
1509547556167|-30.359999|16.98|9.96
1509547556299|-30.179998|17.279999|10.139999
1509547556431|-30.179998|17.22|9.96
1509547556563|-30.0|16.8|10.08
1509547556695|-29.82|16.859999|9.54
1509547556827|-29.519999|16.98|9.42
1509547556959|-29.939999|17.16|9.599999
1509547557091|-29.76|17.52|9.599999
1509547557223|-30.359999|17.16|10.08
1509547557355|-30.96|16.98|10.08
1509547557487|-30.72|17.1|10.32
1509547557619|-30.599998|17.16|10.08
1509547557751|-30.359999|17.52|9.9
1509547557883|-30.0|17.52|9.84
1509547558015|-30.3|16.98|9.66
1509547558147|-30.119999|16.92|9.9
1509547558279|-30.0|16.68|9.719999
1509547558411|-30.179998|16.619999|9.84
1509547558544|-30.179998|17.16|9.9
1509547558675|-30.359999|17.22|9.96
1509547558807|-30.359999|17.16|9.84
1509547558939|-30.359999|17.1|10.0199995
1509547559072|-30.359999|16.74|9.66
1509547559204|-30.779999|16.8|9.179999
1509547559335|-30.72|16.859999|9.599999
1509547559467|-30.72|17.1|9.54
1509547559599|-30.48|17.46|9.78
1509547559731|-29.82|17.34|10.139999
1509547559864|-30.3|17.22|10.08
1509547559995|-30.3|17.4|10.0199995
1509547560127|-30.96|17.039999|9.78
1509547560259|-31.32|17.34|9.36
1509547560391|-30.9|17.52|9.54
1509547560523|-30.42|16.92|9.66
1509547560656|-29.82|16.859999|9.66
1509547560787|-29.519999|16.44|10.139999
1509547560919|-29.76|16.14|9.9
1509547561051|-30.179998|16.26|9.9
1509547561183|-29.939999|16.14|9.9
1509547561315|-30.119999|16.14|9.84
1509547561447|-30.119999|16.44|9.9
1509547561579|-30.0|16.619999|9.48
1509547561712|-30.72|16.619999|9.66
1509547561844|-30.539999|16.619999|9.599999
1509547561975|-30.24|16.14|9.66
1509547562107|-30.42|16.02|10.139999
1509547562239|-30.179998|16.44|10.26
1509547562371|-30.9|16.56|10.38
1509547562503|-30.72|16.74|10.139999
1509547562635|-30.359999|17.46|9.84
1509547562767|-30.119999|17.46|9.66
1509547562899|-29.58|17.699999|9.42
1509547563031|-30.0|17.58|9.84
1509547563164|-29.82|17.16|9.9
1509547563295|-29.939999|16.92|9.9
1509547563427|-30.179998|16.619999|10.32
1509547563559|-30.179998|16.8|10.38
1509547563691|-30.359999|16.56|10.32
1509547563823|-30.119999|16.56|10.32
1509547563955|-30.119999|16.619999|9.9
1509547564087|-29.82|16.56|9.42
1509547564219|-30.119999|16.5|9.3
1509547564351|-30.42|16.74|9.12
1509547564483|-30.42|16.92|9.36
1509547564615|-30.539999|17.16|9.719999
1509547564747|-30.72|17.22|9.719999
1509547564879|-30.779999|17.4|9.78
1509547565011|-30.599998|17.16|9.54
1509547565143|-30.599998|17.279999|9.12
1509547565275|-30.539999|17.52|9.0
1509547565407|-30.3|17.16|9.12
1509547565539|-30.48|17.22|9.12
1509547565671|-30.779999|17.22|9.12
1509547565803|-30.96|16.859999|9.24
1509547565935|-31.38|16.619999|9.48
1509547566067|-31.38|16.38|9.48
1509547566199|-31.019999|16.32|9.42
1509547566331|-30.599998|16.859999|9.42
1509547566464|-30.42|17.22|9.3
1509547566595|-30.599998|17.22|9.54
1509547566727|-30.539999|16.92|9.78
1509547566863|-30.42|16.56|10.139999
1509547566991|-30.179998|16.68|10.08
1509547567123|-30.0|16.92|9.84
1509547567255|-30.3|17.279999|9.66
1509547567387|-30.48|17.4|9.599999
1509547567519|-30.72|16.859999|9.599999
1509547567650|-30.72|16.619999|9.42
1509547567783|-30.72|16.619999|9.84
1509547567915|-30.779999|16.619999|9.719999
1509547568047|-30.599998|17.1|9.599999
1509547568179|-30.539999|17.46|9.78
1509547568311|-30.119999|17.279999|9.66
1509547568442|-30.119999|17.039999|9.059999
1509547568575|-30.3|16.8|9.36
1509547568707|-30.359999|16.44|9.36
1509547568839|-30.359999|16.5|9.059999
1509547568971|-30.359999|16.98|9.3
1509547569103|-29.939999|16.98|9.24
1509547569235|-29.699999|16.859999|9.059999
1509547569367|-30.119999|16.8|9.179999
1509547569499|-30.119999|16.56|9.179999
1509547569631|-30.539999|16.38|9.12
1509547569763|-30.599998|16.619999|9.3
1509547569895|-30.66|16.8|9.36
1509547570027|-30.179998|16.38|9.66
1509547570163|-30.42|16.14|9.9
1509547570291|-30.42|15.96|10.2
1509547570423|-30.42|15.54|10.2
1509547570555|-30.9|15.9|9.96
1509547570687|-30.599998|16.32|9.42
1509547570819|-30.779999|16.32|8.94
1509547570951|-30.539999|16.32|9.12
1509547571087|-30.3|16.199999|9.42
1509547571215|-30.3|16.619999|9.84
1509547571347|-30.48|16.8|9.96
1509547571479|-30.3|17.279999|9.78
1509547571611|-30.539999|17.279999|9.9
1509547571743|-30.72|17.1|9.3
1509547571875|-30.539999|16.859999|9.54
1509547572007|-30.539999|16.44|9.48
1509547572139|-30.539999|16.859999|9.36
1509547572271|-30.119999|16.98|9.719999
1509547572403|-29.939999|17.22|9.9
1509547572535|-30.179998|17.16|10.08
1509547572667|-29.939999|16.98|10.32
1509547572799|-29.939999|16.8|10.32
1509547572931|-29.64|16.74|9.78
1509547573063|-29.82|17.1|9.42
1509547573196|-29.939999|17.1|9.0
1509547573327|-29.939999|16.74|8.94
1509547573459|-30.3|16.38|9.48
1509547573592|-30.0|16.5|9.66
1509547573723|-30.0|16.68|9.84
1509547573855|-30.119999|16.56|10.2
1509547573987|-29.939999|16.619999|10.2
1509547574119|-30.42|16.38|10.38
1509547574255|-30.66|15.839999|10.62
1509547574383|-30.599998|16.199999|10.2
1509547574515|-30.84|16.199999|9.84
1509547574647|-30.179998|16.44|9.78
1509547574779|-30.119999|16.44|9.599999
1509547574911|-30.599998|16.68|9.9
1509547575043|-30.179998|17.16|9.719999
1509547575175|-30.48|16.74|9.719999
1509547575307|-30.359999|16.92|9.719999
1509547575439|-29.82|16.74|9.84
1509547575571|-29.699999|16.5|10.139999
1509547575703|-29.82|16.44|9.9
1509547575836|-29.76|16.44|9.96
1509547575966|-29.58|16.619999|9.42
1509547576099|-30.0|16.44|9.36
1509547576231|-29.76|16.68|9.36
1509547576364|-30.119999|16.68|9.3
1509547576495|-30.539999|16.38|9.66
1509547576627|-30.779999|16.44|9.719999
1509547576759|-30.779999|16.8|10.139999
1509547576892|-30.359999|17.22|10.08
1509547577024|-30.48|17.279999|10.08
1509547577155|-30.179998|17.34|10.08
1509547577287|-30.599998|17.22|9.66
1509547577419|-30.9|17.039999|9.719999
1509547577551|-30.359999|17.1|9.66
1509547577683|-30.42|17.1|9.719999
1509547577815|-30.539999|16.92|9.96
1509547577947|-30.539999|16.5|9.719999
1509547578079|-30.96|16.5|9.9
1509547578211|-30.779999|16.14|9.66
1509547578343|-30.359999|16.44|9.599999
1509547578475|-30.359999|16.74|9.599999
1509547578607|-30.539999|16.98|9.42
1509547578739|-30.539999|17.1|9.599999
1509547578871|-30.539999|16.74|9.599999
1509547579003|-30.42|16.44|9.9
1509547579135|-30.119999|16.26|10.0199995
1509547579267|-30.119999|16.68|9.719999
1509547579399|-30.119999|16.74|9.42
1509547579531|-30.179998|17.16|9.42
1509547579663|-30.3|17.34|9.36
1509547579795|-30.539999|17.1|9.3
1509547579927|-30.42|17.1|9.599999
1509547580059|-30.3|17.16|9.3
1509547580191|-30.3|17.1|9.3
1509547580323|-30.42|16.92|9.9
1509547580456|-30.539999|16.5|9.9
1509547580587|-30.24|16.08|9.9
1509547580719|-30.359999|16.14|9.96
1509547580851|-30.179998|16.68|9.719999
1509547580983|-30.119999|16.92|9.599999
1509547581115|-30.539999|17.1|9.599999
1509547581247|-30.72|16.68|9.3
1509547581379|-30.9|16.44|9.3
1509547581511|-31.32|16.26|9.12
1509547581643|-31.14|16.32|8.94
1509547581776|-30.96|16.44|9.42
1509547581907|-30.779999|16.56|9.54
1509547582039|-30.9|16.38|9.96
1509547582171|-30.779999|16.26|10.44
1509547582303|-30.599998|16.26|10.139999
1509547582435|-30.539999|16.02|9.9
1509547582567|-30.0|16.44|9.84
1509547582699|-30.0|16.859999|9.66
1509547582831|-30.179998|17.1|9.66
1509547582964|-30.119999|16.98|9.54
1509547583095|-30.179998|17.039999|9.3
1509547583227|-30.42|16.859999|9.3
1509547583359|-30.359999|16.68|9.3
1509547583491|-30.119999|16.92|9.66
1509547583623|-30.539999|17.16|9.48
1509547583755|-30.119999|16.98|9.48
1509547583887|-29.939999|17.039999|9.12
1509547584023|-30.359999|16.619999|9.24
1509547584151|-29.939999|16.74|9.84
1509547584283|-30.539999|16.92|9.9
1509547584415|-30.779999|17.039999|10.32
1509547584547|-31.08|17.46|9.9
1509547584679|-30.96|17.22|9.66
1509547584812|-30.96|16.92|9.66
1509547584949|-30.96|16.44|9.48
