1510206541971|-4.5488005|-0.2603572|8.683951
1510206542086|-4.314787|0.00977802|8.806413
1510206542200|-4.3013887|0.28425226|8.808385
1510206542316|-4.101664|0.6523046|8.883762
1510206542430|-4.1261992|1.320812|8.797746
1510206542545|-3.6392512|1.2012869|9.026802
1510206542661|-3.8402822|1.2099605|8.941957
1510206542776|-3.8850334|1.3007987|8.909817
1510206542892|-3.930035|1.4316051|8.869933
1510206543006|-3.91833|1.6524807|8.836649
1510206543120|-3.2133617|1.7502685|9.09842
1510206543237|-3.151639|1.906387|9.088634
1510206543350|-3.1227076|1.9036176|9.099193
1510206543468|-2.7671926|1.7825828|9.237718
1510206543582|-2.6715794|1.5788981|9.302695
1510206543695|-2.5010805|1.5375569|9.356864
1510206543812|-2.55952|0.82425886|9.430792
1510206543925|-2.3229742|0.47411567|9.515744
1510206544041|-2.1773005|0.34602892|9.555628
1510206544156|-2.3513343|-0.1277817|9.519732
1510206544272|-2.156189|-0.23213062|9.563857
1510206544386|-2.0715082|-0.41734645|9.576276
1510206544502|-2.0508254|0.20103723|9.587706
1510206544615|-2.653941|0.56196773|9.423968
1510206544733|-2.8369162|0.35265777|9.380721
1510206544847|-2.4732807|0.31601685|9.484377
1510206544960|-2.392117|0.34097788|9.50431
1510206545075|-2.460327|0.4021219|9.484487
1510206545193|-2.408952|0.4376924|9.496091
1510206545307|-2.646204|0.47952148|9.430697
1510206545421|-3.1774704|0.90424126|9.23344
1510206545537|-3.0752592|0.94271153|9.264149
1510206545651|-2.8978117|0.9921472|9.316046
1510206545766|-3.0642664|0.99826247|9.261972
1510206545882|-3.0047848|0.91854286|9.289669
1510206545996|-2.8875048|0.99536955|9.318902
1510206546111|-2.9853776|1.0128784|9.286118
1510206546226|-2.826317|0.91695255|9.345669
1510206546341|-2.6791244|1.1144571|9.367532
1510206546459|-2.7341712|1.2161245|9.338936
1510206546573|-2.7185705|1.4610069|9.308341
1510206546686|-2.4032056|1.1667277|9.435769
1510206546802|-2.3992095|1.6327304|9.36741
1510206546916|-2.819799|1.6449606|9.247336
1510206547030|-2.7863815|1.6793061|9.251291
1510206547153|-2.947411|1.5872749|9.217576
1510206547264|-2.9185805|1.5321866|9.2360525
1510206547377|-2.7530584|1.5233598|9.288189
1510206547492|-2.8360806|1.6373705|9.243703
1510206547607|-2.8786776|1.5018799|9.253538
1510206547721|-2.7802424|1.4843725|9.286404
1510206547837|-2.7288115|1.576447|9.286484
1510206547952|-2.544097|1.6261201|9.330257
1510206548072|-3.2092824|1.8692932|9.076159
1510206548184|-2.9319375|1.8025742|9.182857
1510206548298|-2.9376535|1.6992869|9.2007065
1510206548412|-2.9830225|1.7521006|9.17617
1510206548527|-2.789845|1.5620873|9.2707615
1510206548641|-2.5760727|1.2577426|9.37829
1510206548758|-2.5521283|1.2055253|9.391685
1510206548871|-2.6876943|1.194716|9.355177
1510206548986|-2.779138|0.94017595|9.357502
1510206549102|-3.3210697|0.8106947|9.191499
1510206549217|-3.156367|0.9538053|9.235691
1510206549333|-3.0889368|1.0429083|9.248848
1510206549447|-3.176834|1.0050725|9.223228
1510206549562|-3.1374252|1.0784017|9.228435
1510206549677|-3.0723996|1.3104612|9.220273
1510206549792|-3.099731|1.5422235|9.175162
1510206549909|-3.1294835|1.6161993|9.152302
1510206550022|-3.0392618|1.7656384|9.155097
1510206550138|-2.9073877|1.6871574|9.212544
1510206550253|-2.7762837|2.04994|9.179345
1510206550368|-2.8559434|1.877646|9.191758
1510206550482|-2.7380102|2.160871|9.165387
1510206550597|-2.7426848|2.0272214|9.194479
1510206550715|-2.7813408|2.0721369|9.172829
1510206550827|-2.9226825|2.056682|9.132272
1510206550943|-2.8772626|1.980387|9.163505
1510206551059|-2.9490216|1.8583852|9.166246
1510206551174|-2.8541603|1.7897655|9.209826
1510206551289|-3.0219796|1.6703748|9.178664
1510206551404|-3.2920678|1.6520238|9.088647
1510206551518|-3.3053613|1.4946976|9.111029
1510206551638|-3.327009|1.2257229|9.1432495
1510206551748|-3.1084392|1.2143773|9.22135
1510206551864|-3.1681974|1.0574101|9.220347
1510206551978|-2.9618862|0.8699857|9.308102
1510206552092|-3.0676985|0.8785937|9.272954
1510206552209|-3.055793|0.8949234|9.275324
1510206552323|-3.0621054|0.9407679|9.268703
1510206552440|-3.0435824|1.1278667|9.253913
1510206552554|-3.2694821|1.6187648|9.102773
1510206552670|-3.4338863|1.8870417|8.989877
1510206552782|-3.6442168|2.075228|8.864734
1510206552899|-3.7188642|2.1151648|8.824201
1510206553012|-3.716325|2.263212|8.788468
1510206553130|-3.811826|2.2231138|8.757747
1510206553243|-3.5864253|2.4264688|8.798874
1510206553358|-3.775859|2.113752|8.8003025
1510206553472|-3.787358|2.0564075|8.808944
1510206553590|-3.7294593|2.1145527|8.819874
1510206553704|-3.5315754|1.875827|8.954308
1510206553818|-3.529909|2.090012|8.907412
1510206553933|-3.5603542|2.0431108|8.906176
1510206554049|-3.5735786|2.0748823|8.893525
1510206554165|-3.4928362|2.0049727|8.941508
1510206554278|-3.5142636|1.8840057|8.959401
1510206554395|-3.3331447|1.9099627|9.022892
1510206554509|-3.2526228|1.8802676|9.058445
1510206554625|-3.2343898|1.9227436|9.056058
1510206554739|-3.2704735|1.954132|9.036357
1510206554854|-3.3211014|1.9088897|9.027559
1510206554968|-3.2712395|1.6180286|9.102273
1510206555083|-3.3831396|1.526693|9.077112
1510206555198|-3.374207|1.5143243|9.082507
1510206555316|-3.3346882|1.5641458|9.088657
1510206555428|-3.2690227|1.5191733|9.120088
1510206555544|-3.0996525|1.4774632|9.18584
1510206555660|-2.87438|1.4021767|9.270503
1510206555772|-3.027197|1.2891006|9.238218
1510206555889|-2.9786966|1.2171625|9.263707
1510206556005|-3.0454721|1.2833833|9.233007
1510206556119|-3.0538182|1.3078786|9.22681
1510206556235|-2.9979844|1.1175733|9.270033
1510206556350|-3.179167|0.9770997|9.2254305
1510206556464|-3.1819308|0.93465704|9.228874
1510206556580|-3.1631312|0.9950062|9.229028
1510206556695|-3.081555|0.9801431|9.258171
1510206556810|-3.0178573|0.94355094|9.282923
1510206556925|-3.1094697|0.95151716|9.2518215
1510206557039|-3.045125|0.9667165|9.271627
1510206557156|-3.2222662|0.99101675|9.208979
1510206557270|-3.46937|1.0877415|9.107726
1510206557384|-3.3096385|1.1744839|9.156269
1510206557501|-3.221128|1.3252405|9.16725
1510206557615|-3.0596883|1.520011|9.192293
1510206557729|-3.0798252|1.7499593|9.144546
1510206557844|-3.039037|1.6255018|9.181089
1510206557961|-2.887645|1.6466659|9.226071
1510206558074|-3.0202723|1.5549755|9.199478
1510206558190|-3.041764|1.4440998|9.210464
1510206558305|-3.228222|1.5794251|9.124384
1510206558420|-3.6102881|1.6747094|8.962787
1510206558537|-4.5308466|2.4837995|8.33502
1510206558651|-5.053804|3.1192074|7.803845
1510206558764|-4.1668324|3.3470533|8.222234
1510206558880|-2.8188999|4.1579266|8.422341
1510206558995|-1.4839841|4.011252|8.824853
1510206559110|-0.3547497|3.8777883|9.000405
1510206559223|0.07359504|3.8244815|9.029857
1510206559341|-0.07651183|3.5960226|9.12322
1510206559454|-0.41131765|3.186298|9.265457
1510206559569|0.21895736|2.8862638|9.369735
1510206559684|1.0332214|3.6296618|9.051431
1510206559800|0.16743298|2.5587268|9.465478
1510206559915|0.2860234|3.295159|9.232037
1510206560031|0.075441465|3.1759107|9.277839
1510206560146|0.22199656|3.0893447|9.304679
1510206560260|0.14833908|3.1988733|9.269066
1510206560377|-0.3318064|2.7198334|9.416092
1510206560498|-0.30060256|2.9651613|9.342796
1510206560605|-0.5220875|2.3485157|9.50696
1510206560723|-0.6226006|1.9678124|9.586994
1510206560837|-0.3869127|2.0565758|9.580771
1510206560951|-0.28278106|2.0608716|9.5834875
1510206561066|-0.32109585|2.1860838|9.554492
1510206561180|-0.7980452|2.3766236|9.480779
1510206561298|-0.7293653|2.5515094|9.440774
1510206561413|-0.51675004|2.4798815|9.473835
1510206561527|-0.60204|3.0084083|9.314366
1510206561641|-0.29073268|3.346005|9.213583
1510206561755|-0.24028988|3.180899|9.273324
1510206561870|-0.13916683|3.4105384|9.193435
1510206561986|-0.04645898|3.223692|9.261536
1510206562101|-0.5114373|2.8496675|9.369536
1510206562215|-0.62301314|3.03216|9.305281
1510206562332|-0.56911147|3.0477314|9.303646
1510206562447|-0.6750733|3.0999622|9.279273
1510206562561|-0.68897104|2.957192|9.324737
1510206562675|-0.92271835|2.8134959|9.3489685
1510206562791|-1.1830211|2.6611595|9.364244
1510206562905|-1.6442598|2.4044955|9.364037
1510206563021|-1.7475759|2.2829485|9.375741
1510206563135|-1.75499|2.121631|9.412177
1510206563253|-1.6279083|1.9176873|9.478542
1510206563369|-1.6952478|1.9260114|9.465041
1510206563481|-1.47988|1.7468603|9.53566
1510206563597|-1.1532102|1.7343024|9.582937
1510206563712|-0.71046966|1.9210873|9.590363
1510206563827|-0.21733585|2.0616221|9.585033
1510206563943|0.29551393|2.3665874|9.512219
1510206564056|0.2501533|2.5801253|9.457841
1510206564171|0.20025177|2.4126763|9.503119
1510206564287|0.1514686|2.4810348|9.486407
1510206564402|-0.14100598|2.4404323|9.497094
1510206564518|-0.12967|2.5047593|9.480494
1510206564631|-0.18971074|2.2767086|9.536823
1510206564747|-0.08973596|2.118374|9.574697
1510206564864|0.049722116|2.042099|9.591546
1510206564978|0.041295867|2.0343468|9.593232
1510206565091|0.15588953|1.9008435|9.619401
1510206565207|0.16303997|1.7811978|9.642154
1510206565321|0.08670793|1.6255445|9.670598
1510206565437|0.1714787|1.2118359|9.729976
1510206565561|1.0058908|0.4010718|9.746677
1510206565666|0.9825516|0.5076825|9.744087
1510206565785|0.6255145|1.3632214|9.691272
1510206565897|0.60078496|1.1173836|9.724242
1510206566012|0.69325453|1.1124134|9.718658
1510206566126|0.47960788|1.1788253|9.723721
1510206566243|0.46676254|0.9646115|9.747925
1510206566358|0.13720568|0.9935592|9.755225
1510206566471|-0.26122594|1.1911827|9.730531
1510206566587|-0.37865427|0.9972774|9.748459
1510206566702|-0.36096722|0.9957735|9.749283
1510206566817|-0.45090702|1.3009272|9.709513
1510206566932|-0.59719265|1.2143862|9.712828
1510206567047|-1.0837535|1.3084136|9.6583605
1510206567163|-1.1269771|1.3976611|9.640894
1510206567278|-0.875706|1.7990283|9.600366
1510206567393|-0.58967835|1.6284658|9.6525
1510206567506|-0.23823412|1.7453219|9.647149
1510206567621|-0.19086142|1.6594807|9.663337
1510206567737|-0.15880762|1.6027484|9.673488
1510206567851|-0.062135868|1.7766312|9.644175
1510206567968|-0.13482268|1.6764554|9.661351
1510206568083|-0.091355324|1.8368876|9.632647
1510206568198|0.5601177|1.5485196|9.667406
1510206568313|1.4523402|1.8766047|9.515222
1510206568428|1.2172515|1.2406353|9.6514
1510206568543|1.5255361|1.5706054|9.559096
1510206568657|1.3576177|1.3784826|9.613899
1510206568771|0.082649596|1.6267008|9.670439
1510206568887|-0.118255734|1.4469856|9.698589
1510206569002|0.35616714|1.5751797|9.672762
1510206569119|0.5758519|2.2015986|9.5389595
1510206569233|0.52679604|2.2809863|9.5231285
1510206569348|0.5596084|2.6440558|9.426887
1510206569463|0.47889483|2.6963434|9.416516
1510206569577|0.33469978|2.55159|9.462967
1510206569693|0.34984487|2.318025|9.522329
1510206569807|0.27504906|2.213174|9.54969
1510206569922|0.48060837|1.9237975|9.604082
1510206570038|0.4731934|1.8185143|9.624941
1510206570153|0.61342895|2.013246|9.578149
1510206570269|0.6629978|2.1232953|9.5510435
1510206570383|0.8227442|2.4015555|9.472383
1510206570500|1.0820572|2.8227904|9.3290615
1510206570614|1.1229584|3.0336347|9.257775
1510206570729|0.76696044|3.266429|9.214804
1510206570850|0.08065468|3.0225244|9.328892
1510206570960|-0.294933|2.7934692|9.39574
1510206571073|-0.3742663|2.9328907|9.350319
1510206571189|-0.15183762|2.806377|9.395296
1510206571303|-0.09487242|2.4478662|9.495753
1510206571418|0.105359465|2.163192|9.564512
1510206571534|0.52762824|1.4458635|9.685116
1510206571649|0.9601422|1.3494017|9.665797
1510206571765|0.712845|1.1358758|9.714526
1510206571878|0.6581024|1.0095415|9.732324
1510206571993|1.0567186|0.4226212|9.740386
1510206572109|1.0415967|0.8792778|9.711453
1510206572224|0.9564921|0.68035465|9.736151
1510206572337|1.0236274|0.9614325|9.705577
1510206572454|1.0670155|0.67276734|9.725186
1510206572568|1.1488581|1.1182058|9.674716
1510206572685|1.4399617|1.9060897|9.511242
1510206572799|0.7242001|2.380676|9.485689
1510206572914|0.83464193|2.1535907|9.530783
1510206573030|0.43544984|3.0233214|9.318814
1510206573145|0.45212033|2.7001047|9.416762
1510206573258|0.43959847|2.1403155|9.560136
1510206573373|0.6409169|1.5430454|9.663261
1510206573490|0.3414215|1.5869395|9.671371
1510206573605|0.37814894|1.9415087|9.6051
