1509548513333|48
1509548513534|45
1509548513736|42
1509548516166|39
1509548516572|42
1509548516774|39
1509548516978|45
1509548517383|39
1509548517586|45
1509548517790|39
1509548518199|45
1509548519003|42
1509548519205|39
1509548519610|45
1509548519815|42
1509548520019|39
1509548520217|45
1509548520420|42
1509548521235|45
1509548521432|39
1509548521636|45
1509548521841|39
1509548522038|45
1509548522848|39
1509548523456|42
1509548524066|45
1509548524672|48
1509548524874|45
1509548525280|42
1509548525886|45
1509548526291|42
1509548526493|45
1509548527102|42
1509548527305|45
1509548527509|42
1509548527913|45
1509548528116|42
1509548537830|34
1509548538032|45
1509548539046|42
1509548539449|45
1509548539655|42
