1510206314281|1018.1031
1510206314406|1018.09607
1510206314520|1018.11426
1510206314680|1018.13745
1510206314761|1018.1018
1510206314881|1018.11865
1510206315000|1018.11774
1510206315161|1018.1101
1510206315280|1018.1073
1510206315401|1018.1269
1510206315482|1018.1222
1510206315603|1018.1135
1510206315770|1018.1218
1510206315880|1018.11414
1510206316000|1018.12067
1510206316082|1018.1078
1510206316201|1018.12036
1510206316363|1018.1489
1510206316481|1018.1097
1510206316601|1018.1295
1510206316761|1018.11816
1510206316881|1018.1081
1510206317001|1018.1293
1510206317082|1018.1533
1510206317202|1018.1168
1510206317322|1018.10986
1510206317481|1018.12506
1510206317602|1018.1106
1510206317761|1018.1443
1510206317880|1018.1214
1510206318002|1018.1064
1510206318083|1018.10925
1510206318202|1018.12604
1510206318360|1018.1228
1510206318481|1018.12354
1510206318563|1018.10547
1510206318682|1018.1675
1510206318802|1018.11176
1510206318923|1018.04443
1510206319080|1018.0891
1510206319201|1018.1678
1510206319361|1018.18506
1510206319482|1018.08325
1510206319603|1018.04987
1510206319761|1018.0984
1510206319881|1018.13745
1510206320002|1018.09924
1510206320160|1018.0957
1510206320281|1018.2007
1510206320364|1018.1704
1510206320481|1018.1376
1510206320562|1018.1421
1510206320682|1018.1655
1510206320801|1018.16876
1510206320921|1018.157
1510206321002|1018.1553
1510206321162|1018.1006
1510206321283|1018.0013
1510206321402|1018.04144
1510206321521|1018.1509
1510206321682|1018.1839
1510206321802|1018.1566
1510206321961|1018.11395
1510206322081|1018.06055
1510206322162|1018.06323
1510206322282|1018.1172
1510206322363|1018.09863
1510206322482|1018.1062
1510206322563|1018.1128
1510206322683|1018.1503
1510206322764|1018.1343
1510206322882|1018.17
1510206323001|1018.15826
1510206323082|1018.16364
1510206323163|1018.1304
1510206323283|1018.1093
1510206323402|1018.1163
1510206323523|1018.14526
1510206323683|1018.11945
1510206323802|1018.1119
1510206323962|1018.0906
1510206324084|1018.098
1510206324202|1018.0864
1510206324362|1018.10034
1510206324482|1018.0941
1510206324604|1018.09045
1510206324762|1018.0979
1510206324882|1018.1135
1510206325003|1018.11725
1510206325084|1018.1268
1510206325165|1018.12573
1510206325282|1018.1233
1510206325403|1018.12573
1510206325522|1018.1321
1510206325603|1018.13635
1510206325762|1018.16724
1510206325882|1018.1727
1510206326004|1018.16437
1510206326162|1018.126
1510206326284|1018.0918
1510206326404|1018.15173
1510206326524|1018.1421
1510206326683|1018.1315
1510206326804|1018.1548
1510206326924|1018.1511
1510206327083|1018.1358
1510206327205|1018.1065
1510206327362|1018.0845
1510206327482|1018.12573
1510206327602|1018.10547
1510206327685|1018.09546
1510206327803|1018.11597
1510206327884|1018.12354
1510206328002|1018.1366
1510206328083|1018.141
1510206328164|1018.1157
1510206328282|1018.13666
1510206328364|1018.14453
1510206328483|1018.15283
1510206328603|1018.1393
1510206328684|1018.1399
1510206328803|1018.1378
1510206328923|1018.1465
1510206329083|1018.1609
1510206329164|1018.12866
1510206329284|1018.1204
1510206329402|1018.114
1510206329484|1018.1184
1510206329604|1018.12476
1510206329764|1018.0935
1510206329884|1018.09064
1510206330003|1018.0348
1510206330084|1018.05566
1510206330204|1018.12396
1510206330285|1018.2075
1510206330404|1018.1646
1510206330565|1018.04736
1510206330684|1018.0895
1510206330804|1018.07355
1510206330924|1018.1068
1510206331083|1018.11163
1510206331204|1018.104
1510206331363|1018.0786
1510206331483|1018.108
1510206331604|1018.098
1510206331763|1018.08594
1510206331884|1018.09863
1510206332003|1018.14307
1510206332084|1018.17505
1510206332203|1018.19305
1510206332364|1018.17896
1510206332483|1018.1527
1510206332565|1018.13477
1510206332683|1018.0985
1510206332764|1018.0581
1510206332884|1018.0702
1510206333005|1018.0991
1510206333165|1018.06445
1510206333284|1018.0801
1510206333404|1018.07495
1510206333526|1018.08765
1510206333684|1018.1143
1510206333804|1018.1096
1510206333963|1018.13135
1510206334084|1018.1428
1510206334203|1018.11816
1510206334284|1018.0952
1510206334403|1018.09937
1510206334485|1018.1162
1510206334604|1018.1126
1510206334764|1018.10547
1510206334884|1018.1506
1510206335005|1018.12585
1510206335164|1018.09186
1510206335286|1018.0977
1510206335404|1018.0712
1510206335485|1018.0724
1510206335604|1018.09564
1510206335685|1018.1236
1510206335805|1018.10815
1510206335887|1018.1197
1510206336004|1018.11487
1510206336124|1018.1399
1510206336285|1018.16266
1510206336406|1018.19824
1510206336525|1018.20996
1510206336684|1018.14844
1510206336765|1018.157
1510206336884|1018.1067
1510206336965|1018.1057
1510206337085|1018.1
1510206337204|1018.09656
1510206337287|1018.07904
1510206337405|1018.11804
1510206337486|1018.0989
1510206337606|1018.10144
1510206337765|1018.0923
1510206337886|1018.1331
1510206338005|1018.11584
1510206338164|1018.11035
1510206338286|1018.1429
1510206338407|1018.19336
1510206338565|1018.12085
1510206338687|1018.11066
1510206338806|1018.0962
1510206338965|1018.11523
1510206339085|1018.0513
1510206339206|1018.059
1510206339365|1018.10645
1510206339485|1018.1206
1510206339605|1018.1144
1510206339767|1018.09155
1510206339888|1018.1292
1510206340006|1018.0921
1510206340168|1018.1084
1510206340285|1018.0936
1510206340366|1018.10376
1510206340485|1018.1319
1510206340566|1018.1328
1510206340689|1018.1514
1510206340805|1018.15967
1510206340966|1018.1218
1510206341088|1018.09204
1510206341207|1018.099
1510206341366|1018.1316
1510206341486|1018.1248
1510206341567|1018.1177
1510206341687|1018.1298
1510206341806|1018.12805
1510206341887|1018.1382
1510206342007|1018.1658
1510206342167|1018.10547
1510206342285|1018.11334
1510206342367|1018.1304
1510206342486|1018.14636
1510206342567|1018.1184
1510206342685|1018.09924
1510206342766|1018.1089
1510206342887|1018.10706
1510206343006|1018.1133
1510206343087|1018.1263
1510206343205|1018.1177
1510206343286|1018.1423
1510206343367|1018.188
1510206343486|1018.15186
1510206343605|1018.16235
1510206343686|1018.13464
1510206343767|1018.1118
1510206343887|1018.1201
1510206344007|1018.1002
1510206344166|1018.10034
1510206344289|1018.09326
1510206344407|1018.135
1510206344489|1018.155
1510206344606|1018.11255
1510206344689|1018.1194
1510206344806|1018.1146
1510206344887|1018.11005
1510206345008|1018.12915
1510206345089|1018.1152
1510206345170|1018.10693
1510206345286|1018.1016
1510206345406|1018.06757
1510206345488|1018.0849
1510206345608|1018.0866
1510206345766|1018.07715
1510206345887|1018.0869
1510206346007|1018.0768
