1510200247859|0.11929299|0.02740511|-0.4271801|0.8958433
1510200247982|0.10920457|-0.06595241|-0.44731224|0.8852324
1510200248087|0.089065015|-0.084928334|-0.47417384|0.87178767
1510200248203|0.10448121|-0.10529774|-0.48026568|0.86448884
1510200248318|0.17851238|-0.11789951|-0.49921563|0.8396528
1510200248434|0.15776712|-0.110460885|-0.53220725|0.824417
1510200248547|0.12522039|-0.14350756|-0.544187|0.81705934
1510200248663|0.15541777|-0.18064824|-0.52762604|0.8153663
1510200248777|0.17121753|-0.16978666|-0.52661484|0.8151895
1510200248893|0.16234094|-0.12669782|-0.5204526|0.828687
1510200249007|0.1635223|-0.15650022|-0.4819213|0.84647506
1510200249122|0.15698197|-0.13819364|-0.46433198|0.86061317
1510200249238|0.14474079|-0.15604214|-0.4851269|0.84814674
1510200249352|0.20609544|-0.13130814|-0.49906585|0.8313941
1510200249467|0.22533484|-0.16014041|-0.50288695|0.818953
1510200249582|0.20634334|-0.16717887|-0.48544914|0.8329542
1510200249699|0.22060326|-0.13573906|-0.45753947|0.85062724
1510200249811|0.22734776|-0.17285345|-0.41253152|0.86501586
1510200249925|0.18235056|-0.12849008|-0.3632489|0.90459317
1510200250042|0.16131373|-0.15890007|-0.35081175|0.9086582
1510200250158|0.15911005|-0.14354233|-0.40889615|0.8870646
1510200250272|0.17574988|-0.16614446|-0.42861837|0.8705138
1510200250385|0.19532979|-0.15529972|-0.45322144|0.85575616
1510200250502|0.20388776|-0.1454793|-0.4547085|0.8546963
1510200250620|0.2171525|-0.13135596|-0.41855875|0.8720086
1510200250731|0.1900857|-0.18260387|-0.40457565|0.87569505
1510200250847|0.1647733|-0.22968641|-0.39086813|0.8759658
1510200250963|0.14177193|-0.12155975|-0.38948622|0.9019005
1510200251077|0.21703894|-0.13648176|-0.4305201|0.8654012
1510200251193|0.24426085|-0.13695376|-0.4782907|0.8323571
1510200251306|0.21681641|-0.11555052|-0.5216793|0.81700027
1510200251420|0.21933647|-0.15040573|-0.5249956|0.80848575
1510200251537|0.22684276|-0.098500155|-0.5147345|0.82090706
1510200251654|0.20950073|-0.08777314|-0.5074464|0.831206
1510200251767|0.2149974|-0.07560588|-0.47734177|0.8486488
1510200251885|0.21808599|-0.12426986|-0.42109212|0.8715945
1510200251998|0.20038769|-0.093539655|-0.41982847|0.8802495
1510200252111|0.25036904|-0.09293887|-0.36802375|0.8906381
1510200252226|0.23607403|-0.108167484|-0.4038284|0.8772066
1510200252342|0.17307018|-0.10393602|-0.4954013|0.8448796
1510200252457|0.18836984|-0.15127555|-0.52671766|0.8149853
1510200252571|0.16567014|-0.09947655|-0.5919007|0.7825033
1510200252685|0.13921688|-0.118131936|-0.6149848|0.76710963
1510200252802|0.12915495|-0.118720144|-0.5913211|0.7871238
1510200252918|0.12057297|-0.16563934|-0.61017823|0.76531583
1510200253031|0.1167212|-0.14716393|-0.6131395|0.76731926
1510200253146|0.09842066|-0.1585774|-0.6120953|0.7684438
1510200253264|0.10921631|-0.22491255|-0.6191576|0.7443991
1510200253378|0.10389417|-0.17307737|-0.6173585|0.76034117
1510200253494|0.11445614|-0.2504093|-0.66563|0.69363654
1510200253609|0.14431742|-0.114439026|-0.7112822|0.6783464
1510200253722|0.16384493|-0.077793404|-0.7319679|0.65675414
1510200253839|0.15888278|-0.07414857|-0.71987414|0.67159474
1510200253953|0.15882844|-0.08355457|-0.70992297|0.6810298
1510200254067|0.14009188|-0.07935158|-0.686566|0.70901674
1510200254182|0.14425378|-0.12126001|-0.6517761|0.7346256
1510200254297|0.111308925|-0.12920009|-0.6552719|0.7358915
1510200254414|0.064238094|-0.14204168|-0.69227433|0.7045948
1510200254528|0.06900933|-0.16878915|-0.72538984|0.66374505
1510200254642|0.09935062|-0.13701232|-0.755015|0.63348985
1510200254758|0.09469356|-0.14449263|-0.7541086|0.63362074
1510200254872|0.038395725|-0.14798692|-0.73067737|0.66538423
1510200254988|0.04379471|-0.15169859|-0.7173875|0.6785461
1510200255103|0.049480375|-0.14235203|-0.684004|0.71374094
1510200255217|0.035169795|-0.14956948|-0.6298515|0.7613666
1510200255333|0.034902815|-0.2150244|-0.6143725|0.75834864
1510200255449|0.005404638|-0.18116798|-0.6594135|0.72960454
1510200255563|0.032516256|-0.17008616|-0.6868785|0.7058409
1510200255678|0.047444444|-0.15037496|-0.721271|0.67446613
1510200255795|0.059977196|-0.16820851|-0.7297251|0.6600075
1510200255910|0.05752461|-0.1555534|-0.71472067|0.6794619
1510200256021|0.04182566|-0.16967392|-0.70527166|0.6870613
1510200256139|0.059341576|-0.13702819|-0.674512|0.7230044
1510200256253|0.04516949|-0.16814665|-0.62743485|0.7589545
1510200256367|0.04425943|-0.1844503|-0.6150987|0.7652926
1510200256484|0.023472585|-0.20227334|-0.64498615|0.7365646
1510200256599|0.063522905|-0.19600202|-0.6584327|0.7238884
1510200256713|0.07837402|-0.1550074|-0.68288213|0.7095789
1510200256830|0.067362666|-0.12177188|-0.69655734|0.70387626
1510200256943|0.07929466|-0.13682549|-0.6505232|0.74283963
1510200257059|0.08618371|-0.1451357|-0.6167251|0.7688681
1510200257173|0.08566839|-0.1425368|-0.5807199|0.796937
1510200257287|0.07188797|-0.14375225|-0.5438193|0.8236674
1510200257406|0.06149086|-0.15345564|-0.60431695|0.7794044
1510200257517|0.01691276|-0.14645174|-0.6214304|0.7694739
1510200257633|0.060993686|-0.17976795|-0.61511654|0.76524174
1510200257748|0.09973839|-0.12466111|-0.63894963|0.75249934
1510200257865|0.06995191|-0.111011274|-0.6535193|0.7454501
1510200257979|0.05625466|-0.111798726|-0.6174602|0.7765818
1510200258093|0.09300161|-0.12991984|-0.59489936|0.7877603
1510200258207|0.10940018|-0.0875498|-0.5799496|0.80251175
1510200258343|0.09223315|-0.09900711|-0.5536254|0.8216992
1510200258445|0.07725113|-0.11438899|-0.5499982|0.8236804
1510200258538|0.06109772|-0.08560116|-0.55682737|0.82394344
1510200258667|0.043783877|-0.11032339|-0.5837494|0.8032113
1510200258790|0.06729558|-0.071019195|-0.6182513|0.77986723
1510200258898|0.034151625|-0.034054026|-0.6481837|0.7599552
1510200259015|0.12379487|-0.08803092|-0.6311228|0.76066375
1510200259128|0.112659305|-0.07272692|-0.6068865|0.7833948
1510200259244|0.124595776|-0.10713255|-0.59010005|0.79043055
1510200259369|0.12956363|-0.10121121|-0.5562239|0.81460696
1510200259474|0.09591289|-0.10173942|-0.5608708|0.81601083
1510200259590|0.0653784|-0.0523867|-0.5838969|0.8074935
1510200259704|0.0668993|-0.056611527|-0.587214|0.80467343
1510200259823|0.06916445|-0.065694466|-0.61126465|0.78565645
1510200259934|0.09585363|-0.06083009|-0.6203737|0.7760465
1510200260051|0.10204878|-0.028158918|-0.6103659|0.78501374
1510200260165|0.093289|-0.057488874|-0.5744607|0.811164
1510200260279|0.09446399|-0.031223712|-0.55613494|0.8251155
1510200260395|0.09266388|-0.04457728|-0.51718|0.849677
1510200260511|0.08328617|-0.07378901|-0.49565715|0.8613609
1510200260625|0.0033130515|-0.06427763|-0.53411597|0.8429576
1510200260738|-0.0062756245|-0.05910712|-0.56033367|0.82613146
1510200260856|0.054867428|-0.06913149|-0.5991825|0.79573286
1510200260973|0.079583585|-0.0564393|-0.6250206|0.77448714
1510200261086|0.06995884|-0.040254436|-0.6087752|0.7892263
1510200261200|0.03629797|-0.0025558015|-0.56814164|0.8221259
1510200261317|0.06407341|0.0026179238|-0.52870387|0.8463805
1510200261431|0.10276263|-0.031543206|-0.5331256|0.83917934
1510200261547|0.07817566|-0.08373064|-0.5258361|0.842837
1510200261662|0.03105218|-0.026038876|-0.5354164|0.8436154
1510200261778|0.05715283|-0.033292137|-0.5535464|0.8301876
1510200261894|0.09510997|-0.015364299|-0.5805297|0.8085192
1510200262008|0.11764498|-0.0101330215|-0.5876923|0.8004216
1510200262124|0.12193194|0.0087950025|-0.57933503|0.8058698
1510200262244|0.11784971|0.017471684|-0.5642028|0.8169953
1510200262355|0.12773956|-0.0047963574|-0.53708965|0.8337831
1510200262469|0.21787609|-0.082086496|-0.5187156|0.8226335
1510200262583|0.20549394|-0.08978853|-0.5056343|0.83309317
1510200262695|0.1903921|-0.053580124|-0.5245691|0.8280744
1510200262810|0.16502865|-0.06600881|-0.5435851|0.8203192
1510200262933|0.18088695|-0.04797867|-0.5536257|0.8114657
1510200263044|0.18202639|-0.044973|-0.56058645|0.8065895
1510200263161|0.14821596|-0.041968305|-0.55830944|0.8152063
1510200263272|0.08000774|-0.0075360793|-0.52995086|0.8442121
1510200263393|0.10325151|0.032667425|-0.47272038|0.8745327
1510200263508|0.06478883|-9.645389E-4|-0.4236917|0.90348595
1510200263626|0.05416367|-0.030459316|-0.41867545|0.9060074
1510200263732|0.06811884|-0.067574255|-0.43755454|0.8940579
1510200263844|0.07648451|-0.07501495|-0.45309097|0.8850036
1510200263961|0.095215045|-0.03348952|-0.46310118|0.88053954
1510200264075|0.12623926|-0.0119269965|-0.48106393|0.8674669
1510200264163|0.14028974|-0.012589635|-0.48094547|0.8653622
1510200264247|0.13854738|-0.0065625706|-0.45968977|0.87718123
1510200264361|0.13586126|2.0625727E-4|-0.42445204|0.8951995
1510200264477|0.14312413|-0.0065821283|-0.38597077|0.91131705
1510200264591|0.15241958|-0.048175104|-0.36313164|0.9179231
1510200264685|0.15926388|-0.06769129|-0.35732117|0.9178096
1510200264777|0.16329256|-0.09784305|-0.37064803|0.9090557
1510200264889|0.16029823|-0.10009641|-0.39780617|0.8977948
1510200265018|0.16730964|-0.14431892|-0.4303722|0.87519103
1510200265129|0.18085635|-0.18101664|-0.46619365|0.8468692
1510200265235|0.1833466|-0.18822056|-0.49280548|0.8295178
1510200265342|0.17210099|-0.18032117|-0.5000261|0.82936084
1510200265480|0.17459232|-0.15051329|-0.4338983|0.8709739
1510200265570|0.16504419|-0.15036786|-0.42320696|0.8780921
1510200265684|0.17059144|-0.14529167|-0.4204709|0.8792003
1510200265800|0.16463576|-0.17202765|-0.43024582|0.8707411
1510200265914|0.12943387|-0.16014735|-0.44894922|0.8695081
1510200266030|0.10620089|-0.13485941|-0.4916807|0.8536887
1510200266145|0.1273689|-0.09761506|-0.52733505|0.8343657
1510200266259|0.14307536|-0.07254564|-0.5457845|0.8224268
1510200266373|0.15746711|-0.085896134|-0.5432004|0.8202191
1510200266490|0.133991|-0.06764182|-0.5297397|0.83477354
1510200266605|0.18233857|-0.047701396|-0.47393307|0.86015385
1510200266720|0.2076309|-0.096027665|-0.47819287|0.8479385
1510200266835|0.16630764|-0.11275701|-0.4841921|0.85157835
1510200266951|0.10462755|-0.097521104|-0.5235812|0.83988416
1510200267065|0.099935055|-0.09611931|-0.5453366|0.8266692
1510200267179|0.13190542|-0.0808664|-0.56817347|0.80823296
1510200267265|0.1387205|-0.06764153|-0.58093953|0.7991811
1510200267368|0.12598832|-0.042160444|-0.5928149|0.79430467
1510200267471|0.11064713|-0.038236164|-0.58307815|0.8039372
1510200267587|0.105186105|-0.023163462|-0.5607662|0.8209388
1510200267703|0.09562241|-0.022423571|-0.5370894|0.83778787
1510200267817|0.105150856|-0.08736883|-0.5167212|0.8451682
1510200267931|0.07903963|-0.0926311|-0.52028394|0.8452673
1510200268048|0.078501366|-0.083801314|-0.5596701|0.8207218
1510200268162|0.099628404|-0.086002596|-0.5805567|0.8035121
1510200268277|0.12539904|-0.08036664|-0.6081721|0.779707
1510200268394|0.14568846|-0.0625412|-0.6185568|0.7695784
1510200268509|0.12478508|-0.036966927|-0.61201864|0.78006107
1510200268619|0.1168497|-0.035915423|-0.58712804|0.80021054
1510200268736|0.09122948|-0.045236826|-0.5709123|0.8146717
