1509425997170|3.251566|9.101593|-1.6609373
1509425997281|3.0931635|9.14218|-1.7387569
1509425997399|2.9270017|9.04024|-2.4242733
1509425997519|3.1543994|8.9657545|-2.4156592
1509425997639|3.125705|8.97152|-2.4314992
1509425997760|3.0929282|8.939757|-2.5855212
1509425997880|3.351409|8.788576|-2.7747777
1509425997999|3.3078666|8.720067|-3.0313098
1509425998122|3.2045615|8.716074|-3.1513844
1509425998240|3.2402194|8.735793|-3.0589678
1509425998360|3.218037|8.784788|-2.9397485
1509425998479|3.1570697|8.794408|-2.976859
1509425998599|3.1326566|8.796885|-2.9952738
1509425998722|3.1085482|8.784784|-3.0553048
1509425998845|3.0732965|8.777332|-3.11186
1509425998961|3.0762029|8.793329|-3.06345
1509425999085|3.0701234|8.779838|-3.1079237
1509425999208|3.0669463|8.7784815|-3.1148806
1509425999328|3.0695553|8.772182|-3.1300225
1509425999443|3.0487015|8.778945|-3.1314433
1509425999559|3.0052044|8.795516|-3.1269844
1509425999681|2.9884777|8.809035|-3.104879
1509425999800|2.9991097|8.801246|-3.1166978
1509425999924|2.9752789|8.806337|-3.1251438
1509426000041|2.9687533|8.797493|-3.1561038
1509426000161|2.9466054|8.806102|-3.1528518
1509426000281|2.9212296|8.812374|-3.158938
1509426000406|2.916579|8.809063|-3.1724386
1509426000520|2.936436|8.806237|-3.1619473
1509426000642|2.9191055|8.7935505|-3.2128947
1509426000764|2.911066|8.79943|-3.2040782
1509426000891|2.9121654|8.802785|-3.193848
1509426001001|2.9194045|8.807395|-3.1744714
1509426001127|2.9117215|8.800056|-3.2017617
1509426001242|2.9041605|8.82322|-3.1443639
1509426001361|2.8810074|8.821269|-3.1710231
1509426001483|2.854607|8.813592|-3.2159297
1509426001604|2.8610642|8.81415|-3.2086537
1509426001723|2.8546638|8.8107395|-3.2236865
1509426001840|2.8425581|8.809025|-3.2390337
1509426001961|2.8492181|8.813327|-3.221431
1509426002083|2.8517244|8.809377|-3.2300053
1509426002204|2.8457944|8.810247|-3.2328598
1509426002327|2.8547235|8.798713|-3.2563176
1509426002443|2.85587|8.792888|-3.271012
1509426002567|2.838229|8.781223|-3.3173738
1509426002684|2.8422992|8.80201|-3.2582736
1509426002801|2.8363736|8.793458|-3.286405
1509426002923|2.832418|8.807572|-3.2518394
1509426003040|2.813693|8.855658|-3.135418
1509426003169|2.8038085|8.919997|-2.956805
1509426003368|2.0876281|9.370777|-2.0001805
1509426003494|2.0022643|9.528603|-1.16921
1509426003609|1.7565498|9.49674|-1.7020118
1509426003728|1.7517555|9.452548|-1.93677
1509426003851|1.7323831|9.410067|-2.149389
1509426003973|1.5709684|9.414365|-2.2521482
1509426004091|0.69796515|9.585551|-1.9494711
1509426004211|-0.7172217|9.69251|-1.3081403
1509426004328|-2.0671632|9.394788|-1.906618
1509426004450|-3.2765598|8.806213|-2.8080494
1509426004571|-4.113589|8.340222|-3.1127906
1509426004689|-3.854804|8.55058|-2.8632941
1509426004812|-2.7966952|8.871328|-3.10619
1509426004937|-2.5241275|9.085378|-2.6935258
1509426005048|-2.1646712|9.262896|-2.383981
1509426005170|-1.6242101|9.162593|-3.0950317
1509426005288|-1.6891733|9.056509|-3.3610594
1509426005409|-1.7380683|9.076218|-3.282037
1509426005529|-1.7371981|9.096116|-3.2269485
1509426005658|-1.8310648|9.14062|-3.0441182
1509426005768|-1.8798444|9.106908|-3.114611
1509426005896|-1.9053262|9.049356|-3.2633245
1509426006009|-1.9223641|9.001963|-3.3822455
1509426006132|-1.8421719|8.993145|-3.4496586
1509426006255|-1.5868458|9.006574|-3.540331
1509426006371|-1.7867562|9.016013|-3.418976
1509426006489|-1.8294188|9.057644|-3.2837033
1509426006609|-2.4813128|9.148078|-2.5151796
1509426006736|-2.449214|9.306034|-1.8893034
1509426006857|-2.5835402|9.150199|-2.4019928
1509426006972|-2.3237126|9.223877|-2.3855495
1509426007097|-2.3590794|9.149654|-2.6246855
1509426007212|-2.2113569|9.116199|-2.8592339
1509426007336|-2.2065558|9.091189|-2.9413893
1509426007449|-2.166464|9.08209|-2.998744
1509426007571|-2.1370883|9.097414|-2.9732654
1509426007695|-2.132976|9.0629835|-3.0794702
1509426007809|-2.0760334|9.038268|-3.1890733
1509426007931|-2.0752583|9.025438|-3.2257032
1509426008051|-2.0521066|9.020901|-3.2530909
1509426008170|-2.0191212|9.011798|-3.2986417
1509426008289|-1.9996427|9.006522|-3.3248127
1509426008415|-1.9785651|9.001471|-3.350998
1509426008539|-1.9789851|9.00038|-3.353682
1509426008649|-1.975546|9.002982|-3.3487175
1509426008776|-1.9742274|9.003798|-3.3473034
1509426008892|-1.9667809|9.006793|-3.3436248
1509426009010|-1.9680927|9.014559|-3.3218553
1509426009137|-1.9594479|9.023568|-3.302449
1509426009256|-1.8847497|9.012358|-3.375725
1509426009373|-1.8781109|8.999858|-3.4125724
1509426009489|-1.88985|8.975366|-3.4701078
1509426009609|-1.9202037|8.978233|-3.4459448
1509426009732|-1.9150339|8.979355|-3.4458988
1509426009857|-1.9009084|8.980601|-3.4504693
1509426009975|-1.9043635|8.977824|-3.4557858
1509426010096|-1.9203832|8.968819|-3.4702747
1509426010213|-1.9148788|8.9584875|-3.4998758
1509426010333|-1.9113286|8.941894|-3.5439734
1509426010453|-1.9104822|8.926337|-3.5834265
1509426010573|-1.8986661|8.909576|-3.6311028
1509426010697|-1.9101336|8.871157|-3.7181118
1509426010814|-1.9183244|8.873093|-3.7092648
1509426010934|-1.9307988|8.870408|-3.709213
1509426011051|-1.9327008|8.87198|-3.7044597
1509426011173|-1.9546883|8.880725|-3.6718252
1509426011290|-1.9455459|8.881143|-3.6756687
1509426011418|-1.9401807|8.886539|-3.665446
1509426011533|-1.949581|8.890164|-3.6516414
1509426011653|-1.9439241|8.902088|-3.625517
1509426011770|-1.942222|8.892355|-3.6502316
1509426011891|-1.9380968|8.903683|-3.6247227
1509426012010|-1.9571408|8.897574|-3.6294847
1509426012146|-1.9499431|8.900625|-3.6258752
1509426012241|-1.9515324|8.900461|-3.625426
1509426012332|-1.9677284|8.892342|-3.6365767
1509426012459|-1.963335|8.897248|-3.6269383
1509426012584|-1.9656057|8.885039|-3.6555233
1509426012719|-1.9563774|8.878025|-3.677451
1509426012854|-1.9452586|8.889271|-3.6561208
1509426012987|-1.9507606|8.883019|-3.6683626
1509426013126|-1.9738067|8.891187|-3.6361063
1509426013264|-1.9684464|8.88727|-3.648567
1509426013397|-1.9592439|8.889039|-3.6492097
1509426013520|-1.9450018|8.887626|-3.6602561
1509426013643|-1.9609183|8.882279|-3.6647394
1509426013759|-1.9542768|8.874353|-3.6874163
1509426013877|-1.9509854|8.873218|-3.691892
1509426014001|-1.9590385|8.863385|-3.7111936
1509426014117|-1.9598392|8.860321|-3.7180831
1509426014239|-1.97208|8.855171|-3.723875
1509426014328|-1.9816138|8.854498|-3.7204099
1509426014463|-1.9857074|8.851994|-3.7241845
1509426014592|-2.0043643|8.84813|-3.723371
1509426014724|-2.020985|8.852688|-3.7035005
1509426014864|-2.0151162|8.841984|-3.7321587
1509426014994|-2.002849|8.844556|-3.7326677
1509426015140|-2.108909|8.608747|-4.196711
1509426015264|-2.570193|8.566295|-4.02282
1509426015389|-2.548326|8.495435|-4.183779
1509426015509|-2.62854|8.516379|-4.090529
1509426015630|-2.8520598|8.631022|-3.6798887
1509426015751|-2.7734053|8.921141|-2.9819202
1509426015871|-2.601161|9.242642|-1.9944693
1509426015988|-2.4122505|9.334507|-1.7939959
1509426016109|-2.4059052|9.290675|-2.0162704
1509426016234|-2.3854125|9.314039|-1.9310262
1509426016352|-2.5174077|9.289119|-1.882897
1509426016470|-3.3775768|9.128055|-1.200405
1509426016598|-4.0879498|8.814489|-1.3280983
1509426016710|-4.3329906|8.606955|-1.8209679
1509426016836|-4.8803177|8.503087|-0.22452722
1509426016954|-4.8142653|8.528647|-0.5053905
1509426017073|-4.96072|8.383173|-1.1331652
1509426017199|-5.4388304|8.038479|-1.404412
1509426017315|-5.642|7.723539|-2.1645265
1509426017429|-5.868369|7.288602|-2.9340975
1509426017549|-5.7712836|7.2992697|-3.0956957
1509426017677|-5.566841|7.6217914|-2.662509
1509426017794|-5.366026|7.7960954|-2.568471
1509426017926|-5.3772087|7.788222|-2.5689735
1509426018040|-5.3896585|7.798586|-2.5107796
1509426018150|-5.342862|7.8295302|-2.51449
1509426018272|-5.3483768|7.829891|-2.5016093
1509426018390|-5.4348345|7.7971306|-2.416133
1509426018510|-5.5617948|7.7229934|-2.364784
1509426018639|-5.5961123|7.7086477|-2.3303804
1509426018767|-5.604882|7.699049|-2.3410103
1509426018874|-5.615162|7.7011366|-2.309295
1509426018993|-5.6231174|7.6971436|-2.3032434
1509426019112|-5.641605|7.6818614|-2.3090427
1509426019233|-5.6440616|7.6844687|-2.2943196
1509426019355|-5.6695466|7.6606045|-2.3112266
1509426019474|-5.692569|7.645056|-2.3061156
1509426019597|-5.734458|7.6032743|-2.3402154
1509426019709|-5.7257614|7.597447|-2.3800943
1509426019836|-5.688842|7.622915|-2.387182
1509426019951|-5.670554|7.629045|-2.4109895
1509426020077|-5.6673536|7.638709|-2.3878036
1509426020191|-5.6890597|7.623673|-2.3842382
1509426020311|-5.6967216|7.626086|-2.3580809
1509426020430|-5.705101|7.6134624|-2.3785293
1509426020558|-5.7002115|7.614691|-2.3863058
1509426020672|-5.686059|7.62847|-2.3760417
1509426020800|-5.6899514|7.6198096|-2.3944404
1509426020909|-5.688839|7.619131|-2.3992386
1509426021030|-5.7065425|7.620091|-2.3537147
1509426021151|-5.7330713|7.59257|-2.378059
1509426021277|-5.7442307|7.595368|-2.3419204
1509426021394|-5.755176|7.57593|-2.3777328
1509426021514|-5.7616053|7.5785723|-2.3536222
1509426021634|-5.749612|7.5864654|-2.3575208
1509426021750|-5.758962|7.582673|-2.346876
1509426021874|-5.765782|7.5754023|-2.353599
1509426021994|-5.769335|7.576901|-2.34003
1509426022111|-5.771149|7.5703626|-2.3566575
1509426022230|-5.7562385|7.579851|-2.362617
1509426022351|-5.763738|7.5755553|-2.358106
1509426022472|-5.776397|7.5469856|-2.417984
1509426022590|-5.781414|7.549302|-2.3986847
1509426022711|-5.785888|7.548347|-2.3908873
1509426022833|-5.7981095|7.54086|-2.3849003
1509426022950|-5.803839|7.545479|-2.3561807
1509426023072|-5.807768|7.5425496|-2.3558793
1509426023190|-5.8280463|7.5458417|-2.2944582
1509426023309|-5.863899|7.5155745|-2.3024356
1509426023431|-5.8949413|7.5026474|-2.2650259
1509426023551|-6.0280776|7.411888|-2.212823
1509426023674|-6.044852|7.4114947|-2.167925
1509426023798|-6.054455|7.402196|-2.1728923
