1510199391276|50
1510199391426|35
1510199391564|20
1510199391718|11
1510199391800|12
1510199391944|11
1510199392114|12
1510199392253|14
1510199392407|14
1510199392560|17
1510199392696|17
1510199392839|21
1510199392924|19
1510199393077|19
1510199393158|20
1510199393296|20
1510199393441|21
1510199393596|14
1510199393749|11
1510199393896|11
1510199394060|12
1510199394209|9
1510199394362|10
1510199394516|9
1510199394669|13
1510199394821|14
1510199394975|18
1510199395125|19
1510199395207|19
1510199395359|20
1510199395512|22
1510199395646|20
1510199395791|20
1510199395874|21
1510199396017|14
1510199396163|12
1510199396318|10
1510199396471|13
1510199396620|9
1510199396759|8
1510199396912|7
1510199397058|6
1510199397218|7
1510199397374|7
1510199397524|7
1510199397676|7
1510199397824|11
1510199397968|11
1510199398120|20
1510199398255|20
1510199398398|19
1510199398539|26
1510199398676|21
1510199398822|35
1510199398976|49
1510199399118|50
1510199399264|27
1510199399403|37
1510199399558|36
1510199399711|36
1510199399847|37
1510199399998|30
1510199400098|28
1510199400211|28
1510199400363|34
1510199400511|35
1510199400593|36
1510199400738|36
1510199400819|35
1510199400978|35
1510199401112|33
1510199401246|36
1510199401398|36
1510199401553|39
1510199401698|39
1510199401781|39
1510199401937|39
1510199402089|39
1510199402242|39
1510199402377|38
1510199402520|37
1510199402608|36
1510199402761|36
1510199402915|34
1510199403059|32
1510199403209|35
1510199403354|36
1510199403499|32
1510199403642|26
1510199403789|26
1510199403930|18
1510199404073|15
1510199404211|14
1510199404294|15
1510199404448|17
1510199404601|19
1510199404754|17
1510199404889|15
1510199405041|15
1510199405183|15
1510199405322|15
1510199405406|15
1510199405561|14
1510199405714|15
1510199405849|15
1510199406000|15
1510199406139|15
1510199406292|15
1510199406433|15
1510199406571|17
1510199406723|18
1510199406804|17
1510199406939|16
1510199407094|18
1510199407246|17
1510199407405|21
1510199407541|19
1510199407687|19
1510199407822|18
1510199407965|20
1510199408099|22
1510199408244|25
1510199408389|24
1510199408541|23
1510199408671|22
1510199408811|19
1510199408896|18
1510199409048|24
1510199409205|27
1510199409356|26
1510199409503|21
1510199409644|21
1510199409783|21
1510199409921|20
1510199410060|23
1510199410220|25
1510199410376|20
1510199410525|17
1510199410675|16
1510199410812|17
1510199410966|17
1510199411119|17
1510199411260|18
1510199411402|16
1510199411540|16
1510199411694|17
1510199411849|18
1510199412001|20
1510199412143|23
1510199412289|23
1510199412444|22
1510199412592|22
1510199412731|22
1510199412861|22
1510199413017|22
1510199413172|21
1510199413321|22
1510199413404|22
1510199413540|21
1510199413689|20
1510199413838|19
1510199413975|19
1510199414120|19
1510199414267|20
1510199414419|19
1510199414572|19
1510199414723|19
1510199414804|19
1510199414941|19
1510199415093|19
1510199415223|19
1510199415367|19
1510199415456|18
1510199415587|18
1510199415736|18
1510199415817|18
1510199415970|18
1510199416121|18
1510199416204|19
1510199416353|19
1510199416503|18
1510199416641|18
1510199416794|18
1510199416929|18
1510199417010|18
1510199417159|18
1510199417312|18
1510199417397|18
1510199417535|18
1510199417618|18
1510199417773|18
1510199417918|19
1510199418002|19
1510199418136|19
1510199418292|19
1510199418447|20
1510199418593|20
1510199418732|20
1510199418883|21
1510199419038|20
1510199419181|19
1510199419264|20
1510199419404|20
1510199419538|20
1510199419695|20
1510199419844|19
1510199419983|19
1510199420125|18
1510199420211|18
1510199420372|18
1510199420521|18
1510199420659|19
1510199420807|21
1510199420971|21
1510199421110|22
1510199421248|22
1510199421377|22
1510199421527|22
1510199421657|22
1510199421742|22
1510199421894|22
1510199421982|21
1510199422122|22
1510199422258|22
1510199422344|22
1510199422489|21
1510199422625|20
1510199422774|20
1510199422927|32
1510199423082|27
1510199423246|32
1510199423389|31
1510199423535|29
1510199423669|27
1510199423817|29
1510199423970|31
1510199424103|24
1510199424248|26
1510199424386|27
1510199424467|27
1510199424552|28
1510199424698|29
1510199424846|30
1510199424987|28
1510199425135|28
1510199425289|30
1510199425442|31
1510199425583|30
1510199425740|33
1510199425886|31
1510199426040|30
1510199426183|30
1510199426323|31
1510199426404|32
1510199426536|23
1510199426684|24
1510199426838|25
1510199426919|25
1510199427052|26
1510199427210|25
1510199427360|27
1510199427509|26
1510199427646|26
1510199427785|25
1510199427935|24
1510199428088|25
1510199428240|24
1510199428321|24
1510199428451|24
1510199428610|24
1510199428758|25
1510199428839|25
1510199428987|25
1510199429143|24
1510199429295|24
1510199429448|24
1510199429585|24
1510199429735|24
1510199429816|24
1510199429959|24
1510199430101|22
1510199430256|23
1510199430408|24
1510199430561|21
1510199430708|16
1510199430848|16
1510199430984|16
1510199431136|20
1510199431283|20
1510199431417|22
1510199431559|24
1510199431692|25
1510199431847|23
1510199431984|23
1510199432131|21
1510199432214|22
1510199432363|23
1510199432520|23
1510199432655|22
1510199432804|23
1510199432886|22
1510199433023|22
1510199433165|21
1510199433304|21
1510199433446|21
1510199433587|21
1510199433744|21
1510199433896|23
1510199434056|22
1510199434210|21
1510199434358|21
1510199434507|21
1510199434588|22
1510199434744|22
1510199434893|22
1510199435034|21
1510199435182|21
1510199435278|21
1510199435404|21
1510199435490|22
1510199435642|21
1510199435798|21
1510199435931|21
1510199436082|21
1510199436225|21
1510199436365|21
1510199436447|21
1510199436590|21
1510199436730|21
1510199436867|21
1510199437015|21
1510199437156|20
1510199437306|21
1510199437464|20
1510199437618|21
1510199437765|20
1510199437902|19
1510199438057|21
1510199438207|22
1510199438363|21
1510199438516|23
1510199438666|22
1510199438806|21
1510199438965|20
1510199439104|20
1510199439186|20
1510199439342|20
1510199439497|19
1510199439648|19
1510199439808|19
1510199439947|19
1510199440089|19
1510199440245|20
1510199440387|19
1510199440532|19
1510199440683|18
1510199440839|18
1510199440987|17
1510199441143|20
1510199441297|20
1510199441452|22
1510199441604|21
1510199441758|26
1510199441906|22
1510199441990|21
1510199442143|16
1510199442295|30
1510199442434|31
1510199442595|33
1510199442736|33
1510199442889|33
1510199443043|34
1510199443187|35
1510199443329|33
1510199443486|33
1510199443628|33
1510199443765|32
1510199443848|15
1510199443987|32
1510199444129|33
1510199444263|32
1510199444414|31
1510199444549|31
1510199444693|32
1510199444827|31
1510199444974|30
1510199445059|30
1510199445209|33
1510199445362|32
1510199445507|32
1510199445589|32
1510199445726|32
1510199445882|30
1510199446036|22
1510199446186|22
1510199446342|22
1510199446493|23
1510199446648|23
1510199446789|25
1510199446926|25
1510199447011|25
1510199447163|27
1510199447308|27
1510199447455|28
1510199447609|28
1510199447763|27
1510199447893|27
1510199448037|28
1510199448181|28
1510199448334|28
1510199448487|28
1510199448641|29
1510199448781|31
1510199448929|33
1510199449081|22
1510199449216|31
1510199449298|31
1510199449430|31
1510199449581|33
1510199449730|31
1510199449813|32
1510199449964|31
1510199450098|30
1510199450184|30
1510199450335|28
1510199450484|27
1510199450625|26
1510199450765|26
1510199450905|26
1510199451047|26
1510199451137|26
1510199451289|26
1510199451429|27
1510199451577|27
1510199451673|28
1510199451806|28
1510199451949|30
1510199452030|30
1510199452191|31
