1509500000572|-0.013620348|0.0|-0.05448139
1509500000697|-0.013620348|0.027240695|-0.027240695
1509500000829|-0.013620348|0.040861044|-0.027240695
1509500000961|-0.013620348|0.040861044|-0.040861044
1509500001093|-0.013620348|0.027240695|-0.040861044
1509500001225|-0.027240695|0.040861044|-0.013620348
1509500001356|-0.027240695|0.013620348|-0.013620348
1509500001952|-0.040861044|0.013620348|-0.027240695
1509500002084|-0.013620348|0.0|-0.05448139
1509500002215|-0.027240695|0.0|-0.05448139
1509500002347|-0.027240695|0.0|-0.05448139
1509500002478|-0.027240695|-0.013620348|-0.05448139
1509500003021|-0.027240695|0.0|-0.05448139
1509500003139|-0.027240695|-0.027240695|-0.05448139
1509500003271|-0.027240695|0.0|-0.05448139
1509500003403|-0.027240695|-0.027240695|-0.05448139
1509500003535|-0.027240695|-0.027240695|-0.05448139
1509500003666|-0.027240695|-0.027240695|-0.05448139
1509500003802|-0.040861044|0.0|-0.05448139
1509500003931|-0.040861044|-0.027240695|-0.05448139
1509500004064|-0.040861044|-0.027240695|-0.05448139
1509500004204|-0.013620348|-0.027240695|-0.05448139
1509500004327|0.013620348|-0.027240695|-0.05448139
1509500004459|0.027240695|-0.027240695|-0.05448139
1509500004591|0.027240695|-0.013620348|-0.05448139
1509500004723|0.027240695|-0.013620348|-0.05448139
1509500004855|0.027240695|-0.013620348|-0.05448139
1509500004994|0.027240695|-0.013620348|-0.05448139
1509500005119|0.027240695|0.0|-0.05448139
1509500005251|0.027240695|0.0|-0.05448139
1509500005384|0.013620348|0.0|-0.05448139
1509500005515|0.013620348|0.0|-0.05448139
1509500005647|0.013620348|0.0|-0.040861044
1509500005779|0.013620348|0.013620348|-0.05448139
1509500005911|0.027240695|-0.013620348|-0.05448139
1509500006043|0.027240695|-0.013620348|-0.068101734
1509500006174|0.027240695|-0.013620348|-0.05448139
1509500006307|0.013620348|-0.013620348|-0.05448139
1509500006438|0.040861044|-0.013620348|-0.05448139
1509500006571|0.027240695|0.0|-0.05448139
1509500006703|0.027240695|0.0|-0.05448139
1509500006835|0.013620348|0.0|-0.05448139
1509500006967|0.013620348|0.0|-0.05448139
1509500007099|0.040861044|-0.013620348|-0.05448139
1509500007231|0.027240695|0.0|-0.05448139
1509500007363|0.013620348|-0.013620348|-0.068101734
1509500007494|0.013620348|-0.013620348|-0.068101734
1509500007627|0.0|-0.013620348|-0.068101734
1509500007759|0.0|-0.013620348|-0.068101734
1509500007891|0.0|-0.013620348|-0.05448139
1509500008023|0.0|-0.013620348|-0.05448139
1509500008156|0.0|-0.013620348|-0.05448139
1509500008287|0.0|-0.013620348|-0.05448139
1509500008418|0.0|-0.013620348|-0.05448139
1509500008551|0.0|-0.013620348|-0.05448139
1509500008683|0.0|-0.013620348|-0.068101734
1509500008815|-0.013620348|-0.013620348|-0.05448139
1509500008947|-0.013620348|0.0|-0.05448139
1509500009078|0.013620348|-0.013620348|-0.05448139
1509500009211|0.013620348|-0.013620348|-0.068101734
1509500009342|0.0|-0.013620348|-0.05448139
1509500009475|0.0|-0.013620348|-0.05448139
1509500009607|-0.027240695|0.013620348|-0.027240695
1509500009740|-0.013620348|0.0|-0.05448139
1509500009870|0.013620348|-0.013620348|-0.05448139
1509500010002|0.0|0.0|-0.05448139
1509500010135|0.0|-0.013620348|-0.05448139
1509500010267|0.0|-0.027240695|-0.05448139
1509500010399|0.0|-0.013620348|-0.05448139
1509500010531|0.0|-0.027240695|-0.05448139
1509500010663|0.0|-0.027240695|-0.05448139
1509500010794|0.0|-0.027240695|-0.05448139
1509500010926|0.0|-0.027240695|-0.05448139
1509500011058|0.0|-0.027240695|-0.05448139
1509500011190|0.0|-0.027240695|-0.05448139
1509500011322|0.0|-0.027240695|-0.05448139
1509500011454|0.0|-0.027240695|-0.05448139
1509500011586|0.0|-0.027240695|-0.068101734
1509500011719|0.0|-0.027240695|-0.05448139
1509500011850|0.0|-0.040861044|-0.05448139
1509500011982|0.0|-0.040861044|-0.05448139
1509500012116|-0.013620348|-0.040861044|-0.05448139
1509500012248|-0.013620348|-0.040861044|-0.05448139
1509500012377|0.013620348|-0.040861044|-0.05448139
1509500012511|0.013620348|-0.040861044|-0.05448139
1509500012643|0.013620348|-0.040861044|-0.068101734
1509500012775|0.013620348|-0.040861044|-0.068101734
1509500012907|0.0|-0.040861044|-0.068101734
1509500013040|0.0|-0.040861044|-0.068101734
1509500013171|0.0|-0.040861044|-0.05448139
1509500013302|0.0|-0.05448139|-0.05448139
1509500013434|0.0|-0.05448139|-0.05448139
1509500013567|0.0|-0.05448139|-0.05448139
1509500013699|0.0|-0.05448139|-0.05448139
1509500013831|0.0|-0.05448139|-0.05448139
1509500013963|0.0|-0.05448139|-0.05448139
1509500014095|0.0|-0.040861044|-0.05448139
1509500014227|-0.013620348|-0.05448139|-0.05448139
1509500014359|-0.013620348|-0.040861044|-0.040861044
1509500014491|-0.027240695|-0.027240695|-0.013620348
1509500014622|-0.013620348|-0.027240695|-0.013620348
1509500014755|-0.013620348|-0.027240695|-0.013620348
1509500014887|-0.013620348|-0.040861044|-0.013620348
1509500015018|-0.013620348|-0.040861044|-0.040861044
1509500015150|-0.027240695|-0.040861044|-0.013620348
1509500015283|0.0|-0.068101734|-0.05448139
1509500015414|0.0|-0.08172209|-0.05448139
1509500015546|0.0|-0.08172209|-0.05448139
1509500015677|0.0|-0.068101734|-0.05448139
1509500015810|-0.013620348|-0.068101734|-0.05448139
1509500015943|-0.013620348|-0.040861044|-0.040861044
1509500016075|-0.013620348|-0.05448139|-0.040861044
1509500016207|-0.013620348|-0.040861044|-0.040861044
1509500016339|-0.013620348|-0.040861044|-0.013620348
1509500016479|-0.027240695|-0.05448139|-0.013620348
1509500016603|-0.040861044|-0.040861044|-0.013620348
1509500016735|-0.040861044|-0.040861044|-0.013620348
1509500016866|-0.027240695|-0.068101734|-0.05448139
1509500016999|0.013620348|-0.05448139|-0.05448139
1509500017131|0.013620348|-0.040861044|-0.068101734
1509500017264|0.0|-0.040861044|-0.05448139
1509500017395|0.0|-0.05448139|-0.068101734
1509500017527|0.0|-0.040861044|-0.05448139
1509500017658|0.0|-0.040861044|-0.05448139
1509500017791|0.0|-0.040861044|-0.05448139
1509500017923|0.0|-0.040861044|-0.05448139
1509500018054|0.0|-0.040861044|-0.05448139
1509500018187|0.0|-0.040861044|-0.05448139
1509500018319|-0.013620348|-0.040861044|-0.068101734
1509500018451|0.013620348|-0.027240695|-0.068101734
1509500018582|0.013620348|-0.040861044|-0.068101734
1509500018715|0.013620348|-0.040861044|-0.068101734
1509500018847|0.013620348|-0.05448139|-0.068101734
1509500018979|-0.013620348|-0.040861044|-0.05448139
1509500019113|0.013620348|-0.040861044|-0.068101734
1509500019243|0.013620348|-0.027240695|-0.05448139
1509500019376|0.013620348|-0.027240695|-0.05448139
1509500019508|-0.027240695|-0.027240695|-0.05448139
1509500019639|-0.027240695|-0.027240695|-0.068101734
1509500019770|0.0|-0.027240695|-0.068101734
1509500019903|0.013620348|-0.027240695|-0.05448139
1509500020035|0.013620348|-0.013620348|-0.05448139
1509500020168|-0.013620348|-0.013620348|-0.05448139
1509500020299|0.0|0.0|-0.05448139
1509500020432|0.013620348|-0.013620348|-0.05448139
1509500020563|0.013620348|-0.013620348|-0.05448139
1509500020695|0.013620348|-0.013620348|-0.05448139
1509500020827|0.013620348|-0.027240695|-0.05448139
1509500020959|0.027240695|-0.013620348|-0.05448139
1509500021091|-0.013620348|-0.013620348|-0.05448139
1509500021224|-0.013620348|-0.013620348|-0.05448139
1509500021355|-0.013620348|-0.013620348|-0.05448139
1509500021487|0.013620348|-0.013620348|-0.05448139
1509500021619|0.013620348|-0.013620348|-0.05448139
1509500021751|0.0|-0.013620348|-0.05448139
1509500021883|0.0|0.0|-0.08172209
1509500022015|0.0|0.0|-0.08172209
1509500022147|0.027240695|-0.013620348|-0.08172209
1509500022279|0.013620348|0.0|-0.05448139
1509500022411|0.013620348|0.0|-0.068101734
1509500022543|0.0|0.0|-0.068101734
1509500022675|0.0|-0.013620348|-0.068101734
1509500022807|0.013620348|0.0|-0.068101734
1509500022939|0.013620348|0.0|-0.068101734
1509500023071|0.0|-0.013620348|-0.068101734
1509500023203|0.0|-0.013620348|-0.068101734
1509500023335|0.027240695|-0.013620348|-0.068101734
1509500023467|0.027240695|-0.013620348|-0.068101734
1509500023599|-0.013620348|0.0|-0.068101734
1509500023734|-0.013620348|0.013620348|-0.068101734
1509500023863|-0.013620348|0.0|-0.068101734
1509500023995|-0.013620348|0.0|-0.068101734
1509500024127|0.013620348|-0.013620348|-0.068101734
1509500024260|0.0|-0.013620348|-0.068101734
1509500024391|0.013620348|0.0|-0.068101734
1509500024524|0.013620348|0.0|-0.068101734
1509500024657|0.0|0.0|-0.068101734
1509500024787|0.0|0.013620348|-0.068101734
1509500024921|0.027240695|0.0|-0.068101734
1509500025051|0.027240695|0.0|-0.08172209
1509500025183|0.013620348|-0.013620348|-0.05448139
1509500025315|0.013620348|-0.013620348|-0.05448139
1509500025447|0.027240695|0.0|-0.05448139
1509500025580|0.013620348|-0.013620348|-0.05448139
1509500025711|0.0|-0.013620348|-0.05448139
1509500025844|0.0|-0.013620348|-0.05448139
1509500025975|0.013620348|-0.013620348|-0.05448139
1509500026107|0.013620348|0.0|-0.05448139
1509500026239|0.0|0.013620348|-0.040861044
1509500026371|0.0|0.013620348|-0.05448139
1509500026503|0.027240695|-0.013620348|-0.068101734
1509500026635|0.013620348|0.0|-0.068101734
1509500026770|0.013620348|0.013620348|-0.05448139
1509500026899|0.013620348|0.0|-0.05448139
1509500027031|0.013620348|0.0|-0.05448139
1509500027163|0.013620348|0.0|-0.05448139
1509500027295|0.013620348|0.0|-0.08172209
1509500027426|0.013620348|0.0|-0.05448139
1509500027559|0.0|0.013620348|-0.05448139
1509500027692|0.0|0.0|-0.08172209
1509500027823|0.0|-0.013620348|-0.05448139
1509500027955|0.0|-0.013620348|-0.05448139
1509500028087|0.0|-0.013620348|-0.05448139
1509500028219|0.0|-0.013620348|-0.05448139
1509500028351|0.0|0.013620348|-0.05448139
1509500028483|0.013620348|0.0|-0.05448139
1509500028615|-0.013620348|0.0|-0.040861044
1509500028747|-0.013620348|0.0|-0.040861044
1509500028880|0.0|-0.027240695|-0.05448139
1509500029011|0.0|-0.027240695|-0.068101734
1509500029143|0.0|-0.027240695|-0.08172209
1509500029275|0.013620348|-0.027240695|-0.08172209
1509500029408|-0.013620348|-0.027240695|-0.05448139
1509500029539|-0.013620348|0.0|-0.040861044
1509500029671|-0.013620348|0.0|-0.040861044
1509500029804|-0.027240695|0.0|-0.040861044
1509500029935|-0.027240695|0.0|-0.040861044
1509500030067|-0.013620348|-0.013620348|-0.05448139
1509500030199|-0.013620348|-0.013620348|-0.027240695
1509500030332|0.013620348|-0.040861044|-0.068101734
1509500030463|0.013620348|-0.040861044|-0.068101734
1509500030595|0.0|-0.05448139|-0.068101734
1509500030727|0.0|-0.05448139|-0.068101734
1509500030866|0.0|-0.05448139|-0.068101734
1509500030991|0.0|-0.05448139|-0.068101734
1509500031123|0.013620348|-0.05448139|-0.068101734
1509500031255|0.013620348|-0.05448139|-0.068101734
1509500031387|0.013620348|-0.05448139|-0.068101734
1509500031522|0.013620348|-0.068101734|-0.068101734
1509500031651|0.013620348|-0.05448139|-0.068101734
1509500031783|0.013620348|-0.05448139|-0.068101734
1509500031915|0.013620348|-0.068101734|-0.068101734
1509500032047|0.013620348|-0.05448139|-0.068101734
1509500032180|0.013620348|-0.05448139|-0.068101734
1509500032310|0.013620348|-0.05448139|-0.068101734
1509500032443|0.0|-0.05448139|-0.068101734
1509500032575|0.0|-0.05448139|-0.068101734
1509500032708|0.0|-0.05448139|-0.068101734
1509500032839|0.0|-0.068101734|-0.068101734
1509500032971|0.0|-0.068101734|-0.068101734
1509500033104|0.0|-0.05448139|-0.068101734
1509500033235|-0.013620348|-0.040861044|-0.05448139
1509500033367|-0.013620348|-0.040861044|-0.068101734
1509500033499|0.013620348|-0.040861044|-0.068101734
1509500033631|0.013620348|-0.05448139|-0.068101734
1509500033763|0.013620348|-0.040861044|-0.068101734
1509500033895|0.013620348|-0.027240695|-0.068101734
1509500034027|0.013620348|-0.027240695|-0.068101734
1509500034159|0.013620348|-0.027240695|-0.068101734
1509500034292|0.0|-0.027240695|-0.068101734
1509500034423|0.0|-0.027240695|-0.068101734
1509500034555|0.0|-0.027240695|-0.068101734
1509500034687|0.0|-0.027240695|-0.068101734
1509500034819|0.0|-0.027240695|-0.068101734
1509500034950|0.0|-0.027240695|-0.068101734
1509500035083|-0.013620348|-0.040861044|-0.068101734
1509500035215|0.013620348|-0.040861044|-0.05448139
1509500035353|0.0|-0.040861044|-0.05448139
1509500035480|0.0|-0.040861044|-0.068101734
1509500035611|0.0|-0.040861044|-0.068101734
1509500035743|0.0|-0.040861044|-0.068101734
1509500035876|0.0|-0.040861044|-0.068101734
1509500036007|0.0|-0.013620348|-0.068101734
1509500036139|0.0|-0.013620348|-0.068101734
1509500036271|0.0|0.0|-0.068101734
1509500036403|0.0|0.0|-0.05448139
1509500036535|0.0|-0.013620348|-0.05448139
1509500036667|0.013620348|0.0|-0.05448139
1509500036799|0.0|0.013620348|-0.05448139
1509500036931|-0.013620348|0.013620348|-0.05448139
1509500037064|0.013620348|0.0|-0.068101734
1509500037195|0.0|0.0|-0.05448139
1509500037327|0.013620348|-0.013620348|-0.068101734
1509500037459|0.0|0.0|-0.068101734
1509500037591|0.013620348|-0.013620348|-0.068101734
1509500037723|0.0|-0.013620348|-0.068101734
1509500037855|0.0|-0.013620348|-0.068101734
1509500037987|0.013620348|-0.013620348|-0.068101734
1509500038119|0.013620348|-0.013620348|-0.068101734
1509500038251|0.013620348|-0.013620348|-0.068101734
1509500038382|-0.013620348|0.013620348|-0.05448139
1509500038514|-0.013620348|0.013620348|-0.05448139
1509500038647|-0.013620348|0.027240695|-0.05448139
1509500038780|-0.013620348|0.013620348|-0.05448139
