1510200120397|-17.383194|15.569305|-37.19635
1510200120548|-17.85202|15.343094|-37.247467
1510200120698|-19.121552|15.6147|-37.256622
1510200120848|-17.741394|17.20543|-36.550903
1510200120948|-16.939163|18.105698|-36.447144
1510200121048|-16.926575|18.270111|-36.231995
1510200121198|-14.94751|16.328812|-37.154007
1510200121298|-13.34877|14.88266|-39.277267
1510200121396|-12.75177|13.405228|-40.390015
1510200121550|-9.819412|10.493851|-42.144394
1510200121699|-3.943634|10.537338|-41.99257
1510200121847|1.7105103|13.473511|-37.51602
1510200121949|5.6892395|14.126205|-39.9498
1510200122052|7.634735|14.281082|-39.692688
1510200122197|9.018326|14.509964|-37.249756
1510200122297|13.407898|14.079285|-36.086655
1510200122398|16.049576|13.86795|-36.502457
1510200122547|18.489456|12.753677|-37.1933
1510200122698|19.42749|11.47995|-37.382507
1510200122847|20.819855|9.892273|-38.051224
1510200122947|18.740845|9.2617035|-39.730072
1510200123048|16.755676|8.3992|-39.99939
1510200123198|13.531876|7.2940826|-40.118027
1510200123298|10.666275|7.7884674|-40.242386
1510200123396|9.165955|8.751678|-40.981674
1510200123546|6.7775726|10.243225|-41.831207
1510200123697|6.8763733|11.015701|-41.638947
1510200123848|9.542847|12.234497|-41.93344
1510200123948|11.564636|11.633682|-41.885757
1510200124047|12.2478485|11.603928|-42.035294
1510200124198|12.5442505|11.330032|-41.29219
1510200124297|11.3723755|10.077286|-41.355896
1510200124401|9.58786|9.884644|-42.157364
1510200124547|2.2850037|12.349319|-42.287064
1510200124697|-6.414795|13.686371|-39.769363
1510200124847|-18.83545|8.904266|-34.77249
1510200124948|-24.484634|4.852295|-32.403946
1510200125047|-26.206589|2.578354|-30.744553
1510200125199|-29.064178|-0.5302429|-27.845383
1510200125297|-30.464172|-2.1583557|-27.470016
1510200125396|-31.002045|-1.108551|-27.86026
1510200125548|-29.791641|2.2708893|-29.44374
1510200125699|-27.207184|0.28533936|-30.320358
1510200125846|-22.599411|-2.8945923|-32.78427
1510200125946|-22.111893|-3.2100677|-34.601974
1510200126050|-21.883774|-3.7792206|-33.68454
1510200126196|-21.486664|-5.0907135|-31.961441
1510200126296|-19.751358|-5.4748535|-32.39479
1510200126397|-19.101715|-5.213928|-33.12912
1510200126547|-19.282913|-5.403137|-33.559036
1510200126698|-21.171188|-6.3663483|-32.657623
1510200126845|-26.445389|-8.028793|-28.023148
1510200126947|-26.033401|-9.37767|-27.03209
1510200127047|-25.207138|-10.528946|-27.061462
1510200127198|-24.49913|-10.758209|-26.853561
1510200127297|-25.970078|-8.790588|-25.205994
1510200127396|-26.441574|-7.1609497|-24.98436
1510200127546|-25.81215|-5.5850983|-26.425934
1510200127697|-23.989868|-5.9597015|-27.279282
1510200127847|-22.745514|-2.7267456|-27.98767
1510200127947|-22.001266|0.05493164|-29.841614
1510200128047|-21.440125|0.71525574|-31.355667
1510200128196|-19.3676|-0.5847931|-33.28972
1510200128297|-18.314362|-0.9941101|-34.37462
1510200128397|-18.749619|-0.7167816|-34.113693
1510200128546|-20.103455|1.1699677|-33.732605
1510200128698|-21.095276|2.4032593|-33.994675
1510200128846|-20.633698|3.8414001|-34.78203
1510200128946|-20.414734|5.928421|-35.267258
1510200129046|-19.802475|6.6303253|-35.59723
1510200129195|-18.030548|6.5921783|-36.332703
1510200129297|-15.028381|6.4495087|-36.180878
1510200129397|-13.028717|5.852127|-36.673355
1510200129547|-9.711075|3.414154|-38.06343
1510200129697|-7.5134277|2.8759003|-39.329147
1510200129848|-5.004883|3.3184052|-40.864563
1510200129948|-2.0774841|4.157257|-40.961456
1510200130048|-0.79078674|4.375458|-41.186142
1510200130196|1.2737274|2.817154|-40.855026
1510200130295|0.51345825|2.3223877|-39.471054
1510200130397|0.0743866|3.0349731|-39.785767
1510200130547|-1.6708374|4.748535|-41.179657
1510200130696|-4.0546417|4.831314|-40.388107
1510200130847|-6.324005|6.0806274|-40.016937
1510200130948|-6.7863464|5.698395|-40.76042
1510200131049|-7.2437286|6.243515|-40.47699
1510200131195|-6.8847656|7.9494476|-40.95764
1510200131295|-6.9194794|10.356903|-41.348648
1510200131394|-5.895233|11.912155|-41.52603
1510200131544|-3.170395|14.023209|-41.731644
1510200131695|-0.5718231|13.962555|-41.366196
1510200131846|4.350281|10.165787|-40.729904
1510200131944|5.2570343|8.034515|-40.682983
1510200132046|3.7368774|7.326126|-40.98549
1510200132196|-2.2743225|7.1151733|-42.269897
1510200132295|-10.018158|6.703186|-42.180252
1510200132395|-13.768005|5.4252625|-40.69481
1510200132544|-20.526505|2.8179169|-37.817383
1510200132695|-26.636505|-0.6450653|-34.21669
1510200132844|-31.954193|-7.3410034|-26.472092
1510200132945|-32.149887|-11.811447|-22.950363
1510200133045|-31.555557|-14.064407|-21.580124
1510200133195|-29.579544|-18.157578|-18.817902
1510200133296|-28.174973|-20.66269|-17.961502
1510200133395|-27.252197|-21.32454|-19.509888
1510200133545|-26.507568|-21.696854|-22.508621
1510200133696|-26.136017|-20.010376|-25.831223
1510200133845|-26.584625|-14.512253|-28.70636
1510200133945|-27.209091|-11.998367|-28.630829
1510200134050|-27.58751|-10.642242|-29.018402
1510200134195|-27.301788|-8.555222|-30.31807
1510200134297|-27.427292|-8.209991|-32.120132
1510200134397|-27.784348|-8.2221985|-32.281876
1510200134544|-28.201675|-8.263779|-32.212067
1510200134695|-28.763962|-8.203125|-30.947495
1510200134843|-29.99916|-7.73468|-32.08084
1510200134944|-30.521011|-6.8511963|-32.798767
1510200135045|-30.496216|-6.170273|-32.185745
1510200135195|-30.260849|-4.893112|-32.41539
1510200135295|-29.359055|-1.2798309|-33.91838
1510200135396|-28.658295|1.4842987|-34.965897
1510200135544|-26.863098|5.7891846|-37.706375
1510200135696|-24.457169|8.258438|-40.59868
1510200135845|-21.238708|10.479736|-42.81845
1510200135945|-20.117188|11.157227|-42.770004
1510200136046|-21.18187|11.452484|-42.697906
1510200136195|-23.19069|10.725784|-41.23268
1510200136294|-24.861908|8.729172|-40.48958
1510200136394|-25.940323|8.169556|-40.03067
1510200136543|-27.58255|6.944275|-38.850784
1510200136694|-28.560257|5.2749634|-36.904144
1510200136847|-30.32341|4.5173645|-33.86841
1510200136945|-32.33185|3.545761|-31.21643
1510200137045|-33.20732|3.2279968|-30.695724
1510200137198|-33.65555|3.4366608|-30.64766
1510200137294|-33.138657|3.1082153|-30.705643
1510200137395|-32.857132|3.0628204|-31.15654
1510200137543|-32.177734|3.4992218|-31.912613
1510200137694|-32.405853|4.114151|-32.45125
1510200137793|-31.510162|4.4506073|-34.142303
1510200137893|-30.25093|4.388809|-35.28633
1510200137994|-29.82254|4.559326|-34.9144
1510200138094|-28.266525|5.231476|-34.379578
1510200138195|-27.566528|5.0704956|-33.610153
1510200138294|-27.95639|4.7592163|-32.332993
1510200138395|-28.688812|5.0533295|-32.940292
1510200138543|-28.580475|6.5631866|-35.11696
1510200138708|-26.866531|6.898117|-36.940002
1510200138796|-25.81482|7.1632385|-36.840057
1510200138894|-26.140213|6.9259644|-36.667633
1510200138992|-26.63536|7.0228577|-36.819077
1510200139093|-27.805328|5.3676605|-37.648773
1510200139193|-28.202057|5.465317|-37.216568
1510200139295|-28.467178|6.523514|-36.37848
1510200139394|-27.353668|7.395935|-36.491394
1510200139543|-25.91858|7.636261|-37.352753
1510200139695|-25.967407|7.6286316|-37.82158
1510200139793|-26.366806|6.4884186|-36.250305
1510200139896|-25.432968|6.54335|-36.14044
1510200139993|-24.498367|6.418991|-36.662292
1510200140094|-23.755646|6.228256|-38.100815
1510200140196|-23.533249|5.3123474|-38.157654
1510200140293|-24.321365|4.6596527|-39.19182
1510200140392|-24.251175|4.749298|-39.46953
1510200140545|-24.683762|4.460144|-39.292526
1510200140693|-26.39885|3.271103|-38.152695
1510200140793|-27.165222|2.633667|-37.6503
1510200140895|-28.098297|2.2525787|-36.82823
1510200140994|-28.420639|1.7490387|-36.003494
1510200141092|-28.442001|2.489853|-35.05478
1510200141193|-28.151703|2.5146484|-34.944153
1510200141293|-28.055954|2.5527954|-35.853195
1510200141396|-28.45192|2.802658|-35.707855
1510200141542|-28.88298|4.407501|-35.10971
1510200141693|-29.485321|4.801178|-34.798813
1510200141792|-29.793167|4.0901184|-34.84955
1510200141894|-29.861069|4.4116974|-34.687042
1510200141993|-29.55017|4.6985626|-35.06546
1510200142094|-29.974365|4.201889|-33.816147
1510200142193|-29.6566|3.767395|-32.74803
1510200142293|-29.576874|3.8326263|-31.462097
1510200142394|-29.678726|4.459381|-32.66182
1510200142542|-30.433273|5.0834656|-34.1259
1510200142693|-30.658722|4.754257|-33.379364
