1509516397920|0.038307227|2.078167|9.519346
1509516398027|0.038307227|2.0398598|9.519346
1509516398159|0.038307227|2.0590134|9.509769
1509516398292|0.038307227|2.0494366|9.509769
1509516398424|0.038307227|2.0494366|9.509769
1509516398558|0.019153614|2.078167|9.528923
1509516398691|0.019153614|2.078167|9.548077
1509516398820|0.019153614|2.0973208|9.548077
1509516398963|0.009576807|2.0973208|9.548077
1509516399088|0.02873042|2.0685902|9.528923
1509516399216|0.047884032|2.0590134|9.519346
1509516399347|0.038307227|2.0590134|9.519346
1509516399480|0.038307227|2.0590134|9.519346
1509516399611|0.038307227|2.0590134|9.509769
1509516399744|0.038307227|2.0590134|9.509769
1509516399876|0.038307227|2.0590134|9.528923
1509516400008|0.038307227|2.0590134|9.528923
1509516400140|0.038307227|2.0590134|9.528923
1509516400271|0.038307227|2.0590134|9.519346
1509516400406|0.038307227|2.0590134|9.519346
1509516400538|0.038307227|2.0590134|9.519346
1509516400676|0.038307227|2.0590134|9.519346
1509516400808|0.038307227|2.0494366|9.509769
1509516400936|0.038307227|2.0494366|9.509769
1509516401063|0.038307227|2.0398598|9.509769
1509516401195|0.038307227|2.0590134|9.509769
1509516401327|0.038307227|2.0590134|9.509769
1509516401460|0.038307227|2.0590134|9.528923
1509516401591|0.038307227|2.0590134|9.509769
1509516401724|0.038307227|2.0494366|9.509769
1509516401856|0.038307227|2.0494366|9.509769
1509516401988|0.038307227|2.0494366|9.528923
1509516402124|0.038307227|2.0494366|9.528923
1509516402258|0.038307227|2.0494366|9.519346
1509516402388|0.038307227|2.0494366|9.519346
1509516402519|0.038307227|2.0494366|9.519346
1509516402649|0.038307227|2.0494366|9.519346
1509516402780|0.038307227|2.0494366|9.519346
1509516402912|0.038307227|2.0494366|9.519346
1509516403043|0.038307227|2.0494366|9.509769
1509516403176|0.038307227|2.0494366|9.509769
1509516403307|0.038307227|2.0494366|9.509769
1509516403439|0.038307227|2.0685902|9.528923
1509516403575|0.047884032|2.0398598|9.509769
1509516403709|0.047884032|2.0398598|9.509769
1509516403842|0.047884032|2.0398598|9.500193
1509516403969|0.047884032|2.0398598|9.500193
1509516404108|0.047884032|2.0590134|9.519346
1509516404232|0.038307227|2.0494366|9.519346
1509516404364|0.038307227|2.0398598|9.519346
1509516404496|0.038307227|2.0398598|9.519346
1509516404628|0.038307227|2.0398598|9.519346
1509516404759|0.05746084|2.0398598|9.519346
1509516404891|0.038307227|2.0590134|9.519346
1509516405023|0.038307227|2.0494366|9.519346
1509516405155|0.038307227|2.0398598|9.519346
1509516405289|0.038307227|2.0590134|9.509769
1509516405419|0.038307227|2.0494366|9.509769
1509516405556|0.038307227|2.0685902|9.509769
1509516405684|0.038307227|2.0590134|9.509769
1509516405815|0.038307227|2.0494366|9.509769
1509516405949|0.038307227|2.0494366|9.528923
1509516406080|0.038307227|2.0494366|9.519346
1509516406211|0.038307227|2.0398598|9.519346
1509516406343|0.038307227|2.0590134|9.519346
1509516406475|0.038307227|2.0494366|9.519346
1509516406607|0.038307227|2.0494366|9.519346
1509516406739|0.038307227|2.0494366|9.5385
1509516406872|0.038307227|2.0494366|9.519346
1509516407003|0.038307227|2.0494366|9.519346
1509516407135|0.038307227|2.0398598|9.519346
1509516407273|0.038307227|2.0590134|9.519346
1509516407402|0.038307227|2.0398598|9.5385
1509516407531|0.05746084|2.0398598|9.5385
1509516407663|0.05746084|2.0398598|9.5385
1509516407796|0.047884032|2.0398598|9.519346
1509516407928|0.047884032|2.0398598|9.5385
1509516408060|0.047884032|2.0590134|9.5385
1509516408191|0.019153614|2.078167|9.557653
1509516408323|0.038307227|2.078167|9.557653
1509516408456|0.038307227|2.0398598|9.5385
1509516408592|0.038307227|2.0590134|9.5385
1509516408723|0.038307227|2.0494366|9.5385
1509516408851|0.038307227|2.0494366|9.5385
1509516408938|0.047884032|2.0590134|9.528923
1509516409055|0.047884032|2.0590134|9.528923
1509516409181|0.019153614|2.078167|9.548077
1509516409313|0.019153614|2.0973208|9.56723
1509516409447|0.009576807|2.087744|9.56723
1509516409578|0.02873042|2.087744|9.557653
1509516409710|0.019153614|2.087744|9.548077
1509516409842|0.038307227|2.0398598|9.519346
1509516409973|0.05746084|2.0398598|9.519346
1509516410105|0.047884032|2.0398598|9.519346
1509516410237|0.047884032|2.0590134|9.519346
1509516410375|0.047884032|2.0590134|9.5385
1509516410503|0.047884032|2.0494366|9.519346
1509516410641|0.038307227|2.0494366|9.519346
1509516410774|0.038307227|2.0494366|9.519346
1509516410898|0.05746084|2.0494366|9.519346
1509516411030|0.05746084|2.0398598|9.519346
1509516411161|0.05746084|2.0398598|9.519346
1509516411294|0.047884032|2.0398598|9.519346
1509516411425|0.047884032|2.0398598|9.519346
1509516411558|0.047884032|2.0398598|9.519346
1509516411690|0.047884032|2.0398598|9.519346
1509516411825|0.047884032|2.0398598|9.500193
1509516411953|0.047884032|2.0398598|9.519346
1509516412085|0.047884032|2.0398598|9.519346
1509516412226|0.047884032|2.0398598|9.519346
1509516412358|0.02873042|2.0590134|9.519346
1509516412482|0.02873042|2.078167|9.5385
1509516412614|0.047884032|2.0494366|9.509769
1509516412746|0.047884032|2.030283|9.509769
1509516412878|0.047884032|2.030283|9.509769
1509516413009|0.047884032|2.0207062|9.500193
1509516413142|0.047884032|2.0398598|9.500193
1509516413274|0.047884032|2.0590134|9.528923
1509516413406|0.047884032|2.0398598|9.519346
1509516413541|0.038307227|2.030283|9.519346
1509516413670|0.038307227|2.0494366|9.509769
1509516413804|0.05746084|2.0494366|9.509769
1509516413937|0.05746084|2.0398598|9.500193
1509516414065|0.05746084|2.0398598|9.519346
1509516414198|0.05746084|2.0398598|9.509769
1509516414330|0.05746084|2.030283|9.509769
1509516414462|0.047884032|2.030283|9.509769
1509516414594|0.047884032|2.030283|9.509769
1509516414725|0.047884032|2.0494366|9.509769
1509516414858|0.047884032|2.0398598|9.509769
1509516414990|0.038307227|2.0398598|9.509769
1509516415121|0.038307227|2.0398598|9.509769
1509516415257|0.05746084|2.0398598|9.509769
1509516415386|0.05746084|2.0398598|9.509769
1509516415521|0.038307227|2.0398598|9.509769
1509516415650|0.05746084|2.0398598|9.509769
1509516415782|0.047884032|2.0398598|9.509769
1509516415914|0.047884032|2.0398598|9.509769
1509516416046|0.038307227|2.030283|9.500193
1509516416178|0.05746084|2.030283|9.519346
1509516416309|0.038307227|2.0494366|9.519346
1509516416442|0.05746084|2.0494366|9.519346
1509516416574|0.05746084|2.0398598|9.519346
1509516416708|0.05746084|2.0207062|9.509769
1509516416838|0.038307227|2.0494366|9.519346
1509516416971|0.038307227|2.0398598|9.519346
1509516417104|0.05746084|2.030283|9.500193
1509516417242|0.038307227|2.0494366|9.500193
1509516417370|0.038307227|2.0685902|9.528923
1509516417497|0.038307227|2.0685902|9.528923
1509516417630|0.038307227|2.0685902|9.519346
1509516417761|0.038307227|2.0685902|9.5385
1509516417900|0.038307227|2.0590134|9.5385
1509516418033|0.038307227|2.078167|9.5385
1509516418158|0.038307227|2.0685902|9.528923
1509516418289|0.019153614|2.087744|9.528923
1509516418425|0.038307227|2.0685902|9.528923
1509516418553|0.038307227|2.0685902|9.528923
1509516418686|0.038307227|2.0685902|9.528923
1509516418824|0.02873042|2.0685902|9.519346
1509516418950|0.02873042|2.0590134|9.509769
1509516419082|0.047884032|2.0494366|9.509769
1509516419214|0.047884032|2.0398598|9.509769
1509516419345|0.047884032|2.0398598|9.509769
1509516419478|0.047884032|2.0398598|9.500193
1509516419610|0.047884032|2.0398598|9.500193
1509516419742|0.038307227|2.0398598|9.519346
1509516419875|0.05746084|2.030283|9.519346
1509516420021|0.05746084|2.030283|9.509769
1509516420139|0.038307227|2.0494366|9.509769
1509516420273|0.05746084|2.0398598|9.509769
1509516420407|0.038307227|2.0398598|9.500193
1509516420536|0.05746084|2.0398598|9.490616
1509516420666|0.05746084|2.0398598|9.490616
1509516420798|0.038307227|2.0398598|9.509769
1509516420930|0.05746084|2.0398598|9.509769
1509516421061|0.05746084|2.0398598|9.509769
1509516421196|0.047884032|2.0398598|9.509769
1509516421326|0.047884032|2.0398598|9.509769
1509516421458|0.047884032|2.0398598|9.509769
1509516421590|0.047884032|2.0398598|9.509769
1509516421724|0.047884032|2.0398598|9.509769
1509516421858|0.047884032|2.0398598|9.509769
1509516421985|0.047884032|2.030283|9.500193
1509516422124|0.047884032|2.0207062|9.500193
1509516422252|0.047884032|2.0398598|9.519346
1509516422382|0.047884032|2.030283|9.519346
1509516422514|0.047884032|2.0207062|9.500193
1509516422646|0.047884032|2.0398598|9.500193
1509516422778|0.047884032|2.030283|9.500193
1509516422910|0.038307227|2.0494366|9.519346
1509516423042|0.038307227|2.0398598|9.519346
1509516423174|0.05746084|2.0207062|9.500193
1509516423309|0.05746084|2.0398598|9.500193
1509516423442|0.038307227|2.0494366|9.519346
1509516423575|0.05746084|2.030283|9.519346
1509516423706|0.047884032|2.030283|9.509769
1509516423838|0.038307227|2.030283|9.500193
1509516423966|0.05746084|2.030283|9.500193
1509516424098|0.038307227|2.0494366|9.519346
1509516424230|0.038307227|2.078167|9.5385
1509516424362|0.038307227|2.078167|9.5385
1509516424494|0.038307227|2.078167|9.5385
1509516424626|0.038307227|2.078167|9.528923
1509516424758|0.038307227|2.0494366|9.519346
1509516424892|0.02873042|2.0685902|9.5385
1509516425025|0.02873042|2.0590134|9.5385
1509516425154|0.047884032|2.0494366|9.509769
1509516425286|0.047884032|2.0398598|9.509769
1509516425425|0.047884032|2.0398598|9.500193
1509516425550|0.038307227|2.0398598|9.500193
1509516425689|0.05746084|2.0398598|9.500193
1509516425814|0.05746084|2.0398598|9.500193
1509516425946|0.05746084|2.0398598|9.500193
1509516426078|0.05746084|2.0398598|9.500193
1509516426210|0.047884032|2.0398598|9.500193
1509516426342|0.047884032|2.0398598|9.500193
1509516426474|0.047884032|2.0398598|9.490616
1509516426605|0.047884032|2.030283|9.490616
1509516426740|0.047884032|2.030283|9.490616
1509516426875|0.06703765|2.030283|9.509769
1509516427006|0.05746084|2.030283|9.500193
1509516427135|0.047884032|2.030283|9.500193
1509516427266|0.047884032|2.030283|9.500193
1509516427397|0.047884032|2.030283|9.500193
1509516427530|0.047884032|2.030283|9.500193
1509516427662|0.047884032|2.030283|9.500193
1509516427793|0.047884032|2.030283|9.500193
1509516427926|0.047884032|2.0207062|9.500193
1509516428058|0.047884032|2.0398598|9.490616
1509516428190|0.047884032|2.0398598|9.490616
1509516428321|0.047884032|2.0398598|9.509769
1509516428458|0.047884032|2.0398598|9.509769
1509516428588|0.047884032|2.0398598|9.500193
1509516428722|0.047884032|2.030283|9.500193
1509516428857|0.047884032|2.030283|9.490616
1509516428981|0.047884032|2.030283|9.490616
1509516429114|0.047884032|2.0207062|9.490616
1509516429246|0.047884032|2.0207062|9.490616
1509516429378|0.047884032|2.0398598|9.509769
1509516429509|0.047884032|2.030283|9.509769
1509516429643|0.047884032|2.030283|9.509769
1509516429777|0.047884032|2.030283|9.509769
1509516429906|0.047884032|2.030283|9.509769
1509516430051|0.047884032|2.0207062|9.509769
1509516430176|0.047884032|2.0398598|9.509769
1509516430308|0.047884032|2.0398598|9.509769
1509516430441|0.047884032|2.0398598|9.500193
1509516430566|0.047884032|2.0207062|9.500193
1509516430698|0.047884032|2.0398598|9.500193
