1510200183226|1021.0185
1510200183347|1021.0206
1510200183465|1021.03284
1510200183547|1021.0393
1510200183666|1021.0643
1510200183747|1021.0657
1510200183865|1021.0859
1510200183947|1021.0948
1510200184065|1021.1205
1510200184226|1021.09674
1510200184345|1021.12634
1510200184426|1021.15063
1510200184545|1021.1259
1510200184626|1021.1235
1510200184746|1021.1054
1510200184866|1021.11865
1510200185027|1021.1041
1510200185146|1021.1122
1510200185267|1021.11
1510200185427|1021.1001
1510200185547|1021.09906
1510200185666|1021.1038
1510200185747|1021.103
1510200185870|1021.1022
1510200186029|1021.1111
1510200186147|1021.11084
1510200186270|1021.116
1510200186429|1021.1137
1510200186546|1021.1149
1510200186628|1021.11993
1510200186746|1021.1245
1510200186827|1021.1284
1510200186949|1021.1363
1510200187066|1021.1167
1510200187147|1021.1417
1510200187228|1021.13214
1510200187350|1021.1405
1510200187467|1021.1018
1510200187548|1021.0913
1510200187667|1021.1085
1510200187748|1021.095
1510200187870|1021.0614
1510200188028|1021.0671
1510200188148|1021.04724
1510200188270|1021.0519
1510200188428|1021.05414
1510200188547|1021.04565
1510200188667|1021.0454
1510200188748|1021.04016
1510200188868|1021.02374
1510200189027|1021.0423
1510200189147|1021.02673
1510200189267|1021.0386
1510200189348|1021.04614
1510200189467|1021.05005
1510200189627|1021.0502
1510200189749|1021.0458
1510200189869|1021.04376
1510200190027|1021.0412
1510200190146|1021.01105
1510200190227|1021.01215
1510200190348|1021.03784
1510200190429|1021.04474
1510200190547|1021.0217
1510200190631|1021.0235
1510200190751|1021.03735
1510200190867|1021.0421
1510200190948|1021.02386
1510200191067|1021.01636
1510200191227|1021.02344
1510200191347|1021.0423
1510200191428|1021.0359
1510200191553|1021.0306
1510200191667|1021.0144
1510200191827|1021.0131
1510200191947|1021.01575
1510200192028|1021.02686
1510200192148|1021.0289
1510200192267|1021.03595
1510200192348|1021.04553
1510200192471|1021.02423
1510200192627|1021.04126
1510200192748|1021.01843
1510200192868|1021.0231
1510200193028|1021.02747
1510200193149|1021.02454
1510200193268|1021.0276
1510200193351|1021.02936
1510200193468|1021.0269
1510200193627|1021.032
1510200193750|1021.0227
1510200193868|1021.0343
1510200193950|1021.0143
1510200194068|1021.014
1510200194154|1021.01
1510200194270|1021.0241
1510200194428|1021.0283
1510200194548|1021.0421
1510200194629|1021.0459
1510200194757|1021.0307
1510200194874|1021.0403
1510200195029|1021.04443
1510200195148|1021.0564
1510200195231|1021.0408
1510200195350|1021.06464
1510200195471|1021.0371
1510200195629|1021.0354
1510200195747|1021.0554
1510200195830|1021.03174
1510200195950|1021.0579
1510200196068|1021.04407
1510200196150|1021.0542
1510200196267|1021.05383
1510200196350|1021.06165
1510200196469|1021.08514
1510200196550|1021.0815
1510200196668|1021.0802
1510200196750|1021.0897
1510200196868|1021.11115
1510200196949|1021.12177
1510200197071|1021.09924
1510200197229|1021.1067
1510200197349|1021.1
1510200197469|1021.1035
1510200197630|1021.11127
1510200197750|1021.11536
1510200197869|1021.1057
1510200198030|1021.1205
1510200198150|1021.12244
1510200198269|1021.11115
1510200198428|1021.1006
1510200198552|1021.11426
1510200198633|1021.1002
1510200198748|1021.1131
1510200198829|1021.1114
1510200198950|1021.14307
1510200199033|1021.14496
1510200199151|1021.14966
1510200199270|1021.16187
1510200199429|1021.1583
1510200199553|1021.19684
1510200199669|1021.2123
1510200199750|1021.2219
1510200199831|1021.2201
1510200199950|1021.20654
1510200200069|1021.2551
1510200200150|1021.2564
1510200200269|1021.27716
1510200200350|1021.27765
1510200200470|1021.3097
1510200200630|1021.3415
1510200200751|1021.37775
1510200200869|1021.37195
1510200201029|1021.3878
1510200201149|1021.425
1510200201270|1021.45593
1510200201432|1021.48627
1510200201550|1021.5259
1510200201672|1021.5382
1510200201829|1021.56696
1510200201950|1021.6222
1510200202069|1021.6389
1510200202229|1021.6701
1510200202350|1021.6851
1510200202431|1021.6933
1510200202552|1021.7271
1510200202669|1021.7627
1510200202830|1021.78467
1510200202955|1021.8241
1510200203069|1021.8357
1510200203150|1021.8513
1510200203269|1021.91064
1510200203353|1021.9259
1510200203471|1021.93945
1510200203552|1021.9507
1510200203670|1021.9917
1510200203831|1022.0105
1510200203950|1022.01636
1510200204031|1022.027
1510200204151|1022.07214
1510200204273|1022.1008
1510200204431|1022.1289
1510200204551|1022.1588
1510200204675|1022.2003
1510200204829|1022.21423
1510200204951|1022.2461
1510200205073|1022.2737
1510200205230|1022.2959
1510200205353|1022.32336
1510200205470|1022.33
1510200205552|1022.3415
1510200205633|1022.3452
1510200205752|1022.37305
1510200205872|1022.3789
1510200206030|1022.3928
1510200206152|1022.39716
1510200206270|1022.41473
1510200206430|1022.4133
1510200206551|1022.4378
1510200206673|1022.439
1510200206754|1022.4377
1510200206872|1022.4257
1510200207031|1022.42084
1510200207151|1022.4369
1510200207272|1022.45514
1510200207354|1022.4503
1510200207472|1022.43286
1510200207631|1022.43884
1510200207753|1022.4243
1510200207871|1022.42773
1510200208030|1022.42114
1510200208154|1022.42395
1510200208238|1022.4469
1510200208353|1022.4252
1510200208435|1022.4228
1510200208551|1022.4239
1510200208633|1022.41754
1510200208751|1022.4196
1510200208871|1022.4076
1510200209031|1022.4176
1510200209152|1022.4315
1510200209270|1022.4372
1510200209432|1022.4088
1510200209554|1022.4061
1510200209674|1022.42004
1510200209832|1022.4242
1510200209951|1022.4212
1510200210032|1022.4181
1510200210152|1022.3962
1510200210233|1022.389
1510200210352|1022.3617
1510200210474|1022.3606
1510200210633|1022.36096
1510200210751|1022.3369
1510200210832|1022.363
1510200210952|1022.3397
1510200211072|1022.3229
1510200211231|1022.34644
1510200211352|1022.3447
1510200211472|1022.3356
1510200211632|1022.34735
1510200211753|1022.3206
1510200211871|1022.34045
1510200211953|1022.34076
1510200212072|1022.3494
1510200212155|1022.3499
1510200212272|1022.3416
1510200212432|1022.31934
1510200212555|1022.3142
1510200212672|1022.3367
1510200212832|1022.3218
1510200212952|1022.32837
1510200213034|1022.3402
1510200213154|1022.33057
1510200213273|1022.33636
1510200213435|1022.34216
