1509580737951|5.7|-37.079998|-27.66
1509580738073|5.8799996|-36.96|-27.24
1509580738205|5.94|-37.44|-26.64
1509580738337|5.46|-37.62|-26.64
1509580738470|5.1|-37.2|-27.0
1509580738601|5.2799997|-37.5|-27.24
1509580738733|5.04|-37.5|-27.42
1509580738865|5.04|-37.32|-27.72
1509580738997|5.52|-37.739998|-27.72
1509580739129|4.92|-37.32|-28.14
1509580739262|4.74|-36.78|-28.439999
1509580739393|4.7999997|-37.26|-28.26
1509580739525|4.2599998|-36.96|-28.26
1509580739657|4.68|-37.079998|-28.26
1509580739789|4.8599997|-37.2|-27.96
1509580739921|4.7999997|-36.719997|-28.08
1509580740053|4.98|-36.48|-28.199999
1509580740186|4.98|-36.12|-28.019999
1509580740317|4.7999997|-36.239998|-28.199999
1509580740449|4.74|-36.42|-27.779999
1509580740581|4.74|-36.54|-27.96
1509580740713|4.68|-37.02|-28.38
1509580740845|4.56|-37.2|-28.619999
1509580740977|4.68|-37.5|-29.16
1509580741109|4.62|-37.559998|-29.039999
1509580741241|4.2599998|-37.2|-28.619999
1509580741373|4.5|-36.6|-28.38
1509580741505|4.5|-36.239998|-28.199999
1509580741637|4.44|-36.66|-27.779999
1509580741770|4.68|-36.66|-28.14
1509580741901|4.5|-36.84|-28.26
1509580742033|4.68|-36.84|-28.14
1509580742165|4.98|-36.36|-28.439999
1509580742297|4.8599997|-36.36|-28.14
1509580742431|4.98|-36.54|-27.779999
1509580742561|4.8599997|-36.84|-27.72
1509580742693|4.44|-37.32|-28.019999
1509580742825|4.44|-37.5|-28.38
1509580742958|4.74|-37.68|-28.38
1509580743089|4.92|-37.5|-28.38
1509580743221|5.04|-37.38|-28.08
1509580743353|5.22|-37.32|-27.72
1509580743485|4.68|-36.96|-28.14
1509580743617|4.68|-36.48|-28.14
1509580743750|4.98|-36.36|-27.96
1509580743881|4.98|-36.6|-27.96
1509580744013|5.7|-36.96|-27.359999
1509580744146|5.52|-37.02|-27.66
1509580744277|5.7|-36.84|-27.66
1509580744409|6.18|-36.899998|-27.24
1509580744541|6.0|-36.54|-27.66
1509580744673|6.72|-37.02|-27.0
1509580744805|6.8999996|-37.2|-26.64
1509580744937|6.8999996|-37.38|-26.519999
1509580745069|7.2|-37.559998|-25.98
1509580745201|7.08|-37.68|-25.859999
1509580745333|7.08|-37.8|-26.099998
1509580745465|6.6|-37.8|-26.4
1509580745597|6.72|-37.8|-26.64
1509580745730|6.66|-37.26|-26.82
1509580745861|6.72|-36.899998|-26.88
1509580745994|7.2599998|-36.6|-26.519999
1509580746125|6.7799997|-36.18|-27.06
1509580746257|6.66|-36.48|-27.24
1509580746389|6.54|-36.66|-27.3
1509580746521|6.42|-36.78|-27.42
1509580746653|6.24|-37.38|-26.939999
1509580746785|6.6|-37.38|-27.119999
1509580746917|6.42|-37.44|-26.939999
1509580747049|6.24|-37.26|-27.18
1509580747182|6.24|-37.079998|-27.42
1509580747313|5.8799996|-36.96|-27.42
1509580747445|5.52|-36.96|-27.18
1509580747577|5.16|-37.2|-27.24
1509580747709|5.52|-37.38|-26.939999
1509580747841|5.7|-37.68|-26.64
1509580747973|6.24|-37.86|-26.64
1509580748105|6.8999996|-37.92|-26.4
1509580748238|6.24|-38.1|-26.46
1509580748369|6.24|-37.8|-26.64
1509580748501|6.2999997|-37.62|-27.06
1509580748633|5.94|-37.68|-26.88
1509580748765|6.48|-37.38|-26.939999
1509580748898|6.2999997|-37.5|-26.699999
1509580749037|6.24|-37.8|-26.4
1509580749162|6.42|-37.38|-26.699999
1509580749293|6.24|-37.14|-27.119999
1509580749425|6.24|-36.96|-27.599998
1509580749557|6.06|-36.18|-28.38
1509580749689|5.8799996|-35.88|-28.38
1509580749821|5.7|-36.3|-28.14
1509580749953|5.7|-36.42|-27.9
1509580750085|5.8799996|-36.54|-27.24
1509580750217|6.24|-36.84|-27.24
1509580750349|6.8399997|-36.66|-26.939999
1509580750481|7.14|-36.48|-26.939999
1509580750613|7.8599997|-36.42|-27.06
1509580750746|8.16|-36.36|-27.3
1509580750877|8.099999|-36.6|-27.359999
1509580751009|8.16|-36.719997|-27.18
1509580751141|7.3199997|-36.899998|-26.64
1509580751273|6.8999996|-36.84|-26.22
1509580751405|6.8999996|-36.48|-26.64
1509580751537|6.8999996|-36.6|-26.699999
1509580751669|7.14|-36.84|-27.24
1509580751801|7.3799996|-36.54|-27.24
1509580751934|7.68|-36.84|-27.539999
1509580752065|7.68|-36.18|-28.26
1509580752197|8.099999|-35.82|-28.74
1509580752329|8.16|-35.7|-29.4
1509580752461|8.34|-35.46|-29.039999
1509580752593|8.7|-35.7|-28.619999
1509580752725|8.7|-35.52|-29.099998
1509580752857|8.88|-35.82|-29.039999
1509580752989|8.7|-35.52|-29.099998
1509580753121|8.94|-35.579998|-29.519999
1509580753253|9.3|-35.64|-28.38
1509580753385|9.54|-35.76|-28.08
1509580753518|9.96|-35.94|-27.84
1509580753649|9.78|-36.0|-27.24
1509580753780|9.059999|-36.12|-27.0
1509580753919|8.7|-35.7|-27.0
1509580754045|8.34|-35.34|-27.359999
1509580754177|8.34|-35.04|-27.9
1509580754309|8.94|-35.04|-28.68
1509580754441|9.24|-34.98|-29.16
1509580754573|9.78|-34.8|-29.64
1509580754705|9.96|-34.8|-29.46
1509580754837|9.78|-34.14|-29.58
1509580754969|9.24|-34.2|-29.58
1509580755101|9.12|-34.38|-29.22
1509580755233|8.82|-34.86|-29.4
1509580755365|8.82|-35.34|-29.34
1509580755497|9.36|-35.52|-29.279999
1509580755629|9.36|-35.88|-29.039999
1509580755761|9.48|-35.52|-28.32
1509580755893|9.3|-35.88|-27.9
1509580756025|9.36|-36.48|-27.18
1509580756157|9.54|-36.719997|-26.58
1509580756289|9.9|-37.02|-26.46
1509580756421|10.44|-36.96|-26.16
1509580756553|10.5|-36.54|-26.22
1509580756685|10.559999|-36.239998|-26.22
1509580756817|10.559999|-36.36|-26.34
1509580756949|10.74|-36.48|-26.76
1509580757081|10.679999|-36.48|-27.48
1509580757213|10.62|-36.48|-28.08
1509580757346|10.74|-36.12|-28.26
1509580757477|10.92|-36.18|-28.8
1509580757609|11.219999|-36.54|-29.16
1509580757740|11.099999|-36.66|-29.88
1509580757873|11.04|-36.84|-30.66
1509580758005|10.5|-36.54|-30.779999
1509580758137|10.5|-36.059998|-30.3
1509580758269|10.74|-36.18|-29.939999
1509580758401|10.74|-36.12|-29.16
1509580758533|11.04|-36.36|-29.099998
1509580758665|10.86|-36.54|-29.16
1509580758797|10.86|-36.059998|-28.92
1509580758930|11.46|-35.88|-29.699999
1509580759061|12.3|-35.04|-29.34
1509580759193|13.98|-34.079998|-29.279999
1509580759325|15.42|-33.66|-29.279999
1509580759458|17.16|-33.0|-29.099998
1509580759589|18.96|-32.46|-29.099998
1509580759721|20.16|-31.8|-28.859999
1509580759813|21.0|-31.439999|-28.859999
1509580759919|21.539999|-31.619999|-28.619999
1509580760051|21.96|-31.5|-28.439999
1509580760183|21.779999|-30.84|-28.38
1509580760315|22.68|-30.48|-28.439999
