1510199324639|-1.3870392|6.0697937|7.0173492
1510199324746|-0.9938202|5.060013|9.631119
1510199324862|-0.004776001|4.8231354|7.944977
1510199324977|1.7746735|4.1802673|6.5459747
1510199325091|0.44267273|3.3882446|10.854645
1510199325208|0.7537384|4.1986084|8.8701935
1510199325329|-0.059814453|3.58844|10.273987
1510199325437|-0.496109|5.6805573|9.824142
1510199325555|-0.65483093|4.090927|8.011169
1510199325667|1.0488586|3.716858|10.095322
1510199325781|-1.8640137|2.5379944|9.557739
1510199325897|-3.2630157|4.391632|7.0173492
1510199326012|-3.1649017|2.265213|10.805191
1510199326126|-2.5515442|2.6775665|9.429321
1510199326241|-1.9365845|4.2257233|7.208786
1510199326356|-2.3090668|4.0685883|8.949158
1510199326471|-2.0283203|4.1411743|8.529617
1510199326587|-1.9134674|4.312668|7.608383
1510199326701|-1.9445648|4.624527|8.586243
1510199326817|-1.7355957|4.5455627|9.133408
1510199326931|-1.4197388|4.494522|8.532013
1510199327047|-1.2809601|4.642868|8.631714
1510199327164|-1.2841492|4.634094|8.283157
1510199327277|-1.2681885|4.5136566|8.118042
1510199327391|-1.2538452|4.790436|8.347763
1510199327506|-1.2594299|4.740982|8.385254
1510199327622|-1.1533356|4.5343933|7.5086823
1510199327737|-1.1405792|4.6899414|8.542374
1510199327852|-1.6669922|5.292923|9.299301
1510199327966|-1.3375854|5.052841|8.431503
1510199328084|-1.6462555|5.0169525|8.7417755
1510199328197|-1.7036896|4.961914|8.62294
1510199328312|-1.6909332|5.024933|8.5009
1510199328426|-1.8855438|4.512863|7.919449
1510199328545|-3.2326965|4.5495605|9.701294
1510199328657|-2.256424|4.7840424|7.598007
1510199328772|-3.1609192|4.8550415|7.8069916
1510199328888|-1.0998993|5.5162506|7.134598
1510199329003|-0.624527|5.036087|8.475372
1510199329117|-1.1230316|4.5016937|8.808777
1510199329232|-1.4891357|4.3557434|8.852646
1510199329351|-1.326416|4.6053925|8.762512
1510199329463|-1.0847473|4.0670013|9.506683
1510199329580|-1.5018921|3.8205414|8.916458
1510199329693|-1.7978058|4.4921265|8.235291
1510199329809|-2.7086792|3.6075745|9.337585
1510199329923|-2.6472626|3.606781|9.001801
1510199330038|-1.4372864|4.444275|8.608582
1510199330153|-1.0552368|4.7808533|8.297516
1510199330268|-1.7387848|4.364502|8.8989105
1510199330383|-1.1940155|4.5423737|8.7417755
1510199330500|-1.0991058|4.569504|8.843872
1510199330613|-1.2283173|4.5391846|8.823135
1510199330728|-1.2849426|4.5966187|8.847061
1510199330843|-0.71624756|4.6628113|8.71785
1510199330959|-0.8949127|4.443466|9.395813
1510199331074|-1.2945099|4.734604|8.283157
1510199331188|-2.3481598|4.6149597|8.527222
1510199331303|-1.5465698|4.4857483|8.897308
1510199331418|-1.2307129|4.508072|8.961121
1510199331532|-1.8528442|4.3166504|9.414963
1510199331649|-1.7619171|4.3397827|8.73938
1510199331763|-1.8592224|4.18425|8.47937
1510199331879|-1.572876|4.255234|8.67717
1510199331993|-1.5808563|4.1850433|8.9627075
1510199332108|-1.4460602|4.1683044|9.234711
1510199332223|-1.5768738|4.653244|8.484955
1510199332340|-2.398407|4.2576294|9.000214
1510199332453|-1.1302032|4.3078766|8.400406
1510199332590|-2.3026886|4.629318|7.8692017
1510199332691|-2.935196|4.815155|8.309479
1510199332798|-2.7908325|4.509674|6.8841553
1510199332914|2.4231415|4.6827545|10.321045
1510199333029|0.7082825|4.7433624|8.454636
1510199333143|1.3415833|5.326416|9.2378845
1510199333259|1.0305176|5.2634125|7.9146576
1510199333374|0.71784973|5.623932|8.111664
1510199333488|0.5032959|5.250641|8.847061
1510199333605|0.6237335|5.4628143|7.7766724
1510199333718|0.83270264|5.52742|9.12384
1510199333835|0.59580994|5.6941223|7.8675995
1510199333949|0.5184479|5.6071777|8.1324005
1510199334063|0.036697388|5.517853|7.8301086
1510199334179|0.034301758|5.50589|7.98645
1510199334294|-0.035095215|5.574478|8.123627
1510199334409|-0.0382843|5.3758698|8.231308
1510199334524|0.14756775|5.5601196|8.393219
1510199334641|0.090927124|5.367096|8.350952
1510199334753|0.19462585|5.5098724|8.107681
1510199334869|0.08615112|5.618347|8.238495
1510199334984|0.23768616|5.643875|8.043869
1510199335101|0.20578003|5.3511505|8.488144
1510199335214|0.5782623|5.6973114|8.320648
1510199335329|0.37168884|5.4085846|8.26561
1510199335446|0.100494385|5.531418|8.052643
1510199335559|-0.20179749|5.6661987|7.921051
1510199335675|-0.06700134|5.537796|8.005585
1510199335791|0.4769745|5.782654|8.3685
1510199335905|0.17228699|5.4372864|8.279968
1510199336019|0.20896912|5.63031|7.8859406
1510199336134|0.056625366|5.525818|8.507278
1510199336252|0.17866516|5.6566315|8.035904
1510199336365|0.100494385|5.539383|8.27359
1510199336479|0.033493042|5.4301147|7.993622
1510199336595|0.14196777|5.536194|8.220932
1510199336709|0.0015869141|5.596817|8.2895355
1510199336824|0.06062317|5.4436646|8.295914
1510199336941|0.20578003|5.5824585|8.283157
1510199337056|0.23609924|5.799408|7.885147
1510199337171|0.7800598|5.7898254|7.9585266
1510199337285|0.3014984|5.749161|7.807785
1510199337401|0.4737854|5.404587|8.318253
1510199337514|0.38763428|5.6486664|8.1276245
1510199337630|0.39163208|5.6446686|8.126816
1510199337748|0.49771118|5.4907227|8.872589
1510199337860|0.3549347|5.615158|8.156342
1510199337976|0.33180237|5.4221344|8.46022
1510199338092|0.7210388|5.7395935|7.4959106
1510199338206|0.3740692|5.414154|8.360519
1510199338321|0.35653687|5.588043|8.296722
1510199338436|0.5431671|5.5162506|8.812759
1510199338550|0.42033386|5.7914276|7.912262
1510199338665|0.22253418|5.721237|8.503296
1510199338780|0.4650116|5.7276154|8.1475525
1510199338896|-0.38604736|5.659027|7.8237305
1510199339011|0.5328064|6.0697937|7.806183
1510199339128|0.019134521|5.8791656|8.677963
1510199339241|0.0335083|5.719635|7.7304077
1510199339355|-0.8446655|6.0362854|7.001404
1510199339470|-0.36531067|5.5322113|8.205795
1510199339585|0.1268158|5.9565277|8.503296
1510199339701|-0.32781982|5.7507477|7.9656982
1510199339816|-0.28315735|5.678177|7.770294
1510199339931|-0.28793335|5.537796|8.224121
1510199340046|0.18823242|6.1360016|7.523834
1510199340162|-0.19940186|5.902298|7.6498566
1510199340275|-0.24725342|5.659027|8.395615
1510199340390|0.629303|6.2388916|7.613159
1510199340505|-0.071777344|5.9302063|8.115662
1510199340620|-0.05583191|5.77388|8.252045
1510199340736|-0.107681274|5.9015045|7.638687
1510199340851|-0.2927246|5.7658997|7.7543335
1510199340966|-0.4227295|5.7021027|8.325424
1510199341084|-0.16430664|5.8336945|7.850052
1510199341197|-0.42033386|5.6550446|8.295914
1510199341313|-0.21057129|5.723633|8.269592
1510199341425|-0.47457886|5.42453|8.3485565
1510199341541|-0.48095703|5.586441|7.79422
1510199341656|-0.58226013|5.2753754|8.319046
1510199341771|-0.44108582|5.299301|7.98645
1510199341887|-0.4107666|5.245865|8.514465
1510199342007|-0.23529053|5.554535|8.145966
1510199342117|-0.18344116|5.6223297|8.085342
1510199342231|-0.03907776|5.7092743|7.6514435
1510199342348|-0.23210144|5.4404755|8.41954
1510199342461|-0.08215332|5.489929|8.332611
1510199342576|0.08135986|5.6638184|7.625122
1510199342691|-0.28793335|5.5186462|8.405991
1510199342807|-0.31904602|5.6749725|8.0247345
1510199342921|0.051849365|5.6789703|8.461014
1510199343037|-0.12362671|5.5840454|8.175476
1510199343153|-0.05822754|5.7244263|8.229721
1510199343266|-0.102890015|5.8273163|7.8476562
1510199343381|0.007980347|5.476364|8.667603
1510199343496|-0.13639832|5.5034943|8.210571
1510199343611|-0.021530151|5.292923|8.551941
1510199343726|-0.07577515|5.75235|8.30867
1510199343843|-0.2695923|5.6159515|8.275177
1510199343958|0.13957214|5.598404|8.157928
1510199344072|-0.27278137|5.3814545|8.199402
1510199344189|-0.33898926|5.469986|8.274384
1510199344303|-0.36610413|5.4356995|8.367706
1510199344417|-0.48654175|5.48674|8.221741
1510199344532|-0.496109|5.3240356|8.500107
1510199344647|-0.45063782|5.1078796|8.658035
1510199344762|-0.29910278|5.3415833|8.280762
1510199344877|-0.25283813|5.4452667|8.011169
1510199344993|-0.4618225|4.994629|8.839081
1510199345109|-0.3900299|5.2498474|8.478561
1510199345223|-0.3310089|5.2618256|8.230515
1510199345337|-0.38523865|5.25943|8.502502
1510199345452|-0.12602234|5.32164|7.924225
1510199345567|-0.39163208|5.2323|8.614166
1510199345683|-0.25842285|5.4356995|7.933014
1510199345797|-0.09490967|5.3910217|7.9026947
1510199345912|-0.27996826|5.1908264|8.668396
1510199346029|-0.24645996|5.326416|8.529617
1510199346142|0.3014984|5.5585327|7.8811646
1510199346257|-0.19142151|5.463608|7.9928284
1510199346373|-0.18344116|5.1956177|8.641281
1510199346489|-0.18424988|5.3854523|8.882156
1510199346605|-0.4283142|5.43808|8.285553
1510199346717|-0.58943176|5.3679047|8.207382
1510199346832|-0.3988037|5.427719|8.179459
1510199346948|0.06939697|5.598404|7.4759674
1510199347063|-0.4402771|5.209976|8.85025
1510199347179|-0.24406433|5.4628143|7.888336
1510199347293|-0.26560974|5.3599243|8.264816
1510199347408|-0.39161682|5.188446|8.256836
1510199347523|-0.43948364|5.30011|8.410767
1510199347638|-0.34455872|5.399002|8.622131
1510199347754|-0.3357849|5.439682|8.049454
1510199347868|-0.3677063|5.4468536|7.9449615
1510199347984|-0.3166504|5.3862457|8.05983
1510199348098|-0.14994812|5.4452667|8.106888
1510199348214|-0.43948364|5.1413727|8.733002
1510199348329|-0.3637085|5.3423767|8.212967
1510199348445|-0.13319397|5.4420776|8.23291
1510199348557|-0.4019928|5.399002|8.075775
1510199348673|-0.39801025|5.3463593|8.02713
1510199348789|-0.40359497|5.193222|8.671585
1510199348905|-0.32940674|5.249054|8.483353
1510199349018|-0.27757263|5.2873383|8.5798645
1510199349133|-0.47218323|5.227524|8.366898
1510199349248|-0.38763428|5.274582|8.35733
1510199349366|-0.1483612|5.4372864|8.3358
1510199349478|-0.26878357|5.2769775|8.290329
1510199349593|-0.27915955|5.225128|8.678772
1510199349708|-0.28793335|5.2737885|8.233704
1510199349823|-0.37088013|5.288147|8.323837
1510199349939|-0.4107666|5.3312073|8.167496
1510199350053|-0.28076172|5.1956177|8.262421
1510199350169|-0.29032898|5.188431|8.3589325
1510199350284|-0.4490509|5.2418823|8.546356
1510199350399|-0.30308533|5.2012024|8.91008
1510199350513|-0.32621765|5.2291107|8.825531
1510199350629|-0.20100403|5.306488|8.259232
1510199350744|-0.17706299|5.262619|7.787842
1510199350860|-0.3046875|5.1126556|8.159531
1510199350975|-0.09411621|5.4317017|8.501694
1510199351089|0.03907776|5.3830566|8.434692
1510199351204|0.334198|5.5681|7.9872437
1510199351320|-0.05583191|5.273773|7.932205
1510199351434|-0.20019531|5.004196|9.079971
1510199351549|0.028717041|5.301697|8.295914
1510199351663|0.17147827|5.4388885|8.291138
1510199351779|-0.0677948|5.5330048|8.082962
1510199351894|-0.055038452|5.3120728|8.405991
1510199352009|-0.08773804|5.4301147|8.266403
1510199352125|-0.12921143|5.373474|8.330215
1510199352240|-0.13160706|5.230713|8.601395
1510199352355|-0.003189087|5.3862457|8.161926
1510199352470|-0.15553284|5.205185|8.78006
1510199352588|-0.066207886|5.4676056|8.087738
1510199352699|0.07337952|5.4237366|8.394028
1510199352815|-0.09173584|5.4372864|8.126022
1510199352929|-0.04067993|5.577667|7.8915253
1510199353047|-0.1483612|5.2697906|8.114059
1510199353160|-0.13079834|5.2546387|8.14357
1510199353276|-0.124435425|5.127823|8.650848
1510199353391|-0.23051453|5.301697|8.507278
1510199353506|-0.03907776|5.338394|8.181854
1510199353621|-0.13798523|5.4372864|8.129211
1510199353735|-0.02154541|5.3694916|8.406784
1510199353850|-0.07337952|5.1788635|8.668396
1510199353965|-0.14755249|5.301697|8.442673
1510199354081|0.04866028|5.4348907|8.303894
1510199354195|-0.0925293|5.421341|8.264008
1510199354312|-0.08934021|5.3766785|8.202591
1510199354426|-0.11087036|5.1334076|8.737793
1510199354540|0.039886475|5.323242|8.3437805
1510199354655|-0.25923157|5.3391876|8.275177
1510199354771|-0.2193451|5.3798676|8.268799
1510199354885|-0.36450195|5.3256226|7.8492584
1510199355001|-0.39482117|4.9778748|8.78804
1510199355115|-0.4817505|5.1254272|8.601395
1510199355233|-0.35812378|5.2131653|8.445862
1510199355347|-0.48414612|5.2163544|8.45224
1510199355461|-0.6348877|5.000992|8.687546
1510199355575|-0.48016357|5.225128|8.159531
1510199355690|-0.496109|5.2482605|8.354141
1510199355805|-0.50727844|5.183655|8.495316
1510199355921|-0.46820068|5.208374|8.400406
1510199356036|-0.40040588|5.2466583|8.327026
1510199356150|-0.4179535|5.188431|8.41954
1510199356266|-0.47935486|5.1166534|8.561523
1510199356381|-0.41236877|5.209976|8.342972
1510199356497|-0.39801025|5.229904|8.427521
1510199356610|-0.32302856|5.245056|8.312668
1510199356725|-0.45065308|5.235489|8.550354
1510199356842|-0.31425476|5.2346954|8.268005
1510199356956|-0.16430664|5.3040924|8.401993
1510199357071|-0.3461609|5.0608215|8.636505
1510199357186|-0.24645996|5.1740875|8.524033
1510199357301|-0.40837097|5.0727844|8.384445
1510199357416|-0.4665985|5.149353|8.539185
1510199357532|-0.3549347|5.3056946|8.488937
1510199357646|-0.3645172|5.124634|8.303101
1510199357761|-0.4697876|5.091934|8.559921
1510199357876|-0.36849976|5.2323|8.563904
1510199357991|-0.34536743|5.221939|8.491333
1510199358106|-0.24964905|5.249054|8.604584
1510199358222|-0.3652954|5.2283173|8.413971
1510199358336|-0.33021545|5.3359985|8.342972
1510199358452|-0.37008667|5.252243|8.386841
1510199358566|-0.35733032|5.284149|8.182663
1510199358682|-0.25204468|5.323227|8.571884
1510199358797|-0.2839508|5.1740875|8.488937
1510199358911|-0.42512512|5.152542|8.501694
1510199359028|-0.41236877|5.2012024|8.463409
1510199359143|-0.3812561|5.1804504|8.401993
1510199359258|-0.2871399|5.2331085|8.476181
1510199359372|-0.31425476|5.241089|8.291138
1510199359487|-0.29989624|5.2131653|8.296707
1510199359602|-0.22572327|5.3415833|8.5798645
1510199359716|-0.38204956|5.1318054|8.3437805
1510199359833|-0.39720154|5.191635|8.187439
1510199359947|-0.30070496|5.1852417|8.336594
1510199360063|-0.34376526|5.227524|8.294327
1510199360190|-0.24885559|5.200409|8.491333
1510199360292|-0.46899414|5.0831604|8.421936
1510199360407|-0.35572815|5.140579|8.370895
1510199360524|-0.28793335|5.2514496|8.385239
1510199360640|-0.31185913|5.2817535|8.310272
1510199360752|-0.2959137|5.2666016|8.303894
1510199360868|-0.30548096|5.183655|8.39003
1510199360983|-0.32144165|5.1996|8.427521
1510199361098|-0.26081848|5.3463593|8.510468
1510199361212|-0.42910767|5.223526|8.145172
1510199361328|-0.47218323|5.1804657|8.072586
1510199361442|-0.3469696|5.1549377|8.587845
1510199361558|-0.32621765|5.12941|8.512863
1510199361672|-0.216156|5.30011|8.585449
1510199361787|-0.33180237|5.258621|8.153946
1510199361906|-0.48095703|5.1437683|8.853439
1510199362017|-0.41474915|5.243469|8.500107
1510199362134|-0.37886047|5.2027893|8.740189
1510199362249|-0.17707825|5.32164|8.789642
1510199362365|-0.32382202|4.9898376|8.685944
1510199362478|-0.43389893|5.0289154|8.793625
1510199362592|-0.5168457|5.135803|8.760925
1510199362707|-0.36450195|5.183655|8.222534
1510199362823|-0.22970581|5.261017|8.880554
1510199362938|-0.34536743|5.119049|8.558319
1510199363053|-0.3310089|5.09671|8.756943
1510199363169|-0.38523865|5.1110687|8.343765
1510199363283|-0.38604736|5.2857513|8.19223
1510199363398|-0.29670715|5.355942|8.175476
1510199363514|-0.31506348|5.466797|7.8460693
1510199363628|-0.2664032|5.289734|8.760925
1510199363742|-0.35253906|5.164505|8.229721
1510199363859|-0.37646484|5.1469574|8.292725
1510199363973|-0.45065308|5.3256226|8.421936
1510199364088|-0.31425476|5.4388885|8.030319
1510199364203|-0.7641144|4.975479|8.802399
1510199364320|-1.0257263|4.771286|8.773682
1510199364433|-1.2697906|4.795212|8.585449
1510199364548|-1.079956|4.5423737|8.750549
1510199364664|-1.138977|4.5120697|8.844666
1510199364777|-1.0169525|4.6476593|8.397217
1510199364898|-1.1988068|4.5599213|8.767303
1510199365009|-1.1278229|4.4697876|8.746567
1510199365125|-1.1605225|4.5056915|8.941986
1510199365240|-0.95951843|4.5862427|8.823929
1510199365355|-0.9539337|4.5702972|8.649261
1510199365468|-1.0576324|4.484955|9.028122
1510199365586|-0.9667053|4.7369843|8.662811
1510199365699|-0.95951843|4.8685913|8.56311
1510199365814|-0.7992096|4.815155|8.661224
1510199365930|-0.96829224|4.703491|8.62532
1510199366045|-0.7848511|4.9068756|8.327026
1510199366160|-0.86460876|4.6987|8.998611
1510199366273|-0.7936249|4.934799|8.952347
1510199366389|-0.42433167|5.247452|8.394028
1510199366504|-0.50727844|5.351944|8.019943
1510199366619|-0.42991638|5.380661|8.109283
1510199366733|-0.28793335|5.3798676|8.053436
1510199366849|-0.4147644|5.3710938|8.342972
1510199366965|-0.22253418|5.4931183|7.983261
1510199367079|-0.110076904|5.458832|8.315857
1510199367194|-0.25204468|5.38385|7.9609222
1510199367310|-0.32144165|5.365509|8.399612
1510199367424|-0.18902588|5.4596252|8.266403
1510199367540|-0.21296692|5.3782654|8.232101
1510199367654|-0.09970093|5.50589|7.9569244
1510199367769|-0.23291016|5.353546|8.327026
1510199367885|-0.28793335|5.4237366|8.1651
1510199367999|-0.2416687|5.373474|8.2034
1510199368118|-0.29112244|5.353546|8.463409
1510199368231|-0.025527954|5.4604187|8.111664
1510199368346|-0.22653198|5.268997|8.113266
1510199368461|-0.22332764|5.2602234|8.264801
1510199368576|-0.35812378|5.3240356|8.327026
1510199368695|-0.334198|5.3814545|8.29512
1510199368804|-0.14596558|5.5481567|7.9904327
1510199368921|-0.1603241|5.4253235|8.038284
1510199369035|-0.14277649|5.426117|7.7104645
1510199369161|-0.31027222|5.2243347|8.331009
1510199369266|-0.2576294|5.3814545|8.080566
1510199369381|-0.12123108|5.4508514|8.341385
1510199369494|-0.2592163|5.312866|7.9066925
1510199369610|-0.33499146|5.1908264|8.5009
1510199369725|-0.31266785|5.0169525|8.294312
1510199369840|-0.40597534|5.2243347|8.261612
1510199369956|-0.40518188|5.221939|8.137192
1510199370070|-0.39720154|5.1820526|8.260025
1510199370186|-0.46261597|5.292923|8.242477
1510199370301|-0.3756714|5.1286163|8.513657
1510199370415|-0.2975006|5.34317|8.84227
1510199370531|-0.26002502|5.389435|8.293518
1510199370646|-0.1946106|5.3192444|9.003403
1510199370760|-0.14198303|5.399811|8.082962
1510199370875|0.017547607|5.539383|7.8612213
1510199370991|-0.13400269|5.339981|8.559128
1510199371106|0.07896423|5.4604187|8.173874
1510199371221|-0.18664551|5.3559265|8.161118
1510199371338|-0.14994812|5.36232|8.559128
1510199371450|-0.20657349|5.2825623|8.346161
1510199371566|-0.07896423|5.2985077|8.344574
1510199371681|-0.34457397|5.139786|8.527222
1510199371795|-0.24645996|5.208374|8.24408
1510199371910|-0.47297668|5.1876373|8.488937
1510199372026|-0.4283142|4.958725|8.810379
1510199372141|-0.5527344|5.198807|8.461029
1510199372255|-0.5862427|5.122238|8.678772
1510199372372|-0.46180725|5.3527374|7.9736786
1510199372486|-0.5814514|5.206787|8.206589
1510199372602|-0.53678894|4.9826508|8.6931305
1510199372718|-0.5774689|5.0759735|9.016159
1510199372830|-0.5056915|5.2235413|8.108475
1510199372947|-0.44984436|5.1110687|8.58226
1510199373063|-0.42033386|5.117447|8.374084
1510199373177|-0.45065308|5.1669006|8.642868
1510199373292|-0.4618225|5.1286163|8.413956
1510199373407|-0.48973083|5.09671|8.547165
1510199373521|-0.5232239|5.120636|8.569504
1510199373636|-0.4737854|5.142975|8.421936
1510199373752|-0.47138977|5.0959167|8.377274
1510199373867|-0.48893738|5.124634|8.495316
1510199373983|-0.43389893|5.2291107|8.557541
1510199374096|-0.45303345|5.0169525|8.293518
1510199374212|-0.42990112|5.149353|8.3533325
1510199374328|-0.36769104|5.193222|8.199402
1510199374444|-0.3708954|5.131012|8.208176
1510199374556|-0.41874695|5.0664062|8.415558
1510199374674|-0.46420288|5.1030884|8.542374
1510199374788|-0.50886536|5.087143|8.621338
1510199374942|-0.46820068|5.146164|8.501694
1510199375044|-0.47138977|5.1078796|8.480957
1510199375143|-0.6125641|5.0823517|8.293533
1510199375261|-0.64686584|5.103897|8.465012
1510199375377|-0.6596222|5.119049|8.528809
1510199375484|-0.6285095|5.1134644|8.447464
1510199375591|-0.63409424|5.1302185|8.453842
1510199375712|-0.65882874|5.0416718|8.451447
1510199375822|-0.6356964|5.052841|8.51207
1510199375955|-0.6859436|5.029709|8.658829
1510199376062|-0.5607147|5.067993|8.291931
1510199376183|-0.5774689|5.127014|8.475372
1510199376315|-0.58384705|4.980255|8.414764
1510199376397|-0.5264282|5.0775757|8.506485
1510199376512|-0.47297668|5.1166534|8.561523
1510199376627|-0.14356995|5.1349945|8.785645
1510199376742|0.3557434|5.4915314|8.398804
1510199376856|0.49212646|5.3599243|8.161926
1510199376972|0.58703613|5.4069824|8.169891
1510199377089|0.5623169|5.4947205|8.140381
1510199377203|0.5639038|5.537796|7.8867493
1510199377322|0.6125641|5.404587|8.428314
1510199377433|0.58384705|5.333603|8.386047
1510199377548|0.2839508|5.1724854|8.721832
1510199377663|0.2887268|5.09671|7.91864
1510199377777|-0.10368347|4.6285095|9.133408
1510199377894|-0.10209656|4.9507446|8.383652
1510199378007|-0.45544434|4.5240326|9.098312
1510199378124|-0.6827545|4.3892365|8.808777
1510199378238|-1.2905273|4.24646|9.269791
1510199378353|-1.7523499|4.509674|8.478561
1510199378470|-1.7284241|4.3820496|8.928421
1510199378584|-1.7850494|4.379669|8.80159
1510199378698|-1.450058|4.551941|8.511276
1510199378812|-1.5170441|4.480957|8.815155
1510199378928|-1.3774719|4.5288086|8.52243
1510199379044|-1.4133606|4.497711|8.5902405
1510199379159|-1.4069824|4.602997|8.778473
1510199379274|-1.3694916|4.597412|8.745773
1510199379389|-0.9012909|4.9276276|8.484955
1510199379505|-1.0735779|4.784851|8.480164
1510199379618|-1.0671997|4.7617188|8.614166
1510199379733|-0.9714813|4.840683|8.448257
1510199379849|-1.0432739|4.80719|8.297516
1510199379963|-0.9922333|4.707489|8.648468
1510199380082|-0.8231354|4.821533|8.573486
1510199380194|-0.7984009|4.6811523|8.69632
1510199380309|-0.7808533|4.777664|8.652451
1510199380423|-0.66918945|4.886139|8.493729
1510199380540|-0.9124603|4.752945|8.617355
1510199380656|-0.88134766|4.843872|8.454636
1510199380768|-0.771286|4.862213|8.58226
1510199380883|-0.79122925|4.805588|8.543976
1510199380999|-0.7744751|4.860626|8.567902
1510199381116|-0.80477905|4.886139|8.662018
1510199381228|-0.4195404|4.8869476|8.250458
1510199381346|-1.1445618|4.4889374|8.760925
1510199381459|-1.5162506|4.069397|8.887741
1510199381576|-1.409378|4.440277|8.705093
1510199381689|-1.5361938|4.4075775|8.602997
1510199381804|-1.5226288|4.1611176|8.965912
1510199381919|-1.2426758|4.2695923|8.642868
1510199382034|-1.2721863|4.3525543|8.501694
1510199382150|-1.4851532|4.3014984|8.551956
1510199382264|-1.4779663|4.3349915|8.668396
1510199382379|-1.5561371|4.1834564|8.932404
1510199382494|-1.469986|4.2847443|8.75853
1510199382609|-1.3950195|4.072586|8.629318
1510199382724|-1.3583221|4.217743|8.626129
1510199382839|-1.4372864|4.3397827|8.752945
1510199382954|-1.6358948|4.1611176|8.831909
1510199383070|-1.5330048|4.2759705|8.97229
1510199383187|-1.4181519|4.5192413|8.88295
1510199383299|-1.4444733|4.1698914|8.730606
1510199383415|-1.4667969|4.281555|8.787247
1510199383530|-1.3543396|4.2951202|8.791229
1510199383644|-1.4524536|4.1794586|8.760132
1510199383768|-1.6518402|4.273575|8.60379
1510199383874|-1.6733856|4.3046875|8.9292145
1510199383989|-1.46521|4.4378967|8.713867
1510199384106|-0.8925171|4.3166504|8.354141
1510199384220|-1.031311|4.1140594|9.202789
1510199384334|-0.69311523|4.320648|9.111877
1510199384451|-0.5080719|4.4466705|8.784058
1510199384566|-0.28234863|4.6165466|8.398804
1510199384680|-0.19541931|4.6253204|8.793625
1510199384795|0.057434082|4.5918274|8.936401
1510199384912|0.11166382|4.8071747|8.443481
1510199385024|-0.043060303|4.610977|9.060028
1510199385143|0.18345642|5.0456696|8.169098
1510199385255|0.62532043|5.044861|9.295319
1510199385373|-0.04067993|5.4644165|8.826324
1510199385486|-0.4753723|4.6133575|8.902893
1510199385602|-0.3988037|4.592621|9.456436
1510199385726|0.13240051|3.966507|8.234497
1510199385832|0.9459686|4.3166504|8.544769
1510199385945|-0.08375549|3.1218414|10.365707
1510199386060|-0.958725|2.778061|9.179672
1510199386176|-1.804184|2.3776703|9.472382
1510199386291|-1.8002014|2.2388916|9.402191
1510199386406|-2.0179443|2.342575|9.556931
1510199386520|-1.7236328|2.707077|9.470795
1510199386637|-1.3176422|2.784439|9.190033
1510199386750|-1.714859|2.980667|9.223526
1510199386870|-1.7363892|3.1146545|9.224335
1510199386984|-1.7850494|2.7238312|9.466812
1510199387102|-1.6518402|2.3266144|9.5681
1510199387211|-1.1788635|2.4789734|9.628723
1510199387325|-1.6358948|2.050644|9.332809
1510199387440|-2.0171509|1.583252|9.534607
1510199387557|-1.9517517|1.9621124|9.48674
1510199387671|-1.9597168|2.1495514|9.663818
1510199387785|-1.6765747|2.585846|9.505081
1510199387901|-2.2125702|2.212555|9.6957245
1510199388011|-2.362503|2.4821472|9.147766
1510199388133|-2.6097717|2.555542|8.903687
1510199388246|-2.617752|2.5188446|9.123825
1510199388361|-2.7844543|2.325821|9.419739
