1509547540613|9.021352|-0.009576807|4.003105
1509547540743|9.011775|-0.009576807|3.9935284
1509547540873|9.011775|0.009576807|4.012682
1509547541008|9.011775|0.0|4.003105
1509547541137|9.011775|0.0|4.003105
1509547541269|9.011775|0.0|4.003105
1509547541401|9.011775|0.0|4.003105
1509547541533|9.011775|0.0|4.003105
1509547541665|9.011775|0.0|4.003105
1509547541800|9.011775|0.0|4.003105
1509547541929|9.030929|-0.009576807|4.003105
1509547542063|9.030929|0.009576807|3.9935284
1509547542194|9.011775|0.0|3.9935284
1509547542333|9.011775|0.0|3.9935284
1509547542464|9.030929|0.0|3.9935284
1509547542589|9.021352|0.0|3.9935284
1509547542722|9.021352|0.0|3.9935284
1509547542853|9.021352|-0.009576807|3.9935284
1509547542985|9.021352|-0.009576807|3.9839516
1509547543117|9.021352|-0.009576807|3.964798
1509547543249|9.040505|-0.019153614|3.9935284
1509547543381|9.021352|0.0|3.9935284
1509547543513|9.011775|0.0|4.0318356
1509547543649|9.002198|0.009576807|4.0222588
1509547543782|9.002198|0.009576807|4.0222588
1509547543914|8.992621|0.009576807|4.0414124
1509547544041|9.011775|0.009576807|4.012682
1509547544182|8.992621|0.0|4.012682
1509547544305|8.992621|0.019153614|4.0318356
1509547544437|8.992621|0.019153614|4.0318356
1509547544569|9.011775|-0.009576807|4.003105
1509547544701|9.011775|0.009576807|3.9935284
1509547544833|9.030929|0.0|3.9935284
1509547544966|9.030929|0.0|3.9935284
1509547545097|9.030929|0.0|3.9935284
1509547545229|9.030929|0.0|4.012682
1509547545366|9.011775|0.0|3.9839516
1509547545493|9.030929|0.0|4.003105
1509547545628|9.011775|-0.009576807|3.9935284
1509547545766|9.030929|-0.009576807|3.9935284
1509547545898|9.030929|-0.009576807|3.9839516
1509547546022|9.030929|0.009576807|4.003105
1509547546153|9.021352|0.0|3.9935284
1509547546285|9.011775|0.0|3.9935284
1509547546417|9.030929|0.0|3.9935284
1509547546549|9.030929|0.0|3.9935284
1509547546681|9.030929|0.0|3.9935284
1509547546814|9.030929|0.0|3.9935284
1509547546952|9.030929|0.0|3.9935284
1509547547083|9.030929|0.0|3.9935284
1509547547209|9.030929|-0.009576807|3.9935284
1509547547344|9.030929|-0.009576807|3.9935284
1509547547482|9.011775|-0.009576807|3.9935284
1509547547606|9.030929|0.009576807|3.9935284
1509547547737|9.030929|0.0|3.964798
1509547547869|9.030929|0.0|3.9935284
1509547548001|9.030929|0.0|3.9935284
1509547548133|9.030929|-0.019153614|3.9839516
1509547548265|9.030929|-0.009576807|3.9839516
1509547548400|9.011775|0.009576807|4.003105
1509547548531|9.030929|0.0|4.003105
1509547548663|9.021352|-0.009576807|3.9839516
1509547548793|9.021352|-0.009576807|3.9839516
1509547548933|9.040505|-0.009576807|3.9839516
1509547549063|9.030929|-0.009576807|3.9839516
1509547549189|9.021352|0.009576807|4.012682
1509547549321|9.011775|-0.009576807|3.9935284
1509547549453|9.030929|-0.019153614|3.9839516
1509547549585|9.030929|0.0|3.9839516
1509547549717|9.030929|-0.009576807|3.9839516
1509547549849|9.030929|0.009576807|3.9839516
1509547549983|9.030929|0.009576807|4.003105
1509547550115|9.021352|0.0|3.9839516
1509547550245|9.040505|0.0|3.9839516
1509547550377|9.021352|0.0|3.964798
1509547550515|9.021352|0.0|3.9839516
1509547550643|9.021352|0.0|4.003105
1509547550773|9.021352|0.0|4.003105
1509547550906|9.021352|0.0|3.9935284
1509547551037|9.021352|0.0|3.9552212
1509547551169|9.021352|0.0|3.9839516
1509547551301|9.040505|0.0|3.9839516
1509547551433|9.030929|-0.009576807|4.003105
1509547551567|9.011775|-0.009576807|3.9935284
1509547551697|9.030929|-0.009576807|3.9743748
1509547551833|9.021352|-0.009576807|3.9935284
1509547551961|9.021352|-0.009576807|3.9839516
1509547552100|9.021352|-0.009576807|3.9839516
1509547552232|9.021352|-0.009576807|3.9935284
1509547552363|9.021352|0.009576807|3.9552212
1509547552490|9.011775|0.0|3.9935284
1509547552621|9.030929|-0.019153614|3.9935284
1509547552753|9.030929|0.0|3.9935284
1509547552885|9.030929|-0.02873042|4.003105
1509547553017|9.030929|-0.009576807|3.9839516
1509547553149|9.030929|-0.009576807|3.9743748
1509547553281|9.021352|-0.019153614|4.0222588
1509547553414|9.040505|0.0|4.003105
1509547553549|8.992621|0.0|4.0222588
1509547553677|8.992621|0.0|4.0222588
1509547553814|9.011775|-0.009576807|4.003105
1509547553944|9.030929|-0.009576807|3.9839516
1509547554073|9.030929|-0.009576807|3.9839516
1509547554205|9.030929|-0.009576807|3.9839516
1509547554337|9.030929|-0.009576807|3.9839516
1509547554470|9.030929|-0.009576807|3.9552212
1509547554601|9.030929|-0.009576807|4.003105
1509547554733|9.030929|-0.009576807|4.003105
1509547554865|9.030929|-0.009576807|3.9743748
1509547555000|9.021352|-0.009576807|3.9935284
1509547555133|9.021352|-0.009576807|3.9935284
1509547555261|9.021352|-0.009576807|3.9935284
1509547555393|9.021352|-0.009576807|3.9839516
1509547555533|9.021352|-0.009576807|3.9839516
1509547555663|9.021352|-0.009576807|4.003105
1509547555792|9.021352|-0.009576807|3.9839516
1509547555921|9.021352|-0.009576807|3.9839516
1509547556055|9.040505|-0.009576807|3.9743748
1509547556186|9.030929|-0.009576807|3.9743748
1509547556317|9.021352|-0.009576807|3.9935284
1509547556449|9.040505|-0.009576807|3.9935284
1509547556582|9.030929|-0.009576807|3.9839516
1509547556713|9.030929|-0.019153614|3.9839516
1509547556846|9.011775|0.0|3.9935284
1509547556984|9.030929|-0.009576807|3.9839516
1509547557113|9.021352|0.009576807|4.003105
1509547557249|9.021352|0.0|3.9935284
1509547557382|9.011775|0.0|4.0222588
1509547557506|9.002198|0.019153614|4.0222588
1509547557637|9.021352|0.019153614|4.012682
1509547557769|9.002198|0.019153614|4.0222588
1509547557901|8.992621|0.019153614|4.0222588
1509547558034|8.992621|0.009576807|4.0222588
1509547558166|9.021352|-0.009576807|3.9743748
1509547558299|9.040505|-0.009576807|3.9935284
1509547558433|9.030929|0.009576807|3.9264908
1509547558563|9.021352|0.0|3.9935284
1509547558693|9.011775|0.0|3.9935284
1509547558834|9.011775|0.0|4.003105
1509547558963|9.030929|0.0|3.9839516
1509547559089|9.030929|-0.009576807|3.9743748
1509547559221|9.030929|-0.009576807|3.9743748
1509547559353|9.030929|-0.009576807|3.9935284
1509547559486|9.030929|-0.009576807|3.9935284
1509547559617|9.021352|-0.009576807|3.964798
1509547559749|9.040505|-0.009576807|3.9935284
1509547559881|9.030929|-0.019153614|4.0222588
1509547560014|9.030929|0.0|3.9935284
1509547560146|9.030929|0.0|3.9935284
1509547560281|9.030929|0.0|3.9935284
1509547560413|9.030929|-0.019153614|3.9935284
1509547560543|9.030929|0.0|3.9935284
1509547560680|9.021352|-0.019153614|3.9935284
1509547560805|9.021352|-0.019153614|3.9935284
1509547560937|9.040505|-0.019153614|3.9743748
1509547561069|9.011775|0.0|4.012682
1509547561201|9.021352|0.0|3.9839516
1509547561333|9.021352|0.0|3.9839516
1509547561465|9.040505|0.0|4.003105
1509547561597|9.030929|0.0|3.9839516
1509547561729|9.030929|-0.009576807|3.9839516
1509547561863|9.030929|-0.009576807|3.9839516
1509547561993|9.030929|-0.009576807|3.9839516
1509547562132|9.030929|-0.009576807|3.9839516
1509547562263|9.030929|-0.009576807|4.003105
1509547562389|9.021352|-0.009576807|3.9839516
1509547562524|9.040505|-0.009576807|3.9839516
1509547562654|9.040505|-0.009576807|3.9839516
1509547562786|9.021352|-0.009576807|3.9935284
1509547562917|9.040505|-0.009576807|3.9935284
1509547563050|9.030929|-0.009576807|3.9935284
1509547563183|9.030929|-0.009576807|3.9935284
1509547563317|9.030929|-0.009576807|3.9935284
1509547563445|9.021352|0.009576807|3.9839516
1509547563577|9.021352|0.0|3.9743748
1509547563714|9.011775|0.0|4.003105
1509547563847|9.030929|0.0|4.003105
1509547563973|9.021352|-0.019153614|3.9839516
1509547564105|9.011775|0.0|3.9839516
1509547564237|9.030929|0.0|4.003105
1509547564369|9.030929|0.0|3.9360676
1509547564501|9.021352|0.0|3.9935284
1509547564633|9.011775|0.0|3.9935284
1509547564766|9.030929|0.0|3.964798
1509547564899|9.030929|-0.009576807|3.9935284
1509547565031|9.021352|-0.009576807|4.003105
1509547565164|9.040505|-0.009576807|3.9935284
1509547565297|9.002198|0.009576807|4.0222588
1509547565426|9.002198|0.009576807|4.0414124
1509547565563|9.021352|-0.009576807|4.012682
1509547565689|9.021352|-0.019153614|3.9839516
1509547565821|9.021352|-0.019153614|3.9839516
1509547565954|9.040505|0.0|4.003105
1509547566085|9.030929|0.0|3.9264908
1509547566217|9.030929|0.0|4.003105
1509547566350|9.011775|0.0|4.0414124
1509547566483|9.030929|0.0|3.9935284
1509547566616|9.021352|-0.009576807|3.9935284
1509547566750|9.021352|-0.009576807|3.9839516
1509547566877|9.011775|-0.009576807|4.003105
1509547567013|9.030929|-0.009576807|3.9935284
1509547567142|9.021352|0.009576807|4.012682
1509547567273|9.011775|0.0|4.012682
1509547567406|9.030929|0.0|3.964798
1509547567537|9.030929|0.0|3.9935284
1509547567669|9.021352|-0.019153614|3.9935284
1509547567801|9.021352|0.0|3.9935284
1509547567933|9.021352|0.0|3.9935284
1509547568065|9.021352|0.0|3.9935284
1509547568199|9.021352|0.0|3.9935284
1509547568331|9.021352|0.0|3.9935284
1509547568461|9.011775|0.0|3.9935284
1509547568599|9.030929|0.0|3.9839516
1509547568732|9.021352|0.0|3.9839516
1509547568866|9.011775|-0.009576807|4.003105
1509547568989|9.030929|-0.009576807|3.9935284
1509547569121|9.011775|-0.009576807|3.9935284
1509547569253|9.030929|-0.009576807|4.003105
1509547569385|9.030929|-0.009576807|3.9839516
1509547569517|9.030929|-0.009576807|4.003105
1509547569650|9.030929|-0.019153614|3.9935284
1509547569782|9.030929|0.0|3.9935284
1509547569914|9.011775|0.0|3.9935284
1509547570045|9.011775|0.0|3.9935284
1509547570184|9.011775|0.0|3.9935284
1509547570312|9.011775|0.0|4.012682
1509547570444|9.030929|0.0|4.003105
1509547570581|9.030929|0.0|3.9743748
1509547570705|9.030929|0.0|3.9935284
1509547570837|9.011775|0.0|4.0222588
1509547570969|8.983045|0.019153614|4.012682
1509547571101|9.002198|0.009576807|3.9839516
1509547571233|9.002198|0.009576807|4.0222588
1509547571367|9.002198|0.019153614|4.003105
1509547571500|9.002198|0.019153614|3.9839516
1509547571633|9.002198|0.009576807|4.0318356
1509547571762|9.021352|0.009576807|4.003105
1509547571900|9.021352|0.0|3.964798
1509547572033|9.021352|0.0|3.9839516
1509547572157|9.040505|0.0|4.0414124
1509547572289|9.011775|0.0|3.9743748
1509547572421|9.021352|-0.019153614|3.9935284
1509547572553|9.021352|-0.019153614|3.9839516
1509547572685|9.011775|0.0|4.003105
1509547572817|9.030929|0.0|3.9935284
1509547572950|9.021352|0.0|3.9552212
1509547573083|9.021352|0.0|3.9935284
1509547573213|9.011775|0.0|4.003105
1509547573350|9.002198|0.019153614|4.0318356
1509547573484|9.002198|0.009576807|4.0318356
1509547573614|9.021352|0.0|3.9839516
1509547573744|9.021352|0.0|3.9743748
1509547573873|9.021352|0.0|4.003105
1509547574005|9.021352|0.0|3.9839516
1509547574137|9.021352|0.0|4.003105
1509547574269|9.021352|0.0|3.9935284
1509547574401|9.002198|0.0|4.012682
1509547574533|8.992621|0.019153614|4.0222588
1509547574669|9.030929|0.009576807|3.9839516
1509547574797|9.030929|0.0|4.003105
1509547574929|9.030929|0.0|4.003105
1509547575061|9.030929|-0.019153614|3.9935284
1509547575195|9.021352|0.0|3.964798
1509547575332|9.011775|0.0|4.0318356
1509547575457|9.011775|0.0|3.9552212
1509547575589|9.011775|0.0|3.9935284
1509547575721|9.011775|0.0|4.012682
1509547575854|9.030929|0.0|4.003105
1509547575985|9.021352|-0.019153614|3.9839516
1509547576117|9.021352|0.0|4.003105
1509547576249|9.021352|-0.009576807|3.9839516
1509547576381|9.011775|-0.009576807|4.003105
1509547576513|9.011775|-0.009576807|4.003105
1509547576645|9.030929|-0.009576807|3.9935284
1509547576777|9.030929|-0.009576807|3.9935284
1509547576913|9.011775|-0.009576807|4.0222588
1509547577050|9.030929|-0.009576807|3.9743748
1509547577173|9.021352|0.009576807|3.9935284
1509547577305|9.021352|0.0|3.9935284
1509547577437|9.021352|0.0|3.9743748
1509547577569|9.011775|0.0|3.9935284
1509547577702|9.030929|0.0|3.9839516
1509547577833|9.002198|0.0|4.003105
1509547577967|9.021352|0.0|4.003105
1509547578097|9.021352|-0.019153614|3.9935284
1509547578233|9.021352|0.0|3.9839516
1509547578363|9.021352|-0.009576807|3.964798
1509547578500|9.040505|-0.009576807|3.9935284
1509547578633|9.040505|-0.009576807|3.9935284
1509547578759|9.021352|-0.009576807|3.9935284
1509547578889|9.030929|-0.009576807|3.9839516
1509547579021|9.011775|-0.009576807|4.012682
1509547579154|9.030929|0.009576807|4.0797195
1509547579285|9.021352|0.0|3.964798
1509547579420|9.021352|0.0|3.9935284
1509547579549|9.021352|0.0|3.9935284
1509547579681|9.011775|0.0|3.9935284
1509547579813|9.011775|-0.019153614|3.9935284
1509547579945|9.011775|0.0|3.9935284
1509547580084|9.030929|-0.009576807|3.9839516
1509547580211|9.011775|-0.009576807|4.012682
1509547580350|9.021352|-0.019153614|3.9839516
1509547580473|9.021352|0.0|3.9839516
1509547580606|9.021352|0.0|4.003105
1509547580737|9.021352|-0.009576807|3.9935284
1509547580869|9.021352|-0.009576807|3.9935284
1509547581001|9.021352|-0.009576807|3.9935284
1509547581133|9.021352|-0.019153614|3.9839516
1509547581266|9.021352|0.0|3.9743748
1509547581397|9.040505|-0.009576807|3.9743748
1509547581534|9.030929|-0.009576807|3.9935284
1509547581661|9.021352|-0.009576807|3.9935284
1509547581797|9.021352|-0.009576807|3.9839516
1509547581932|9.040505|-0.009576807|3.9935284
1509547582057|9.030929|-0.009576807|3.9839516
1509547582189|9.030929|-0.009576807|3.9839516
1509547582321|9.030929|-0.009576807|3.9839516
1509547582453|9.030929|-0.009576807|3.9839516
1509547582585|9.030929|-0.009576807|4.003105
1509547582717|9.011775|-0.019153614|3.9839516
1509547582850|9.030929|0.0|3.9839516
1509547582983|9.030929|-0.019153614|3.9839516
1509547583113|9.021352|0.0|3.9839516
1509547583250|9.021352|0.0|3.9839516
1509547583382|9.021352|0.0|3.9839516
1509547583513|9.021352|0.0|4.003105
1509547583650|9.011775|0.0|3.9935284
1509547583773|9.011775|-0.009576807|3.9935284
1509547583906|9.011775|0.009576807|4.012682
1509547584037|9.030929|-0.009576807|3.9935284
1509547584169|9.030929|-0.019153614|3.9743748
1509547584301|9.030929|-0.019153614|3.9935284
1509547584433|9.030929|0.0|3.9935284
1509547584565|9.030929|0.0|3.9935284
1509547584700|9.030929|-0.019153614|3.9935284
1509547584832|9.030929|-0.019153614|3.9743748
