1509547260841|0
1509547263531|9
1509547263661|0
1509547263791|9
1509547269160|0
1509547277211|9
1509547277335|0
1509547277474|9
1509547277598|0
1509547278062|9
1509547279081|0
1509547279208|9
1509547279338|0
1509547279465|9
1509547279599|0
1509547279842|9
1509547280191|0
1509547280650|9
1509547280776|0
1509547280905|9
1509547281366|0
1509547281494|9
1509547281622|0
1509547281748|9
1509547283326|0
1509547283453|9
1509547283582|0
1509547283709|9
1509547283836|0
1509547284299|9
1509547284648|0
1509547289127|9
1509547290036|0
1509547290496|9
1509547290846|0
1509547291314|9
1509547291663|0
1509547291794|9
1509547291917|0
1509547292378|9
1509547292727|0
1509547297319|9
1509547297444|0
1509547300143|9
1509547300270|0
1509547300397|9
1509547300523|0
1509547301321|9
