1509253435868|-0.32688835|0.28602728|-0.13620347
1509253435999|-0.27240694|0.27240694|0.0
1509253436132|0.12258312|0.05448139|-0.08172209
1509253436263|0.17706451|-0.013620348|0.10896278
1509253436395|0.08172209|0.10896278|0.16344418
1509253436527|-0.25878662|0.13620347|0.46309182
1509253436659|-0.13620347|0.12258312|0.17706451
1509253436790|-0.12258312|0.12258312|0.31326798
1509253436922|0.068101734|0.13620347|0.068101734
1509253437055|-0.068101734|0.23154591|0.027240695
1509253437187|0.095342435|0.12258312|-0.84446156
1509253437318|0.013620348|0.16344418|0.12258312
1509253437451|-0.040861044|0.17706451|0.2043052
1509253437582|0.0|0.2043052|-0.17706451
1509253437715|0.8036005|0.2043052|0.095342435
1509253437846|1.7025435|0.58567494|-0.38136974
1509253437979|2.7649305|-0.12258312|0.6946377
1509253438112|1.0487667|-0.28602728|-0.5992953
1509253438244|-0.7627395|-0.36774936|-0.42223078
1509253438375|-1.8932283|0.36774936|-0.58567494
1509253438507|-1.8251265|0.47671217|-2.3563201
1509253438640|-2.4789033|0.25878662|-1.1168685
1509253438775|-1.1168685|0.17706451|-1.9340893
1509253438903|-2.070293|0.8853226|-2.3699405
1509253439035|-0.10896278|-0.31326798|-1.9477097
1509253439167|2.465283|-0.4086104|-2.0566726
1509253439298|1.9340893|0.0|-1.3892754
1509253439431|1.5118586|0.05448139|-1.8659877
1509253439564|0.4086104|0.068101734|0.08172209
1509253439694|0.58567494|-0.17706451|0.58567494
1509253439827|0.3949901|0.17706451|-0.91256326
1509253439959|0.27240694|-0.040861044|0.24516624
1509253440090|0.6946377|-0.24516624|0.49033248
1509253440223|0.51757324|-0.12258312|1.0896277
1509253440355|0.6401563|0.0|1.3484143
1509253440486|1.334794|-0.2043052|1.0623871
1509253440619|0.57205456|-0.7354987|0.61291564
1509253440751|-0.7627395|0.14982383|-0.62653595
1509253440883|-0.7899802|0.17706451|-1.1304889
1509253441015|-1.9749503|-0.068101734|2.7104492
1509253441147|-0.74911916|-0.51757324|1.7706451
1509253441279|0.6810174|-0.61291564|1.1304889
1509253441411|0.8580819|-0.32688835|0.6401563
1509253441543|0.50395286|-0.21792556|0.25878662
1509253441674|0.44947144|-0.3405087|0.7627395
1509253441810|-0.068101734|0.040861044|-0.3949901
1509253441939|0.23154591|-0.13620347|-0.10896278
1509253442071|-0.17706451|0.0|-0.27240694
1509253442203|-0.14982383|-0.05448139|-0.57205456
1509253442335|0.013620348|-0.05448139|0.0
1509253442467|-0.28602728|0.0|-0.3405087
1509253442599|0.013620348|-0.08172209|0.05448139
1509253442731|-0.4086104|0.17706451|-0.31326798
1509253442863|-0.44947144|0.040861044|-0.21792556
1509253442995|0.21792556|-0.2043052|-0.31326798
1509253443127|-0.21792556|-0.28602728|0.2043052
1509253443258|0.17706451|-0.12258312|0.7627395
1509253443391|-0.17706451|-0.21792556|0.068101734
1509253443523|0.05448139|-0.2043052|0.095342435
1509253443656|-0.32688835|-0.095342435|0.10896278
1509253443786|-0.16344418|0.24516624|-0.51757324
1509253443920|-0.3949901|-0.17706451|0.19068487
1509253444051|-0.040861044|-0.35412902|0.55843425
1509253444182|-0.24516624|-0.42223078|0.040861044
1509253444316|-0.46309182|-0.05448139|0.6810174
1509253444447|-0.7354987|0.16344418|-1.838747
1509253444579|-0.14982383|-0.08172209|0.32688835
1509253444711|1.8523673|-0.10896278|-1.2530719
1509253444843|0.068101734|-0.095342435|0.58567494
1509253444975|0.027240695|0.068101734|-0.08172209
1509253445106|0.19068487|-0.095342435|0.4086104
1509253445239|0.7354987|-0.095342435|-0.43585113
1509253445371|0.8853226|0.0|-0.7899802
1509253445506|0.43585113|-0.51757324|0.70825803
1509253445635|0.27240694|-0.13620347|0.25878662
1509253445770|0.25878662|-0.2043052|-0.027240695
1509253445898|0.0|-0.068101734|0.29964766
1509253446031|0.44947144|0.040861044|-0.58567494
1509253446162|-0.7354987|-0.19068487|0.8989429
1509253446294|-0.24516624|-0.027240695|0.31326798
1509253446425|-0.667397|-0.040861044|0.6537767
1509253446558|-0.32688835|-0.23154591|0.5992953
1509253446690|-0.3405087|-0.27240694|0.70825803
1509253446825|0.068101734|-0.21792556|-0.24516624
1509253446954|-0.31326798|0.08172209|0.08172209
1509253447087|-0.095342435|0.095342435|-0.31326798
1509253447223|-0.25878662|-0.2043052|0.3949901
1509253447351|0.25878662|-0.12258312|-0.55843425
1509253447483|-0.31326798|-0.08172209|0.36774936
1509253447616|0.44947144|0.040861044|-0.667397
1509253447746|-0.14982383|-0.17706451|0.28602728
1509253447879|0.12258312|-0.23154591|0.0
1509253448011|0.040861044|-0.027240695|-0.08172209
1509253448143|-0.10896278|0.068101734|0.12258312
1509253448275|0.10896278|-0.10896278|0.05448139
1509253448407|0.040861044|-0.10896278|-0.013620348
1509253448539|0.16344418|-0.12258312|0.24516624
1509253448672|0.19068487|-0.35412902|0.31326798
1509253448803|0.3405087|-0.21792556|0.095342435
1509253448935|0.12258312|-0.28602728|0.19068487
1509253449067|0.10896278|-0.08172209|-0.040861044
1509253449199|-0.12258312|0.05448139|-0.16344418
1509253449330|-0.095342435|0.040861044|-0.095342435
1509253449462|-0.16344418|-0.08172209|-0.21792556
1509253449595|0.0|-0.10896278|-0.24516624
1509253449727|0.14982383|-0.25878662|0.040861044
1509253449859|-0.13620347|0.12258312|-0.027240695
1509253449993|-0.08172209|0.027240695|-0.013620348
1509253450123|0.095342435|-0.24516624|-0.095342435
1509253450255|0.05448139|-0.4086104|0.013620348
1509253450395|0.0|-0.08172209|-0.17706451
1509253450518|-0.13620347|0.068101734|-0.57205456
1509253450650|0.05448139|-0.095342435|-0.38136974
1509253450783|0.027240695|-0.17706451|-0.21792556
1509253450914|-0.027240695|-0.14982383|-0.12258312
1509253451047|-0.25878662|-0.013620348|0.05448139
1509253451179|0.027240695|-0.08172209|-0.13620347
1509253451310|-0.19068487|-0.2043052|0.27240694
1509253451445|-0.08172209|-0.2043052|-0.013620348
1509253451574|-0.13620347|-0.2043052|0.16344418
1509253451706|-0.17706451|0.05448139|0.027240695
1509253451838|-0.12258312|-0.29964766|0.21792556
1509253451971|-0.013620348|-0.42223078|0.095342435
1509253452103|0.095342435|-0.23154591|0.16344418
1509253452235|-0.095342435|0.027240695|0.14982383
1509253452367|-0.12258312|-0.16344418|0.17706451
1509253452499|-0.040861044|-0.17706451|0.095342435
1509253452631|0.14982383|-0.36774936|0.05448139
1509253452762|-0.027240695|-0.21792556|-0.13620347
1509253452896|-0.013620348|-0.13620347|-0.05448139
1509253453033|-0.095342435|-0.27240694|0.040861044
1509253453158|-0.095342435|-0.10896278|-0.13620347
1509253453291|-0.068101734|-0.27240694|-0.040861044
1509253453432|0.013620348|0.068101734|-0.013620348
1509253453558|-0.32688835|0.027240695|0.10896278
1509253453697|-0.24516624|-0.19068487|0.05448139
