1510198488926|-0.11734009|0.06689453|0.027648926
1510198489041|0.030273438|-0.20838928|-0.04360962
1510198489156|-0.14564514|-0.2039032|-0.11038208
1510198489272|-0.4502716|-0.859787|-0.03668213
1510198489388|-0.6834259|-0.7253876|-0.059890747
1510198489504|-0.2175293|-0.25746155|0.054138184
1510198489617|0.7280884|-0.6624756|-0.67707825
1510198489732|0.35668945|0.103759766|-0.5648804
1510198489847|-0.38694763|0.5071411|0.39987183
1510198489962|-0.08639526|0.018844604|0.056777954
1510198490078|-0.49710083|0.04185486|-0.20019531
1510198490192|0.13168335|0.3686676|-0.43395996
1510198490306|0.17831421|0.12187195|0.05657959
1510198490422|-0.102890015|0.0599823|-0.0987854
1510198490536|-0.22975159|0.2967987|-0.16149902
1510198490652|-0.122024536|0.15222168|0.04496765
1510198490767|-0.24786377|0.17623901|-0.08921814
1510198490882|-0.045059204|-0.03552246|-0.024673462
1510198490997|-0.120391846|-0.037338257|0.007095337
1510198491112|-0.025726318|0.032073975|-0.01876831
1510198491227|0.07507324|-0.01739502|-0.07272339
1510198491342|0.032714844|-0.052215576|0.016448975
1510198491458|0.11477661|0.014160156|-0.032196045
1510198491572|-0.1275177|0.02394104|-0.0552063
1510198491687|0.052261353|-0.022079468|0.026245117
1510198491802|0.10481262|-0.046310425|0.07347107
1510198491918|-0.06968689|-0.02859497|0.008926392
1510198492036|-0.22729492|-0.035110474|-0.06518555
1510198492148|-0.080078125|-0.037139893|-0.019180298
1510198492262|0.05104065|0.008666992|-0.051132202
1510198492377|-0.04322815|-0.11553955|-0.16842651
1510198492493|0.0821991|0.009475708|-0.00491333
1510198492607|0.39190674|-0.08052063|-0.1594696
1510198492723|0.29457092|-0.17866516|-0.0065460205
1510198492839|0.27931213|-0.17886353|0.13049316
1510198492952|0.30801392|-0.3262787|0.14331055
1510198493068|0.25935364|-0.51953125|0.06185913
1510198493183|0.12149048|-0.48083496|0.54507446
1510198493297|-0.80436707|0.4792328|0.28666687
1510198493413|-0.06765747|0.1913147|0.11236572
1510198493528|-0.009017944|0.105789185|-0.076797485
1510198493642|0.10562134|0.527298|-0.05317688
1510198493759|0.03741455|0.5232239|-0.6147766
1510198493874|0.018676758|0.5175171|-0.50624084
1510198493987|-0.09779358|0.3808899|0.4235077
1510198494102|-0.8139343|1.1644287|0.21214294
1510198494218|-0.35803223|1.642746|0.1915741
1510198494333|0.052474976|0.1312561|0.14065552
1510198494448|0.7792053|-1.3735199|0.7336273
1510198494564|-0.38450623|0.21859741|0.06430054
1510198494680|-0.013305664|-0.53541565|0.1968689
1510198494794|0.057159424|0.052642822|0.1308899
1510198494907|-0.35925293|0.064453125|0.4548645
1510198495023|-0.32014465|0.19171143|-0.076797485
1510198495138|0.675354|0.15690613|0.075912476
1510198495253|-0.04689026|0.41957092|0.48825073
1510198495368|-0.16621399|-0.10636902|0.32861328
1510198495485|0.11254883|-0.35031128|0.019515991
1510198495598|-0.40689087|0.043899536|0.48744202
1510198495714|-0.2975464|0.013549805|0.3216858
1510198495829|-0.042404175|-0.113098145|-0.08087158
1510198495942|-0.06704712|0.09663391|0.25306702
1510198496058|-0.07925415|-0.040603638|-0.021209717
1510198496173|-0.013702393|0.0013275146|-0.05419922
1510198496288|0.022949219|0.24099731|0.18017578
1510198496405|-0.16966248|-0.29188538|-0.021606445
1510198496519|0.1322937|-0.51524353|7.7819824E-4
1510198496634|-0.058502197|-0.5657501|-0.045440674
1510198496750|-0.78889465|-1.2615204|-0.76768494
1510198496864|-0.0067749023|-0.70726013|-1.4954376
1510198496980|0.07446289|-0.5663605|-1.2288971
1510198497095|-0.5864868|0.38108826|-0.43884277
1510198497209|0.37928772|-0.48675537|-0.12974548
1510198497329|0.5230408|-0.47636414|0.04801941
1510198497451|1.7451935|-1.4502869|0.48661804
1510198497555|1.2267609|-0.47573853|0.48336792
1510198497667|0.39312744|-0.06707764|0.08203125
1510198497784|0.43507385|-0.04020691|0.0030212402
1510198497900|-0.19532776|-0.06687927|0.19442749
1510198498014|0.11457825|-0.2776184|-0.07028198
1510198498128|0.14024353|-0.12532043|0.018081665
1510198498243|-0.022460938|0.2019043|-0.009597778
1510198498360|-0.41706848|0.029037476|0.09220886
1510198498473|-0.38693237|0.37213135|-0.14500427
1510198498588|-0.23564148|-0.021881104|-0.042800903
1510198498705|-0.21406555|0.13368225|-0.07904053
1510198498820|0.016845703|-0.0019226074|0.015029907
1510198498934|-0.03427124|0.015991211|-0.0055236816
1510198499048|-0.14910889|0.16381836|-0.22706604
1510198499164|-0.113479614|0.10783386|-0.1187439
1510198499283|-0.11021423|0.053863525|-0.11264038
1510198499393|-0.04525757|0.05895996|-0.079437256
1510198499508|-0.013504028|-0.03552246|-0.050125122
1510198499624|-0.16661072|0.016601562|-0.024871826
1510198499740|-0.0650177|0.08909607|-0.006134033
1510198499857|0.0137786865|-0.0051727295|-0.013671875
1510198499971|-0.3142395|0.20617676|0.06878662
1510198500084|0.2705536|0.23162842|-0.12281799
1510198500199|0.039230347|0.929245|0.068984985
1510198500315|-1.2262726|2.4696503|0.82240295
1510198500429|-0.085372925|1.8866882|-0.18572998
1510198500545|0.88020325|1.5602722|-1.277359
1510198500663|-0.763443|1.4305725|0.20664978
1510198500777|-0.36738586|1.2717438|0.45832825
1510198500891|-0.060943604|0.2778473|0.17141724
1510198501004|-0.080078125|-0.11819458|-0.016113281
1510198501119|0.4743805|-0.8658905|-0.01876831
1510198501234|-0.01838684|-0.35316467|-0.038101196
1510198501349|-0.46940613|0.030654907|0.17100525
1510198501465|-0.021850586|-0.21673584|0.1410675
1510198501579|0.48924255|-0.81396484|-0.045440674
1510198501695|-0.30976868|-0.10658264|0.047409058
1510198501810|0.21292114|-0.6429291|-0.055007935
1510198501926|-0.14035034|0.2902832|0.19055176
1510198502039|0.21028137|-0.44093323|-0.001449585
1510198502153|-0.26008606|0.45317078|0.38461304
1510198502271|-0.16255188|-0.21878052|0.10157776
1510198502384|-0.035491943|0.17828369|0.13150024
1510198502498|-0.002105713|-0.5425415|-0.21871948
1510198502616|0.03678894|-0.030227661|0.07408142
1510198502731|-0.00881958|-0.37780762|-0.07110596
1510198502843|-0.055648804|-0.0896759|0.057998657
1510198502960|-0.1169281|-0.08378601|-0.104888916
1510198503074|0.05491638|-0.08255005|0.04660034
1510198503190|-0.12324524|0.097839355|0.09648132
1510198503306|-0.14239502|-0.41323853|0.16246033
1510198503421|0.087905884|0.137146|0.12966919
1510198503536|0.2705536|0.5606842|-0.14419556
1510198503651|0.9846649|0.0058135986|-0.9566498
1510198503766|0.5354614|0.14143372|-0.47406006
1510198503883|0.15571594|0.34994507|0.04597473
1510198503996|-0.3525238|0.41793823|0.35977173
1510198504110|-0.25193787|0.6612854|0.32066345
1510198504225|-0.68585205|0.34973145|0.018493652
1510198504340|-0.058898926|-0.1507721|-0.055618286
1510198504455|-0.5516815|-0.17376709|0.04638672
1510198504571|-0.558197|0.20454407|0.09851074
1510198504686|0.1982727|0.019454956|0.030914307
1510198504801|-0.026733398|-0.22283936|0.16612244
1510198504915|-0.23239136|-0.20411682|0.07551575
1510198505030|-0.22628784|-0.036331177|0.050048828
1510198505147|0.6205902|-0.5580139|-0.29304504
1510198505260|-0.44354248|0.18031311|0.200531
1510198505375|0.25242615|-0.28779602|-0.13604736
1510198505490|-0.28349304|-0.04975891|0.16061401
1510198505607|0.094818115|-0.031036377|-0.06315613
1510198505720|0.23777771|-0.15014648|0.047821045
1510198505836|-0.4030304|0.04978943|0.23269653
1510198505951|0.051452637|-0.18843079|-0.15356445
1510198506065|-0.28063965|-0.064437866|0.111343384
1510198506180|-0.10308838|-0.1096344|0.031936646
1510198506294|-0.16539001|0.020065308|0.14677429
1510198506411|-0.13993835|-0.10942078|-0.111816406
1510198506527|-0.063797|-0.13652039|0.067352295
1510198506642|-0.060531616|-0.01210022|0.11317444
1510198506755|-0.063583374|0.0021514893|0.005065918
1510198506869|-0.03793335|-0.0039520264|0.04862976
1510198506985|-0.21264648|-0.07318115|0.0016021729
1510198507107|-0.31240845|-0.13487244|-0.087387085
1510198507215|-0.06236267|-0.01576233|-0.15905762
1510198507330|0.4369049|0.08583069|-0.3804016
1510198507444|0.68533325|0.078308105|-0.49299622
1510198507560|1.1772919|0.44421387|-0.23745728
1510198507675|0.7963104|0.21391296|-0.47427368
1510198507790|0.5763855|0.15405273|-0.1382904
1510198507906|-0.6009369|-0.37393188|0.04272461
1510198508020|-0.40344238|-0.15890503|0.016662598
1510198508136|-0.1368866|-0.017807007|0.29664612
1510198508250|-0.18434143|0.066085815|0.23962402
1510198508365|0.0038146973|0.08909607|0.044158936
1510198508480|-0.09106445|-0.15219116|-0.107543945
1510198508596|-0.34783936|-0.18721008|0.24043274
1510198508710|-0.3382721|-0.103530884|0.2168274
1510198508825|-0.44903564|-0.13346863|0.17202759
1510198508942|-0.15419006|0.025772095|0.08528137
1510198509057|-0.33766174|-0.07237244|0.34020996
1510198509171|-0.18515015|0.037582397|0.2021637
1510198509286|0.16690063|0.13653564|0.05331421
1510198509401|0.052474976|0.08522034|0.027038574
1510198509516|0.104400635|0.01335144|-0.13258362
1510198509632|0.431015|-0.0064086914|-0.43496704
1510198509748|0.7610779|-0.027175903|-0.6475525
1510198509862|-0.19615173|-0.23222351|-0.112838745
1510198509976|-1.2091675|-0.38737488|0.27037048
1510198510091|-0.21426392|-0.12713623|-0.15356445
1510198510207|0.43650818|0.36541748|-0.1517334
1510198510322|0.45768738|0.42141724|-0.046661377
1510198510438|-0.014526367|0.048980713|0.14045715
1510198510552|-0.27738953|-0.47065735|-0.12872314
1510198510671|-0.14483643|-0.2609253|0.0046539307
1510198510781|-0.16906738|0.027389526|-0.07904053
1510198510896|-0.23727417|-0.19433594|-0.11528015
1510198511011|0.0048217773|-0.009857178|-0.12750244
1510198511128|-0.47898865|-0.12532043|-0.0552063
1510198511241|0.08810425|-0.12287903|-4.4250488E-4
1510198511356|0.5134735|-0.41506958|0.50901794
1510198511472|-0.35864258|-0.2804718|-0.023239136
1510198511588|-0.09208679|0.02923584|0.27973938
1510198511704|-0.12548828|-0.1454773|0.09689331
1510198511818|0.0062561035|0.09887695|0.100753784
1510198511931|-0.07925415|-0.04284668|-0.0816803
1510198512047|0.05470276|0.09907532|0.08874512
1510198512161|-0.15257263|-0.15362549|0.0036315918
1510198512278|0.12739563|-0.0019226074|0.04333496
1510198512390|-0.07499695|0.027816772|0.016052246
1510198512507|0.12658691|-0.008239746|0.008926392
1510198512622|-0.047088623|0.082977295|0.056167603
1510198512738|0.07650757|-0.032470703|0.010543823
1510198512854|-0.04118347|0.09927368|0.060638428
1510198512966|-0.004333496|9.3078613E-4|0.070007324
1510198513083|-0.091278076|0.0035705566|0.15797424
1510198513197|-0.11001587|-0.1096344|-0.055419922
1510198513311|-0.05809021|0.12677002|-0.014694214
1510198513427|0.16445923|0.10598755|0.077545166
1510198513544|-0.02897644|-0.010467529|0.019302368
1510198513658|0.12780762|0.09561157|-0.022018433
1510198513772|0.15571594|0.050201416|-0.38711548
1510198513887|0.037200928|-0.14302063|-0.6569214
1510198514002|0.29988098|-0.05078125|-0.44128418
1510198514116|0.5370941|0.137146|-0.2136383
1510198514232|0.0716095|0.1171875|-0.14866638
1510198514348|-0.10574341|-0.062179565|-0.043807983
1510198514463|-0.12182617|0.051834106|0.102386475
1510198514578|-0.040985107|-0.073791504|0.010543823
1510198514692|0.021316528|-0.03062439|0.012588501
1510198514808|-0.062164307|0.10456848|0.029083252
1510198514923|-0.012268066|-0.031036377|0.11968994
1510198515037|-0.044448853|-0.1043396|0.059417725
1510198515152|-0.024093628|0.061401367|0.033355713
1510198515267|-0.02571106|-0.031448364|0.10687256
1510198515383|0.015808105|-0.014541626|0.0879364
1510198515499|0.030883789|-0.031234741|0.049850464
1510198515613|-0.110824585|0.027999878|0.06674194
1510198515729|-0.063186646|-0.13061523|0.14413452
1510198515842|-0.109802246|-0.014541626|0.088134766
1510198515957|-0.105529785|0.0011291504|0.082839966
1510198516073|-0.02407837|-0.13874817|0.062469482
1510198516187|0.014602661|0.033096313|0.025222778
1510198516303|-0.06724548|0.017623901|0.068984985
1510198516418|0.017440796|-0.112075806|0.027664185
1510198516532|0.043319702|-0.027572632|0.11154175
1510198516647|-0.089035034|-0.0013122559|0.10726929
1510198516762|0.05369568|-0.04875183|0.10197449
1510198516878|0.006454468|7.324219E-4|0.13496399
1510198516993|-0.07885742|-0.042434692|-0.009811401
1510198517116|-0.0023040771|-0.010070801|0.05697632
1510198517234|-0.06968689|-0.013122559|0.050460815
1510198517350|0.035980225|-0.060150146|0.09484863
1510198517452|-0.15826416|-0.024932861|0.06227112
1510198517568|0.027633667|-0.0513916|0.0390625
1510198517683|-0.060943604|0.07421875|0.05168152
1510198517797|0.057556152|-0.04020691|0.0056762695
1510198517919|-0.02368164|0.050613403|0.06227112
1510198518028|0.09503174|0.02331543|0.003829956
1510198518143|0.01826477|-0.005783081|-0.109375
1510198518259|0.20335388|0.14834595|-0.46022034
1510198518375|0.41654968|0.22694397|-0.5982666
1510198518489|0.23612976|-0.037139893|-0.43659973
1510198518604|0.12007141|-0.014953613|-0.30932617
1510198518718|0.1616211|-0.05140686|-0.24295044
1510198518835|0.1269989|-0.049560547|-0.05683899
1510198518947|-0.087005615|-0.009460449|0.25653076
1510198519063|-0.24012756|-0.1055603|0.3701477
1510198519178|-0.27882385|-0.02859497|0.44386292
1510198519294|-0.2146759|0.004989624|0.47216797
1510198519408|-0.096572876|0.036956787|0.2286377
1510198519524|-0.023269653|0.03126526|-0.04727173
1510198519638|0.07873535|0.023117065|-0.14704895
1510198519754|0.0716095|0.028411865|-0.31910706
1510198519867|0.0834198|0.05000305|-0.2142334
1510198519983|0.030685425|-0.010681152|0.032546997
1510198520098|-0.046066284|0.014160156|0.17956543
1510198520214|-0.152771|-0.022491455|0.12112427
1510198520330|-0.07234192|0.006011963|0.04170227
1510198520443|0.04147339|0.009674072|-0.022628784
1510198520558|0.035568237|-0.008026123|-0.07699585
1510198520673|-0.01512146|-0.011077881|-0.018966675
1510198520788|-0.0014953613|0.0058135986|0.009735107
1510198520905|0.0070648193|0.0013275146|0.02520752
1510198521018|0.037399292|0.009063721|0.01991272
1510198521133|0.0052337646|0.0043792725|-0.0073547363
1510198521248|0.013381958|0.027801514|-0.016525269
1510198521364|-0.007598877|0.010498047|0.014831543
1510198521478|0.044128418|0.025970459|0.005050659
1510198521594|0.0728302|0.04978943|-0.06213379
1510198521710|0.23348999|0.10966492|-0.12159729
1510198521824|0.07772827|-0.061782837|-0.08432007
1510198521939|0.017654419|0.08380127|-0.10122681
1510198522054|0.19541931|0.13267517|-0.19021606
1510198522168|-0.024093628|-0.0041656494|-0.18634033
1510198522285|-0.0018920898|0.0054016113|-0.039123535
1510198522400|-0.02041626|-0.01210022|0.06124878
1510198522513|-0.01940918|-0.022277832|0.021347046
1510198522628|-0.055038452|-0.004776001|0.054534912
1510198522744|-0.089035034|-0.020248413|0.12580872
1510198522859|-2.593994E-4|-0.045288086|0.07998657
1510198522974|-0.051971436|-0.022079468|0.04963684
1510198523089|-0.037322998|-0.010070801|0.06776428
1510198523204|-0.014526367|-0.019836426|0.037017822
1510198523320|-0.044036865|-0.032470703|0.056365967
1510198523434|-0.018997192|-0.010070801|0.060638428
1510198523548|-0.04220581|-0.06707764|0.110321045
1510198523664|-0.047302246|0.0056152344|0.09953308
1510198523778|0.013381958|-0.10394287|0.084869385
1510198523895|0.005844116|-0.03062439|0.10197449
1510198524009|-0.0332489|-0.053222656|0.024795532
1510198524126|-0.03427124|-0.019622803|0.010360718
1510198524241|-0.026733398|-0.017181396|0.034576416
1510198524353|-0.010040283|-0.057907104|0.082229614
1510198524471|-0.03529358|-0.012298584|0.119277954
1510198524584|-0.02734375|-0.075424194|0.00831604
1510198524699|-0.0023040771|-0.039794922|0.006072998
1510198524814|0.016433716|-0.0076293945|0.02154541
1510198524930|-0.024291992|0.007858276|0.036010742
1510198525045|0.0021820068|-0.03816223|-0.020385742
1510198525160|0.006652832|0.03390503|0.0056762695
1510198525273|-0.01737976|-0.008850098|0.007095337
1510198525390|0.02986145|0.009475708|-0.015090942
1510198525505|-0.009429932|0.016403198|0.0046539307
1510198525619|0.02458191|-0.004776001|-0.033828735
1510198525739|-0.0014953613|0.029220581|0.018493652
1510198525851|0.006866455|0.008865356|-0.006134033
1510198525974|-0.006164551|0.01335144|-0.012451172
1510198526090|0.009918213|-0.0119018555|-0.022018433
1510198526208|-0.009643555|0.046340942|0.005874634
1510198526309|0.016845703|-0.0033569336|-0.012252808
1510198526424|0.0070648193|0.030044556|-0.04360962
1510198526540|0.014389038|0.011520386|-0.032608032
1510198526655|0.015213013|0.044708252|-0.03138733
1510198526770|0.019882202|-0.009246826|-0.10368347
1510198526887|0.018661499|-0.03489685|-0.096954346
1510198526999|0.024780273|-0.017593384|-0.056427002
1510198527114|0.021316528|0.016799927|-0.034851074
1510198527230|0.009094238|-0.0066070557|0.007507324
1510198527344|-0.013900757|5.187988E-4|0.005050659
1510198527462|0.006866455|-0.030227661|0.036209106
1510198527575|-0.006378174|0.014984131|0.032546997
1510198527694|0.0062408447|0.02230835|-0.008575439
1510198527805|0.0048217773|0.037979126|-0.020599365
1510198527920|-8.8500977E-4|0.020065308|-0.028533936
1510198528035|0.026611328|0.014373779|-0.03993225
1510198528149|9.460449E-4|-0.0061950684|-0.045837402
1510198528265|-0.0012817383|0.0045928955|-0.109375
1510198528381|0.008483887|0.0023498535|-0.094314575
1510198528495|0.01499939|0.006011963|-0.092056274
1510198528610|0.017440796|7.324219E-4|-0.08351135
1510198528725|0.0021820068|0.020874023|-0.11425781
1510198528842|0.0036010742|-0.014343262|-0.085754395
1510198528955|0.002166748|-0.004562378|-0.06945801
1510198529070|0.008071899|-7.019043E-4|-0.0763855
1510198529186|0.0103302|9.3078613E-4|-0.060302734
1510198529300|0.010925293|0.004989624|-0.046447754
1510198529415|0.0021820068|0.0025482178|0.0066833496
1510198529530|0.002380371|-0.0027313232|-0.020385742
1510198529648|1.373291E-4|-0.005584717|-2.2888184E-4
1510198529761|0.006652832|1.0681152E-4|0.015640259
1510198529877|0.022537231|0.0058135986|0.04272461
1510198529990|-0.015945435|9.3078613E-4|0.03640747
1510198530106|-0.009841919|0.005004883|0.07876587
1510198530220|-0.085372925|-0.0872345|0.19116211
1510198530335|-0.07131958|-0.026763916|0.24980164
1510198530450|-0.08761597|0.015182495|0.14433289
1510198530566|0.027832031|5.187988E-4|0.09811401
1510198530680|0.03617859|-0.0076141357|0.005065918
1510198530797|-0.027145386|0.035751343|0.009124756
1510198530910|0.021102905|-0.023086548|0.007293701
1510198531026|0.0029907227|-0.0053863525|7.7819824E-4
1510198531142|0.02458191|-0.024932861|0.010147095
1510198531260|-0.006164551|0.045928955|0.060836792
1510198531371|-0.021652222|-0.030029297|0.11236572
1510198531486|-0.0071868896|-0.047943115|0.14311218
1510198531600|-0.040786743|-0.036331177|0.0231781
1510198531716|0.004425049|0.01335144|-0.0063476562
1510198531831|-0.021652222|0.028213501|0.031723022
1510198531946|0.013168335|-0.01210022|0.029891968
1510198532062|0.029876709|-0.011077881|-0.001876831
1510198532177|0.018676758|0.040634155|0.035598755
1510198532291|-0.028366089|0.0027618408|0.04067993
1510198532406|0.019485474|-0.04977417|0.03111267
1510198532522|0.02619934|0.042663574|0.068374634
1510198532636|-0.013290405|0.044708252|0.008926392
1510198532752|0.08566284|-0.0342865|-0.02243042
1510198532866|-0.0035247803|0.084609985|0.04536438
1510198532982|0.09727478|-0.063201904|-0.13970947
1510198533096|0.09849548|0.026992798|-0.37123108
1510198533212|0.20803833|0.047958374|-0.29934692
1510198533326|0.25242615|0.9856415|0.09526062
1510198533443|0.02029419|-0.12571716|-0.39160156
1510198533556|0.35058594|-0.05831909|-0.317276
1510198533672|0.050842285|0.026168823|-0.36288452
1510198533787|-0.06867981|0.04348755|-0.2519226
1510198533901|-0.0057525635|-0.07400513|-0.43618774
1510198534016|-0.117752075|-0.14526367|0.17854309
1510198534131|0.0834198|-0.12347412|0.26568604
1510198534248|-0.35578918|-0.111068726|0.0602417
1510198534362|-0.14422607|-0.049972534|0.109313965
1510198534477|0.019073486|0.013961792|0.09057617
1510198534591|-0.12487793|-0.0342865|0.05921936
1510198534707|-0.24908447|0.036972046|0.045578003
1510198534821|-0.054016113|-0.037963867|0.035995483
1510198534937|-0.081100464|-0.005996704|0.048217773
1510198535053|0.024169922|-0.003967285|0.065322876
1510198535167|-0.083343506|0.030654907|0.1398468
1510198535283|0.032913208|-0.06993103|0.09953308
1510198535396|-0.100234985|0.039001465|0.08731079
1510198535512|-0.041793823|-0.079696655|0.07102966
1510198535627|-0.020629883|0.020263672|0.06776428
1510198535744|-0.025924683|-0.012313843|0.0054626465
1510198535857|0.02029419|0.020889282|0.049240112
1510198535972|-0.041793823|0.019241333|0.018081665
1510198536087|0.01499939|-0.021057129|0.039871216
1510198536201|-0.040786743|0.030654907|0.06349182
1510198536318|0.04411316|-0.073791504|0.06552124
1510198536433|-0.067871094|0.014556885|0.10707092
1510198536546|0.014404297|-0.07258606|0.061050415
1510198536661|-0.042617798|0.0013275146|0.05819702
1510198536776|-0.014312744|-0.033065796|-0.042175293
1510198536893|-0.013916016|0.014160156|0.03437805
1510198537007|-0.024291992|-0.014755249|0.005065918
1510198537122|-0.0016937256|-0.033065796|0.030303955
1510198537237|-0.030807495|0.015991211|0.097091675
1510198537352|0.005432129|0.0015411377|0.02684021
1510198537467|-0.010040283|0.0035705566|0.06593323
1510198537581|-0.0049591064|-0.0021362305|0.090164185
1510198537699|-0.02470398|-0.0043640137|-0.013259888
1510198537813|-0.004135132|-0.012908936|-0.007965088
1510198537927|-0.0051574707|-0.0033416748|0.011169434
1510198538042|-0.025299072|0.0027618408|-0.021011353
1510198538158|-0.0049438477|0.00642395|0.034179688
1510198538274|0.0036010742|-0.019424438|-0.023849487
1510198538390|-0.024902344|0.02658081|0.047409058
1510198538502|0.003189087|-0.0448761|-0.03668213
1510198538617|-0.031219482|0.027389526|0.04801941
1510198538733|0.027832031|-0.0049743652|-0.019378662
1510198538847|-2.593994E-4|0.05834961|0.025817871
1510198538961|0.019683838|5.187988E-4|-0.010818481
1510198539077|0.0017700195|-0.007019043|0.011978149
1510198539194|-0.0025024414|-0.013534546|0.009338379
1510198539309|0.00869751|-0.061172485|0.06430054
1510198539423|0.059387207|-0.010055542|0.11236572
1510198539538|0.03617859|-0.02961731|0.070617676
1510198539653|0.12741089|-0.012313843|0.563797
1510198539768|0.015823364|0.097854614|0.74868774
1510198539883|0.22758484|0.3255005|0.17549133
1510198539999|-0.10064697|-0.21470642|-0.50949097
1510198540115|0.2371521|0.12106323|-0.06376648
1510198540229|-0.07885742|-0.015151978|0.05758667
1510198540345|0.17912292|0.06852722|-0.02772522
1510198540465|0.30230713|0.12940979|0.008728027
1510198540574|0.025390625|-0.002746582|-0.012039185
1510198540687|0.22372437|0.12738037|0.006072998
