1509586260981|15.599999|-25.92|-17.039999
1509586261081|15.42|-25.439999|-17.34
1509586261213|15.78|-25.92|-17.34
1509586261345|15.719999|-26.039999|-17.34
1509586261477|16.199999|-25.92|-17.22
1509586261609|16.619999|-26.099998|-17.039999
1509586261741|16.98|-25.68|-17.039999
1509586261873|17.22|-25.56|-16.92
1509586262005|16.619999|-25.859999|-17.1
1509586262137|16.44|-25.68|-17.279999
1509586262269|15.96|-25.92|-17.1
1509586262401|15.66|-25.92|-17.22
1509586262533|15.599999|-26.22|-17.22
1509586262665|15.599999|-26.58|-16.98
1509586262797|15.78|-26.699999|-16.859999
1509586262929|15.9|-27.06|-16.859999
1509586263061|16.14|-26.519999|-16.8
1509586263194|16.38|-26.46|-17.039999
1509586263325|16.199999|-26.46|-17.279999
1509586263457|15.96|-26.46|-17.279999
1509586263589|15.179999|-26.88|-17.279999
1509586263721|15.12|-26.699999|-17.279999
1509586263853|15.299999|-26.699999|-17.279999
1509586263985|15.24|-26.4|-17.039999
1509586264117|15.78|-26.22|-17.279999
1509586264250|15.36|-26.22|-17.1
1509586264382|15.179999|-26.099998|-17.039999
1509586264513|15.36|-26.099998|-17.039999
1509586264646|15.36|-26.279999|-16.859999
1509586264777|15.54|-26.699999|-17.039999
1509586264910|15.54|-26.58|-17.1
1509586265041|15.24|-26.4|-17.34
1509586265173|15.059999|-25.859999|-17.34
1509586265305|14.94|-25.68|-17.279999
1509586265438|14.94|-25.859999|-17.279999
1509586265570|15.0|-25.98|-17.52
1509586265701|15.179999|-26.519999|-17.34
1509586265834|15.36|-26.4|-17.1
1509586265965|15.599999|-26.099998|-17.1
1509586266098|15.599999|-26.279999|-16.92
1509586266229|15.42|-26.4|-16.98
1509586266361|15.36|-26.58|-17.279999
1509586266493|14.94|-26.699999|-17.039999
1509586266625|14.759999|-26.88|-16.98
1509586266757|14.58|-27.06|-16.68
1509586266890|14.5199995|-27.06|-16.68
1509586267021|14.88|-27.66|-16.92
1509586267153|15.179999|-27.359999|-16.8
1509586267286|15.36|-27.18|-17.16
1509586267418|15.599999|-27.06|-17.1
1509586267549|15.42|-26.16|-17.1
1509586267681|15.66|-26.34|-17.16
1509586267814|15.66|-26.16|-17.16
1509586267946|15.66|-26.16|-17.16
1509586268078|15.54|-26.88|-17.039999
1509586268210|15.299999|-27.06|-17.039999
1509586268341|15.42|-27.06|-17.039999
1509586268473|15.719999|-27.0|-17.22
1509586268605|16.08|-27.24|-17.46
1509586268737|16.32|-27.24|-18.119999
1509586268869|16.38|-27.48|-18.84
1509586269002|16.14|-27.0|-18.84
1509586269133|16.199999|-26.279999|-19.26
1509586269266|16.38|-25.98|-18.779999
1509586269397|16.8|-25.74|-18.3
1509586269529|17.22|-26.76|-18.18
1509586269661|17.58|-27.18|-17.82
1509586269793|18.06|-27.9|-17.52
1509586269925|18.24|-28.439999|-17.34
1509586270057|18.24|-28.38|-17.279999
1509586270189|18.119999|-28.619999|-17.22
1509586270321|17.46|-28.92|-17.34
1509586270453|17.039999|-28.859999|-17.34
1509586270585|16.8|-29.34|-17.52
1509586270717|16.44|-28.92|-17.46
1509586270849|16.26|-28.68|-17.46
1509586270985|16.02|-29.099998|-17.699999
1509586271112|15.719999|-28.74|-17.52
1509586271245|15.78|-30.0|-17.699999
1509586271376|15.839999|-30.84|-17.16
1509586271508|15.66|-31.619999|-15.839999
1509586271640|15.0|-33.12|-14.04
1509586271773|14.5199995|-32.64|-10.92
1509586271905|14.46|-30.24|-8.76
1509586272039|14.88|-27.06|-8.46
1509586272126|15.24|-25.14|-8.76
1509586272234|15.36|-22.38|-11.28
1509586272366|15.179999|-22.08|-14.34
1509586272498|14.34|-22.859999|-16.92
1509586272630|13.2|-24.359999|-18.6
1509586272765|12.78|-24.96|-19.32
1509586272895|12.0|-25.439999|-19.8
1509586273027|11.46|-26.16|-19.8
1509586273159|11.58|-26.82|-19.32
1509586273291|10.98|-27.18|-19.26
1509586273423|10.26|-27.119999|-19.5
1509586273556|9.66|-26.76|-19.56
1509586273688|9.54|-26.82|-19.98
1509586273822|9.719999|-27.3|-19.74
1509586273952|10.44|-27.84|-19.32
1509586274084|11.34|-28.019999|-18.96
1509586274216|11.4|-27.779999|-18.84
1509586274347|11.759999|-27.18|-19.02
1509586274479|12.12|-26.64|-18.84
1509586274611|12.12|-26.76|-19.32
1509586274743|12.719999|-26.76|-19.5
1509586274875|13.38|-26.939999|-19.199999
1509586275007|13.38|-27.42|-19.619999
1509586275140|13.86|-27.779999|-19.74
1509586275271|13.98|-28.14|-19.8
1509586275404|14.099999|-28.68|-20.279999
1509586275536|15.48|-28.14|-20.279999
1509586275668|16.5|-27.84|-19.859999
1509586275799|17.279999|-27.9|-19.08
1509586275931|16.92|-28.32|-18.3
1509586276063|14.7|-28.859999|-16.8
1509586276195|13.44|-28.14|-16.44
1509586276327|12.96|-28.199999|-15.96
1509586276459|14.04|-27.84|-16.02
1509586276591|16.26|-27.84|-16.859999
1509586276725|17.4|-28.619999|-16.98
1509586276857|17.46|-28.14|-18.06
1509586276988|16.98|-27.359999|-18.9
1509586277119|16.32|-27.18|-20.34
1509586277251|15.24|-27.24|-21.96
1509586277384|14.639999|-27.96|-22.68
1509586277516|15.12|-29.34|-22.38
1509586277647|16.02|-30.539999|-21.24
1509586277779|16.38|-31.98|-19.26
1509586277990|16.199999|-33.66|-16.92
1509586278074|14.94|-35.46|-15.0
1509586278175|12.9|-36.96|-12.9
1509586278307|11.759999|-38.16|-11.219999
1509586278440|11.16|-39.12|-10.92
1509586278571|10.74|-39.12|-10.92
1509586278703|10.139999|-39.78|-10.92
1509586278836|10.38|-39.66|-12.48
1509586278968|10.08|-39.18|-13.0199995
1509586279100|9.96|-38.219997|-14.46
1509586279231|10.86|-37.32|-16.199999
1509586279363|11.4|-36.84|-16.38
1509586279496|12.0|-35.76|-17.58
1509586279627|11.7|-35.1|-18.539999
1509586279759|10.92|-33.48|-20.34
1509586279893|10.26|-31.98|-22.26
1509586280024|9.66|-31.32|-24.24
1509586280155|9.719999|-30.779999|-25.26
1509586280287|9.96|-30.359999|-26.16
1509586280421|10.139999|-30.72|-26.16
1509586280551|11.639999|-31.199999|-24.539999
1509586280683|12.179999|-32.82|-22.98
1509586280815|12.12|-34.68|-19.98
1509586280947|11.7|-36.3|-18.24
1509586281079|10.5|-37.26|-17.88
1509586281211|10.679999|-36.6|-18.0
1509586281343|10.62|-36.18|-19.199999
1509586281476|9.719999|-36.48|-18.84
1509586281607|9.24|-37.739998|-16.32
1509586281741|7.98|-38.82|-15.42
1509586281872|7.62|-38.82|-14.7
1509586282003|8.34|-38.46|-14.58
1509586282135|8.639999|-37.2|-16.859999
1509586282267|9.12|-36.66|-17.64
1509586282403|9.48|-36.059998|-18.24
1509586282531|9.3|-35.04|-19.68
1509586282663|8.5199995|-35.94|-19.8
1509586282795|14.16|-32.16|-14.219999
1509586282927|19.98|-17.52|-10.679999
1509586283061|25.68|-2.34|-5.1
1509586283190|31.38|14.58|-0.48
1509586283323|30.48|26.279999|-0.84
1509586283455|30.66|25.5|2.22
1509586283587|31.56|24.3|3.8999999
1509586283719|33.3|22.92|6.2999997
1509586283851|34.8|21.359999|8.58
1509586283983|35.1|21.84|8.82
1509586284114|34.98|21.72|8.16
1509586284247|34.86|22.26|7.62
1509586284379|35.219997|22.92|7.14
1509586284511|34.62|22.08|8.639999
1509586284644|34.98|21.779999|10.679999
1509586284776|34.739998|20.939999|12.54
1509586284908|34.38|20.1|13.62
1509586285039|34.8|20.22|13.799999
1509586285171|33.96|20.039999|14.7
1509586285303|32.579998|20.039999|15.42
1509586285435|31.14|20.16|16.8
1509586285567|29.939999|19.92|18.48
1509586285699|29.58|19.56|19.439999
1509586285831|29.34|18.779999|20.58
1509586285963|29.64|17.699999|21.18
1509586286095|29.34|15.96|21.48
1509586286227|28.92|14.7|22.14
1509586286359|29.099998|13.92|22.38
1509586286491|28.74|13.5|22.56
1509586286623|28.74|14.46|22.68
1509586286755|28.32|15.0|22.02
1509586286887|27.84|15.12|22.08
1509586287019|28.14|15.059999|22.26
1509586287151|28.199999|14.28|22.859999
1509586287283|28.08|13.259999|23.16
1509586287415|27.48|12.9|23.22
1509586287547|26.519999|12.599999|23.46
1509586287679|25.5|12.42|23.039999
1509586287811|25.14|12.719999|23.34
1509586287943|25.26|12.48|23.22
1509586288075|25.32|12.3|22.98
1509586288207|25.439999|12.0|22.56
1509586288339|25.38|12.24|21.96
1509586288471|25.439999|11.94|21.66
1509586288603|25.32|12.24|21.359999
1509586288735|25.14|12.599999|21.24
1509586288867|25.26|12.24|21.18
1509586288999|25.199999|12.9|21.18
1509586289132|25.32|13.0199995|21.359999
1509586289263|25.32|13.38|21.48
1509586289395|24.72|13.98|21.539999
1509586289527|24.359999|13.98|21.06
1509586289659|24.06|14.46|20.1
1509586289791|23.939999|14.4|19.98
1509586289923|23.64|14.639999|19.56
1509586292476|24.0|15.12|19.56
1509586292572|25.32|16.68|18.06
1509586292707|26.279999|17.699999|16.56
1509586292837|27.359999|19.26|14.28
1509586292968|28.019999|20.939999|12.599999
1509586301346|27.96|21.48|12.36
1509586301445|27.539999|25.019999|9.719999
1509586301578|26.699999|27.0|8.5199995
1509586301710|25.92|28.199999|7.74
1509586314431|24.9|29.58|7.14
1509586314522|24.72|29.88|7.7999997
1509586314652|24.72|30.179998|8.28
1509586314783|24.48|30.119999|8.88
1509586328230|24.359999|30.06|9.78
1509586328326|24.3|29.279999|9.48
1509586328458|23.64|28.8|9.179999
1509586328651|23.279999|28.56|9.12
1509586328944|23.46|28.5|9.36
1509586329052|24.18|28.74|9.3
1509586329184|24.359999|28.199999|9.48
1509586329316|24.06|27.779999|10.2
1509586329448|24.06|27.42|11.34
1509586329581|24.42|26.64|12.48
1509586329712|24.24|26.099998|13.799999
1509586329845|24.6|25.619999|14.82
1509586329990|24.96|25.019999|15.299999
1509586330108|24.6|25.26|15.299999
1509586330240|24.6|25.619999|14.82
1509586330372|24.42|25.859999|14.28
1509586330504|24.06|26.46|13.92
1509586330636|24.06|26.22|13.92
1509586330768|24.42|25.439999|15.0
1509586330901|24.6|24.42|16.56
1509586331032|25.08|22.68|18.42
1509586331165|25.26|20.88|20.82
1509586331297|25.14|20.039999|21.96
1509586331430|25.199999|19.68|22.56
1509586331562|25.019999|19.92|22.5
1509586331693|25.199999|20.1|21.779999
1509586331825|24.84|20.699999|21.359999
1509586331956|24.96|20.88|20.64
1509586332088|24.96|20.699999|20.76
1509586332221|25.14|20.699999|20.76
1509586332353|25.74|20.22|20.88
1509586332484|25.74|20.4|20.76
1509586332616|25.8|20.699999|20.76
1509586332749|25.98|20.64|20.76
1509586332885|26.039999|19.98|20.939999
1509586333013|26.939999|19.26|21.539999
1509586333146|27.9|18.119999|22.26
1509586333277|28.74|17.699999|22.439999
1509586333409|29.519999|17.64|22.26
1509586333541|29.46|17.279999|22.02
1509586333673|29.46|17.699999|21.0
1509586333805|28.56|17.64|21.0
1509586333936|28.14|18.119999|20.939999
1509586334069|27.72|18.359999|20.76
1509586334201|27.48|18.6|20.939999
1509586334333|27.3|19.02|20.64
1509586334465|27.3|19.26|20.64
1509586334597|26.88|19.14|20.52
1509586334729|26.699999|19.619999|20.22
1509586334861|26.58|19.56|20.1
1509586334995|26.4|19.56|19.98
1509586335125|26.4|20.4|20.039999
1509586335257|25.98|20.22|20.4
1509586335389|26.039999|20.52|20.58
1509586335521|25.74|20.46|20.4
1509586335653|25.56|20.1|20.22
1509586335785|25.619999|20.279999|20.16
1509586335917|25.56|20.279999|20.4
1509586336049|25.619999|20.52|20.46
1509586336182|25.26|20.4|20.64
1509586336312|24.84|20.279999|20.64
1509586336446|24.9|20.76|20.4
1509586336580|24.9|20.939999|20.34
1509586336709|25.5|21.3|20.4
1509586336841|26.099998|21.119999|20.46
1509586336973|26.34|20.4|20.58
1509586337105|26.34|20.58|20.82
1509586337237|26.34|20.22|20.88
1509586337369|26.099998|19.859999|20.76
1509586337501|25.619999|19.859999|20.939999
1509586337633|25.74|19.68|21.119999
1509586337765|25.619999|19.859999|21.0
1509586337897|25.56|20.4|21.06
1509586338029|25.68|20.64|20.88
1509586338161|25.619999|20.52|20.46
1509586338293|25.619999|20.34|20.46
1509586338425|25.74|20.16|20.64
1509586338557|25.8|20.16|20.64
1509586338689|25.8|19.92|20.88
1509586338820|25.74|19.92|20.64
1509586338953|25.619999|20.1|20.64
1509586339085|25.56|20.279999|20.58
1509586339217|25.619999|20.64|20.58
1509586339348|25.619999|20.82|20.82
1509586339481|25.619999|21.0|20.58
1509586339613|25.439999|20.82|20.64
1509586339746|25.8|20.82|20.699999
1509586339880|25.8|20.82|20.64
1509586340009|25.98|20.64|20.699999
1509586340142|26.16|20.699999|20.699999
1509586340273|25.8|20.4|20.64
1509586340405|25.92|20.4|20.699999
1509586340537|25.92|20.4|20.88
1509586340669|25.98|20.16|20.88
1509586340801|25.619999|20.1|20.88
1509586340936|25.619999|20.1|20.76
1509586341065|25.439999|20.22|20.76
1509586341197|25.38|20.58|20.699999
1509586341330|25.619999|20.82|20.699999
1509586341463|25.8|20.82|20.82
1509586341593|25.859999|20.52|20.64
1509586341725|25.859999|20.52|20.64
1509586341856|25.859999|20.699999|20.4
1509586341988|25.439999|20.52|20.4
1509586342121|25.199999|20.46|20.46
1509586342252|25.14|19.859999|20.82
1509586342384|24.6|18.9|21.119999
1509586342517|24.66|18.18|21.3
1509586342649|24.66|17.46|21.96
1509586342781|24.66|17.1|22.26
1509586342913|25.14|16.92|22.68
1509586343045|25.32|16.5|22.98
1509586343178|25.439999|16.5|23.1
1509586343309|25.439999|16.44|22.619999
1509586343441|25.5|16.44|22.5
1509586343573|25.619999|16.92|22.199999
1509586343705|25.92|16.98|21.84
1509586343837|26.099998|16.98|22.56
1509586343969|25.92|17.16|22.439999
1509586344100|25.859999|16.98|22.619999
1509586344233|25.619999|17.1|22.619999
1509586344366|25.439999|16.859999|22.08
1509586344498|25.5|16.98|21.84
1509586344629|25.68|17.039999|22.14
1509586344764|25.8|17.039999|22.26
1509586344893|25.859999|17.1|22.5
1509586345025|26.099998|16.98|22.5
1509586345157|26.039999|17.039999|22.26
1509586345288|26.099998|16.8|21.84
1509586345421|26.099998|16.859999|22.08
1509586345553|25.98|16.8|22.32
1509586345684|26.22|16.8|21.84
1509586345818|26.099998|16.98|21.84
1509586345948|26.039999|16.98|21.42
1509586346081|26.22|16.98|21.539999
1509586346213|26.039999|17.16|21.779999
1509586346345|26.099998|17.58|21.96
1509586346476|26.46|17.699999|22.199999
1509586346609|26.099998|18.0|21.779999
1509586346741|26.099998|17.76|21.48
1509586346873|26.039999|17.46|21.3
1509586347005|25.8|17.4|21.24
1509586347137|25.68|17.22|21.48
1509586347269|25.68|17.46|21.539999
1509586347410|25.68|17.88|22.02
1509586347533|25.859999|18.0|21.9
1509586347665|26.039999|18.0|21.66
1509586347797|25.92|17.76|21.779999
1509586347929|25.92|17.16|21.48
1509586348063|25.8|17.16|21.3
1509586348193|25.859999|17.16|21.72
1509586348325|25.859999|17.16|21.539999
1509586348457|26.039999|17.279999|21.96
1509586348588|25.74|17.279999|22.26
1509586348721|25.859999|17.16|22.26
1509586348853|25.74|17.1|22.26
1509586348984|25.68|17.22|21.48
1509586349120|25.92|17.16|21.3
1509586349252|25.74|17.16|21.3
1509586349382|25.859999|17.279999|21.3
1509586349512|25.8|17.279999|21.539999
1509586349644|25.74|17.52|21.72
1509586364121|25.74|17.52|21.6
1509586364241|27.0|-1.3199999|15.12
1509586364347|24.42|-17.039999|5.22
1509586364479|22.02|-30.599998|-6.0
1509586364714|19.74|-43.559998|-17.58
1509586364826|17.039999|-40.559998|-21.24
1509586365132|15.78|-38.64|-22.38
1509586365271|11.04|-44.1|-17.22
1509586365451|10.62|-44.94|-15.9
1509586365703|9.719999|-45.059998|-10.44
1509586365833|10.139999|-45.719997|-10.2
1509586365968|10.5|-45.899998|-9.84
1509586366097|10.86|-46.079998|-9.719999
1509586366230|13.08|-44.579998|-8.76
1509586366362|17.16|-42.66|-6.0
1509586366494|21.24|-39.12|-3.78
1509586366625|25.019999|-34.98|-2.58
1509586366757|26.82|-32.64|-2.1
1509586366889|24.96|-32.1|-6.42
1509586367022|23.039999|-32.94|-10.26
1509586367153|21.06|-34.92|-12.66
1509586367286|18.9|-35.94|-15.599999
1509586367418|18.06|-35.94|-15.96
1509586367550|17.4|-35.76|-16.74
1509586367682|16.8|-35.16|-17.22
1509586367813|16.08|-34.8|-17.22
1509586367946|16.5|-34.86|-17.039999
1509586368077|16.32|-35.04|-16.26
1509586368210|16.26|-35.399998|-16.199999
1509586368342|16.26|-35.82|-15.42
1509586368474|15.599999|-35.82|-15.24
1509586368606|15.719999|-35.7|-14.94
1509586368738|15.48|-35.64|-14.639999
1509586368870|15.54|-35.219997|-14.759999
1509586369002|15.719999|-35.219997|-14.219999
1509586369134|15.299999|-35.579998|-14.7
1509586369266|15.66|-35.579998|-14.88
1509586369398|15.66|-35.28|-14.759999
1509586369530|15.66|-35.219997|-14.759999
1509586369661|15.9|-35.1|-14.28
1509586369794|15.9|-34.62|-14.4
1509586369926|15.96|-34.86|-14.16
1509586370058|16.08|-34.8|-14.7
1509586370190|15.96|-34.92|-14.7
1509586370321|15.719999|-34.92|-14.16
1509586370453|15.719999|-35.16|-14.4
1509586370585|15.48|-35.28|-13.559999
1509586370717|15.48|-35.399998|-13.08
1509586370850|15.78|-36.239998|-12.36
1509586370982|16.5|-36.0|-10.74
1509586371117|18.24|-35.7|-8.58
1509586371246|19.439999|-35.04|-7.3199997
1509586371378|20.4|-33.84|-6.66
1509586371510|21.0|-33.239998|-6.66
1509586371642|20.46|-33.18|-7.74
1509586371774|20.22|-33.12|-8.88
1509586371906|20.34|-33.059998|-9.36
1509586372038|20.34|-33.18|-9.0
1509586372170|21.06|-32.82|-6.8399997
1509586372309|21.84|-32.28|-3.84
1509586372434|21.84|-31.859999|-1.0799999
1509586372567|21.48|-31.08|-1.02
1509586372698|20.34|-30.24|-4.08
1509586372830|19.14|-29.58|-8.16
1509586372962|18.18|-29.82|-12.9
1509586373094|16.98|-30.06|-15.66
1509586373226|16.619999|-30.3|-16.92
1509586373358|16.08|-30.42|-17.699999
1509586373490|15.66|-29.939999|-17.699999
1509586373622|15.48|-29.939999|-17.94
1509586373754|14.58|-30.0|-18.0
1509586373886|14.4|-30.72|-17.699999
1509586374018|14.219999|-31.26|-17.58
1509586374150|14.219999|-31.56|-16.98
1509586374283|14.4|-32.1|-16.859999
1509586374414|14.219999|-31.859999|-16.56
1509586374546|14.639999|-31.38|-16.68
1509586374678|14.46|-31.08|-17.1
1509586374810|15.059999|-30.539999|-17.16
1509586374942|15.42|-30.72|-17.4
1509586375074|15.179999|-31.14|-17.52
1509586375206|15.179999|-31.5|-17.58
1509586375338|15.179999|-31.859999|-17.58
1509586375472|14.82|-31.92|-17.64
1509586375602|15.24|-31.859999|-17.039999
1509586375734|15.839999|-31.8|-16.56
1509586375866|15.78|-31.859999|-16.14
1509586375998|15.599999|-31.74|-15.96
1509586376130|15.179999|-31.859999|-16.14
1509586376262|14.46|-31.92|-16.199999
1509586376394|13.799999|-31.859999|-15.78
1509586376526|14.16|-32.219997|-15.599999
1509586376658|13.559999|-31.199999|-16.199999
1509586376791|13.62|-30.24|-16.98
1509586376922|13.92|-29.279999|-17.94
1509586377054|13.92|-28.14|-18.24
1509586377186|14.34|-28.439999|-17.82
1509586377318|14.88|-28.5|-17.52
1509586377450|14.7|-28.68|-17.4
1509586377582|14.639999|-28.56|-17.699999
1509586377714|15.24|-28.32|-17.94
1509586377846|15.179999|-27.9|-18.18
1509586377977|15.719999|-27.42|-18.6
1509586378110|15.96|-26.519999|-18.96
1509586378242|15.66|-26.039999|-19.5
1509586378374|15.059999|-25.439999|-19.98
1509586378506|14.7|-25.439999|-20.46
1509586378639|14.46|-25.68|-20.1
1509586378770|14.7|-25.859999|-20.22
1509586378902|15.36|-26.099998|-20.34
1509586379034|15.719999|-26.58|-19.92
1509586379166|15.42|-27.06|-20.34
1509586379303|14.82|-27.359999|-20.34
1509586379430|14.34|-27.359999|-20.279999
1509586379525|14.34|-27.06|-20.34
1509586379628|14.16|-25.8|-20.76
1509586379760|14.04|-24.24|-20.88
1509586379892|13.139999|-22.74|-21.06
1509586380023|12.42|-21.539999|-21.18
1509586380156|12.0|-20.699999|-21.6
1509586380288|11.58|-20.699999|-21.72
1509586380420|12.059999|-20.939999|-21.84
1509586380552|12.42|-21.48|-22.26
1509586380684|11.82|-22.26|-21.9
1509586380816|12.179999|-22.859999|-21.66
1509586380949|12.059999|-23.46|-21.119999
1509586381080|11.7|-22.38|-20.699999
1509586381212|12.3|-22.38|-20.76
1509586381344|12.179999|-22.08|-21.3
1509586381476|11.58|-21.3|-21.539999
1509586381607|11.16|-22.199999|-22.439999
1509586381741|10.38|-21.84|-23.82
1509586381872|9.54|-21.24|-25.019999
1509586382004|9.42|-20.939999|-25.8
1509586382142|9.42|-20.4|-26.34
1509586382268|9.3|-19.5|-25.92
1509586382401|9.3|-19.14|-25.38
1509586382532|8.7|-18.18|-25.38
1509586382664|8.5199995|-17.58|-24.779999
1509586382796|8.4|-17.039999|-25.019999
1509586382928|7.98|-17.279999|-25.199999
1509586383060|7.8599997|-18.72|-25.5
1509586383192|7.14|-19.859999|-25.56
1509586383324|6.2999997|-21.18|-25.019999
1509586383456|5.8799996|-21.359999|-25.019999
1509586383588|5.64|-20.699999|-24.6
1509586383720|5.22|-19.619999|-24.779999
1509586383856|5.3399997|-18.72|-24.84
1509586383984|5.2799997|-18.779999|-24.66
1509586384116|4.92|-20.22|-24.84
1509586384248|4.8599997|-20.34|-23.939999
1509586384380|3.06|-19.32|-23.82
1509586384512|-0.12|-16.44|-24.359999
1509586384644|-2.7|-13.86|-25.26
1509586384776|-4.02|-12.719999|-26.82
1509586384908|-3.3|-12.3|-27.359999
1509586385040|-1.74|-14.94|-27.0
1509586385172|-0.35999998|-16.38|-25.92
1509586385304|0.0|-15.78|-24.6
1509586385438|-0.35999998|-15.54|-24.18
1509586385568|0.06|-14.639999|-24.84
1509586385700|0.35999998|-13.74|-25.8
1509586385832|0.35999998|-14.7|-26.939999
1509586385964|0.42|-15.36|-27.42
1509586386096|0.71999997|-15.54|-27.42
1509586386228|1.14|-14.88|-27.24
1509586386360|0.84|-14.759999|-27.96
1509586386492|0.35999998|-14.88|-29.099998
1509586386624|0.06|-14.639999|-30.42
1509586386756|-0.35999998|-15.0|-30.9
1509586386893|-0.35999998|-15.179999|-30.66
1509586387020|-0.35999998|-15.719999|-30.0
1509586387152|-1.4399999|-15.66|-28.74
1509586387284|-3.6|-15.12|-27.779999
1509586387416|-4.8599997|-15.66|-27.48
1509586387548|-5.04|-14.94|-27.42
1509586387680|-5.04|-14.5199995|-27.18
1509586387812|-3.6|-14.7|-27.779999
1509586387944|-3.36|-13.0199995|-28.019999
1509586388076|-4.62|-12.66|-27.779999
1509586388208|-5.3399997|-11.94|-27.96
1509586388341|-6.3599997|-11.639999|-27.84
1509586388472|-7.14|-12.059999|-27.539999
1509586388605|-7.3199997|-11.639999|-27.3
1509586388737|-7.5|-11.16|-26.34
1509586388867|-7.9199996|-9.84|-25.019999
1509586389000|-7.8599997|-9.059999|-23.039999
1509586389132|-7.2|-6.3599997|-19.74
1509586389264|-7.3799996|-4.02|-16.98
1509586389396|-7.44|-0.53999996|-15.24
1509586389528|-7.3799996|5.04|-14.7
1509586389660|-8.639999|9.12|-16.859999
1509586389792|-9.719999|13.0199995|-20.52
1509586389924|-11.639999|15.12|-24.9
1509586390056|-13.86|13.86|-30.359999
1509586390191|-15.299999|11.04|-32.579998
1509586390320|-16.44|8.04|-32.94
1509586390452|-16.859999|5.46|-32.1
1509586390584|-17.16|5.52|-29.22
1509586390717|-17.039999|7.14|-28.92
1509586390849|-16.8|8.76|-28.859999
1509586390980|-16.199999|10.559999|-28.32
1509586391112|-15.36|11.46|-28.32
1509586391244|-15.299999|11.28|-27.96
1509586391376|-15.059999|11.4|-27.48
1509586391508|-14.94|11.16|-27.18
1509586391640|-14.759999|11.46|-27.18
1509586391772|-14.46|11.16|-26.16
1509586391904|-13.74|11.4|-25.019999
1509586392036|-13.08|12.12|-25.019999
1509586392168|-12.36|11.5199995|-25.08
1509586392300|-11.759999|10.8|-24.779999
1509586392432|-12.059999|10.26|-23.76
1509586392564|-12.599999|10.32|-22.32
1509586392696|-13.44|11.16|-21.0
1509586392828|-14.099999|12.96|-20.58
1509586392960|-14.099999|13.5|-21.24
1509586393092|-14.28|13.32|-21.539999
1509586393224|-14.639999|13.32|-21.84
1509586393356|-14.94|12.84|-22.5
1509586393488|-15.12|12.66|-22.92
1509586393620|-14.94|12.48|-23.039999
1509586393752|-14.639999|12.36|-23.039999
1509586393883|-14.46|12.36|-22.32
1509586394016|-14.7|12.54|-21.96
1509586394148|-14.88|12.599999|-22.32
1509586394279|-14.94|12.719999|-22.32
1509586394412|-15.12|12.78|-22.92
1509586394543|-15.299999|12.84|-23.519999
1509586394676|-14.94|12.84|-23.279999
1509586394808|-14.94|12.719999|-23.16
1509586394940|-15.12|12.84|-22.98
1509586395072|-15.24|12.66|-22.98
1509586395204|-15.96|12.66|-22.98
1509586395337|-16.26|12.719999|-22.68
1509586395474|-16.44|12.599999|-22.32
1509586395600|-16.14|12.719999|-22.199999
1509586395733|-15.78|12.36|-21.9
1509586395864|-15.78|11.88|-22.199999
1509586395996|-15.78|11.5199995|-22.5
1509586396128|-16.08|11.099999|-22.38
1509586396260|-16.08|11.34|-22.38
1509586396392|-15.96|11.7|-21.9
1509586396524|-15.54|12.12|-21.48
1509586396656|-15.66|12.599999|-21.18
1509586396788|-15.719999|12.48|-21.06
1509586396920|-15.839999|12.48|-21.0
1509586397052|-16.32|12.42|-21.18
1509586397184|-15.96|12.3|-21.18
1509586397317|-15.9|11.88|-21.42
1509586397448|-15.78|11.639999|-21.779999
1509586397580|-15.059999|11.759999|-22.199999
1509586397712|-14.58|11.7|-22.8
1509586397844|-14.16|11.82|-22.8
1509586397976|-13.92|12.0|-22.8
1509586398108|-13.92|11.88|-22.98
1509586398240|-13.98|11.759999|-22.68
1509586398372|-14.16|11.5199995|-22.32
1509586398506|-14.16|10.86|-22.199999
1509586398636|-14.5199995|11.04|-21.72
1509586398768|-14.28|11.099999|-21.72
1509586398900|-14.28|11.34|-22.199999
1509586399033|-14.5199995|11.82|-22.32
1509586399164|-14.16|11.7|-22.8
1509586399296|-14.34|11.7|-22.98
1509586399428|-14.04|12.179999|-22.5
1509586399560|-13.44|12.48|-22.32
1509586399692|-13.259999|12.54|-22.02
1509586399824|-13.559999|12.42|-21.9
1509586399956|-13.74|12.48|-22.02
1509586400088|-13.92|12.36|-22.32
1509586400221|-14.28|12.54|-22.68
1509586400352|-14.099999|12.719999|-22.8
1509586400484|-14.099999|12.66|-23.22
1509586400616|-13.92|12.719999|-23.039999
1509586400748|-13.5|12.719999|-23.1
1509586400880|-12.9|12.9|-23.34
1509586401012|-12.48|13.0199995|-23.519999
1509586401144|-11.88|12.84|-23.88
1509586401276|-10.559999|12.719999|-23.939999
1509586401408|-9.66|12.3|-24.18
1509586401540|-8.82|11.099999|-25.08
1509586401672|-8.28|9.599999|-25.92
1509586401804|-8.46|8.099999|-26.64
1509586401936|-8.5199995|6.8399997|-27.06
1509586402068|-8.7|6.72|-27.24
1509586402200|-9.36|6.8999996|-27.48
1509586402332|-10.139999|6.8399997|-27.539999
1509586402464|-11.46|6.66|-27.779999
1509586402596|-12.3|6.3599997|-27.3
1509586402728|-13.0199995|5.58|-27.0
