1510197612618|2.171875|6.096115|6.936798
1510197612723|2.3353882|5.875183|7.939392
1510197612838|2.0618134|5.60878|7.904297
1510197612953|1.4811554|5.4811554|8.433105
1510197613070|1.3248291|4.89093|9.154938
1510197613185|0.8422699|4.8311157|8.576675
1510197613298|0.6237335|4.2759705|9.177277
1510197613417|1.0640106|4.8367004|8.97229
1510197613530|-0.1690979|4.9188538|8.654846
1510197613644|0.45861816|5.3647003|9.386246
1510197613758|1.8121643|6.072983|7.910675
1510197613876|1.7698975|6.803589|5.9334106
1510197613989|2.1527405|7.5812683|5.642273
1510197614104|0.7242279|6.0817566|6.8107758
1510197614220|1.1996002|6.4733887|7.379471
1510197614334|0.13639832|5.669388|8.8701935
1510197614450|0.036697388|6.3194427|8.200195
1510197614563|0.46899414|5.647064|8.011978
1510197614679|-1.7204437|6.2723846|7.98645
1510197614794|-1.3790588|5.456436|7.6139526
1510197614910|-1.483551|5.9669037|7.3954163
1510197615024|-1.6470642|5.497116|7.281357
1510197615139|-1.6327057|5.6367035|7.7304077
1510197615255|-1.1676941|5.5553436|7.021332
1510197615370|-0.8510437|5.7730865|7.85643
1510197615486|-1.8392792|5.377472|6.5762787
1510197615598|-1.8624115|4.800003|7.922638
1510197615713|-2.5411835|5.2291107|8.834305
1510197615830|-1.8823547|5.7507477|7.529419
1510197615944|-2.4207458|4.764908|7.5788727
1510197616060|-0.683548|4.4634094|8.420349
1510197616174|-0.8199463|4.748947|7.97847
1510197616290|-3.8843536|4.281555|9.797012
1510197616407|-3.7439728|4.977066|7.0117645
1510197616523|-3.6769714|5.5385895|6.585846
1510197616636|-3.9417725|5.517044|6.407181
1510197616751|-5.47876|5.417343|5.8002014
1510197616863|-4.705887|5.21875|7.452835
1510197616979|-2.238083|5.718048|7.4289246
1510197617095|-5.230713|4.3421783|8.283951
1510197617210|-3.110672|4.967499|7.6043854
1510197617324|-3.841278|5.619934|7.4353027
1510197617440|-2.7318115|4.480957|7.5772705
1510197617556|-3.5565338|4.987442|8.437088
1510197617670|-3.426529|4.396408|8.426727
1510197617784|-2.3449707|5.69252|7.464813
1510197617899|-3.4305115|4.82872|8.450653
1510197618015|-2.9846497|4.0095825|8.397217
1510197618129|-2.9774628|4.0366974|8.394821
1510197618245|-3.1840515|3.8524475|8.870987
1510197618361|-2.2651978|4.550354|8.815155
1510197618475|-2.489334|4.5192413|7.3395844
1510197618591|-3.1306152|3.750351|10.670395
1510197618705|-0.14834595|2.4582214|8.409973
1510197618819|-1.6901245|1.6406708|10.330612
1510197618934|-0.7952118|3.6753693|7.2765656
1510197619052|-1.6239319|4.521637|9.787445
1510197619166|-2.12323|5.672592|7.922638
1510197619279|-0.45703125|4.6588287|7.348358
1510197619395|-0.81755066|5.323227|7.763916
1510197619510|-0.23449707|4.7840576|7.559723
1510197619625|-0.8159485|5.3104706|7.5684967
1510197619742|-0.6380768|5.037689|8.31427
1510197619854|-1.1700897|5.318451|8.839096
1510197619969|-1.7730865|6.4598236|6.6640167
1510197620085|-1.0624084|6.4670105|6.687134
1510197620201|-1.2801666|5.1365967|8.937195
1510197620315|-0.5312042|5.8847504|6.854645
1510197620430|-3.7328033|4.531204|8.480164
1510197620546|-2.5068817|5.261017|7.562912
1510197620660|0.5790558|6.8259277|6.401596
1510197620774|-0.30947876|4.737793|9.170883
1510197620890|-0.24725342|5.3144684|7.7583313
1510197621005|0.090927124|5.797806|8.532013
1510197621121|-0.086135864|5.5066833|8.198608
1510197621236|-0.18823242|5.637497|8.177078
1510197621351|-0.16828918|6.1024933|8.418747
1510197621466|0.10926819|5.510666|7.98085
1510197621582|-0.023132324|5.1381836|7.623535
1510197621698|-0.506485|5.3375854|8.566299
1510197621810|-0.5343933|5.356735|9.322433
1510197621925|0.062210083|6.2221375|8.047852
1510197622041|-0.33818054|5.441284|8.269592
1510197622157|-0.40278625|5.8169556|8.740189
1510197622271|-0.48812866|5.808182|8.429916
1510197622394|0.23210144|5.12941|7.925827
1510197622502|0.39959717|4.916458|8.587036
1510197622616|-0.14915466|6.6879425|7.9178467
1510197622731|-0.2544403|5.7339935|8.058228
1510197622846|0.5232239|5.603195|8.20578
1510197622961|-0.7920227|5.7882385|7.56929
1510197623075|-1.4675903|6.0833435|8.059021
1510197623191|-1.028122|5.529007|8.455444
1510197623305|-0.0039978027|6.584259|7.287735
1510197623431|-1.3009033|6.109665|7.5940247
1510197623546|-1.6223297|5.3583374|8.691528
1510197623651|-0.21855164|6.0227356|7.470398
1510197623765|-2.0003967|5.4221344|8.025528
1510197623880|-0.71147156|5.902298|7.6618195
1510197623996|-0.9722748|5.389435|8.293518
1510197624110|-0.7776642|5.753937|8.905289
1510197624226|-1.7100677|5.9405823|8.353348
1510197624342|-0.6285095|5.5369873|8.153152
1510197624457|0.22651672|5.9565277|7.6426697
1510197624572|-0.054244995|5.8137665|7.728821
1510197624689|1.6821594|6.4327087|7.3108673
1510197624801|0.92123413|6.5005035|8.275177
1510197624916|0.18583679|6.620941|7.42572
1510197625031|1.601593|6.3066864|8.783249
1510197625146|0.45542908|5.647064|7.3906403
1510197625263|1.2618103|5.087143|5.8504486
1510197625376|0.3637085|5.852844|8.347763
1510197625492|0.8319092|5.3902283|6.035492
1510197625607|0.5232239|6.0873413|8.450653
1510197625721|-0.17866516|5.399811|8.914856
1510197625837|0.22970581|5.851242|7.420944
1510197625951|1.267395|5.91745|8.632507
1510197626065|-0.2536316|5.7595215|7.873993
1510197626182|0.8039856|5.765106|6.4231415
1510197626296|0.18424988|5.8727875|8.733795
1510197626412|0.63090515|5.308075|7.139389
1510197626526|0.220932|5.6414795|9.235504
1510197626642|-0.845459|5.706085|6.510071
1510197626759|-0.020736694|2.4534454|10.809174
1510197626873|-0.9658966|2.9040833|10.909683
1510197626987|0.9954071|5.0273285|7.67218
1510197627102|0.87338257|1.3750763|10.341782
1510197627217|-1.2753754|2.3593292|11.416153
1510197627331|0.20259094|3.2821503|10.222931
1510197627447|-0.48335266|3.5876465|9.472382
1510197627561|-1.588028|3.8165588|9.757141
1510197627677|0.4705963|3.735199|8.834305
1510197627792|0.27278137|4.3078766|7.736786
1510197627907|-0.04067993|3.5102692|8.736191
1510197628023|1.1254272|4.523239|7.564514
1510197628137|-0.47616577|4.1411743|10.492523
1510197628253|1.2546387|4.2488556|8.583847
1510197628368|0.8957062|4.472183|8.790436
1510197628481|-1.5202332|6.0618134|9.052048
1510197628602|-0.94755554|5.3854523|8.975479
1510197628713|-0.16749573|6.5124664|6.445465
1510197628826|0.47616577|6.600998|7.133011
1510197628942|-1.2131653|5.7970123|8.523239
1510197629057|0.36689758|5.291321|8.670792
1510197629172|0.35891724|5.8408813|7.682556
1510197629287|-1.1294098|5.588043|8.919647
1510197629402|0.3740692|5.978073|7.06839
1510197629518|-1.4572296|5.6327057|8.684357
1510197629632|-0.3357849|5.8560333|8.272781
1510197629749|0.003189087|5.149353|7.6586304
1510197629862|-0.14755249|4.9483643|8.10051
1510197629977|-0.8406677|4.99382|8.1651
1510197630092|0.3692932|4.5391846|8.84787
1510197630207|-0.4817505|4.319046|10.1375885
1510197630323|1.5776672|2.4199371|9.245865
1510197630439|0.8717804|3.129013|10.214966
1510197630553|1.8536377|5.2666016|8.043869
1510197630669|0.8861389|3.5094757|9.284958
1510197630782|2.2827454|4.6763763|8.617355
1510197630898|2.0737762|4.4514465|8.880569
1510197631014|2.403183|3.95932|7.948166
1510197631127|0.432312|3.2534485|10.561127
1510197631243|-1.891922|5.2562256|8.971481
1510197631358|-2.2891388|6.7924347|7.107483
1510197631473|-1.730011|5.6063843|7.8763733
1510197631589|-2.6257324|6.4127655|6.623337
1510197631702|-2.9256287|5.0321045|9.081558
1510197631818|2.3657074|7.097107|5.005783
1510197631933|-0.4530487|7.063614|5.9956207
1510197632047|-1.745163|4.209778|8.610977
1510197632163|-2.4638062|3.0979156|9.166901
1510197632277|-1.1246185|4.059021|9.395813
1510197632394|-0.8598175|4.8358917|7.9282227
1510197632507|-1.9493561|2.2460632|10.185455
1510197632628|0.06062317|2.7421722|9.185257
1510197632737|-1.3726807|4.4961243|8.365311
1510197632854|-0.8670044|2.4813538|9.945374
1510197632967|-0.5120697|3.2486572|9.623138
1510197633085|-1.1549377|5.016159|9.316055
1510197633198|-0.66999817|2.0346985|10.151947
1510197633312|-0.65802|3.5549316|8.9092865
1510197633428|-1.4994965|3.9752808|8.373291
1510197633544|-1.8679962|4.0733795|9.802597
1510197633658|-0.42752075|4.6197357|6.6017914
1510197633774|-1.2705994|5.5330048|9.599213
1510197633889|0.609375|5.490738|7.137787
1510197634002|0.6149597|6.286743|8.0095825
1510197634119|-0.21295166|5.7730865|8.0143585
1510197634233|0.44665527|5.217148|7.962509
1510197634349|-0.23928833|5.5792694|8.374084
1510197634465|0.4650116|5.4404907|7.912262
1510197634578|0.31904602|5.816162|8.280762
1510197634694|0.70588684|5.6263275|7.5708923
1510197634809|0.4107666|5.8847504|8.077377
1510197634923|0.53041077|6.111267|7.9146576
1510197635038|0.4705963|6.0873413|7.657837
1510197635154|0.6197357|5.95813|7.340378
1510197635268|0.7154541|5.8169556|8.815964
1510197635384|1.9860535|5.652649|7.261429
1510197635498|2.948761|6.7621155|6.3736877
1510197635614|2.509262|6.236496|7.144165
1510197635730|3.3643036|6.044281|6.4279175
1510197635845|2.4358978|6.062622|6.8953094
1510197635961|1.7228394|6.1176453|8.424332
1510197636074|1.3894348|5.5992126|6.8849487
1510197636188|1.6685944|5.880768|7.9234314
1510197636304|1.2203369|5.721237|8.551941
1510197636419|1.6183472|5.407776|8.800003
1510197636536|0.9308014|5.144577|8.524033
1510197636649|0.8869324|4.8749695|8.055832
1510197636763|0.5495453|5.4859467|7.0420685
1510197636880|0.93559265|5.993225|8.243271
1510197636996|1.5178528|5.1046906|7.9561462
1510197637109|1.8057861|4.8566284|8.502502
1510197637225|2.2149506|5.3966064|7.3778687
1510197637339|2.2994995|5.21875|6.1328125
1510197637454|2.546753|5.4460754|9.435699
1510197637568|2.0227356|5.7348022|8.624527
1510197637683|4.0263214|5.6143646|6.6472626
1510197637799|3.5756683|5.335205|7.140976
1510197637914|3.0915222|4.9427643|7.7591248
1510197638032|4.6388855|6.18544|7.377075
1510197638144|3.9034882|5.698105|6.744568
1510197638259|4.1052856|5.483551|7.3475647
1510197638374|4.3964233|5.245865|8.1651
1510197638489|3.9298096|6.1878357|7.1752777
1510197638603|3.594818|5.2921295|6.1056824
1510197638720|5.338379|5.741974|6.5260315
1510197638834|3.3060913|5.3886414|7.2231293
1510197638949|3.1529388|4.992218|7.5517426
1510197639064|2.8785706|5.0289154|8.959518
1510197639181|2.395218|5.0001984|7.0827637
1510197639295|2.6201324|5.0727844|9.498718
1510197639409|1.8049774|4.7074738|6.6520386
1510197639527|1.9078827|4.864609|9.158936
1510197639639|1.2275238|4.5056915|7.550949
1510197639755|0.8957062|4.6388855|10.826721
1510197639870|1.4564362|4.921234|6.854645
1510197639986|1.1964111|3.7894287|9.645477
1510197640099|0.86460876|4.0111694|8.396408
