1510206628474|-2.5611267|0.41874695|9.768295
1510206628590|-1.7786713|0.6947174|9.706085
1510206628704|-0.7593231|0.7003021|9.060028
1510206628817|-4.3605194|2.1391754|8.657227
1510206628932|-4.565506|2.1997986|8.908478
1510206629048|-3.4456635|2.0769653|8.665207
1510206629165|-4.5072784|2.956726|9.751556
1510206629278|-1.557724|2.7589264|8.49054
1510206629394|-1.8097687|2.5124664|10.013168
1510206629510|-1.8687897|3.2079773|9.903885
1510206629623|-0.61335754|1.9349976|9.071991
1510206629738|-2.584259|2.148758|11.01416
1510206629854|-1.4667969|1.8464661|9.175674
1510206629968|-1.8600159|1.748352|9.687744
1510206630085|-0.8861389|0.9985962|10.057831
1510206630198|-1.190033|0.35014343|8.583862
1510206630313|-1.2275085|1.3894348|10.257233
1510206630429|-0.7170563|1.1685028|9.84407
1510206630546|-0.7696991|0.27915955|10.137604
1510206630662|-0.23051453|-0.04147339|10.360123
1510206630773|-0.92523193|0.54556274|9.353546
1510206630890|-0.55992126|0.25364685|9.6008
1510206631003|-0.14915466|0.15792847|9.973282
1510206631119|-0.66760254|0.6947174|10.3688965
1510206631233|-0.99780273|-0.17228699|10.80838
1510206631348|-0.35334778|0.03111267|8.911667
1510206631465|-0.21853638|0.68673706|9.72522
1510206631578|-0.47695923|0.4753723|10.560318
1510206631694|-0.24327087|-0.10368347|9.871185
1510206631812|0.0765686|0.8358917|9.458023
1510206631924|-0.13877869|-1.0281067|10.004395
1510206632039|-0.2073822|0.5782623|9.550552
1510206632156|-0.27676392|0.086135864|10.722244
1510206632269|0.23210144|-0.59420776|9.887146
1510206632384|-0.20578003|-0.79122925|9.712463
1510206632501|0.14117432|0.44506836|9.627121
1510206632617|-0.24806213|-1.1134644|10.462219
1510206632729|-0.0677948|-1.3679047|10.178268
1510206632844|-0.20098877|0.17308044|9.140579
1510206632960|-0.3972168|-1.6135559|10.547562
1510206633074|-0.2328949|-1.2378845|9.99881
1510206633189|-0.2831421|0.62532043|10.105682
1510206633305|-0.8701935|-1.8815613|9.789032
1510206633420|0.13160706|-1.2131653|9.903885
1510206633537|-0.43389893|-0.63090515|9.95015
1510206633649|-1.076767|-1.5553284|9.867203
1510206633767|-0.279953|-1.572876|9.885544
1510206633879|-0.86221313|-1.2586212|10.39682
1510206633995|-1.0735779|-0.5726776|9.738785
1510206634110|-0.9730835|-0.9308014|9.558533
1510206634225|-0.58703613|-1.0105743|9.871185
1510206634339|-0.6213379|-1.2745819|10.052246
1510206634454|-0.6333008|-1.2841492|9.853638
1510206634570|-0.52163696|-1.2035828|9.801804
1510206634686|-0.39720154|-1.4173431|9.607986
1510206634801|-0.41874695|-1.3639069|9.686142
1510206634917|-0.6077881|-1.4667969|9.681366
1510206635030|-0.59820557|-1.6909332|9.840881
1510206635144|-0.5726776|-1.4229279|9.777863
1510206635262|-0.91485596|-1.4285126|9.804184
1510206635375|-0.67318726|-1.370285|9.63031
1510206635490|-0.74975586|-1.828125|9.932617
1510206635606|-0.3126526|-1.4660034|9.5720825
1510206635719|-0.01675415|-1.8727875|9.80101
1510206635837|-0.19142151|-1.7204437|9.994812
1510206635950|-0.47935486|-1.0943146|10.017944
1510206636065|-0.55114746|-2.3505554|9.646271
1510206636180|-0.22174072|-1.0783691|8.910873
1510206636296|-0.550354|-1.7411804|9.843277
1510206636412|-0.3031006|-2.1312103|9.312866
1510206636525|-0.7186432|-1.7499542|10.263611
1510206636640|-0.535202|-1.0839386|10.578674
1510206636757|-0.2033844|-2.1966095|8.965912
1510206636872|-0.43070984|-1.3774719|10.076965
1510206636986|-0.63648987|-1.7076721|10.273193
1510206637100|-0.4610138|-2.1567383|8.905289
1510206637217|-0.7298126|-1.6151581|9.596817
1510206637330|-0.9052887|-3.1018982|10.198212
1510206637445|-0.27757263|-0.9196472|9.732407
1510206637563|-0.8390808|-1.4388885|9.934204
1510206637676|0.3310089|-1.1413727|9.030502
1510206637792|-0.5647125|-3.0197449|10.133606
1510206637906|-1.0664062|-0.61177063|9.827316
1510206638021|-0.8446655|-0.74575806|10.1017
1510206638135|0.0|-1.3399811|9.266602
1510206638251|-0.5016937|-2.4311066|10.108887
1510206638369|-1.2410736|-0.51605225|9.450058
1510206638481|-1.3663025|-0.42112732|10.003586
1510206638598|-0.5758667|-0.42193604|9.88475
1510206638711|-0.9930115|-1.6765747|9.853638
1510206638827|-1.2410736|-0.74417114|9.976471
1510206638943|-1.267395|-0.29032898|10.331406
1510206639056|-1.4045868|-1.179657|10.468597
1510206639170|-0.80319214|0.48493958|9.716461
1510206639286|-1.3950195|-1.684555|9.161316
1510206639401|-1.2291107|-0.24008179|10.029114
1510206639516|-1.1868439|-0.496109|10.678375
1510206639633|-1.2530365|-0.48335266|10.411972
1510206639748|-1.3862457|-0.35972595|9.715652
1510206639863|-1.4620209|-0.4945221|9.644669
1510206639976|-1.1373901|0.65005493|10.072983
1510206640091|-1.1038818|-0.6061859|9.043274
1510206640206|-1.0408783|0.2368927|10.105682
1510206640321|-1.758728|-1.410965|9.931015
1510206640436|-0.9962158|0.5471649|9.426926
1510206640551|-1.5999908|-1.249054|10.060226
1510206640668|-1.0640106|-0.5854492|10.057037
1510206640784|-1.3639069|-0.3302002|9.907883
1510206640900|-1.52742|-0.43788147|9.458832
1510206641013|-1.5290222|-0.005584717|9.387039
1510206641126|-1.5393829|-0.44586182|10.114456
1510206641242|-1.15094|-0.5120697|9.4691925
1510206641356|-1.9916229|-0.8390808|10.510071
1510206641471|-1.2602234|0.5878296|9.672592
1510206641587|-1.6462708|-1.588028|9.433304
1510206641702|-1.0759735|-0.029510498|9.19722
1510206641818|-1.3647156|-0.7154541|10.31546
1510206641931|-1.2833557|0.36610413|9.600006
1510206642046|-1.7068787|-0.34057617|10.032303
1510206642161|-1.1549377|-0.2839508|9.36232
1510206642282|-1.1222382|-0.66441345|10.094528
1510206642391|-1.2203369|0.7385864|9.914261
1510206642510|-2.504486|-0.9690857|10.25325
1510206642621|-0.5726776|0.5256195|8.9730835
1510206642754|-2.4430695|-2.3345947|10.529221
1510206642851|-0.5328064|1.4628143|9.296112
1510206642969|-1.8368988|-1.4508514|9.897507
1510206643084|-1.11026|-0.5742798|9.237091
1510206643197|-1.1868439|-1.0241241|10.208572
1510206643312|-1.8672028|0.5152588|9.786636
1510206643430|-1.3391876|-0.31744385|10.147171
1510206643542|-1.8496552|-0.09411621|9.658234
1510206643660|-1.2227325|-0.5024872|9.408585
1510206643774|-1.120636|-1.3511505|9.782654
1510206643887|-1.3678894|-0.45942688|10.038681
1510206644003|-1.9804688|0.5447693|9.688538
1510206644117|-2.0554352|-0.7242279|9.505081
1510206644232|-1.0225372|-0.78564453|9.417358
1510206644349|-1.2785645|-0.40518188|10.330612
1510206644462|-2.0434723|0.37727356|9.762711
1510206644580|-1.9828491|-0.47935486|9.28894
1510206644695|-1.0225372|-0.8781738|9.652649
1510206644808|-1.395813|0.40678406|10.052246
1510206644922|-2.1104736|-0.38684082|9.995621
1510206645039|-1.3615112|-0.59580994|9.411774
1510206645152|-1.1581268|-0.10209656|9.687744
1510206645272|-1.9820557|-0.4227295|9.919052
1510206645383|-1.2442627|-0.33898926|9.712463
1510206645497|-1.5920258|-0.78404236|9.274582
1510206645612|-1.5146637|0.25602722|10.485352
1510206645727|-1.7563324|-0.24485779|9.702103
1510206645842|-1.1844482|-0.7258301|9.6311035
1510206645959|-1.601593|0.26400757|9.054443
1510206646073|-1.7315979|-0.9810486|9.861618
1510206646188|-1.2378845|0.68673706|9.142975
1510206646302|-1.9684906|-1.071991|10.216553
1510206646420|-1.1325989|0.010360718|9.476379
1510206646535|-1.5808563|-0.6947174|9.89592
1510206646649|-1.5936279|-0.0335083|9.67897
