1510206665745|-1.5369873|-0.393219|9.868805
1510206665860|-1.2697906|-0.1690979|10.160721
1510206665976|-1.3463593|-0.14675903|9.853638
1510206666088|-1.6358948|-0.21217346|9.548157
1510206666203|-1.4763641|-0.023132324|9.918259
1510206666318|-1.2785645|-0.31185913|9.549759
1510206666433|-1.4675903|-0.32063293|10.173477
1510206666548|-1.5808563|-0.15792847|9.861618
1510206666665|-1.36232|-0.437088|10.293121
1510206666781|-1.5657043|-0.23291016|9.367905
1510206666894|-1.6199341|0.035095215|9.580856
1510206667010|-1.3870392|-0.19062805|10.166306
1510206667123|-1.5505524|-0.5830536|9.4691925
1510206667239|-1.4883423|0.003189087|9.829712
1510206667354|-1.642273|-0.33659363|9.77388
1510206667471|-1.5074768|-0.40837097|9.850449
1510206667586|-1.3200378|-0.2193451|9.475586
1510206667700|-1.601593|-0.37646484|9.986053
1510206667814|-1.4604187|-0.020736694|9.591232
1510206667932|-1.4891357|0.124420166|9.805786
1510206668044|-1.5018921|-0.4618225|9.683762
1510206668161|-1.5042877|-0.10847473|10.172684
1510206668274|-1.552948|-0.09890747|9.633499
1510206668390|-1.2506409|-0.19062805|9.926224
1510206668505|-1.3990021|-0.12602234|9.67099
1510206668620|-1.4364929|-0.19381714|10.074585
1510206668734|-1.660614|-0.31425476|9.980469
1510206668851|-1.2681885|0.37168884|9.845673
1510206668967|-1.642273|-0.46022034|9.663025
1510206669083|-1.2514496|-0.34536743|9.7547455
1510206669197|-1.6159515|-0.45703125|9.809769
1510206669309|-1.4811554|-0.35334778|9.735596
1510206669424|-1.2889252|0.051849365|9.980469
1510206669539|-1.5018921|0.24247742|9.511475
1510206669656|-1.8472595|-0.19142151|9.918259
1510206669773|-1.4644012|-0.31825256|9.32962
1510206669898|-1.1661072|-0.55433655|10.209381
1510206670003|-1.8065796|0.13798523|10.189438
1510206670116|-1.6973114|-0.021530151|9.117447
1510206670229|-1.701294|-1.252243|10.210175
1510206670345|-1.0791626|0.71466064|9.615158
1510206670461|-1.9692993|-0.3605194|11.121048
1510206670578|-1.4261322|0.31266785|9.913467
1510206670691|-1.5026855|-0.61016846|10.370499
1510206670805|-1.7595215|0.10128784|9.879166
1510206670919|-1.4915161|0.1826477|9.891129
1510206671037|-1.5912323|-0.3637085|9.84407
1510206671149|-1.4620209|-0.25523376|10.036301
1510206671265|-1.6055908|-0.25283813|9.835297
1510206671380|-1.9373932|0.09651184|9.837692
1510206671496|-1.3942108|0.023925781|9.83609
1510206671612|-1.5074768|0.1898346|9.698914
1510206671726|-1.2426758|0.34136963|9.518646
1510206671840|-1.7515411|-0.8861389|10.506882
1510206671957|-1.2091675|0.31106567|9.647858
1510206672070|-1.7268219|0.38684082|9.688538
1510206672185|-2.0147552|-0.7609253|10.129608
1510206672299|-1.5936127|-0.16030884|9.905487
1510206672415|-1.5154572|0.0143585205|10.017151
1510206672530|-1.414154|-0.033493042|9.174088
1510206672645|-1.645462|-0.46420288|9.739578
1510206672761|-1.5266113|-0.21694946|9.881561
1510206672875|-1.7204285|-0.38285828|10.29631
1510206672992|-1.2689972|0.0|9.897507
1510206673105|-1.3391876|-0.6261139|9.940582
1510206673221|-1.4508514|0.17945862|9.429306
1510206673335|-1.3471527|0.9252167|9.497116
1510206673452|-1.4803619|-1.0640106|9.471588
1510206673565|-1.5704956|-0.098098755|10.2994995
1510206673680|-1.0153503|0.19223022|9.644669
1510206673797|-1.7778625|-1.6502533|10.199799
1510206673912|-0.85583496|1.5672913|9.550552
1510206674025|-1.4707947|-0.9539337|9.907089
1510206674141|-1.1397858|-0.5080719|9.520248
1510206674257|-1.0408783|-0.9667053|10.364914
1510206674371|-0.7832489|-0.9842529|9.743576
1510206674488|-0.7393799|-1.2721863|10.392822
1510206674602|-1.3240204|0.88375854|9.257034
1510206674717|-1.4476624|-0.50727844|9.958923
1510206674833|-0.7138672|-0.83509827|9.69252
1510206674945|-0.36689758|-1.2402802|10.557129
1510206675061|-0.7728882|0.66041565|9.708481
1510206675177|-1.9988098|0.16749573|9.705292
1510206675291|-1.017746|-0.4665985|9.0759735
1510206675408|-0.2504425|-1.7563324|10.442276
1510206675521|-0.4785614|0.49771118|9.908676
1510206675636|-1.2514496|-1.5258179|9.907089
1510206675752|-0.117248535|0.38206482|9.108688
1510206675865|-1.2801514|-0.58226013|10.727829
1510206675983|-0.25523376|-0.5607147|9.389435
1510206676096|-0.5615082|-0.6356964|9.600006
1510206676213|-0.830307|-0.50090027|9.74118
1510206676326|-0.7848511|0.32781982|9.110275
1510206676442|-1.0376892|-1.1844482|10.124832
1510206676556|-0.73779297|0.60458374|9.371094
1510206676672|-0.8422699|-0.5535431|10.169495
1510206676788|-0.93640137|-0.48335266|10.415955
1510206676903|-0.80558777|0.40359497|9.740387
1510206677016|-1.5481567|-0.7513428|10.404785
1510206677132|-0.6564331|-0.5240326|9.772293
1510206677251|-0.8159485|-0.8510437|9.962921
1510206677362|-1.4037933|-0.9363861|10.139984
1510206677480|-1.524231|-0.5814514|9.788239
1510206677593|-1.138977|0.055038452|9.442871
1510206677708|-0.9970093|-1.2227325|11.337189
1510206677822|-0.80877686|-0.9802551|8.85025
1510206677938|-1.5513458|-1.2594299|10.774872
1510206678054|-0.59262085|1.105484|9.294525
1510206678166|-1.6981049|-3.1234283|10.417557
1510206678281|-0.15473938|1.8161621|9.343979
1510206678397|-1.8488464|-2.388031|10.449463
1510206678512|-0.4817505|0.2592163|9.485153
1510206678629|-2.0586243|-0.26242065|10.584259
1510206678745|-1.5688934|0.83828735|9.017746
1510206678860|-0.958725|0.24885559|9.439697
1510206678972|-2.2205353|0.2193451|12.208176
1510206679087|-1.5449677|0.63090515|10.734207
1510206679203|-0.8526459|0.5096741|8.55275
1510206679320|-1.4045868|2.3449707|9.34079
1510206679434|-1.52742|-0.7218323|11.41217
1510206679551|-2.6424713|2.064209|9.60878
1510206679662|-1.8568268|0.275177|9.887146
1510206679780|0.0015869141|-1.8911285|12.242477
1510206679895|-4.2209473|1.6207428|7.0691986
1510206680012|-2.5579376|2.1982117|6.3992004
1510206680126|-5.0121613|1.7060852|9.854446
1510206680241|-2.7549438|0.2576294|10.00679
1510206680354|-2.8801575|0.059020996|10.182251
1510206680469|-2.6863403|1.4117584|10.447067
1510206680585|-2.2723846|0.8494568|10.318649
1510206680699|-2.3377838|2.214157|8.293518
1510206680813|-5.583252|4.0917206|7.9992065
1510206680929|-3.2398834|2.239685|8.352539
1510206681043|-3.7415771|3.2598267|8.985046
1510206681157|-3.9736786|2.1591187|9.294525
1510206681272|-3.5302124|3.576477|7.799011
1510206681388|-3.871582|2.8195496|8.616562
1510206681503|-3.833313|2.6863403|7.8723907
1510206681619|-4.0622253|2.7158508|8.876572
1510206681733|-4.2998962|2.8650055|8.17627
1510206681850|-4.7385864|3.3228302|8.453842
1510206681963|-4.4482574|2.2420654|9.007385
1510206682077|-3.8931122|3.2406769|8.082947
1510206682193|-4.1930237|2.06102|8.915665
1510206682311|-3.9792633|2.648056|8.502502
1510206682423|-3.7447662|2.8147583|8.45224
1510206682541|-3.9178467|1.784256|9.501907
1510206682653|-4.4530487|3.3499603|7.9704895
1510206682770|-4.075775|2.053833|8.697113
1510206682884|-4.1930237|2.7972107|9.18605
1510206682999|-3.930603|2.36969|8.165909
1510206683116|-4.0518494|2.2348938|8.821533
1510206683228|-4.133209|2.8442688|8.063004
1510206683343|-4.3876495|2.3888397|9.252243
1510206683462|-3.8795624|2.0841522|8.375671
1510206683575|-4.2233276|2.4486542|9.254639
1510206683690|-3.8460693|2.254837|8.305496
1510206683805|-4.5862427|2.6656036|8.559921
1510206683920|-3.9505463|2.386444|8.610977
1510206684035|-4.1395874|2.2891388|8.983459
1510206684149|-4.796814|1.6765747|9.526627
1510206684263|-3.889145|2.6121674|8.344574
1510206684378|-4.491333|1.8911285|9.309677
1510206684494|-3.9369812|2.4598236|8.286346
1510206684608|-4.329422|1.9581299|9.00499
1510206684725|-4.0055847|2.1360016|9.1892395
1510206684839|-4.24646|2.4645996|7.6993103
1510206684956|-4.238495|2.5986023|9.174881
1510206685070|-4.320633|2.222931|8.768097
1510206685183|-3.9784698|2.4773712|8.27916
1510206685299|-4.2727814|2.0267181|9.024124
1510206685413|-3.7934265|2.1718903|8.597412
1510206685529|-4.3318024|2.2301178|8.414764
1510206685644|-4.3246307|2.5411835|8.454636
1510206685759|-4.2105713|2.0450592|8.886139
1510206685874|-4.6676025|2.344162|8.844666
1510206685991|-3.215149|0.90608215|9.040878
1510206686105|-3.7854462|1.1509552|9.369492
1510206686220|-3.9808655|1.3399811|8.725037
1510206686335|-3.54776|1.0759735|9.323242
1510206686450|-3.9162445|1.0584259|9.25145
1510206686567|-3.8923187|1.2043915|8.529617
