1509548331799|-25.98|17.039999|12.179999
1509548331931|-25.8|16.98|12.12
1509548332063|-25.8|16.98|12.179999
1509548332195|-25.5|16.859999|12.42
1509548332326|-25.5|16.68|12.54
1509548332459|-25.619999|16.859999|12.48
1509548332591|-25.5|16.8|12.9
1509548332723|-26.099998|17.039999|12.719999
1509548332856|-26.46|16.859999|12.9
1509548332987|-26.64|16.68|13.0199995
1509548333119|-26.88|16.68|13.2
1509548333251|-26.4|16.38|13.0199995
1509548333383|-25.8|16.5|13.0199995
1509548333515|-25.98|16.68|12.96
1509548333648|-25.98|16.8|12.78
1509548333779|-25.98|16.859999|13.32
1509548333911|-26.22|17.1|13.2
1509548334043|-26.4|16.98|13.2
1509548334175|-26.22|16.98|13.2
1509548334307|-26.4|16.98|12.9
1509548334439|-26.22|16.619999|12.9
1509548334571|-25.859999|16.619999|12.42
1509548334703|-26.22|16.56|12.179999
1509548334835|-26.039999|16.74|12.12
1509548334967|-26.4|17.039999|12.36
1509548335099|-26.279999|17.1|12.66
1509548335231|-26.46|17.34|12.9
1509548335363|-26.46|17.039999|12.66
1509548335495|-26.039999|17.279999|12.42
1509548335627|-26.279999|17.039999|12.42
1509548335759|-25.92|16.38|12.42
1509548335891|-26.039999|16.08|12.78
1509548336023|-25.98|15.599999|12.78
1509548336155|-26.16|15.719999|12.96
1509548336287|-26.22|16.199999|13.08
1509548336419|-26.46|16.68|13.08
1509548336551|-26.58|16.74|13.259999
1509548336683|-26.039999|17.16|13.139999
1509548336815|-25.859999|17.1|12.96
1509548336947|-26.039999|16.98|13.0199995
1509548337079|-26.22|16.92|12.9
1509548337213|-26.099998|16.5|13.139999
1509548337343|-25.68|16.5|13.139999
1509548337476|-25.08|16.5|13.0199995
1509548337607|-25.439999|16.68|12.719999
1509548337740|-25.5|16.74|12.48
1509548337871|-26.46|16.74|12.3
1509548338003|-26.46|16.8|12.3
1509548338135|-26.039999|17.1|12.66
1509548338267|-26.22|17.16|12.66
1509548338399|-25.68|17.64|12.84
1509548338531|-26.279999|17.34|12.9
1509548338663|-26.22|17.039999|12.719999
1509548338795|-26.099998|17.039999|12.42
1509548338927|-26.279999|16.5|12.24
1509548339059|-25.8|16.8|12.0
1509548339191|-25.859999|16.74|12.0
1509548339323|-25.98|16.619999|12.3
1509548339455|-25.68|16.98|12.48
1509548339587|-25.619999|17.039999|12.48
1509548339719|-25.5|17.34|12.179999
1509548339851|-25.26|17.46|12.179999
1509548339983|-25.32|17.22|12.179999
1509548340115|-25.8|17.039999|12.179999
1509548340250|-25.68|16.74|12.48
1509548340379|-25.8|16.859999|12.12
1509548340511|-25.98|16.859999|12.12
1509548340643|-25.5|17.039999|12.12
1509548340775|-25.8|17.16|12.42
1509548340907|-25.859999|16.859999|12.78
1509548341039|-25.859999|16.859999|12.96
1509548341171|-25.98|16.619999|12.96
1509548341303|-25.8|16.68|13.0199995
1509548341435|-25.619999|16.74|12.9
1509548341567|-25.32|16.92|12.9
1509548341699|-25.5|17.1|12.9
1509548341831|-25.5|16.859999|12.36
1509548341963|-25.8|16.98|12.48
1509548342095|-25.859999|17.039999|12.48
1509548342227|-25.8|17.22|12.48
1509548342359|-25.8|17.16|12.719999
1509548342491|-25.8|17.22|12.96
1509548342624|-26.279999|16.98|12.96
1509548342757|-26.099998|16.74|12.96
1509548342890|-26.099998|16.859999|13.0199995
1509548343019|-25.98|16.8|12.78
1509548343151|-25.8|16.8|12.3
1509548343283|-26.22|16.68|12.66
1509548343415|-26.099998|16.619999|12.66
1509548343547|-26.099998|16.619999|12.66
1509548343679|-25.98|16.619999|13.2
1509548343811|-25.8|16.56|12.719999
1509548343944|-25.859999|16.56|12.54
1509548344075|-26.099998|16.38|12.719999
1509548344207|-25.859999|16.619999|12.48
1509548344339|-25.68|16.8|12.48
1509548344472|-25.68|16.68|12.66
1509548344603|-25.32|16.68|12.48
1509548344736|-25.439999|16.5|12.3
1509548344867|-25.439999|16.5|12.36
1509548345000|-25.32|16.619999|12.36
1509548345131|-25.5|16.98|12.48
1509548345264|-25.439999|17.22|12.36
1509548345395|-25.439999|17.279999|12.36
1509548345528|-25.5|17.22|12.179999
1509548345659|-25.439999|16.98|12.0
1509548345791|-26.039999|16.74|12.179999
1509548345923|-26.039999|16.68|12.12
1509548346055|-26.039999|16.619999|12.54
1509548346187|-26.4|16.8|12.54
1509548346319|-25.859999|16.859999|12.599999
1509548346451|-26.039999|16.859999|12.78
1509548346583|-25.98|16.8|12.48
1509548346715|-25.619999|16.56|12.54
1509548346847|-25.619999|16.68|12.719999
1509548346979|-25.32|16.8|12.719999
1509548347112|-25.439999|16.92|12.719999
1509548347243|-25.32|17.039999|12.96
1509548347375|-25.26|16.859999|12.96
1509548347507|-25.32|16.859999|13.2
1509548347639|-25.5|16.74|13.38
1509548347771|-25.32|16.56|12.9
1509548347903|-25.439999|16.44|13.2
1509548348035|-25.439999|16.619999|12.96
1509548348167|-25.14|16.619999|12.96
1509548348299|-25.8|16.859999|12.96
1509548348432|-25.92|16.74|12.48
1509548348563|-26.099998|16.5|12.24
1509548348695|-26.22|16.56|11.94
1509548348827|-26.22|16.68|12.12
1509548348959|-25.859999|16.8|12.12
1509548349091|-25.859999|17.039999|12.36
1509548349223|-26.22|16.98|12.48
1509548349357|-25.8|16.68|12.66
1509548349487|-25.98|16.68|12.78
1509548349619|-25.8|16.44|12.78
1509548349751|-25.439999|16.56|12.78
1509548349883|-25.68|16.74|12.24
1509548350015|-25.68|16.98|12.24
1509548350147|-25.68|16.98|12.0
1509548350280|-25.619999|17.22|12.179999
1509548350411|-25.619999|17.16|12.599999
1509548350543|-25.68|16.98|12.42
1509548350675|-25.68|16.68|12.66
1509548350807|-25.68|16.38|12.719999
1509548350939|-25.5|16.44|12.719999
1509548351071|-25.619999|16.44|13.139999
1509548351203|-25.619999|16.619999|13.139999
1509548351335|-25.98|16.8|12.9
1509548351467|-25.98|16.92|12.9
1509548351599|-25.68|16.92|12.66
1509548351731|-25.859999|17.279999|12.66
1509548351863|-25.619999|17.279999|12.84
1509548351995|-25.5|17.039999|12.84
1509548352127|-25.619999|17.279999|12.84
1509548352262|-25.26|17.46|12.96
1509548352391|-25.439999|17.4|12.96
1509548352523|-25.68|17.4|12.719999
1509548352655|-25.68|17.279999|12.719999
1509548352789|-25.8|17.039999|12.3
1509548352919|-25.8|16.98|12.42
1509548353053|-25.5|17.039999|12.42
1509548353183|-25.619999|17.039999|12.42
1509548353315|-26.039999|16.92|12.66
1509548353446|-25.8|17.039999|12.54
1509548353579|-26.039999|17.16|12.78
1509548353711|-26.279999|17.1|13.0199995
1509548353843|-25.859999|16.92|13.0199995
1509548353975|-25.98|16.74|13.0199995
1509548354107|-25.8|16.56|13.44
1509548354239|-25.439999|16.5|13.32
1509548354371|-25.859999|16.56|13.44
1509548354503|-26.039999|16.74|13.259999
1509548354635|-26.039999|16.68|12.9
1509548354767|-26.039999|16.74|13.139999
1509548354899|-25.68|16.74|13.2
1509548355031|-25.5|16.68|13.5
1509548355163|-25.619999|16.74|13.259999
1509548355295|-25.98|16.859999|12.9
1509548355427|-25.98|16.68|12.719999
1509548355559|-25.859999|16.74|12.42
1509548355691|-26.279999|16.619999|12.66
1509548355824|-26.099998|16.56|12.66
1509548355955|-26.099998|16.56|12.66
1509548356087|-26.4|16.38|12.48
1509548356219|-26.039999|16.38|12.66
1509548356351|-25.859999|16.38|12.66
1509548356484|-25.859999|16.68|12.66
1509548356615|-25.68|17.1|12.78
1509548356747|-25.68|17.22|12.48
1509548356879|-25.68|17.46|12.48
1509548357011|-25.68|17.279999|12.36
1509548357143|-25.98|17.039999|12.48
1509548357275|-25.8|16.859999|12.48
1509548357408|-25.68|16.38|12.66
1509548357539|-25.859999|16.32|12.78
1509548357671|-25.8|16.38|12.24
1509548357803|-25.8|16.74|12.24
1509548357936|-25.859999|16.98|12.12
1509548358067|-25.619999|17.22|12.12
1509548358199|-25.98|17.22|12.48
1509548358331|-26.099998|16.8|12.78
1509548358465|-26.64|16.68|12.78
1509548358595|-26.699999|16.38|12.78
1509548358727|-26.4|16.38|12.78
1509548358859|-26.22|16.619999|12.48
1509548358991|-25.68|16.8|12.48
1509548359124|-26.039999|16.859999|12.719999
1509548359256|-25.859999|16.92|12.719999
1509548359387|-25.8|16.98|13.08
1509548359522|-25.68|17.1|13.08
1509548359652|-25.32|17.16|12.96
1509548359783|-25.68|17.279999|12.719999
1509548359915|-25.68|17.22|12.24
1509548360047|-25.68|17.22|12.24
1509548360179|-25.8|17.22|11.94
1509548360311|-25.439999|17.22|11.94
1509548360444|-25.5|17.039999|12.48
1509548360628|-25.619999|16.8|12.48
1509548360773|-25.439999|16.56|13.44
1509548360905|-25.32|16.44|13.139999
1509548361037|-25.32|16.5|13.259999
1509548361169|-25.619999|16.859999|13.2
1509548361301|-25.5|17.1|13.08
1509548361434|-25.98|17.1|13.139999
1509548361565|-25.859999|17.16|12.96
1509548361697|-25.68|16.8|12.78
1509548361829|-25.68|16.619999|12.66
1509548361962|-25.32|16.56|12.42
1509548362093|-25.439999|16.38|12.54
1509548362225|-25.26|16.619999|12.719999
1509548362357|-25.32|16.44|13.139999
1509548362489|-25.26|16.44|13.0199995
1509548362621|-25.26|16.619999|13.139999
1509548362753|-25.439999|16.5|12.96
1509548362886|-25.5|16.56|12.48
1509548363017|-25.5|16.859999|12.48
1509548363150|-26.039999|16.8|11.88
1509548363281|-26.22|16.56|12.0
1509548363414|-26.099998|16.74|12.24
1509548363545|-26.099998|16.74|12.54
1509548363677|-25.5|16.619999|12.96
1509548363809|-25.26|16.92|12.78
1509548363941|-25.439999|16.92|12.96
1509548364073|-25.859999|16.92|12.78
1509548364205|-25.859999|17.16|12.66
1509548364337|-25.859999|17.16|12.66
1509548364469|-25.92|17.16|12.66
1509548364601|-25.619999|17.039999|12.42
1509548364734|-25.619999|16.859999|12.42
1509548364865|-25.68|16.8|12.24
1509548364997|-25.8|16.8|12.24
1509548365129|-25.68|16.68|12.66
1509548365261|-25.8|16.8|12.78
1509548365394|-25.68|16.859999|12.96
1509548365525|-25.439999|16.859999|12.78
1509548365657|-25.5|17.039999|12.66
1509548365789|-25.439999|17.16|12.66
1509548365921|-25.68|16.859999|13.0199995
1509548366053|-25.619999|17.039999|12.9
1509548366185|-25.619999|16.859999|12.9
1509548366317|-25.619999|16.619999|12.9
1509548366449|-25.32|16.859999|12.66
1509548366584|-25.619999|16.56|12.66
1509548366713|-25.619999|16.8|12.66
1509548366845|-25.68|16.8|12.66
1509548366978|-25.68|16.859999|12.24
1509548367109|-25.439999|16.92|12.54
1509548367241|-25.32|16.619999|12.54
1509548367373|-25.32|16.859999|12.54
1509548367505|-25.439999|16.92|12.78
1509548367637|-25.439999|16.98|12.96
1509548367769|-25.439999|17.16|12.96
1509548367901|-25.439999|16.92|13.0199995
1509548368033|-25.619999|16.74|13.0199995
1509548368165|-25.8|16.92|12.719999
1509548368297|-25.68|16.859999|13.0199995
1509548368429|-25.859999|16.68|13.139999
1509548368562|-25.619999|16.68|13.139999
1509548368693|-25.74|16.44|13.08
1509548368825|-25.859999|16.44|12.66
1509548368957|-25.68|16.56|12.66
1509548369089|-25.68|16.44|12.9
1509548369223|-25.32|16.44|12.48
1509548369353|-25.439999|16.619999|12.66
1509548369485|-25.32|16.74|12.24
1509548369617|-25.439999|16.8|11.88
1509548369749|-25.5|16.68|12.599999
1509548369881|-25.5|16.8|12.42
1509548370014|-25.619999|16.619999|12.48
1509548370145|-25.619999|16.619999|12.9
1509548370277|-25.32|16.8|12.599999
1509548370409|-25.68|16.619999|12.9
1509548370541|-25.859999|16.859999|13.0199995
1509548370673|-26.039999|16.859999|12.78
1509548370805|-26.4|16.8|12.78
1509548370937|-26.039999|16.74|12.42
1509548371069|-25.859999|16.8|12.54
1509548371201|-25.859999|17.039999|12.719999
1509548371333|-25.68|17.1|12.84
1509548371465|-25.859999|17.34|13.08
1509548371597|-25.859999|17.279999|12.719999
1509548371729|-25.619999|17.039999|12.719999
1509548371861|-25.619999|17.22|12.48
1509548371993|-25.68|16.92|12.719999
1509548372125|-25.68|16.92|12.9
1509548372257|-25.92|16.92|12.719999
1509548372389|-25.92|16.68|12.96
1509548372521|-25.859999|16.68|12.719999
1509548372653|-26.4|16.619999|12.719999
1509548372785|-26.22|16.5|12.599999
1509548372917|-26.4|16.74|12.48
1509548373050|-26.099998|16.56|12.24
1509548373181|-25.74|16.8|12.42
1509548373313|-25.92|16.92|12.719999
1509548373445|-25.92|16.68|12.719999
1509548373577|-26.039999|16.859999|13.139999
1509548373708|-25.859999|16.68|13.0199995
1509548373841|-25.68|17.22|12.9
1509548373973|-25.439999|17.22|12.719999
1509548374105|-25.439999|17.34|12.42
1509548374237|-25.26|17.76|12.36
1509548374369|-25.619999|17.46|12.179999
1509548374501|-25.859999|17.4|12.48
1509548374633|-25.8|17.34|12.48
1509548374765|-25.8|16.859999|12.48
1509548374897|-25.619999|16.68|12.96
1509548375029|-25.32|16.68|12.9
1509548375161|-25.5|16.68|12.9
1509548375293|-25.619999|16.859999|12.9
1509548375425|-25.32|16.74|12.96
1509548375557|-25.619999|16.619999|13.0199995
1509548375690|-25.68|16.68|13.44
1509548375821|-25.92|16.56|13.44
1509548375953|-26.099998|16.68|13.0199995
1509548376086|-25.98|16.98|12.599999
1509548376217|-25.98|16.859999|12.48
1509548376350|-25.8|16.8|12.48
1509548376481|-25.859999|16.8|12.48
1509548376613|-25.8|16.68|12.96
1509548376745|-25.8|16.619999|12.78
1509548376877|-25.68|16.619999|12.66
1509548377009|-25.5|16.44|12.66
1509548377141|-25.5|16.44|12.48
1509548377273|-25.32|16.44|12.48
1509548377405|-25.439999|16.619999|12.66
1509548377537|-25.32|16.619999|12.78
1509548377670|-25.8|16.619999|12.42
1509548377801|-26.099998|16.8|12.54
1509548377933|-26.279999|16.74|12.24
1509548378065|-26.58|16.74|12.24
1509548378197|-26.4|16.8|12.42
1509548378329|-26.039999|16.8|12.24
1509548378461|-25.8|16.74|12.179999
1509548378593|-25.619999|16.8|12.179999
1509548378725|-25.439999|16.8|12.48
1509548378857|-25.32|16.8|12.48
1509548378990|-25.439999|17.16|12.9
1509548379121|-25.619999|17.279999|12.599999
1509548379253|-25.619999|17.22|12.42
1509548379385|-25.68|17.1|12.42
1509548379517|-25.68|16.8|12.54
1509548379649|-25.68|16.8|12.9
1509548379781|-26.039999|16.859999|12.96
1509548379913|-25.98|17.1|12.96
1509548380045|-25.98|16.92|12.96
1509548380177|-25.68|17.1|13.0199995
1509548380309|-25.38|16.98|13.44
1509548380442|-25.439999|16.619999|13.62
1509548380573|-25.619999|16.8|13.62
1509548380705|-26.039999|16.56|12.9
1509548380837|-26.4|16.44|12.78
1509548380969|-26.4|16.44|12.66
1509548381101|-26.099998|16.5|12.48
1509548381233|-25.98|16.5|13.38
1509548381365|-25.98|16.619999|13.0199995
1509548381501|-26.279999|16.68|13.2
