1510198631731|-1.2259216|4.5375977|8.646866
1510198631845|-1.2785645|4.6644135|8.883759
1510198631967|-1.1988068|4.9124603|8.248856
1510198632075|-1.0839539|4.7234344|8.930817
1510198632191|-1.2219391|4.6053925|8.845474
1510198632306|-0.89172363|4.5328064|8.959518
1510198632420|-0.83828735|4.4259186|8.669205
1510198632536|-0.66041565|4.0159607|8.881363
1510198632650|0.19940186|4.7960205|9.015366
1510198632766|0.4825592|4.6739807|8.111664
1510198632881|0.23449707|4.6987|9.392624
1510198632996|-1.0041962|4.821533|9.082352
1510198633113|-0.668396|4.6827545|8.748962
1510198633225|-0.54237366|4.489731|8.680359
1510198633349|-0.63409424|4.3062744|9.109482
1510198633455|-1.2179413|4.547165|8.811966
1510198633585|-1.3974152|4.5088654|8.746567
1510198633687|-1.4197388|4.4195404|8.602997
1510198633801|-1.8943176|4.393219|9.01297
1510198633919|-1.5545349|4.4729767|8.586243
1510198634031|-1.6494598|4.3389893|8.683548
1510198634146|-1.7332001|4.3637085|8.373291
1510198634262|-1.8049927|4.2592316|8.678772
1510198634376|-1.6582336|4.2959137|8.961121
1510198634492|-1.6757812|4.067795|8.627716
1510198634607|-1.8552246|4.0821533|9.089539
1510198634720|-1.6087646|4.291931|8.474579
1510198634836|-1.6661987|4.1188507|8.895721
1510198634954|-1.7339935|4.1244354|8.843079
1510198635066|-1.7667084|4.1475677|8.532806
1510198635182|-1.6654053|4.098114|9.025726
1510198635298|-1.6247253|4.13002|9.258636
1510198635414|-1.0935211|4.397217|8.984253
1510198635526|-0.6125641|4.6325073|8.84787
1510198635642|-0.84147644|4.8566284|8.469803
1510198635758|-0.8039856|4.7601166|8.688339
1510198635872|-0.84147644|4.815155|8.268799
1510198635988|-0.93878174|4.8733826|8.421936
1510198636103|-1.0640106|4.4817505|8.882156
1510198636217|-1.365509|4.366104|8.448257
1510198636332|-2.3003082|4.0398865|9.78186
1510198636447|-2.126419|4.3214417|8.443481
1510198636562|-2.2540436|4.3453674|8.594223
1510198636677|-2.383255|4.196213|8.868607
1510198636792|-2.2157593|4.3517456|8.450653
1510198636907|-2.327423|4.23291|9.00499
1510198637024|-2.2436676|4.4243317|8.0295105
1510198637136|-1.9246216|3.826126|9.030502
1510198637252|-1.8544312|3.7168427|8.953949
1510198637368|-3.242279|3.6666107|10.057831
1510198637482|-1.3934174|3.4576263|11.009384
1510198637597|1.5888367|3.9704895|9.29451
1510198637711|1.7068787|6.084152|6.3497467
1510198637828|0.08934021|4.4570312|10.806793
1510198637943|-0.03907776|4.789627|8.424332
1510198638059|0.3501587|5.235504|8.31665
1510198638173|-1.6063843|4.4570312|8.816757
1510198638288|0.22651672|4.7019043|8.622131
1510198638402|-0.2193451|5.041687|7.225525
1510198638517|-0.5471649|4.9611206|8.671585
1510198638634|-0.68434143|4.837494|9.1349945
1510198638748|-0.8805542|4.9643097|8.880554
1510198638863|-0.8247223|5.359131|8.8701935
1510198638977|-1.1142578|5.02652|10.527618
1510198639094|-1.3072815|5.25943|8.317459
1510198639207|-1.2267151|5.350342|8.025528
1510198639322|-1.1956177|5.4644012|7.903488
1510198639438|-1.2123566|5.206787|8.963516
1510198639554|-0.9068756|5.245865|6.985443
1510198639668|-0.928421|5.174881|9.215561
1510198639782|-0.6652069|5.529007|7.5429688
1510198639898|-1.0998993|4.9914246|8.676376
1510198640012|-0.38842773|5.5433807|7.544571
1510198640129|-0.5758667|5.885544|7.06839
1510198640243|-1.076767|5.5250244|8.390839
1510198640357|-1.8608246|5.7172546|7.0237274
1510198640473|-1.1046906|5.1980133|8.678772
1510198640588|-1.1078796|4.9818573|8.18425
1510198640703|-1.421341|5.399002|8.3589325
1510198640818|-2.1567383|6.170288|8.252045
1510198640932|-1.6175537|5.698105|7.41774
1510198641049|-1.3838501|5.4979095|8.0885315
1510198641164|-1.1764679|5.723633|8.792023
1510198641278|-1.9908295|5.965317|7.0021973
1510198641393|-1.5098724|5.6199493|6.584259
1510198641507|-1.5489502|5.718857|8.23848
1510198641622|-1.4612122|5.8488617|6.5292206
1510198641737|-1.8161469|5.755539|7.7766724
1510198641853|-1.3798523|6.025131|8.002396
1510198641968|-1.5824432|5.942169|7.826126
1510198642084|-1.3104706|5.6263275|7.9314117
1510198642198|-1.2969055|5.922241|8.149155
1510198642313|-0.99861145|5.5322113|6.670395
1510198642430|-1.4651947|5.8002014|7.9617157
1510198642544|-1.966095|6.2795563|7.191223
1510198642659|-1.8105621|5.8695984|7.7814636
1510198642774|-1.8719788|5.7196503|7.5302124
1510198642889|-1.6981049|5.6247253|8.086945
1510198643003|-2.1032867|5.9381866|7.8173523
1510198643119|-1.6725922|5.799408|7.862015
1510198643235|-1.8560333|5.636688|7.7024994
1510198643348|-2.1351929|5.2394867|8.328613
1510198643463|-2.0243225|5.6382904|7.898712
1510198643578|-2.1056824|5.4676056|7.723236
1510198643693|-2.0378876|5.5449677|7.676178
1510198643808|-1.9812622|5.5098724|8.041473
1510198643926|-1.91745|5.6885376|7.698517
1510198644038|-2.0474548|5.5736847|7.873184
1510198644155|-2.0171509|5.574478|7.8692017
1510198644269|-1.8448639|5.433304|8.121246
1510198644386|-1.9996033|5.540985|7.8189545
1510198644498|-2.1375885|5.5888367|7.4775696
1510198644614|-1.9557343|5.2753754|8.099701
1510198644729|-1.9015045|5.2482605|8.149155
1510198644844|-1.9142609|5.4205475|8.299103
1510198644962|-1.6574249|5.0927277|8.511276
1510198645073|-2.038681|5.2291107|8.350159
1510198645189|-1.7164459|5.2905273|8.337387
1510198645304|-1.9621124|5.297714|8.512863
1510198645418|-1.784256|5.1302032|8.513672
1510198645538|-1.5952148|5.296921|8.113266
1510198645648|-1.7762756|5.4221344|8.116455
1510198645763|-1.2259216|5.836899|7.4791718
1510198645884|-1.421341|5.5218353|7.600403
1510198645994|-1.6574249|5.399002|8.028717
1510198646110|-1.7156525|5.54657|8.19223
1510198646225|-1.5681|5.5641174|8.417145
1510198646339|-1.4691925|5.6462708|8.092529
1510198646455|-1.6917267|5.542572|7.8843536
1510198646570|-1.7084808|5.69252|8.161118
1510198646684|-1.7730865|5.5433655|7.6697845
1510198646800|-1.7643127|5.5912323|7.993622
1510198646914|-1.7563324|5.5282135|7.9736786
1510198647030|-1.7076874|5.497116|8.242477
1510198647145|-1.8089752|5.7244263|8.547958
1510198647260|-1.8257294|5.34079|8.052643
1510198647375|-1.7379761|5.5114746|8.124435
1510198647491|-1.7348022|5.5266266|7.8436737
1510198647606|-1.6582184|5.3591156|8.362915
1510198647719|-1.6821594|5.544174|7.859619
1510198647834|-1.5401764|5.583252|8.247269
1510198647949|-1.5688934|5.620743|7.365906
1510198648064|-1.6797638|5.633499|7.829315
1510198648179|-1.802597|5.6071777|7.50708
1510198648295|-1.7643127|5.549759|8.197006
1510198648410|-1.7052765|5.8472595|8.08136
1510198648526|-1.7284088|5.6295166|7.7072754
1510198648642|-1.6981049|5.604782|7.8269196
1510198648755|-1.7523499|5.6231384|7.925827
1510198648870|-1.7499542|5.6837463|7.886734
1510198648985|-1.7228394|5.5146637|8.085342
1510198649101|-1.7491608|5.6223297|7.385849
1510198649215|-1.7108765|5.576874|8.130814
1510198649331|-1.7770691|5.706894|7.7902374
1510198649445|-1.7052765|5.5282135|8.165115
1510198649561|-1.7324066|5.6941223|7.661026
1510198649676|-1.7172546|5.485153|8.281555
1510198649790|-1.7850494|5.618347|7.4791718
1510198649908|-1.714859|5.5521393|7.881958
1510198650025|-1.6382904|5.662216|7.9521484
1510198650135|-1.802597|5.6478577|7.8420715
1510198650250|-1.7204437|5.5322113|8.15155
1510198650366|-1.935791|5.640686|7.7966156
1510198650494|-1.9270172|5.571289|7.989624
1510198650596|-1.7339935|5.777878|7.893921
1510198650712|-1.8648071|5.870392|7.645859
1510198650826|-1.8903351|5.7818604|7.6905365
1510198650939|-1.6925201|5.7563324|7.4273224
1510198651055|-1.9453583|5.804199|7.89711
1510198651170|-1.7858429|5.817749|7.7766724
1510198651285|-1.8608093|5.7348022|7.1776733
1510198651400|-1.6773682|5.666992|8.183456
1510198651516|-1.5664978|5.5872345|7.7918243
1510198651631|-1.9078674|6.2372894|7.134598
1510198651748|-1.9732819|5.849655|8.059021
1510198651860|-1.557724|6.312271|7.527832
1510198651975|-1.3990021|5.996414|7.493515
1510198652090|-1.7084808|6.0195465|7.679367
1510198652206|-1.6877441|6.062622|7.6769714
1510198652319|-1.8464661|6.136795|7.6785736
1510198652435|-0.6795654|6.8251343|7.5860443
1510198652550|-0.889328|6.1359863|8.792831
1510198652665|-0.56629944|6.263611|6.3026886
1510198652780|-0.7170563|6.0259247|7.92424
1510198652898|0.18106079|6.0394897|7.972885
1510198653010|-0.025527954|5.824127|8.14119
1510198653125|2.5954132|3.632309|8.786438
1510198653241|3.1082764|5.399002|6.457428
1510198653358|0.5359955|3.7998047|7.384247
1510198653472|-0.019943237|5.01297|10.637695
1510198653587|3.2518463|2.106491|8.23291
1510198653700|1.292923|5.6805573|8.654846
1510198653782|2.2165527|5.6789703|7.9505615
1510198653873|1.5130615|5.9102783|8.996216
1510198653988|1.5322113|5.6159515|6.5946198
1510198654103|1.1828613|5.5553436|8.659622
1510198654221|1.095108|5.706085|7.8189545
1510198654333|1.0392914|5.780258|8.764908
1510198654448|1.0911255|5.507477|7.919449
1510198654564|1.4540405|5.9318085|7.8101654
1510198654678|1.1581268|5.8018036|7.402603
1510198654793|1.2610168|5.9924164|8.503296
1510198654908|1.5058746|5.8592224|7.866806
1510198655024|1.3774719|5.7627106|7.873184
1510198655140|1.583252|5.7714844|7.822937
1510198655254|2.1718903|5.7244263|7.500702
1510198655369|1.5561371|5.990036|7.140976
1510198655483|1.5226288|6.0027924|7.5772705
1510198655599|1.8711853|5.802597|7.661026
1510198655714|1.8185425|6.207779|6.634506
1510198655830|1.9836578|6.0211334|7.9952087
1510198655943|1.8576355|5.7818604|8.080566
1510198656060|1.684555|5.8440704|8.436295
1510198656174|1.8823547|5.737198|7.1266174
1510198656290|1.8751678|5.817749|7.3714905
1510198656404|1.6550293|5.923828|7.25264
1510198656518|1.3280182|5.914261|7.3108673
1510198656633|1.8464661|6.160721|7.969696
1510198656749|1.6191406|6.2189484|7.618744
1510198656864|1.6821594|6.1024933|6.7589264
1510198656980|1.5800629|6.462219|7.323639
1510198657095|1.9238281|6.084152|7.7176514
1510198657210|1.4077759|6.9814606|7.1146545
1510198657325|1.627121|6.9001007|7.0628204
1510198657439|1.4101715|6.8179474|7.296509
1510198657556|1.3391876|6.6759796|7.8931274
1510198657669|1.1501465|6.8546295|7.188034
1510198657784|1.1413727|7.0133667|6.921631
1510198657899|0.6197357|7.249466|6.309067
1510198658014|2.339386|7.200012|5.6351013
1510198658129|1.8297119|7.1625214|6.754135
1510198658244|1.1629181|7.7136536|7.350754
1510198658359|1.4006042|7.1752777|5.900696
1510198658475|1.473175|7.3156586|5.2514496
1510198658590|1.146164|7.3986053|7.039673
1510198658707|0.6963196|6.6305084|7.8692017
1510198658820|1.0839539|6.232498|7.668991
1510198658934|0.80558777|6.1104736|7.348358
1510198659049|1.2857513|6.079361|7.6371
1510198659165|0.6652069|5.601593|7.9513397
1510198659280|0.6508484|5.4827576|8.197815
1510198659394|0.9020996|5.4963074|7.5772705
1510198659511|0.035888672|5.9501495|7.851654
1510198659624|0.5343933|5.7938232|8.144379
1510198659739|1.5162506|2.6863403|10.06102
1510198659856|1.056839|2.32901|9.542587
1510198659969|1.090332|4.310272|6.71904
1510198660085|0.4825592|4.3062897|9.537003
1510198660200|1.1278229|5.149353|5.578476
1510198660316|0.9308014|4.5336|8.794418
1510198660429|1.3431702|4.8311157|7.4321136
1510198660545|1.6701965|5.102295|5.899109
1510198660661|0.6452637|4.597412|9.231506
1510198660774|0.7066803|4.5495605|8.521637
1510198660889|0.2664032|4.3988037|9.8983
1510198661005|1.0576324|4.6492615|8.106094
1510198661120|0.88853455|4.5559387|8.072586
1510198661236|0.81755066|4.547165|7.881958
1510198661350|0.7489624|4.4331055|8.390045
1510198661466|0.6755676|4.548752|8.997818
1510198661580|1.2378845|4.7840576|6.7820587
1510198661695|0.6420746|4.562317|9.458038
1510198661810|0.85902405|4.7920227|8.031906
1510198661924|1.0791626|4.543167|9.764313
1510198662040|0.62532043|4.8925323|9.398209
1510198662155|0.5694885|5.083145|9.193222
1510198662272|-0.2456665|5.6805573|7.617157
1510198662385|0.7210388|5.5521545|8.157135
1510198662503|1.5784607|5.5633087|8.521637
1510198662617|0.62213135|5.4723816|8.914856
1510198662730|0.78564453|6.050659|7.0995026
1510198662847|0.73379517|5.785843|8.590225
1510198662960|1.017746|6.0394897|6.690323
1510198663075|1.1788635|6.1726837|8.072586
1510198663189|1.817749|6.116852|7.6969147
1510198663306|1.3631134|6.077774|7.4321136
1510198663421|2.2628174|5.9389954|7.3427734
1510198663535|1.0305023|6.7533417|6.548355
1510198663652|1.3870392|6.207779|7.544571
1510198663774|1.4101715|6.4941254|7.613159
1510198663880|1.3543396|6.236496|7.550949
1510198663997|1.4181519|6.285141|7.428116
1510198664120|1.2753754|6.2676086|7.779068
1510198664226|1.0959167|6.5292206|7.1146545
1510198664341|1.5697021|6.4031982|6.6664124
1510198664456|1.3016968|6.379257|6.9120636
1510198664571|1.2889404|6.4199524|7.510269
1510198664687|1.2267151|6.9647064|7.100296
1510198664800|1.8775635|6.5595245|5.9134674
1510198664917|1.3902283|6.997406|7.1338043
1510198665031|1.2458649|6.939987|6.7996063
1510198665146|1.1166534|6.6368866|6.8259277
1510198665261|0.6476593|6.6743774|6.948761
1510198665376|0.48335266|5.2697906|8.843872
1510198665491|2.0905304|2.3377838|10.409576
1510198665607|1.5473633|2.7365875|9.314468
1510198665721|1.2346954|3.40419|9.044876
1510198665836|1.5641022|3.5844421|9.629517
1510198665954|2.371292|2.8937225|9.217957
1510198666066|0.6301117|4.7553406|7.7750854
1510198666181|-0.6628113|7.1489563|6.0586243
1510198666309|0.23847961|5.628708|8.249649
1510198666412|0.5694885|5.6534424|8.546371
1510198666526|0.44425964|6.273987|7.9976044
1510198666645|0.52960205|6.1599274|7.949753
1510198666758|0.49212646|6.182251|8.248856
1510198666872|0.62532043|6.0562286|6.195816
1510198666988|0.7776642|6.126419|7.242279
1510198667101|-0.011962891|5.343979|8.829514
1510198667216|-0.23449707|4.10289|10.100906
1510198667332|-0.12921143|2.7653046|9.478775
1510198667447|-0.06700134|3.4225311|9.212372
1510198667566|-0.09890747|4.4554443|9.384644
1510198667677|0.20179749|4.7489624|7.777466
1510198667791|-0.032699585|4.425125|8.755341
1510198667908|-0.044662476|4.567093|8.881363
1510198668023|-0.40438843|4.47139|8.86142
1510198668136|-0.40997314|4.562317|9.263412
1510198668252|-0.35334778|4.504883|8.870987
1510198668367|-0.45542908|4.4179535|8.825531
1510198668481|0.7992096|4.6891327|8.382858
1510198668598|-1.0679932|5.28096|8.413162
1510198668713|-2.1447601|5.3910217|9.219543
1510198668826|-0.42752075|5.201996|8.833511
1510198668943|0.27278137|6.029114|6.711075
1510198669057|-0.6149597|5.9860535|7.5892334
1510198669172|2.5730743|6.577072|5.139786
1510198669287|1.5082703|6.6201477|8.054245
1510198669403|2.1320038|6.5762787|8.200211
1510198669518|1.8664093|5.699707|9.287338
1510198669631|2.362503|5.6478577|9.249847
1510198669747|2.1056824|5.215561|8.241684
1510198669862|2.0690002|5.4540405|8.572693
1510198669978|2.0498505|5.6837463|7.880356
1510198670100|1.950943|5.631119|7.276581
1510198670207|2.4406738|5.7667084|8.295914
1510198670322|2.0155487|5.0440674|8.545563
1510198670441|2.1431732|5.044861|7.6666107
1510198670553|2.32901|5.8640137|7.541382
1510198670668|2.663208|6.833893|7.4273224
1510198670783|2.167099|6.3146667|7.0133667
1510198670897|1.9844513|5.879959|6.9527435
1510198671014|1.6757812|4.401993|10.10968
1510198671127|1.1661072|4.7465515|8.626129
1510198671248|1.1676941|4.778473|8.332596
1510198671360|0.9451599|4.8478546|8.601395
1510198671473|0.90608215|4.9411774|8.60379
1510198671589|0.86061096|4.9914246|8.524826
1510198671703|0.8989105|5.12941|8.396408
1510198671818|0.89012146|5.291336|8.429123
1510198671933|0.9363861|5.273773|8.365311
1510198672049|0.90927124|5.3463593|8.343765
