1509548396282|33.239998|-15.66|6.0
1509548396413|33.3|-15.719999|5.7599998
1509548396545|33.239998|-15.54|5.8799996
1509548396677|33.36|-15.42|5.64
1509548396809|33.3|-15.48|5.8799996
1509548396941|33.36|-15.54|5.8799996
1509548397073|33.48|-15.66|6.3599997
1509548397205|33.48|-15.719999|6.8999996
1509548397337|33.84|-15.599999|6.72
1509548397469|33.54|-15.48|6.72
1509548397601|33.12|-15.36|6.72
1509548397735|33.12|-15.42|6.54
1509548397865|33.3|-15.36|6.3599997
1509548397997|33.54|-15.48|6.42
1509548398129|34.079998|-15.48|6.42
1509548398261|33.719997|-15.42|6.24
1509548398393|33.66|-15.42|6.6
1509548398525|33.36|-15.299999|6.7799997
1509548398657|33.3|-15.42|6.54
1509548398789|33.48|-15.36|6.8999996
1509548398921|33.239998|-15.54|6.96
1509548399053|33.36|-15.54|6.66
1509548399185|33.3|-15.66|6.72
1509548399317|33.239998|-15.9|6.42
1509548399449|33.239998|-15.66|6.0
1509548399581|33.3|-16.02|6.06
1509548399713|33.239998|-15.66|6.24
1509548399846|33.18|-15.24|6.24
1509548399977|33.36|-15.48|6.42
1509548400110|33.3|-15.54|6.48
1509548400241|33.54|-15.78|6.66
1509548400373|33.84|-16.08|6.96
1509548400505|33.54|-16.08|7.02
1509548400642|33.3|-15.54|7.14
1509548400769|33.3|-15.24|7.14
1509548400901|33.3|-15.36|7.14
1509548401033|33.54|-15.299999|6.96
1509548401165|33.899998|-15.54|6.8999996
1509548401297|33.66|-15.54|6.72
1509548401429|33.54|-15.36|6.42
1509548401561|33.78|-15.36|6.3599997
1509548401693|33.719997|-15.48|5.7599998
1509548401825|34.14|-15.42|5.16
1509548401957|33.78|-15.42|5.16
1509548402090|33.36|-15.54|5.4
1509548402221|33.48|-15.059999|5.8799996
1509548402353|32.88|-15.179999|6.24
1509548402485|33.3|-15.179999|6.24
1509548402617|33.54|-15.0|6.24
1509548402749|33.3|-15.36|6.24
1509548402882|33.66|-15.36|6.48
1509548403013|33.36|-15.42|6.48
1509548403145|33.36|-15.48|6.48
1509548403277|33.36|-15.42|6.54
1509548403409|33.36|-15.36|6.42
1509548403542|33.66|-15.12|6.42
1509548403673|33.78|-15.059999|6.3599997
1509548403805|33.719997|-15.12|6.6
1509548403937|33.54|-15.179999|6.6
1509548404069|33.66|-15.36|6.6
1509548404201|33.36|-15.36|6.8999996
1509548404333|33.66|-15.179999|6.6
1509548404465|33.36|-15.12|6.6
1509548404597|33.12|-14.88|6.48
1509548404729|33.12|-14.94|6.3599997
1509548404861|33.18|-15.059999|6.3599997
1509548404993|33.719997|-15.12|6.24
1509548405125|33.78|-15.54|6.66
1509548405258|33.78|-15.42|6.72
1509548405389|33.719997|-15.54|6.66
1509548405521|33.48|-15.599999|7.02
1509548405656|33.66|-15.54|6.8999996
1509548405785|33.719997|-15.719999|6.96
1509548405918|33.719997|-15.66|7.3199997
1509548406049|33.899998|-15.66|7.3799996
1509548406181|33.66|-15.54|7.5
1509548406314|33.54|-15.54|7.2599998
1509548406446|33.78|-15.54|6.96
1509548406577|33.899998|-15.66|6.7799997
1509548406709|34.079998|-15.66|6.66
1509548406841|33.899998|-15.54|6.66
1509548406973|33.48|-15.599999|6.96
1509548407105|33.36|-15.42|6.42
1509548407237|33.48|-15.48|6.18
1509548407369|33.719997|-15.599999|6.18
1509548407501|33.719997|-15.48|6.0
1509548407633|33.48|-15.42|6.3599997
1509548407766|33.48|-15.24|6.42
1509548407897|33.48|-15.36|6.6
1509548408029|33.54|-15.36|6.3599997
1509548408161|33.899998|-15.42|6.72
1509548408293|33.719997|-15.42|6.8999996
1509548408429|33.84|-15.36|6.96
1509548408557|33.719997|-15.54|6.96
1509548408689|33.719997|-15.42|6.54
1509548408821|33.84|-15.36|6.72
1509548408953|33.66|-15.42|6.48
1509548409085|33.96|-15.299999|6.54
1509548409217|33.719997|-15.54|6.66
1509548409349|33.719997|-15.48|6.18
1509548409481|33.54|-15.36|6.24
1509548409613|33.12|-15.36|6.3599997
1509548409745|32.88|-15.12|6.3599997
1509548409877|33.059998|-15.299999|6.48
1509548410009|33.239998|-15.179999|6.42
1509548410142|33.3|-15.24|6.3599997
1509548410273|33.84|-15.48|6.48
1509548410404|33.239998|-15.42|6.42
1509548410537|33.48|-15.42|6.54
1509548410669|33.3|-15.36|6.54
1509548410801|32.94|-15.12|6.42
1509548410934|33.18|-15.12|6.66
1509548411066|32.7|-15.059999|6.66
1509548411197|33.059998|-15.12|6.7799997
1509548411329|32.88|-15.299999|6.96
1509548411461|32.88|-15.36|6.72
1509548411593|33.12|-15.599999|6.72
1509548411726|33.239998|-15.9|6.54
1509548411858|33.36|-15.78|6.8999996
1509548411989|33.66|-15.9|6.96
1509548412121|33.719997|-16.02|7.14
1509548412253|33.66|-15.719999|7.02
1509548412384|33.899998|-15.719999|6.54
1509548412516|33.54|-15.54|6.66
1509548412649|33.54|-15.48|5.8799996
1509548412780|33.719997|-15.48|5.8799996
1509548412912|33.3|-15.719999|6.0
1509548413045|33.36|-15.719999|5.8799996
1509548413177|33.36|-15.66|6.2999997
1509548413309|33.3|-15.599999|6.42
1509548413441|33.66|-15.24|6.24
1509548413573|33.78|-15.24|6.3599997
1509548413705|33.48|-15.36|6.48
1509548413837|33.48|-15.599999|6.7799997
1509548413969|33.54|-15.66|6.7799997
1509548414100|33.66|-15.66|6.7799997
1509548414232|33.899998|-15.839999|6.66
1509548414365|34.14|-15.599999|6.3599997
1509548414497|34.26|-15.599999|6.3599997
1509548414629|34.26|-15.599999|6.66
1509548414761|34.079998|-15.48|6.8999996
1509548414893|33.48|-15.54|7.2
1509548415025|33.48|-15.48|7.14
1509548415157|33.36|-15.42|6.42
1509548415289|33.36|-15.24|6.3599997
1509548415421|33.719997|-15.24|5.8799996
1509548415553|33.719997|-15.299999|5.94
1509548415685|33.78|-15.42|6.24
1509548415817|33.899998|-15.54|6.42
1509548415949|33.54|-15.42|6.54
1509548416081|33.54|-15.36|6.54
1509548416213|33.54|-15.299999|6.6
1509548416345|33.059998|-15.299999|6.6
1509548416481|33.3|-15.299999|6.6
1509548416609|32.94|-15.299999|6.6
1509548416742|32.88|-15.299999|6.6
1509548416874|33.54|-15.42|6.0
1509548417005|33.66|-15.48|6.0
1509548417137|33.96|-15.54|6.18
1509548417269|34.079998|-15.839999|6.42
1509548417401|33.96|-15.719999|6.66
1509548417533|33.899998|-15.719999|6.48
1509548417665|33.66|-15.66|6.7799997
1509548417797|33.54|-15.54|6.48
1509548417930|33.54|-15.719999|6.96
1509548418061|33.66|-15.66|7.2
1509548418193|33.78|-15.54|6.72
1509548418325|33.899998|-15.54|6.48
1509548418457|33.48|-15.299999|6.48
1509548418589|33.059998|-15.48|6.42
1509548418721|33.3|-15.599999|6.3599997
1509548418853|33.059998|-15.599999|6.72
1509548418986|33.54|-15.66|6.6
1509548419117|33.899998|-15.42|6.6
1509548419249|33.719997|-15.42|6.66
1509548419381|33.66|-15.36|6.54
1509548419514|33.96|-15.179999|6.12
1509548419645|33.78|-15.179999|6.12
1509548419777|33.78|-15.24|6.24
1509548419909|34.32|-15.36|6.24
1509548420041|33.96|-15.42|6.72
1509548420174|33.899998|-15.42|6.72
1509548420306|33.78|-15.36|6.54
1509548420437|33.18|-15.36|6.54
1509548420569|33.36|-15.36|6.24
1509548420701|33.899998|-15.54|6.54
1509548420833|34.14|-15.54|6.72
1509548420965|34.5|-15.42|7.2599998
1509548421097|33.96|-15.36|7.2
1509548421229|33.48|-15.24|6.96
1509548421361|33.239998|-15.24|6.96
1509548421493|33.3|-15.36|6.42
1509548421625|33.78|-15.36|6.48
1509548421757|34.14|-15.36|6.42
1509548421889|33.719997|-15.36|6.24
1509548422021|33.66|-15.36|6.3599997
1509548422153|33.12|-15.36|6.48
1509548422285|33.12|-15.059999|6.66
1509548422417|33.54|-15.059999|6.66
1509548422549|33.12|-15.0|6.96
1509548422684|33.6|-15.0|7.14
1509548422813|33.719997|-15.299999|6.72
1509548422945|33.899998|-15.48|7.2
1509548423077|33.899998|-15.42|7.02
1509548423209|33.66|-15.42|6.72
1509548423341|33.36|-15.719999|6.96
1509548423474|33.3|-15.48|6.48
1509548423605|33.96|-15.599999|6.48
1509548423737|33.719997|-15.66|6.42
1509548423869|33.78|-15.66|6.72
1509548424001|33.719997|-15.66|6.66
1509548424133|33.36|-15.66|6.54
1509548424265|33.66|-15.599999|6.2999997
1509548424397|33.66|-15.42|6.0
1509548424529|33.54|-15.42|6.24
1509548424661|33.239998|-15.42|6.3599997
1509548424793|33.3|-15.299999|6.72
1509548424925|33.239998|-15.299999|6.72
1509548425057|33.36|-15.299999|6.6
1509548425189|33.78|-15.42|6.42
1509548425321|33.48|-15.48|6.48
1509548425453|33.66|-15.179999|6.48
1509548425585|33.54|-15.299999|6.48
1509548425717|33.54|-15.48|6.48
1509548425849|33.84|-15.48|6.24
1509548425981|33.84|-15.719999|6.24
1509548426114|33.719997|-15.66|6.42
1509548426245|33.84|-15.42|6.6
1509548426377|33.719997|-15.42|6.7799997
1509548426509|33.66|-15.54|6.7799997
1509548426641|33.48|-15.36|6.6
1509548426773|33.36|-15.179999|6.12
1509548426905|33.12|-15.179999|5.8799996
1509548427037|32.88|-15.0|5.64
1509548427169|33.059998|-15.179999|5.7
1509548427301|32.94|-15.179999|6.18
1509548427433|33.36|-15.179999|6.6
1509548427565|33.719997|-15.179999|6.72
1509548427697|33.899998|-15.179999|6.72
1509548427829|33.78|-15.42|6.72
1509548427961|34.14|-15.42|6.6
1509548428093|34.079998|-15.54|6.66
1509548428226|33.96|-15.599999|6.96
1509548428357|34.32|-15.42|6.7799997
1509548428489|33.899998|-15.42|6.7799997
1509548428621|33.899998|-15.42|6.7799997
1509548428753|33.54|-15.42|6.66
1509548428886|33.059998|-15.42|6.66
1509548429017|33.12|-15.48|6.66
1509548429149|33.12|-15.599999|6.66
1509548429281|33.54|-15.599999|6.42
1509548429414|33.48|-15.42|6.42
1509548429545|33.18|-15.42|6.54
1509548429680|33.3|-15.299999|6.8999996
1509548429809|33.36|-15.299999|6.96
1509548429942|33.78|-15.299999|6.96
1509548430074|33.66|-15.36|6.66
1509548430205|33.66|-15.42|6.24
1509548430337|33.36|-15.179999|6.42
1509548430469|33.48|-15.299999|6.54
1509548430601|33.6|-15.12|6.54
1509548430733|33.54|-15.059999|6.66
1509548430865|33.48|-15.299999|6.66
1509548430997|33.78|-15.36|6.54
1509548431129|33.78|-15.48|7.2
1509548431261|33.78|-15.54|7.2
1509548431393|34.079998|-15.719999|7.02
1509548431532|33.48|-15.599999|6.96
1509548431657|33.48|-15.54|6.66
1509548431789|33.48|-15.599999|6.66
1509548431925|33.48|-15.299999|6.66
1509548432053|33.54|-15.599999|6.66
1509548432185|33.66|-15.66|6.2999997
1509548432316|33.719997|-15.719999|6.2999997
1509548432449|33.3|-15.96|6.2999997
1509548432581|33.84|-15.66|6.2999997
1509548432713|33.719997|-15.42|6.18
1509548432845|33.719997|-15.24|6.12
1509548432977|33.899998|-15.179999|6.42
1509548433109|33.66|-15.179999|6.42
1509548433241|33.66|-15.36|6.72
1509548433374|33.96|-15.54|6.72
1509548433505|34.26|-15.78|6.72
1509548433637|34.079998|-15.839999|6.7799997
1509548433769|34.079998|-15.839999|6.54
1509548433901|33.54|-15.78|6.96
1509548434033|33.3|-15.54|6.66
1509548434165|33.54|-15.42|6.72
1509548434297|33.719997|-15.719999|7.14
1509548434429|33.66|-15.54|6.7799997
1509548434561|33.899998|-15.54|6.96
1509548434693|33.719997|-15.48|6.7799997
1509548434825|33.78|-15.179999|6.12
1509548434957|33.96|-15.66|5.8799996
1509548435089|33.84|-15.66|5.7
1509548435221|34.079998|-15.78|5.7599998
1509548435353|34.079998|-15.839999|6.3599997
1509548435484|33.899998|-15.36|6.6
1509548435616|33.96|-15.179999|6.6
1509548435750|33.66|-15.12|6.48
1509548435881|33.48|-15.12|6.48
1509548436014|33.719997|-15.36|6.96
1509548436145|33.3|-15.54|6.8999996
1509548436278|33.3|-15.719999|7.02
1509548436409|32.94|-15.78|6.8999996
1509548436541|33.059998|-15.66|6.42
1509548436673|33.54|-15.599999|6.42
1509548436805|33.3|-15.299999|6.0
1509548436938|33.54|-15.24|6.0
1509548437069|33.66|-15.42|6.12
1509548437201|33.54|-15.42|5.94
1509548437334|33.84|-15.66|6.3599997
1509548437465|34.14|-15.66|6.24
1509548437597|33.719997|-15.48|6.18
1509548437730|33.54|-15.54|6.72
1509548437863|33.3|-15.179999|6.54
1509548438001|32.76|-15.12|6.7799997
1509548438126|33.18|-14.94|7.14
1509548438258|33.12|-14.88|6.96
1509548438391|33.18|-15.12|6.96
1509548438521|33.66|-15.179999|6.7799997
1509548438653|33.18|-15.299999|6.7799997
1509548438785|33.36|-15.36|6.54
1509548438917|33.66|-15.36|6.54
1509548439049|33.78|-15.36|6.66
1509548439181|34.079998|-15.54|6.7799997
1509548439313|34.26|-15.599999|7.02
1509548439445|34.14|-15.48|7.02
1509548439577|33.899998|-15.54|6.96
1509548439709|33.66|-15.299999|6.48
1509548439841|33.54|-15.179999|6.3599997
1509548439974|33.78|-15.36|6.18
1509548440105|33.899998|-15.24|6.24
1509548440237|34.14|-15.36|6.6
1509548440369|34.2|-15.36|6.6
1509548440501|34.079998|-15.299999|6.72
1509548440633|33.78|-15.36|6.42
1509548440766|33.78|-15.36|6.12
1509548440897|33.48|-15.24|6.12
1509548441029|33.66|-15.299999|6.42
1509548441161|33.78|-15.54|6.7799997
1509548441293|33.78|-15.66|6.72
1509548441425|34.079998|-15.66|6.72
1509548441557|33.66|-15.9|6.72
1509548441689|33.66|-15.839999|6.8999996
1509548441821|33.84|-15.719999|6.96
1509548441953|33.54|-15.719999|6.96
1509548442085|33.78|-15.42|6.66
1509548442217|33.66|-15.179999|6.24
1509548442349|33.36|-15.36|6.0
1509548442481|33.36|-15.36|6.0
1509548442613|33.3|-15.299999|5.64
1509548442745|33.54|-15.48|5.7
1509548442877|33.54|-15.54|5.8799996
1509548443009|33.899998|-15.48|6.18
1509548443141|33.96|-15.54|6.6
1509548443273|33.899998|-15.719999|6.48
1509548443406|33.96|-15.78|6.72
1509548443537|34.32|-15.9|6.42
1509548443672|33.899998|-15.96|6.2999997
1509548443802|33.899998|-15.36|6.42
1509548443933|33.719997|-15.24|6.18
1509548444065|32.94|-15.24|6.06
1509548444197|33.12|-15.179999|6.06
1509548444331|33.18|-15.42|6.24
1509548444461|33.3|-15.42|6.2999997
1509548444593|33.66|-15.24|6.3599997
1509548444725|33.899998|-15.24|6.42
1509548444857|34.079998|-15.24|6.24
1509548444989|33.96|-15.42|6.42
1509548445121|34.14|-15.839999|6.48
1509548445253|34.079998|-15.9|6.48
1509548445385|33.899998|-15.839999|6.66
1509548445517|33.96|-15.9|6.48
1509548445649|33.78|-15.36|6.48
1509548445781|33.719997|-15.36|6.54
1509548445913|33.36|-15.54|6.48
1509548446045|33.36|-15.299999|6.66
1509548446177|33.48|-15.599999|6.96
1509548446313|32.94|-15.78|6.8999996
1509548446441|33.3|-15.66|6.96
1509548446573|33.3|-15.719999|7.14
1509548446706|33.18|-15.599999|6.96
1509548446837|33.78|-15.299999|7.2599998
1509548446969|33.78|-15.24|7.3799996
1509548447101|33.66|-15.36|7.02
1509548447233|33.96|-15.42|6.66
1509548447366|33.54|-15.54|6.6
1509548447497|33.719997|-15.599999|6.3599997
1509548447629|33.96|-15.36|6.3599997
1509548447761|33.54|-15.36|6.54
1509548447893|33.719997|-15.36|6.7799997
1509548448026|33.36|-15.299999|6.72
1509548448157|33.48|-15.66|6.72
1509548448289|33.36|-15.48|6.8999996
1509548448421|33.84|-15.48|6.3599997
1509548448555|34.14|-15.599999|6.72
1509548448685|34.079998|-15.179999|6.66
1509548448817|34.68|-15.42|6.66
1509548448949|34.86|-15.42|6.72
1509548449081|34.559998|-15.48|6.18
1509548449213|34.079998|-15.9|6.54
1509548449345|33.3|-15.839999|6.42
1509548449478|32.7|-15.96|6.42
1509548449609|32.76|-15.96|6.48
1509548449749|33.18|-15.599999|6.48
1509548449875|33.36|-15.66|6.12
1509548450005|33.719997|-15.42|6.18
1509548450137|33.899998|-15.36|6.24
1509548450269|33.899998|-15.42|5.8799996
1509548450401|34.14|-15.42|6.42
1509548450533|33.96|-15.42|6.24
1509548450667|33.719997|-15.42|6.66
1509548450797|33.36|-15.36|6.8999996
1509548450929|33.36|-15.54|6.72
1509548451061|33.48|-15.599999|6.6
1509548451194|33.239998|-15.66|6.24
1509548451325|33.719997|-15.66|6.42
1509548451458|33.66|-15.599999|6.3599997
1509548451589|33.66|-15.54|6.66
1509548451721|33.899998|-15.36|6.8399997
1509548451853|33.84|-15.36|6.6
1509548451985|33.78|-15.179999|6.6
1509548452117|33.899998|-15.12|6.48
1509548452249|33.96|-15.24|6.0
1509548452381|33.78|-15.179999|5.8799996
1509548452513|33.78|-15.059999|5.7
1509548452645|33.66|-15.24|5.8799996
1509548452777|33.36|-15.24|6.3599997
1509548452913|33.48|-15.42|6.6
1509548453041|33.54|-15.54|7.14
1509548453173|33.66|-15.42|6.8999996
1509548453305|33.78|-15.42|6.8999996
1509548453437|33.719997|-15.36|6.72
1509548453569|33.84|-15.42|6.54
1509548453701|33.84|-15.42|6.66
1509548453833|33.66|-15.36|6.66
1509548453965|33.78|-15.36|6.96
