1509547676487|0.13620347|0.0|-0.08172209
1509547676622|0.12258312|0.013620348|-0.05448139
1509547676751|0.13620347|0.0|-0.08172209
1509547676883|0.13620347|0.0|-0.08172209
1509547677015|0.13620347|0.0|-0.08172209
1509547677147|0.13620347|0.0|-0.08172209
1509547677280|0.13620347|0.0|-0.08172209
1509547677411|0.13620347|0.013620348|-0.10896278
1509547677543|0.13620347|0.013620348|-0.08172209
1509547677675|0.13620347|-0.027240695|-0.08172209
1509547677807|0.13620347|0.0|-0.08172209
1509547677938|0.13620347|-0.013620348|-0.08172209
1509547678071|0.13620347|-0.013620348|-0.08172209
1509547678203|0.14982383|-0.013620348|-0.08172209
1509547678335|0.14982383|-0.013620348|-0.08172209
1509547678467|0.14982383|-0.027240695|-0.068101734
1509547678599|0.14982383|-0.013620348|-0.08172209
1509547678729|0.14982383|-0.013620348|-0.08172209
1509547678863|0.16344418|-0.013620348|-0.068101734
1509547678994|0.14982383|-0.013620348|-0.08172209
1509547679127|0.14982383|-0.013620348|-0.095342435
1509547679258|0.14982383|0.0|-0.08172209
1509547679391|0.14982383|-0.027240695|-0.08172209
1509547679523|0.14982383|-0.013620348|-0.08172209
1509547679655|0.14982383|-0.013620348|-0.08172209
1509547679786|0.14982383|-0.013620348|-0.08172209
1509547679919|0.14982383|-0.013620348|-0.08172209
1509547680050|0.14982383|-0.013620348|-0.095342435
1509547680183|0.14982383|-0.013620348|-0.08172209
1509547680315|0.14982383|0.0|-0.08172209
1509547680447|0.13620347|0.0|-0.08172209
1509547680579|0.13620347|-0.013620348|-0.068101734
1509547680711|0.13620347|-0.013620348|-0.08172209
1509547680843|0.13620347|0.0|-0.08172209
1509547680975|0.14982383|0.0|-0.08172209
1509547681107|0.14982383|-0.013620348|-0.08172209
1509547681239|0.14982383|0.013620348|-0.08172209
1509547681371|0.14982383|-0.013620348|-0.08172209
1509547681502|0.14982383|-0.013620348|-0.08172209
1509547681635|0.14982383|0.013620348|-0.08172209
1509547681767|0.14982383|0.027240695|-0.068101734
1509547681899|0.14982383|0.0|-0.08172209
1509547682031|0.14982383|-0.013620348|-0.095342435
1509547682163|0.14982383|0.0|-0.08172209
1509547682295|0.13620347|0.0|-0.08172209
1509547682427|0.12258312|0.013620348|-0.05448139
1509547682558|0.12258312|0.013620348|-0.05448139
1509547682690|0.12258312|0.013620348|-0.068101734
1509547682822|0.13620347|-0.013620348|-0.095342435
1509547682955|0.13620347|-0.027240695|-0.08172209
1509547683087|0.13620347|-0.013620348|-0.08172209
1509547683219|0.13620347|-0.040861044|-0.08172209
1509547683351|0.13620347|-0.013620348|-0.068101734
1509547683483|0.13620347|-0.013620348|-0.068101734
1509547683615|0.14982383|-0.027240695|-0.068101734
1509547683747|0.13620347|-0.013620348|-0.068101734
1509547683878|0.13620347|-0.013620348|-0.068101734
1509547684011|0.13620347|-0.013620348|-0.08172209
1509547684143|0.13620347|-0.013620348|-0.068101734
1509547684277|0.13620347|-0.027240695|-0.068101734
1509547684407|0.13620347|0.0|-0.068101734
1509547684539|0.13620347|-0.013620348|-0.08172209
1509547684671|0.13620347|-0.027240695|-0.095342435
1509547684802|0.13620347|-0.040861044|-0.08172209
1509547684934|0.13620347|-0.013620348|-0.08172209
1509547685067|0.13620347|-0.027240695|-0.08172209
1509547685199|0.13620347|-0.027240695|-0.068101734
1509547685331|0.14982383|-0.027240695|-0.08172209
1509547685463|0.13620347|-0.040861044|-0.08172209
1509547685594|0.14982383|-0.013620348|-0.08172209
1509547685727|0.13620347|-0.027240695|-0.095342435
1509547685858|0.13620347|-0.05448139|-0.08172209
1509547685992|0.13620347|-0.013620348|-0.095342435
1509547686123|0.14982383|-0.040861044|-0.08172209
1509547686255|0.13620347|-0.027240695|-0.08172209
1509547686386|0.14982383|-0.013620348|-0.08172209
1509547686518|0.13620347|-0.027240695|-0.068101734
1509547686651|0.13620347|0.0|-0.068101734
1509547686784|0.14982383|0.0|-0.08172209
1509547686914|0.16344418|0.013620348|-0.068101734
1509547687047|0.13620347|0.0|-0.095342435
1509547687182|0.13620347|0.013620348|-0.08172209
1509547687311|0.14982383|0.0|-0.08172209
1509547687443|0.13620347|0.0|-0.08172209
1509547687575|0.13620347|0.013620348|-0.08172209
1509547687707|0.13620347|0.013620348|-0.08172209
1509547687839|0.13620347|0.0|-0.08172209
1509547687971|0.13620347|0.0|-0.05448139
1509547688102|0.13620347|0.013620348|-0.08172209
1509547688235|0.14982383|-0.013620348|-0.08172209
1509547688366|0.13620347|0.013620348|-0.068101734
1509547688498|0.13620347|0.013620348|-0.068101734
1509547688631|0.13620347|0.0|-0.08172209
1509547688763|0.13620347|0.013620348|-0.08172209
1509547688899|0.13620347|0.0|-0.068101734
1509547689027|0.13620347|0.0|-0.08172209
1509547689159|0.14982383|0.013620348|-0.068101734
1509547689290|0.13620347|0.013620348|-0.068101734
1509547689422|0.14982383|-0.013620348|-0.068101734
1509547689555|0.13620347|0.013620348|-0.068101734
1509547689687|0.13620347|0.013620348|-0.068101734
1509547689819|0.13620347|-0.013620348|-0.068101734
1509547689951|0.13620347|0.013620348|-0.068101734
1509547690083|0.13620347|0.013620348|-0.08172209
1509547690215|0.13620347|0.013620348|-0.05448139
1509547690347|0.13620347|0.013620348|-0.068101734
1509547690479|0.14982383|0.013620348|-0.068101734
1509547690610|0.13620347|-0.013620348|-0.068101734
1509547690743|0.13620347|0.013620348|-0.068101734
1509547690875|0.13620347|0.013620348|-0.068101734
1509547691006|0.13620347|0.0|-0.05448139
1509547691139|0.13620347|0.013620348|-0.068101734
1509547691271|0.13620347|-0.013620348|-0.068101734
1509547691403|0.13620347|0.013620348|-0.068101734
1509547691535|0.13620347|0.013620348|-0.068101734
1509547691666|0.14982383|0.0|-0.040861044
1509547691799|0.13620347|0.013620348|-0.068101734
1509547691935|0.13620347|-0.013620348|-0.068101734
1509547692065|0.13620347|-0.013620348|-0.068101734
1509547692194|0.13620347|0.013620348|-0.08172209
1509547692327|0.14982383|0.0|-0.08172209
1509547692459|0.13620347|0.0|-0.08172209
1509547692591|0.13620347|0.013620348|-0.068101734
1509547692723|0.13620347|0.013620348|-0.068101734
1509547692855|0.14982383|0.013620348|-0.08172209
1509547692987|0.13620347|0.013620348|-0.095342435
1509547693119|0.14982383|-0.013620348|-0.068101734
1509547693251|0.14982383|0.013620348|-0.08172209
1509547693383|0.14982383|0.0|-0.095342435
1509547693514|0.14982383|-0.027240695|-0.095342435
1509547693647|0.13620347|0.013620348|-0.08172209
1509547693778|0.13620347|0.0|-0.095342435
1509547693911|0.14982383|0.0|-0.08172209
1509547694042|0.13620347|0.0|-0.08172209
1509547694175|0.13620347|0.013620348|-0.095342435
1509547694307|0.14982383|0.013620348|-0.068101734
1509547694439|0.13620347|-0.013620348|-0.095342435
1509547694571|0.13620347|0.013620348|-0.068101734
1509547694703|0.13620347|-0.013620348|-0.08172209
1509547694835|0.13620347|0.013620348|-0.095342435
1509547694971|0.13620347|0.0|-0.068101734
1509547695098|0.14982383|-0.013620348|-0.08172209
1509547695231|0.14982383|0.013620348|-0.08172209
1509547695363|0.14982383|-0.013620348|-0.095342435
1509547695495|0.14982383|-0.027240695|-0.095342435
1509547695627|0.13620347|0.0|-0.095342435
1509547695759|0.13620347|-0.013620348|-0.068101734
1509547695891|0.13620347|-0.013620348|-0.068101734
1509547696023|0.13620347|0.0|-0.068101734
1509547696155|0.13620347|0.0|-0.068101734
1509547696287|0.13620347|0.0|-0.05448139
1509547696419|0.13620347|0.027240695|-0.05448139
1509547696551|0.13620347|0.027240695|-0.05448139
1509547696683|0.13620347|0.0|-0.068101734
1509547696815|0.13620347|0.0|-0.095342435
1509547696947|0.14982383|-0.027240695|-0.08172209
1509547697079|0.13620347|0.0|-0.08172209
1509547697211|0.13620347|0.0|-0.08172209
1509547697345|0.13620347|0.0|-0.08172209
1509547697474|0.13620347|0.0|-0.095342435
1509547697607|0.14982383|0.0|-0.095342435
1509547697739|0.13620347|0.0|-0.095342435
1509547697871|0.13620347|0.0|-0.068101734
1509547698003|0.13620347|-0.027240695|-0.08172209
1509547698135|0.13620347|-0.027240695|-0.08172209
1509547698267|0.16344418|-0.013620348|-0.08172209
1509547698399|0.13620347|-0.013620348|-0.10896278
1509547698531|0.13620347|0.0|-0.095342435
1509547698663|0.13620347|-0.013620348|-0.08172209
1509547698795|0.14982383|-0.027240695|-0.05448139
1509547698927|0.14982383|-0.013620348|-0.095342435
1509547699059|0.14982383|-0.013620348|-0.068101734
1509547699191|0.13620347|-0.013620348|-0.095342435
1509547699323|0.13620347|-0.013620348|-0.08172209
1509547699459|0.13620347|-0.013620348|-0.068101734
1509547699587|0.14982383|-0.027240695|-0.095342435
1509547699719|0.13620347|-0.013620348|-0.068101734
1509547699851|0.12258312|-0.013620348|-0.068101734
1509547699983|0.12258312|0.013620348|-0.05448139
1509547700114|0.13620347|-0.040861044|-0.08172209
1509547700247|0.13620347|-0.013620348|-0.095342435
1509547700379|0.13620347|0.0|-0.095342435
1509547700511|0.13620347|-0.013620348|-0.068101734
1509547700642|0.13620347|-0.013620348|-0.095342435
1509547700775|0.13620347|-0.013620348|-0.095342435
1509547700907|0.14982383|-0.027240695|-0.068101734
1509547701038|0.14982383|-0.013620348|-0.095342435
1509547701171|0.14982383|-0.013620348|-0.095342435
1509547701303|0.14982383|-0.013620348|-0.095342435
1509547701435|0.14982383|-0.013620348|-0.095342435
1509547701575|0.13620347|-0.013620348|-0.095342435
1509547701699|0.13620347|-0.013620348|-0.095342435
1509547701831|0.13620347|-0.027240695|-0.068101734
1509547701963|0.13620347|0.0|-0.08172209
1509547702097|0.13620347|-0.027240695|-0.08172209
1509547702227|0.13620347|-0.027240695|-0.08172209
1509547702359|0.13620347|0.0|-0.08172209
1509547702491|0.14982383|-0.013620348|-0.095342435
1509547702623|0.13620347|-0.013620348|-0.068101734
1509547702755|0.12258312|0.013620348|-0.068101734
1509547702887|0.12258312|0.0|-0.05448139
1509547703019|0.13620347|0.013620348|-0.05448139
1509547703151|0.13620347|0.0|-0.068101734
1509547703283|0.16344418|-0.027240695|-0.08172209
1509547703415|0.13620347|0.0|-0.05448139
1509547703547|0.13620347|-0.013620348|-0.05448139
1509547703679|0.13620347|-0.027240695|-0.068101734
1509547703811|0.13620347|0.0|-0.08172209
1509547703942|0.16344418|-0.027240695|-0.05448139
1509547704076|0.14982383|-0.027240695|-0.05448139
1509547704207|0.14982383|0.0|-0.068101734
1509547704340|0.14982383|0.013620348|-0.08172209
1509547704471|0.12258312|-0.013620348|-0.095342435
1509547704602|0.12258312|0.013620348|-0.068101734
1509547704735|0.12258312|0.027240695|-0.068101734
1509547704869|0.12258312|0.013620348|-0.05448139
1509547704999|0.12258312|0.027240695|-0.068101734
1509547705131|0.12258312|0.0|-0.068101734
1509547705263|0.12258312|0.027240695|-0.05448139
1509547705395|0.12258312|0.027240695|-0.05448139
1509547705527|0.12258312|0.013620348|-0.068101734
1509547705659|0.12258312|0.027240695|-0.05448139
1509547705791|0.12258312|0.0|-0.068101734
1509547705923|0.12258312|0.0|-0.05448139
1509547706055|0.12258312|0.0|-0.068101734
1509547706187|0.12258312|0.0|-0.05448139
1509547706319|0.12258312|0.0|-0.068101734
1509547706451|0.12258312|-0.013620348|-0.068101734
1509547706590|0.14982383|-0.013620348|-0.08172209
1509547706715|0.13620347|-0.027240695|-0.068101734
1509547706847|0.12258312|-0.027240695|-0.08172209
1509547706979|0.14982383|-0.027240695|-0.08172209
1509547707112|0.13620347|-0.027240695|-0.08172209
1509547707243|0.13620347|-0.027240695|-0.027240695
1509547707375|0.13620347|-0.027240695|-0.10896278
1509547707507|0.12258312|-0.027240695|-0.08172209
1509547707638|0.12258312|-0.027240695|-0.08172209
1509547707770|0.14982383|-0.013620348|-0.08172209
1509547707903|0.13620347|-0.040861044|-0.08172209
1509547708035|0.12258312|-0.013620348|-0.13620347
1509547708167|0.14982383|-0.027240695|-0.068101734
1509547708299|0.13620347|-0.027240695|-0.095342435
1509547708430|0.13620347|0.0|-0.068101734
1509547708562|0.13620347|-0.013620348|-0.08172209
1509547708695|0.13620347|-0.040861044|-0.08172209
1509547708827|0.13620347|-0.013620348|-0.08172209
1509547708959|0.13620347|-0.013620348|-0.08172209
1509547709091|0.13620347|-0.013620348|-0.08172209
1509547709223|0.12258312|0.0|-0.08172209
1509547709355|0.12258312|-0.013620348|-0.095342435
1509547709487|0.14982383|-0.013620348|-0.068101734
1509547709619|0.13620347|-0.013620348|-0.095342435
1509547709750|0.13620347|0.0|-0.095342435
1509547709883|0.13620347|-0.027240695|-0.068101734
1509547710015|0.13620347|0.0|-0.08172209
1509547710147|0.13620347|0.0|-0.068101734
1509547710283|0.13620347|-0.027240695|-0.068101734
1509547710411|0.13620347|0.013620348|-0.068101734
1509547710542|0.12258312|0.013620348|-0.095342435
1509547710674|0.12258312|0.013620348|-0.068101734
1509547710807|0.12258312|0.027240695|-0.05448139
1509547710939|0.10896278|0.013620348|-0.05448139
1509547711071|0.12258312|0.040861044|-0.05448139
1509547711203|0.12258312|0.040861044|-0.05448139
1509547711335|0.10896278|0.040861044|-0.05448139
1509547711467|0.12258312|0.013620348|-0.05448139
1509547711606|0.12258312|0.013620348|-0.068101734
1509547711731|0.10896278|0.013620348|-0.040861044
1509547711863|0.10896278|0.013620348|-0.068101734
1509547711995|0.12258312|0.013620348|-0.068101734
1509547712126|0.12258312|0.0|-0.068101734
1509547712259|0.10896278|0.0|-0.068101734
1509547712391|0.12258312|-0.013620348|-0.068101734
1509547712523|0.12258312|-0.013620348|-0.068101734
1509547712655|0.14982383|-0.05448139|-0.068101734
1509547712787|0.14982383|-0.040861044|-0.068101734
1509547712919|0.14982383|-0.013620348|-0.068101734
1509547713051|0.13620347|-0.040861044|-0.068101734
1509547713183|0.12258312|-0.013620348|-0.08172209
1509547713315|0.14982383|-0.027240695|-0.068101734
1509547713447|0.12258312|-0.040861044|-0.068101734
1509547713579|0.14982383|-0.013620348|-0.068101734
1509547713710|0.14982383|-0.027240695|-0.068101734
1509547713843|0.12258312|-0.040861044|-0.068101734
1509547713975|0.14982383|-0.013620348|-0.068101734
1509547714107|0.14982383|-0.040861044|-0.068101734
1509547714238|0.14982383|-0.040861044|-0.08172209
1509547714371|0.14982383|-0.013620348|-0.08172209
1509547714503|0.14982383|-0.013620348|-0.08172209
1509547714635|0.12258312|0.0|-0.068101734
1509547714767|0.12258312|0.013620348|-0.08172209
1509547714899|0.12258312|0.0|-0.05448139
1509547715030|0.12258312|0.0|-0.08172209
1509547715164|0.12258312|0.0|-0.08172209
1509547715301|0.14982383|0.0|-0.08172209
1509547715427|0.12258312|-0.027240695|-0.095342435
1509547715559|0.14982383|0.0|-0.095342435
1509547715691|0.13620347|-0.013620348|-0.095342435
1509547715823|0.13620347|-0.013620348|-0.095342435
1509547715955|0.13620347|-0.013620348|-0.095342435
1509547716087|0.14982383|-0.013620348|-0.08172209
1509547716219|0.14982383|-0.040861044|-0.095342435
1509547716351|0.12258312|-0.027240695|-0.08172209
1509547716483|0.14982383|0.0|-0.08172209
1509547716623|0.12258312|-0.013620348|-0.095342435
1509547716750|0.12258312|0.0|-0.08172209
1509547716879|0.14982383|0.0|-0.08172209
1509547717011|0.14982383|-0.027240695|-0.08172209
1509547717142|0.14982383|0.0|-0.08172209
1509547717276|0.14982383|-0.027240695|-0.08172209
1509547717407|0.14982383|-0.040861044|-0.08172209
1509547717539|0.12258312|0.0|-0.08172209
1509547717671|0.14982383|-0.013620348|-0.095342435
1509547717803|0.14982383|-0.013620348|-0.08172209
1509547717935|0.13620347|0.0|-0.08172209
1509547718067|0.13620347|-0.013620348|-0.08172209
1509547718199|0.13620347|-0.040861044|-0.08172209
1509547718331|0.13620347|0.0|-0.08172209
1509547718463|0.13620347|-0.013620348|-0.08172209
1509547718595|0.14982383|-0.027240695|-0.095342435
1509547718727|0.13620347|0.0|-0.068101734
1509547718859|0.14982383|0.0|-0.08172209
1509547718991|0.14982383|0.0|-0.095342435
1509547719122|0.13620347|0.0|-0.08172209
1509547719256|0.14982383|0.0|-0.08172209
1509547719387|0.14982383|0.0|-0.10896278
1509547719518|0.14982383|0.0|-0.08172209
1509547719650|0.13620347|-0.027240695|-0.08172209
1509547719783|0.14982383|-0.013620348|-0.08172209
1509547719915|0.14982383|0.013620348|-0.08172209
1509547720047|0.14982383|-0.013620348|-0.08172209
1509547720179|0.14982383|0.0|-0.08172209
1509547720311|0.14982383|0.0|-0.068101734
1509547720443|0.13620347|0.0|-0.08172209
1509547720575|0.13620347|0.0|-0.08172209
1509547720707|0.14982383|0.0|-0.08172209
1509547720839|0.13620347|0.0|-0.08172209
1509547720971|0.13620347|0.0|-0.068101734
1509547721103|0.13620347|0.013620348|-0.10896278
1509547721235|0.13620347|0.0|-0.08172209
1509547721367|0.13620347|0.013620348|-0.08172209
1509547721499|0.14982383|-0.027240695|-0.095342435
1509547721638|0.14982383|0.0|-0.08172209
1509547721762|0.14982383|-0.027240695|-0.08172209
1509547721895|0.14982383|0.0|-0.08172209
1509547722027|0.14982383|-0.040861044|-0.095342435
1509547722158|0.14982383|-0.013620348|-0.08172209
1509547722290|0.13620347|-0.013620348|-0.05448139
1509547722423|0.12258312|0.0|-0.05448139
1509547722554|0.13620347|0.0|-0.08172209
1509547722687|0.14982383|-0.040861044|-0.08172209
1509547722819|0.14982383|-0.027240695|-0.08172209
1509547722951|0.14982383|-0.027240695|-0.08172209
1509547723083|0.14982383|0.0|-0.068101734
1509547723215|0.13620347|-0.013620348|-0.068101734
1509547723347|0.12258312|0.013620348|-0.068101734
1509547723479|0.12258312|0.0|-0.068101734
1509547723610|0.12258312|0.0|-0.05448139
1509547723742|0.12258312|0.013620348|-0.05448139
1509547723875|0.12258312|0.040861044|-0.05448139
1509547724008|0.14982383|0.013620348|-0.068101734
