1510200247856|-3.8349|1.5976105|8.440277
1510200247981|-0.23210144|2.57547|9.547363
1510200248086|1.0664062|1.9517365|12.85025
1510200248201|3.3651123|1.1278229|9.515457
1510200248319|1.2737885|2.585846|5.374283
1510200248433|-1.5226288|5.117447|9.083954
1510200248546|0.8749695|6.632904|13.478775
1510200248661|-0.08694458|2.5914307|7.231903
1510200248775|-0.6540375|4.1523438|7.910675
1510200248893|-0.7385864|4.4426727|8.158737
1510200249006|-0.050247192|4.443466|8.113266
1510200249121|0.6859436|5.1645203|12.45784
1510200249237|3.5381927|1.8018036|9.442078
1510200249351|-0.003982544|3.9904327|6.557129
1510200249466|-0.7433777|4.849457|5.2179565
1510200249581|1.105484|7.2749786|10.238098
1510200249696|-0.9499512|3.5238342|11.627518
1510200249810|0.65882874|3.275772|4.4043884
1510200249924|2.0865479|2.6336975|6.06102
1510200250042|4.4801636|4.6069794|8.713074
1510200250158|0.027114868|4.914856|15.010971
1510200250271|3.1617126|3.738388|6.262024
1510200250384|-0.08215332|4.2217407|6.823532
1510200250502|0.727417|5.11586|7.235901
1510200250618|0.42193604|4.6189423|6.638489
1510200250730|2.079361|5.242676|13.257828
1510200250846|1.0664062|5.3160553|11.93779
1510200250961|1.8297119|3.7463684|6.988632
1510200251077|0.093322754|3.868393|5.186844
1510200251192|-0.9140625|5.6582336|11.21756
1510200251305|0.95632935|3.0779724|15.887543
1510200251421|0.2664032|3.4185486|4.4729767
1510200251537|-2.7852478|4.9324036|3.874771
1510200251654|-1.1134644|5.8911285|13.127823
1510200251767|-1.3790588|5.167694|13.91507
1510200251884|1.2785645|3.26062|7.2518463
1510200251997|-0.5240326|2.7054749|8.41716
1510200252112|1.5074768|4.4139557|6.972687
1510200252225|0.73379517|5.2027893|7.9162445
1510200252343|0.7601166|3.812561|16.615768
1510200252456|1.5250244|1.9533386|5.09671
1510200252570|-1.7332001|3.7296143|7.0285187
1510200252689|-1.0440674|5.4253235|7.3914337
1510200252801|3.2733917|6.7126617|15.046066
1510200252917|-0.13798523|1.277771|6.560318
1510200253030|0.011169434|2.629715|6.5531464
1510200253146|2.6424713|4.3094788|10.38884
1510200253263|2.6679993|4.4227295|9.595215
1510200253378|3.6362915|4.06221|12.791229
1510200253493|2.8115692|2.9830475|4.381256
1510200253607|-1.8695984|2.3098755|9.455643
1510200253721|-1.1565247|5.1134644|11.740784
1510200253840|-2.079361|4.504883|14.38884
1510200253952|-3.4552307|1.249054|8.011169
1510200254068|-0.16989136|2.001999|7.088333
1510200254181|1.4540405|3.7136536|4.6676025
1510200254298|-0.030303955|3.4488525|10.174286
1510200254412|2.1351929|2.1088715|16.32463
1510200254528|0.62532043|1.7084808|7.621933
1510200254642|-1.3974152|2.8155518|5.7459564
1510200254758|-1.8352966|4.610977|8.185852
1510200254870|3.1282043|4.332611|13.927032
1510200254987|-1.5944214|0.928421|9.881561
1510200255102|0.38842773|2.4047852|6.2899323
1510200255217|1.9964142|2.7381897|7.7814636
1510200255333|3.869995|3.9282227|9.474777
1510200255449|4.443466|2.1583252|13.810577
1510200255562|2.0889435|1.4524384|7.1872406
1510200255677|0.05583191|2.4813538|6.8059845
1510200255794|1.8065796|4.406784|9.743576
1510200255906|0.36289978|4.567108|15.495926
1510200256020|0.8661957|1.5569305|10.372086
1510200256139|0.3501587|2.53479|5.7579346
1510200256253|1.9006958|3.390625|8.353348
1510200256367|3.1377869|2.526825|9.095917
1510200256484|4.718643|3.2191467|11.360321
1510200256600|0.8981018|2.239685|5.4101715
1510200256712|-1.0065765|2.732605|4.973877
1510200256828|0.17547607|4.2488556|11.362717
1510200256942|0.8191376|2.7485504|12.394821
1510200257058|-1.7635193|2.9910278|9.25145
1510200257174|0.830307|2.2468567|6.2189484
1510200257286|1.028122|2.8857422|8.757736
1510200257405|0.43070984|3.9585266|11.357925
1510200257516|4.1778717|2.8227386|15.729614
1510200257632|2.6233368|1.5569305|6.1088715
1510200257748|-0.8542328|2.4055786|5.578476
1510200257864|0.19302368|4.733795|10.632111
1510200257977|0.5120697|2.850647|13.337601
1510200258091|0.17866516|1.8895264|8.591034
1510200258206|-0.9363861|1.9397736|7.1266327
1510200258342|1.1365967|2.411972|5.9637146
1510200258445|1.2833557|3.063614|9.143784
1510200258537|0.987442|2.8147583|14.774887
1510200258666|2.9495544|0.97946167|7.001404
1510200258789|-0.9316101|3.210373|7.3547363
1510200258897|0.6197357|3.6705933|9.9166565
1510200259014|-1.0352936|3.23909|12.9730835
1510200259127|-1.2817535|-0.65563965|10.288345
1510200259243|-0.17706299|2.5539398|5.149353
1510200259368|1.4325104|3.2063751|6.3760834
1510200259474|1.0281067|3.2558289|11.02533
1510200259588|0.5623169|1.7651062|16.757736
1510200259702|1.640686|2.0307007|7.2518463
1510200259823|0.13240051|1.9389801|6.8243256
1510200259932|-0.5032959|2.6903381|9.5681
1510200260052|-1.2769775|1.922226|13.673386
1510200260164|0.10209656|2.1607208|8.444275
1510200260279|-0.19302368|1.7922211|3.8979034
1510200260394|-0.5607147|1.8121643|6.2014008
1510200260510|0.47138977|2.658432|10.833099
1510200260625|3.172882|1.370285|14.852249
1510200260737|2.9878387|0.72901917|9.9366
1510200260854|0.19381714|1.1302032|6.327423
1510200260969|-1.1980133|1.9278107|9.041672
1510200261084|-0.5383911|2.0027924|12.033508
1510200261198|-2.2197418|-0.7465668|11.871597
1510200261315|-0.4179535|1.193222|6.086548
1510200261432|-0.28234863|2.3338013|7.488739
1510200261548|1.2179413|2.065796|9.268997
1510200261658|1.730011|0.6237335|16.354141
1510200261776|1.3088837|1.4189453|9.038483
1510200261893|-1.4891357|1.701294|6.708679
1510200262006|-1.2889404|2.6711884|9.054443
1510200262125|-2.0402832|2.5140533|12.451462
1510200262237|-3.8388824|1.1836548|11.006989
1510200262352|-0.23768616|1.1094666|8.637299
1510200262470|-1.0807495|4.583847|4.686737
1510200262580|-0.44744873|3.9856415|8.769699
1510200262696|-0.95951843|4.440277|14.2460785
1510200262809|0.47218323|3.3068848|8.899704
1510200262927|-1.6765747|3.4871368|5.9980164
1510200263040|-1.3750763|3.9792633|8.149948
1510200263157|-2.2947235|4.0670013|10.935196
1510200263270|-1.6925201|0.39242554|13.423737
1510200263389|-2.3625183|1.9565277|7.8038025
1510200263499|-0.36610413|0.4817505|6.6408844
1510200263620|0.06700134|1.3607178|10.632904
1510200263730|1.4604187|0.77926636|13.56012
1510200263843|1.7954102|2.1750793|9.2331085
1510200263960|-0.40597534|1.7340088|7.345169
1510200264074|-1.0297089|2.6265259|9.1892395
1510200264163|-1.3591309|3.2039948|9.017746
1510200264245|-2.32901|2.487732|11.901108
1510200264360|-2.395218|1.8217316|9.718048
1510200264474|-0.71466064|2.195816|7.0173492
1510200264590|-0.21855164|2.7772675|7.630707
1510200264685|0.51446533|3.5804596|8.868607
1510200264779|1.3000946|4.7019043|9.877579
1510200264887|2.6049805|3.5270233|10.617752
1510200265015|2.3282166|2.997406|7.373886
1510200265124|1.5649109|4.175476|5.3375854
1510200265234|1.5082703|6.1694946|8.250458
1510200265338|1.8711853|5.9166565|12.329422
1510200265479|-0.13400269|4.6731873|11.334
1510200265567|1.1605225|3.372284|5.846466
1510200265684|0.8079834|4.7026978|7.7407837
1510200265799|1.4173584|5.3575287|8.72821
1510200265913|3.7160492|3.910675|12.699509
1510200266029|2.614563|2.4486542|10.112076
1510200266144|-0.5679016|2.7405853|5.529007
1510200266258|-0.68196106|3.7040863|8.753738
1510200266373|-0.943573|5.0153656|10.361725
1510200266487|-1.8249207|3.2223358|12.9730835
1510200266604|-0.99461365|2.218155|6.821945
1510200266718|0.7210388|3.5062866|3.9306183
1510200266834|0.1898346|4.2927246|8.840683
1510200266950|1.0217438|2.9870453|16.238495
1510200267064|1.6334991|3.112259|9.534592
1510200267178|-0.37329102|2.7828522|5.7563324
1510200267267|-0.7760773|2.926422|6.114456
1510200267367|-1.3543396|2.8953094|11.377869
1510200267470|-1.1214294|2.7350006|12.599014
1510200267586|-2.0035858|1.190033|10.627319
1510200267702|-0.42512512|1.4348907|5.895111
1510200267816|0.6037903|2.6424713|8.002396
1510200267930|0.97068787|2.4630127|12.311066
1510200268047|1.5952148|2.8035889|12.230515
1510200268161|0.86779785|1.9684906|8.249649
1510200268276|-0.5607147|2.4797668|5.5553436
1510200268393|-1.5401764|3.8739777|9.071991
1510200268507|-1.9318085|2.891327|15.130615
1510200268618|-2.8394775|2.0729828|10.143173
1510200268735|-0.37167358|0.6947174|6.384842
