1510200318200|-25.24643|7.1502686|-42.486954
1510200318350|-23.275757|3.6197662|-44.79294
1510200318450|-23.357391|7.227707|-44.02542
1510200318550|-23.565292|8.033371|-43.798065
1510200318700|-24.203873|6.5330505|-43.391037
1510200318800|-28.224945|3.6792755|-41.095352
1510200318898|-30.752182|4.4223785|-39.453125
1510200319050|-31.83899|7.6194763|-38.355255
1510200319199|-32.902145|6.9717407|-37.685013
1510200319300|-31.975937|3.9409637|-38.22441
1510200319401|-30.35698|1.7353058|-40.40184
1510200319498|-29.829788|2.153778|-40.937424
1510200319600|-29.705048|3.6643982|-41.29982
1510200319699|-28.334045|5.1826477|-41.98532
1510200319800|-25.537872|7.5496674|-43.66417
1510200319898|-24.91188|9.197235|-44.288635
1510200320048|-24.20082|10.652161|-44.789124
1510200320198|-26.151276|10.11734|-43.8694
1510200320298|-27.140427|6.184387|-43.97087
1510200320399|-25.36354|0.8670807|-45.55092
1510200320499|-24.530792|-0.743103|-46.085358
1510200320599|-23.86055|1.0803223|-46.86203
1510200320701|-22.483063|2.5974274|-47.193146
1510200320800|-19.053268|5.835724|-47.562027
1510200320897|-18.28804|7.7014923|-47.715378
1510200321048|-18.950653|11.927032|-47.159958
1510200321198|-21.041107|15.1779175|-45.643997
1510200321297|-22.909927|14.6419525|-44.9131
1510200321399|-22.009659|10.725784|-46.056747
1510200321498|-20.986938|9.584045|-46.990967
1510200321598|-19.03038|10.087585|-47.693253
1510200321698|-18.721008|10.722351|-48.02437
1510200321797|-18.167496|10.718155|-47.880554
1510200321900|-17.798233|10.958481|-48.070908
1510200322048|-18.767166|12.654114|-47.68715
1510200322199|-20.121384|13.3125305|-47.41211
1510200322299|-22.472382|13.150787|-46.444702
1510200322398|-23.334503|10.83107|-46.486282
1510200322497|-22.933197|9.7026825|-46.437836
1510200322597|-23.52066|9.7530365|-45.656204
1510200322699|-23.482132|10.606003|-45.217896
1510200322803|-21.543503|11.78627|-45.99266
1510200322897|-19.970703|12.306976|-46.762466
1510200323048|-18.795776|12.483215|-47.278976
1510200323203|-21.209717|12.200165|-46.431732
1510200323298|-24.702072|11.1763|-45.568466
1510200323398|-25.09842|6.860733|-45.939255
1510200323500|-24.386978|4.8755646|-46.0968
1510200323597|-23.46878|3.0212402|-46.842194
1510200323698|-23.281097|3.2093048|-46.94557
1510200323798|-22.798157|3.9302826|-46.803284
1510200323898|-22.380829|4.4460297|-46.183014
1510200324047|-22.499847|6.066513|-45.30716
1510200324197|-23.28949|7.1308136|-44.660187
1510200324297|-25.049591|6.855774|-44.50531
1510200324397|-25.536728|3.6575317|-44.39583
1510200324498|-24.501038|1.7822266|-44.739532
1510200324598|-22.572327|0.9941101|-46.02089
1510200324697|-21.650314|2.4219513|-46.364975
1510200324797|-21.2883|4.5459747|-45.738983
1510200324897|-20.469666|4.690933|-45.88356
1510200325048|-18.390656|4.6123505|-46.26274
1510200325198|-18.5009|6.1222076|-45.869064
1510200325297|-20.410156|8.250046|-44.429016
1510200325398|-22.55745|7.8784943|-43.29033
1510200325498|-23.10257|5.981064|-43.587875
1510200325597|-20.322037|2.041626|-44.66133
1510200325697|-19.122314|1.2504578|-45.516586
1510200325796|-18.535995|3.4374237|-45.69931
1510200325896|-19.11316|4.3476105|-45.63446
1510200326048|-18.98079|4.0683746|-45.89691
1510200326198|-18.378067|4.031372|-44.851303
1510200326296|-19.900131|5.5187225|-43.631744
1510200326398|-22.458267|6.1035156|-42.575073
1510200326499|-23.122025|5.0842285|-42.799377
1510200326597|-21.616745|2.6062012|-43.245316
1510200326697|-21.159744|2.273178|-43.803024
1510200326797|-20.967865|5.322647|-43.055725
1510200326898|-20.05272|7.377243|-43.081665
1510200327047|-17.409515|10.3199005|-42.724228
1510200327198|-16.290283|11.844635|-43.426132
1510200327299|-16.492844|13.463974|-42.990494
1510200327397|-17.81311|15.349197|-41.148376
1510200327496|-18.53714|15.55481|-40.70549
1510200327597|-17.513275|13.633347|-41.723633
1510200327697|-16.416168|12.278366|-42.25998
1510200327796|-13.663101|11.87706|-43.358612
1510200327897|-12.1315|12.744141|-43.606567
1510200328047|-9.098053|13.519669|-44.820404
1510200328196|-6.587982|14.148712|-45.469284
1510200328297|-5.8315277|15.880966|-45.172882
1510200328396|-6.7157745|17.351913|-44.373703
1510200328496|-6.975174|17.625046|-44.018173
1510200328596|-8.435059|15.763855|-44.547653
1510200328698|-8.916092|14.85939|-45.119095
1510200328797|-8.302307|14.9189|-45.444107
1510200328903|-7.5725555|16.415787|-44.93904
1510200329046|-5.597687|17.954254|-45.048523
1510200329196|-3.8967133|17.054749|-45.648956
1510200329298|-3.5820007|16.112518|-45.93544
1510200329396|-4.811096|17.386246|-45.716858
1510200329496|-6.0497284|18.344498|-45.729065
1510200329596|-7.0533752|18.027115|-46.105576
1510200329699|-7.375717|17.062378|-46.417236
1510200329796|-5.9898376|15.913773|-46.611786
1510200329895|-5.2936554|16.395569|-46.57135
1510200330048|-3.4881592|17.11731|-47.612762
1510200330196|-1.4919281|16.489792|-48.627472
1510200330297|-0.5226135|16.085815|-49.038696
1510200330398|-0.8842468|16.530228|-49.136353
1510200330497|-2.0141602|17.175674|-48.732376
1510200330596|-4.4361115|16.74385|-48.38333
1510200330696|-5.1151276|16.043472|-48.376465
1510200330795|-4.1275024|13.911819|-49.580765
1510200330899|-4.175186|14.608383|-49.925995
1510200331045|-4.499054|17.56668|-50.351334
1510200331199|-2.583313|19.69719|-49.045944
1510200331296|-0.24642944|19.813156|-48.35167
1510200331396|0.6275177|19.80629|-48.953247
1510200331497|0.95977783|20.91713|-48.442078
1510200331596|-1.3134003|21.793365|-47.90802
1510200331696|-1.6857147|21.129227|-47.871017
1510200331796|-0.2773285|18.428421|-49.08867
1510200331896|1.7402649|18.692398|-49.37973
1510200332047|4.0412903|21.454239|-48.54927
1510200332196|5.1948547|22.53151|-47.96524
1510200332297|7.916641|21.57669|-47.7993
1510200332397|9.57489|20.693207|-47.784805
1510200332496|8.833313|21.100998|-48.091125
1510200332596|5.6591034|23.213196|-47.364807
1510200332696|3.3470154|23.195648|-47.549057
1510200332795|0.06828308|19.234467|-48.66867
1510200332895|-0.70610046|17.364502|-49.36142
1510200333047|-0.9799957|16.789627|-49.943924
1510200333195|0.5153656|18.274689|-49.47014
1510200333295|2.9312134|16.963959|-49.80507
1510200333396|2.941513|15.703583|-49.789047
1510200333494|1.5659332|15.58609|-49.6006
1510200333595|-1.97258|16.928482|-49.030304
1510200333695|-3.3008575|17.061996|-48.87581
1510200333796|-3.8093567|15.43541|-49.307632
1510200333897|-2.1816254|13.795471|-49.884796
1510200334046|-0.33874512|12.479401|-50.21782
1510200334195|-0.9738922|13.695908|-49.45526
1510200334296|-1.1566162|14.656448|-48.78311
1510200334394|0.077056885|12.216949|-49.176407
1510200334494|-0.23651123|12.26387|-48.955536
1510200334598|-2.6203156|16.26091|-47.59674
1510200334694|-5.545044|19.66362|-46.15326
1510200334795|-10.942078|21.49353|-44.58542
1510200334896|-12.035751|19.756317|-45.05043
1510200335045|-13.992691|15.894699|-45.468903
1510200335196|-18.167877|13.190842|-44.532013
1510200335295|-21.597672|10.36644|-43.814087
1510200335398|-23.40393|9.375381|-43.338013
1510200335495|-24.634933|9.931946|-42.575073
1510200335595|-26.859283|10.198212|-40.400696
1510200335694|-28.858185|9.11293|-38.895035
1510200335795|-33.343124|6.4624786|-35.493088
1510200335894|-35.167694|4.7855377|-33.981705
1510200336045|-35.92491|0.5794525|-32.63321
1510200336195|-34.920883|-3.6777496|-33.457565
1510200336295|-33.91037|-3.521347|-34.99794
1510200336395|-32.012177|-3.1799316|-36.67221
1510200336496|-31.080246|-3.6972046|-37.6297
1510200336595|-31.188583|-3.1066895|-37.60147
1510200336696|-32.225037|-2.294159|-37.239456
1510200336795|-34.121704|-0.089645386|-35.863876
1510200336894|-34.2041|0.9490967|-35.77919
1510200337045|-33.776855|0.4989624|-35.136795
1510200337194|-33.974457|-2.0648956|-35.141373
1510200337295|-33.04901|-3.8578033|-36.444855
1510200337395|-30.390549|-6.019211|-37.37259
1510200337495|-28.925705|-5.7128906|-38.0291
1510200337595|-28.155136|-2.8282166|-38.740158
1510200337696|-28.684616|-1.7700195|-38.549805
1510200337793|-30.893326|-4.3354034|-36.80992
1510200337895|-31.969833|-7.0755005|-35.338974
1510200338045|-32.35092|-12.456894|-32.6519
1510200338195|-31.231308|-17.790222|-29.716492
1510200338295|-30.527115|-19.39125|-28.084183
1510200338395|-31.55098|-15.249252|-28.050613
1510200338496|-32.63817|-12.609482|-28.182983
1510200338595|-32.79457|-10.619354|-29.289627
1510200338695|-33.480835|-10.063934|-28.897858
1510200338795|-35.68802|-9.388351|-26.496124
1510200338895|-36.600113|-8.918381|-25.21286
1510200339044|-36.26671|-9.635544|-24.703217
1510200339196|-34.539413|-13.430786|-25.038528
1510200339296|-33.255005|-14.563751|-25.647736
1510200339395|-33.205414|-12.4874115|-26.521301
1510200339493|-33.483887|-11.343384|-26.613235
1510200339594|-34.820557|-9.044647|-26.098251
1510200339695|-35.329437|-8.123016|-26.192856
1510200339794|-35.96649|-6.791687|-25.421906
1510200339893|-36.43799|-5.9165955|-25.164413
1510200340043|-36.805725|-5.504608|-24.241257
1510200340194|-36.146164|-7.30896|-24.808502
1510200340294|-34.39865|-8.731079|-27.12593
1510200340395|-33.35762|-8.25119|-28.280258
1510200340544|-33.48999|-7.4913025|-28.544998
1510200340695|-33.063126|-4.4769287|-29.473114
1510200340793|-33.000946|-3.432846|-29.050446
1510200340899|-33.33206|-3.0586243|-28.396988
1510200341046|-34.30481|-2.0866394|-26.97792
1510200341193|-35.06241|-2.6706696|-26.431656
1510200341293|-34.0168|-5.0857544|-27.43454
1510200341395|-33.486557|-6.3526154|-28.38173
1510200341581|-33.63037|-5.597687|-28.927612
1510200341694|-32.281876|-2.6748657|-30.51796
1510200341793|-31.750107|1.2462616|-31.153488
1510200341893|-32.518005|3.5671234|-30.50766
1510200342043|-33.229446|5.9589386|-28.961563
1510200342195|-34.2144|5.878067|-27.724838
1510200342293|-33.906174|2.5203705|-28.479385
1510200342393|-31.616974|-1.7948151|-31.171036
1510200342543|-30.513763|-1.927948|-32.37343
1510200342694|-28.866959|1.0356903|-34.501648
1510200342794|-28.942108|2.5615692|-34.453964
1510200342893|-29.554749|4.228592|-33.798218
1510200343044|-31.102753|7.280731|-31.835556
1510200343192|-31.881332|8.349991|-30.078125
1510200343293|-31.51474|5.38826|-30.845642
1510200343392|-31.35109|1.5468597|-32.905197
1510200343544|-31.264114|1.3195038|-33.60977
1510200343693|-30.556107|3.2157898|-34.649277
1510200343793|-29.953766|3.175354|-35.62622
1510200343893|-29.864883|3.5713196|-35.801697
1510200344044|-30.757523|4.5642853|-34.675217
1510200344192|-33.253098|5.6804657|-32.68776
1510200344293|-34.41887|3.6960602|-32.01294
1510200344392|-33.665085|-0.012588501|-33.14972
1510200344543|-33.15506|-1.473999|-33.20694
1510200344693|-32.694626|-2.6576996|-34.234238
1510200344792|-32.55768|-1.5785217|-35.323334
1510200344909|-32.232285|-0.22659302|-35.30655
1510200345043|-33.118057|3.150177|-33.77533
1510200345192|-35.542297|5.221176|-30.332184
1510200345291|-37.06093|3.5308838|-29.432297
1510200345412|-36.148834|-1.2401581|-31.656265
1510200345543|-35.633087|-3.0441284|-32.16667
1510200345694|-34.04541|-2.3983002|-32.840347
1510200345791|-33.768845|-0.05645752|-33.568573
1510200345894|-33.93593|1.158905|-33.278656
1510200346042|-33.61435|3.4656525|-33.52623
1510200346192|-33.813095|5.4531097|-32.63321
1510200346293|-35.341644|6.9099426|-30.432892
1510200346395|-35.785294|3.4824371|-30.88684
1510200346543|-35.30197|0.9239197|-32.120895
1510200346692|-34.20639|-0.36087036|-33.442307
1510200346791|-33.52852|1.9325256|-33.72078
1510200346892|-33.0307|2.8255463|-34.313583
1510200347041|-32.65381|3.7525177|-34.666443
1510200347191|-32.96547|5.085373|-33.85887
1510200347292|-34.72328|7.128525|-31.24733
1510200347392|-35.905457|6.9145203|-29.702377
1510200347542|-35.785675|5.2173615|-29.554749
1510200347692|-34.12323|0.5344391|-32.007217
1510200347791|-34.59854|2.0618439|-32.990265
1510200347893|-34.613037|3.4931183|-32.772446
1510200348042|-33.177185|6.1538696|-33.465958
1510200348191|-31.739807|7.8338623|-35.311127
1510200348292|-32.289886|9.618378|-34.682465
1510200348396|-34.555054|9.339523|-31.716156
1510200348542|-34.833145|6.9595337|-32.045364
1510200348693|-31.801987|-0.4611969|-35.49843
1510200348797|-30.83229|-1.0707855|-35.46295
1510200348892|-31.153107|-0.49362183|-35.16388
1510200349042|-32.920837|1.7688751|-33.883286
1510200349191|-33.64067|4.0905|-34.124374
1510200349290|-35.169983|4.8664093|-32.46765
1510200349391|-37.197876|4.332733|-29.979706
1510200349542|-37.921524|3.3714294|-29.373932
1510200349691|-36.522293|-3.4980774|-31.407928
1510200349794|-34.53865|-5.881119|-33.51593
1510200349891|-33.903122|-4.9476624|-33.803177
1510200350041|-33.48236|-2.910614|-33.519745
1510200350192|-32.4646|-3.2203674|-34.313965
1510200350291|-30.954361|-3.4061432|-36.146545
1510200350392|-30.75447|-2.7153015|-36.511612
1510200350561|-31.658554|-2.537918|-35.792923
1510200350692|-33.924103|-4.968643|-32.504272
1510200350792|-32.31888|-9.004974|-33.62503
1510200350892|-31.044388|-10.499954|-34.869003
1510200351040|-31.122208|-10.026932|-35.876846
1510200351192|-32.076645|-8.272171|-35.2726
1510200351293|-31.887054|-6.734848|-35.189056
1510200351392|-33.501434|-4.075241|-33.87375
1510200351543|-34.996414|-2.609253|-33.062363
1510200351692|-37.06932|-2.1518707|-30.965805
1510200351793|-35.30159|-6.100464|-31.612396
1510200351890|-33.72078|-7.802582|-32.976532
1510200352041|-31.54869|-8.487701|-34.76944
1510200352191|-32.7507|-5.9028625|-34.17015
1510200352291|-34.11789|-2.9819489|-33.176804
1510200352393|-33.908463|-0.61569214|-33.47969
1510200352491|-33.979034|0.018692017|-33.408356
1510200352606|-34.696198|1.2580872|-31.58493
1510200352741|-35.559845|1.316452|-30.39627
1510200352892|-35.606003|2.4154663|-31.668854
1510200352992|-34.599686|2.9136658|-33.060455
1510200353099|-32.679367|3.627777|-34.742737
1510200353241|-31.663513|5.418396|-34.90448
1510200353341|-31.751633|8.536148|-34.07669
1510200353493|-32.909775|10.292053|-32.57141
1510200353597|-34.511948|9.80072|-31.060028
1510200353692|-35.14099|9.006882|-30.548477
1510200353791|-34.94034|7.400131|-30.653
1510200353940|-34.345627|3.2539368|-31.901932
1510200354097|-33.06122|0.23765564|-34.003067
1510200354240|-32.131958|3.508377|-33.74443
1510200354339|-32.056427|5.6972504|-33.116913
1510200354494|-33.02498|6.5948486|-32.609177
1510200354604|-34.262848|7.3947906|-31.52771
1510200354739|-34.86061|7.209015|-30.466843
1510200354896|-35.235977|2.9335022|-28.758621
1510200354990|-34.51538|0.9376526|-29.373932
