1509586260982|0.0|1.1168685|9.752169
1509586261084|0.0|1.1304889|9.752169
1509586261217|0.0|1.1168685|9.752169
1509586261348|-0.013620348|1.1168685|9.752169
1509586261480|-0.013620348|1.1168685|9.752169
1509586261621|-0.013620348|1.1168685|9.752169
1509586261744|0.0|1.1168685|9.752169
1509586261875|0.0|1.1168685|9.752169
1509586262008|0.013620348|1.1168685|9.752169
1509586262140|0.013620348|1.1168685|9.752169
1509586262272|0.013620348|1.1168685|9.752169
1509586262403|0.013620348|1.1168685|9.752169
1509586262535|0.013620348|1.1168685|9.752169
1509586262667|0.013620348|1.1168685|9.752169
1509586262799|0.013620348|1.1168685|9.752169
1509586262932|0.0|1.1168685|9.752169
1509586263065|0.0|1.1168685|9.752169
1509586263197|0.0|1.1304889|9.752169
1509586263328|0.0|1.1304889|9.752169
1509586263460|0.0|1.1304889|9.752169
1509586263592|0.0|1.1441091|9.752169
1509586263723|0.0|1.1441091|9.752169
1509586263857|0.013620348|1.1441091|9.752169
1509586263987|0.013620348|1.1441091|9.752169
1509586264120|0.013620348|1.1441091|9.752169
1509586264253|0.013620348|1.1441091|9.752169
1509586264385|0.013620348|1.1441091|9.752169
1509586264517|0.013620348|1.1577295|9.752169
1509586264649|0.027240695|1.1849703|9.738548
1509586264781|0.027240695|1.1713499|9.738548
1509586264912|0.027240695|1.1713499|9.738548
1509586265044|0.013620348|1.1577295|9.752169
1509586265176|-0.027240695|1.1304889|9.752169
1509586265309|0.0|1.1304889|9.752169
1509586265441|-0.013620348|1.1304889|9.752169
1509586265573|0.0|1.1441091|9.752169
1509586265704|0.0|1.1441091|9.752169
1509586265837|0.0|1.1441091|9.752169
1509586265967|0.0|1.1441091|9.752169
1509586266100|0.0|1.1304889|9.752169
1509586266233|-0.013620348|1.1304889|9.752169
1509586266365|-0.013620348|1.1304889|9.752169
1509586266496|0.013620348|1.1304889|9.752169
1509586266640|0.013620348|1.1304889|9.752169
1509586266760|0.013620348|1.1441091|9.752169
1509586266893|0.013620348|1.1577295|9.738548
1509586267025|0.013620348|1.1849703|9.738548
1509586267157|0.013620348|1.1849703|9.738548
1509586267289|0.013620348|1.1985906|9.738548
1509586267421|0.013620348|1.1985906|9.738548
1509586267552|0.013620348|1.1985906|9.738548
1509586267684|0.013620348|1.1985906|9.738548
1509586267817|0.013620348|1.1985906|9.738548
1509586267949|0.013620348|1.1985906|9.738548
1509586268081|0.013620348|1.1985906|9.738548
1509586268213|0.013620348|1.1985906|9.738548
1509586268345|0.013620348|1.2258313|9.738548
1509586268476|0.013620348|1.2258313|9.738548
1509586268608|0.013620348|1.2530719|9.738548
1509586268739|0.013620348|1.2666924|9.738548
1509586268872|0.013620348|1.2803127|9.724928
1509586269005|0.013620348|1.293933|9.724928
1509586269136|0.013620348|1.3211737|9.724928
1509586269268|0.013620348|1.375655|9.711308
1509586269400|0.013620348|1.4301364|9.711308
1509586269531|0.013620348|1.525479|9.697687
1509586269662|0.027240695|1.6344416|9.670446
1509586269798|0.040861044|1.7842655|9.656826
1509586269928|0.068101734|1.920469|9.629586
1509586270058|0.08172209|2.083913|9.588725
1509586270190|0.10896278|2.2201166|9.561484
1509586270324|0.10896278|2.3563201|9.520623
1509586270456|0.10896278|2.4925234|9.493382
1509586270588|0.12258312|2.628727|9.452521
1509586270720|0.12258312|2.73769|9.425281
1509586270851|0.12258312|2.819412|9.39804
1509586271004|0.12258312|2.8875136|9.384419
1509586271114|0.10896278|2.9147542|9.370799
1509586271246|0.095342435|2.9283745|9.370799
1509586271378|0.08172209|2.9556153|9.357179
1509586271511|0.068101734|2.9556153|9.357179
1509586271644|0.05448139|2.941995|9.357179
1509586271774|0.027240695|2.9147542|9.370799
1509586271907|0.013620348|2.8738933|9.384419
1509586272040|0.0|2.8330321|9.39804
1509586272128|0.0|2.8330321|9.39804
1509586272236|0.0|2.8330321|9.39804
1509586272368|-0.013620348|2.819412|9.39804
1509586272499|-0.013620348|2.819412|9.39804
1509586272631|-0.027240695|2.8057916|9.41166
1509586272767|-0.027240695|2.75131|9.425281
1509586272896|-0.027240695|2.6832085|9.438901
1509586273028|-0.027240695|2.6151068|9.466142
1509586273160|-0.027240695|2.587866|9.466142
1509586273293|-0.027240695|2.547005|9.479762
1509586273426|-0.027240695|2.547005|9.479762
1509586273558|0.0|2.5061438|9.493382
1509586273689|0.08172209|2.4244218|9.507003
1509586273826|0.19068487|2.3290794|9.534244
1509586273956|0.28602728|2.233737|9.547864
1509586274087|0.38136974|2.1792555|9.561484
1509586274218|0.47671217|2.1520147|9.561484
1509586274348|0.55843425|2.1520147|9.561484
1509586274480|0.61291564|2.1520147|9.561484
1509586274612|0.6810174|2.1383946|9.547864
1509586274745|0.7627395|2.1247742|9.547864
1509586274876|0.8172208|2.083913|9.561484
1509586275008|0.8580819|2.0158114|9.561484
1509586275147|0.8853226|1.9613299|9.575105
1509586275275|0.8853226|1.9477097|9.575105
1509586275410|0.87170225|1.9340893|9.575105
1509586275537|0.8172208|1.9477097|9.588725
1509586275670|0.74911916|1.9340893|9.588725
1509586275803|0.6946377|1.920469|9.602345
1509586275933|0.5992953|1.879608|9.615966
1509586276065|0.49033248|1.8115062|9.629586
1509586276196|0.3949901|1.7842655|9.643206
1509586276328|0.28602728|1.7570248|9.656826
1509586276460|0.14982383|1.7570248|9.656826
1509586276592|0.013620348|1.7434045|9.656826
1509586276726|-0.10896278|1.7434045|9.656826
1509586276858|-0.2043052|1.7434045|9.656826
1509586276989|-0.28602728|1.7434045|9.656826
1509586277120|-0.36774936|1.7161638|9.656826
1509586277252|-0.3949901|1.6616825|9.670446
1509586277386|-0.4086104|1.6208212|9.670446
1509586277519|-0.35412902|1.5935806|9.684067
1509586277648|-0.14982383|1.56634|9.684067
1509586277780|0.05448139|1.56634|9.684067
1509586277991|0.2043052|1.5799603|9.684067
1509586278078|0.32688835|1.648062|9.670446
1509586278176|0.43585113|1.7434045|9.643206
1509586278308|0.50395286|1.8115062|9.629586
1509586278442|0.55843425|1.8932283|9.615966
1509586278572|0.57205456|1.9477097|9.602345
1509586278704|0.58567494|2.0158114|9.588725
1509586278837|0.53119355|2.0975335|9.575105
1509586278970|0.38136974|2.165635|9.561484
1509586279102|0.16344418|2.192876|9.561484
1509586279232|-0.027240695|2.2201166|9.561484
1509586279364|-0.21792556|2.2201166|9.561484
1509586279497|-0.35412902|2.1520147|9.575105
1509586279628|-0.44947144|2.0430522|9.588725
1509586279760|-0.47671217|1.879608|9.615966
1509586279908|-0.3949901|1.7161638|9.656826
1509586280025|-0.068101734|1.5527196|9.697687
1509586280157|0.31326798|1.4028958|9.711308
1509586280288|0.74911916|1.3075534|9.697687
1509586280425|1.1441091|1.1849703|9.670446
1509586280553|1.5390993|1.0623871|9.629586
1509586280686|1.838747|0.96704465|9.588725
1509586280819|2.0158114|0.91256326|9.561484
1509586280948|2.1111538|0.8853226|9.547864
1509586281080|2.1247742|0.8853226|9.534244
1509586281212|2.1247742|0.8853226|9.534244
1509586281345|1.9613299|0.92618364|9.575105
1509586281477|1.5799603|1.0079057|9.629586
1509586281608|1.1304889|1.0623871|9.684067
1509586281742|0.6537767|1.1441091|9.724928
1509586281874|0.13620347|1.2666924|9.724928
1509586282006|-0.3405087|1.375655|9.711308
1509586282136|-0.7763598|1.4982383|9.670446
1509586282268|-1.1577295|1.6208212|9.615966
1509586282404|-1.4165161|1.7025435|9.561484
1509586282531|-1.5390993|1.7570248|9.534244
1509586282665|-1.5935806|1.7978858|9.520623
1509586282799|-1.5118586|1.7842655|9.534244
1509586282928|-1.1441091|1.5390993|9.629586
1509586283063|-1.2394516|1.3075534|9.643206
1509586283191|-1.6208212|1.4301364|9.575105
1509586283324|-2.0430522|1.7842655|9.438901
1509586283415|-2.2201166|1.920469|9.370799
1509586283524|-2.6559677|2.3290794|9.152873
1509586283658|-3.13268|2.8330321|8.866846
1509586283785|-3.52767|3.2552629|8.567199
1509586283918|-3.9907618|3.8273177|8.117727
1509586284049|-4.426613|4.263169|7.6546354
1509586284181|-4.930566|4.7126403|7.06896
1509586284313|-5.393657|5.134871|6.401563
1509586284447|-5.979333|5.6252036|5.3800373
1509586284578|-6.2244987|6.142777|4.4538536
1509586284711|-6.142777|6.483285|4.072484
1509586284843|-6.0610547|6.6331096|3.9499006
1509586284976|-5.952092|6.6603503|4.072484
1509586285106|-5.8431287|6.6331096|4.276789
1509586285238|-5.761407|6.592248|4.4538536
1509586285371|-5.720546|6.5377665|4.5764365
1509586285502|-5.761407|6.428804|4.6853995
1509586285634|-5.8703694|6.2244987|4.807983
1509586285767|-6.0065737|5.952092|4.9986672
1509586285898|-6.1291566|5.611583|5.2165933
1509586286032|-6.238119|5.2846947|5.448139
1509586286161|-6.3198414|4.944186|5.6660643
1509586286294|-6.387943|4.6036773|5.8703694
1509586286426|-6.428804|4.276789|6.0610547
1509586286561|-6.483285|3.9226599|6.238119
1509586286690|-6.524146|3.5821512|6.401563
1509586286822|-6.5786276|3.2552629|6.524146
1509586286954|-6.6058683|2.941995|6.6331096
1509586287087|-6.6194887|2.7104492|6.7148314
1509586287217|-6.6194887|2.5197642|6.782933
1509586287350|-6.6331096|2.4108014|6.8237944
1509586287483|-6.64673|2.3018386|6.851035
1509586287615|-6.64673|2.2201166|6.8782754
1509586287748|-6.64673|2.1247742|6.905516
1509586287878|-6.6603503|2.002191|6.932757
1509586288010|-6.701211|1.879608|6.932757
1509586288142|-6.7148314|1.7842655|6.932757
1509586288274|-6.742072|1.7161638|6.932757
1509586288415|-6.742072|1.6889231|6.932757
1509586288538|-6.7556925|1.6753027|6.9191365
1509586288670|-6.7556925|1.6753027|6.9191365
1509586288802|-6.769313|1.648062|6.9191365
1509586288934|-6.782933|1.5935806|6.9191365
1509586289066|-6.7965536|1.4982383|6.9191365
1509586289198|-6.7965536|1.4301364|6.932757
1509586289330|-6.7965536|1.375655|6.9463773
1509586289462|-6.782933|1.375655|6.9599977
1509586289594|-6.742072|1.3620348|7.000859
1509586289727|-6.7148314|1.3484143|7.028099
1509586289858|-6.687591|1.3484143|7.05534
1509586289989|-6.6739707|1.3484143|7.06896
1509586292480|-6.6603503|1.3620348|7.0825806
1509586292574|-6.64673|1.3892754|7.0825806
1509586292708|-6.6194887|1.4709975|7.096201
1509586292838|-6.565007|1.648062|7.1098213
1509586292969|-6.469665|1.879608|7.137062
1509586301353|-6.401563|2.002191|7.1643023
1509586301449|-6.074675|2.7104492|7.232404
1509586301579|-5.952092|2.9828563|7.2051635
1509586301711|-5.89761|3.2825036|7.1234417
1509586314442|-5.89761|3.5821512|6.9872384
1509586314526|-6.020194|4.358511|6.4151835
1509586314653|-6.0882955|4.6853995|6.115536
1509586314784|-6.1563973|4.9578066|5.8295083
1509586328234|-6.2789803|5.1212506|5.5571017
1509586328327|-6.782933|5.2846947|4.739881
1509586328459|-6.9191365|5.3119354|4.4947147
1509586328654|-7.0417194|5.325556|4.3040295
1509586328945|-7.1234417|5.3119354|4.167826
1509586329053|-7.191543|5.2302136|4.154206
1509586329185|-7.218784|5.175732|4.195067
1509586329317|-7.218784|5.134871|4.235928
1509586329461|-7.218784|5.1212506|4.2495484
1509586329584|-7.218784|5.1076303|4.2495484
1509586329713|-7.232404|5.1076303|4.2495484
1509586329848|-7.232404|5.09401|4.263169
1509586329991|-7.232404|5.09401|4.263169
1509586330109|-7.218784|5.09401|4.276789
1509586330241|-7.218784|5.0667696|4.3040295
1509586330373|-7.218784|5.0531487|4.33127
1509586330505|-7.218784|5.025908|4.358511
1509586330637|-7.218784|5.0122876|4.385752
1509586330769|-7.218784|4.985047|4.3993726
1509586330902|-7.232404|4.9578066|4.440233
1509586331033|-7.232404|4.9169455|4.467474
1509586331168|-7.218784|4.8897047|4.508335
1509586331298|-7.218784|4.862464|4.535576
1509586331431|-7.218784|4.835223|4.5764365
1509586331564|-7.218784|4.807983|4.6036773
1509586331694|-7.232404|4.767122|4.6172976
1509586331826|-7.2460246|4.7262607|4.6445384
1509586331957|-7.259645|4.6853995|4.658159
1509586332089|-7.259645|4.671779|4.671779
1509586332224|-7.259645|4.658159|4.69902
1509586332356|-7.259645|4.630918|4.7262607
1509586332487|-7.2460246|4.6172976|4.7535014
1509586332618|-7.2460246|4.590057|4.780742
1509586332750|-7.259645|4.5764365|4.780742
1509586332886|-7.2732654|4.5219555|4.807983
1509586333014|-7.2732654|4.5219555|4.807983
1509586333147|-7.259645|4.535576|4.807983
1509586333279|-7.232404|4.562816|4.821603
1509586333410|-7.1779227|4.6445384|4.821603
1509586333542|-7.1234417|4.739881|4.821603
1509586333674|-7.06896|4.821603|4.821603
1509586333807|-7.000859|4.903325|4.821603
1509586333938|-6.9463773|4.971427|4.8488436
1509586334070|-6.891896|5.025908|4.8488436
1509586334202|-6.851035|5.08039|4.862464
1509586334334|-6.810174|5.134871|4.862464
1509586334471|-6.782933|5.175732|4.862464
1509586334600|-6.742072|5.202973|4.8760843
1509586334732|-6.742072|5.2165933|4.8760843
1509586334863|-6.742072|5.2165933|4.8760843
1509586335000|-6.742072|5.202973|4.8897047
1509586335125|-6.782933|5.1484914|4.8897047
1509586335258|-6.8237944|5.08039|4.903325
1509586335390|-6.8782754|5.0122876|4.903325
1509586335522|-6.9191365|4.944186|4.903325
1509586335654|-6.9463773|4.903325|4.903325
1509586335786|-6.973618|4.862464|4.903325
1509586335918|-6.9872384|4.835223|4.9169455
1509586336055|-7.000859|4.807983|4.9169455
1509586336184|-7.028099|4.7535014|4.930566
1509586336313|-7.06896|4.69902|4.930566
1509586336449|-7.096201|4.658159|4.930566
1509586336583|-7.1098213|4.630918|4.944186
1509586336709|-7.1234417|4.590057|4.944186
1509586336842|-7.137062|4.5764365|4.944186
1509586336974|-7.137062|4.5764365|4.9578066
1509586337106|-7.137062|4.5764365|4.9578066
1509586337238|-7.1506824|4.5764365|4.944186
1509586337370|-7.1506824|4.5764365|4.944186
1509586337502|-7.137062|4.590057|4.944186
1509586337634|-7.137062|4.590057|4.944186
1509586337766|-7.1098213|4.630918|4.944186
1509586337905|-7.0825806|4.6853995|4.944186
1509586338031|-7.06896|4.69902|4.944186
1509586338165|-7.05534|4.69902|4.944186
1509586338299|-7.05534|4.7262607|4.930566
1509586338426|-7.05534|4.7262607|4.9169455
1509586338557|-7.05534|4.7262607|4.9169455
1509586338690|-7.05534|4.7262607|4.9169455
1509586338821|-7.05534|4.7262607|4.9169455
1509586338954|-7.06896|4.7126403|4.930566
1509586339086|-7.096201|4.671779|4.930566
1509586339218|-7.096201|4.671779|4.930566
1509586339351|-7.096201|4.658159|4.930566
1509586339483|-7.096201|4.658159|4.930566
1509586339619|-7.1098213|4.6445384|4.930566
1509586339751|-7.1098213|4.6445384|4.930566
1509586339881|-7.1098213|4.6445384|4.930566
1509586340014|-7.1098213|4.6445384|4.930566
1509586340143|-7.1234417|4.630918|4.930566
1509586340274|-7.1098213|4.630918|4.930566
1509586340406|-7.1098213|4.630918|4.930566
1509586340538|-7.1234417|4.630918|4.930566
1509586340670|-7.1234417|4.630918|4.930566
1509586340802|-7.1234417|4.6172976|4.930566
1509586340941|-7.1234417|4.6172976|4.930566
1509586341067|-7.137062|4.6172976|4.9169455
1509586341200|-7.1234417|4.6172976|4.930566
1509586341332|-7.1506824|4.590057|4.930566
1509586341466|-7.1506824|4.590057|4.930566
1509586341598|-7.1506824|4.590057|4.930566
1509586341726|-7.1506824|4.590057|4.930566
1509586341857|-7.1506824|4.562816|4.944186
1509586341989|-7.1506824|4.5764365|4.930566
1509586342124|-7.1643023|4.562816|4.930566
1509586342253|-7.1643023|4.562816|4.930566
1509586342385|-7.1643023|4.562816|4.930566
1509586342518|-7.1779227|4.535576|4.930566
1509586342653|-7.1779227|4.535576|4.9169455
1509586342785|-7.191543|4.535576|4.9169455
1509586342916|-7.191543|4.535576|4.903325
1509586343047|-7.191543|4.5491962|4.8897047
1509586343181|-7.1779227|4.590057|4.8897047
1509586343310|-7.1506824|4.6172976|4.8897047
1509586343445|-7.1234417|4.658159|4.8897047
1509586343574|-7.1098213|4.6853995|4.8897047
1509586343705|-7.096201|4.7126403|4.8760843
1509586343838|-7.06896|4.7535014|4.8760843
1509586343970|-7.0417194|4.7943625|4.8760843
1509586344102|-7.0144787|4.8488436|4.862464
1509586344235|-7.000859|4.8760843|4.862464
1509586344368|-6.9872384|4.8760843|4.8760843
1509586344503|-6.9872384|4.8760843|4.8760843
1509586344632|-6.973618|4.8760843|4.903325
1509586344765|-6.973618|4.8760843|4.903325
1509586344896|-6.973618|4.8760843|4.903325
1509586345026|-6.973618|4.8760843|4.903325
1509586345158|-6.973618|4.8760843|4.903325
1509586345289|-6.973618|4.8760843|4.903325
1509586345422|-6.973618|4.862464|4.903325
1509586345554|-6.9599977|4.8897047|4.903325
1509586345685|-6.9463773|4.903325|4.903325
1509586345820|-6.9463773|4.9169455|4.8897047
1509586345952|-6.9463773|4.9169455|4.903325
1509586346083|-6.9463773|4.9169455|4.903325
1509586346214|-6.932757|4.944186|4.8897047
1509586346347|-6.905516|4.9578066|4.903325
1509586346481|-6.9191365|4.9578066|4.8897047
1509586346610|-6.9191365|4.9578066|4.8897047
1509586346742|-6.9191365|4.971427|4.8760843
1509586346874|-6.9191365|4.971427|4.8760843
1509586347006|-6.9191365|4.971427|4.8760843
1509586347138|-6.9191365|4.985047|4.8760843
1509586347270|-6.9191365|4.985047|4.862464
1509586347417|-6.9191365|4.985047|4.862464
1509586347534|-6.905516|4.9986672|4.8760843
1509586347666|-6.905516|4.9986672|4.8760843
1509586347803|-6.905516|4.9986672|4.862464
1509586347936|-6.905516|4.9986672|4.862464
1509586348064|-6.905516|5.0122876|4.862464
1509586348197|-6.905516|4.9986672|4.862464
1509586348326|-6.905516|4.9986672|4.862464
1509586348459|-6.905516|4.9986672|4.862464
1509586348592|-6.905516|4.9986672|4.862464
1509586348723|-6.905516|4.9986672|4.862464
1509586348861|-6.905516|4.9986672|4.862464
1509586348988|-6.905516|4.9986672|4.862464
1509586349134|-6.905516|4.9986672|4.862464
1509586349253|-6.9191365|4.9986672|4.8488436
1509586349345|-6.9191365|4.9986672|4.8488436
1509586349450|-6.9191365|4.985047|4.862464
1509586349585|-6.9191365|4.9986672|4.862464
1509586364134|-6.9191365|4.9986672|4.8488436
1509586364247|-6.932757|4.9986672|4.835223
1509586364426|-6.851035|4.9986672|4.944186
1509586364545|-6.3470817|4.8760843|5.6796846
1509586364801|-6.1700177|4.780742|5.952092
1509586365084|-6.020194|4.6853995|6.1836376
1509586365206|-4.2086873|3.609392|8.104107
1509586365450|-3.9771414|3.5004294|8.267551
1509586365705|-1.5935806|2.465283|9.370799
1509586365835|-1.4573771|2.6968286|9.329938
1509586365970|-1.4437568|2.941995|9.248216
1509586366098|-1.4301364|3.1735408|9.180114
1509586366231|-1.4437568|3.3642259|9.112013
1509586366364|-1.4709975|3.4731886|9.057531
1509586366500|-1.484618|3.52767|9.043911
1509586366628|-1.5799603|3.568531|9.01667
1509586366765|-1.7434045|3.5821512|8.975809
1509586366891|-1.920469|3.609392|8.921328
1509586367025|-2.0975335|3.6638737|8.866846
1509586367156|-2.1520147|3.6911142|8.839605
1509586367288|-2.1792555|3.718355|8.825985
1509586367420|-2.1383946|3.7319753|8.825985
1509586367551|-2.070293|3.7455957|8.839605
1509586367684|-1.9613299|3.759216|8.853226
1509586367815|-1.8523673|3.759216|8.880466
1509586367948|-1.7842655|3.7455957|8.894087
1509586368079|-1.7025435|3.7319753|8.921328
1509586368212|-1.4709975|3.7047346|8.962189
1509586368344|-1.1985906|3.677494|9.01667
1509586368476|-0.8853226|3.650253|9.071152
1509586368612|-0.6537767|3.5957716|9.112013
1509586368740|-0.53119355|3.568531|9.125632
1509586368872|-0.46309182|3.5549107|9.139253
1509586369006|-0.42223078|3.5412903|9.152873
1509586369136|-0.3949901|3.52767|9.152873
1509586369268|-0.38136974|3.5140495|9.152873
1509586369400|-0.36774936|3.5140495|9.152873
1509586369533|-0.38136974|3.52767|9.152873
1509586369663|-0.38136974|3.52767|9.152873
1509586369799|-0.4086104|3.5412903|9.152873
1509586369928|-0.4086104|3.5412903|9.152873
1509586370060|-0.4086104|3.5412903|9.152873
1509586370192|-0.4086104|3.5549107|9.139253
1509586370323|-0.42223078|3.568531|9.139253
1509586370455|-0.43585113|3.5821512|9.125632
1509586370588|-0.43585113|3.609392|9.112013
1509586370720|-0.43585113|3.6230123|9.112013
1509586370851|-0.43585113|3.6638737|9.0983925
1509586370984|-0.43585113|3.7047346|9.071152
1509586371119|-0.43585113|3.759216|9.057531
1509586371247|-0.44947144|3.8273177|9.030291
1509586371380|-0.50395286|3.9090397|8.989429
1509586371511|-0.6401563|3.963521|8.948568
1509586371644|-0.8172208|4.0180025|8.921328
1509586371776|-0.96704465|4.0588636|8.894087
1509586371908|-1.0896277|4.0861044|8.853226
1509586372041|-1.1985906|4.1269655|8.825985
1509586372175|-1.293933|4.167826|8.798745
1509586372312|-1.4301364|4.1814466|8.771504
1509586372437|-1.6753027|4.195067|8.717022
1509586372569|-1.9749503|4.195067|8.66254
1509586372699|-2.2745981|4.1814466|8.580819
1509586372832|-2.4516625|4.1814466|8.539958
1509586372964|-2.5061438|4.154206|8.539958
1509586373096|-2.5333848|4.072484|8.567199
1509586373228|-2.5061438|3.9771414|8.621679
1509586373360|-2.3699405|3.881799|8.689781
1509586373492|-2.2201166|3.8136973|8.771504
1509586373624|-2.070293|3.7319753|8.839605
1509586373755|-1.9340893|3.650253|8.907707
1509586373888|-1.7706451|3.568531|8.975809
1509586374020|-1.525479|3.4731886|9.057531
1509586374153|-1.1985906|3.3778462|9.139253
1509586374285|-0.84446156|3.2825036|9.207355
1509586374416|-0.55843425|3.1871612|9.261836
1509586374547|-0.36774936|3.1190596|9.302697
1509586374680|-0.25878662|3.0781987|9.316318
1509586374812|-0.2043052|3.050958|9.329938
1509586374943|-0.14982383|3.0237172|9.329938
1509586375075|-0.12258312|3.010097|9.343558
1509586375208|-0.12258312|2.9964767|9.343558
1509586375339|-0.10896278|2.9964767|9.343558
1509586375475|-0.12258312|2.9964767|9.343558
1509586375603|-0.16344418|2.9964767|9.343558
1509586375736|-0.16344418|3.010097|9.343558
1509586375868|-0.16344418|3.0237172|9.343558
1509586376001|-0.16344418|3.0645783|9.329938
1509586376133|-0.17706451|3.0781987|9.316318
1509586376263|-0.17706451|3.0781987|9.316318
1509586376395|-0.17706451|3.1190596|9.302697
1509586376528|-0.17706451|3.1599207|9.289077
1509586376660|-0.17706451|3.2007816|9.275456
1509586376794|-0.17706451|3.2280223|9.275456
1509586376925|-0.17706451|3.2416425|9.261836
1509586377057|-0.17706451|3.2416425|9.261836
1509586377188|-0.17706451|3.2416425|9.261836
1509586377321|-0.16344418|3.2280223|9.261836
1509586377452|-0.14982383|3.214402|9.275456
1509586377584|-0.12258312|3.1871612|9.275456
1509586377716|-0.10896278|3.1463003|9.289077
1509586377848|-0.10896278|3.0918188|9.316318
1509586377979|-0.10896278|3.0373375|9.329938
1509586378112|-0.10896278|2.969236|9.357179
1509586378244|-0.10896278|2.901134|9.370799
1509586378376|-0.10896278|2.819412|9.39804
1509586378509|-0.10896278|2.7649305|9.41166
1509586378640|-0.10896278|2.7240696|9.425281
1509586378773|-0.13620347|2.6968286|9.438901
1509586378905|-0.17706451|2.6832085|9.438901
1509586379037|-0.23154591|2.669588|9.438901
1509586379169|-0.27240694|2.669588|9.438901
1509586379306|-0.3405087|2.6832085|9.438901
1509586379469|-0.36774936|2.73769|9.41166
1509586379553|-0.38136974|2.7649305|9.41166
1509586379695|-0.4086104|2.901134|9.370799
1509586379827|-0.42223078|2.9556153|9.343558
1509586379961|-0.42223078|2.9556153|9.343558
1509586380091|-0.43585113|2.9964767|9.343558
1509586380224|-0.44947144|3.010097|9.329938
1509586380356|-0.43585113|3.010097|9.329938
1509586380488|-0.42223078|2.9828563|9.343558
1509586380620|-0.36774936|2.901134|9.370799
1509586380753|-0.32688835|2.819412|9.39804
1509586380885|-0.27240694|2.7104492|9.425281
1509586381018|-0.25878662|2.6014864|9.466142
1509586381148|-0.24516624|2.4789033|9.493382
1509586381280|-0.24516624|2.3426998|9.520623
1509586381412|-0.24516624|2.2473574|9.547864
1509586381543|-0.25878662|2.2064962|9.561484
1509586381675|-0.28602728|2.165635|9.561484
1509586381808|-0.31326798|2.1383946|9.575105
1509586381940|-0.32688835|2.1111538|9.575105
1509586382072|-0.3405087|2.070293|9.588725
1509586382204|-0.3405087|2.0158114|9.602345
1509586382344|-0.35412902|1.9613299|9.615966
1509586382468|-0.35412902|1.879608|9.629586
1509586382600|-0.35412902|1.7842655|9.643206
1509586382733|-0.32688835|1.6616825|9.670446
1509586382866|-0.31326798|1.5527196|9.684067
1509586382996|-0.28602728|1.4165161|9.711308
1509586383127|-0.25878662|1.293933|9.724928
1509586383261|-0.23154591|1.2122109|9.738548
1509586383392|-0.2043052|1.1713499|9.738548
1509586383524|-0.19068487|1.1441091|9.738548
1509586383656|-0.2043052|1.1441091|9.738548
1509586383787|-0.21792556|1.1441091|9.738548
1509586383920|-0.25878662|1.1713499|9.738548
1509586384052|-0.32688835|1.1985906|9.738548
1509586384185|-0.38136974|1.2258313|9.724928
1509586384316|-0.4086104|1.2530719|9.724928
1509586384448|-0.43585113|1.2803127|9.724928
1509586384581|-0.44947144|1.3211737|9.711308
1509586384712|-0.42223078|1.3075534|9.711308
1509586384844|-0.35412902|1.293933|9.724928
1509586384976|-0.23154591|1.2122109|9.738548
1509586385108|-0.10896278|0.99428535|9.765789
1509586385239|-0.027240695|0.8172208|9.779409
1509586385372|0.027240695|0.667397|9.79303
1509586385504|0.095342435|0.53119355|9.79303
1509586385636|0.17706451|0.42223078|9.80665
1509586385768|0.24516624|0.3405087|9.80665
1509586385900|0.27240694|0.27240694|9.80665
1509586386032|0.27240694|0.23154591|9.80665
1509586386165|0.27240694|0.21792556|9.80665
1509586386297|0.14982383|0.2043052|9.80665
1509586386428|-0.040861044|0.2043052|9.80665
1509586386560|-0.23154591|0.23154591|9.80665
1509586386693|-0.38136974|0.31326798|9.80665
1509586386824|-0.49033248|0.3949901|9.79303
1509586386956|-0.57205456|0.43585113|9.79303
1509586387089|-0.667397|0.49033248|9.779409
1509586387221|-0.7627395|0.5448139|9.765789
1509586387352|-0.8172208|0.5992953|9.765789
1509586387485|-0.8172208|0.62653595|9.765789
1509586387616|-0.7899802|0.6537767|9.765789
1509586387748|-0.7218784|0.667397|9.765789
1509586387880|-0.6537767|0.6810174|9.765789
1509586388013|-0.5992953|0.6810174|9.765789
1509586388144|-0.58567494|0.6810174|9.779409
1509586388276|-0.57205456|0.6810174|9.779409
1509586388410|-0.55843425|0.7218784|9.765789
1509586388546|-0.53119355|0.8036005|9.765789
1509586388671|-0.49033248|0.8989429|9.765789
1509586388803|-0.3949901|0.96704465|9.752169
1509586388936|-0.3405087|0.99428535|9.752169
1509586389068|-0.32688835|1.0351465|9.752169
1509586389200|-0.32688835|1.0487667|9.752169
1509586389333|-0.32688835|1.0760074|9.752169
1509586389465|-0.32688835|1.1304889|9.738548
1509586389596|-0.31326798|1.2122109|9.738548
1509586389728|-0.29964766|1.2803127|9.724928
1509586389860|-0.28602728|1.3211737|9.724928
1509586389992|-0.28602728|1.3620348|9.711308
1509586390126|-0.27240694|1.375655|9.711308
1509586390257|-0.23154591|1.3892754|9.711308
1509586390394|-0.21792556|1.3892754|9.711308
1509586390520|-0.14982383|1.4028958|9.711308
1509586390652|-0.040861044|1.4028958|9.711308
1509586390784|0.040861044|1.4301364|9.711308
1509586390917|0.13620347|1.4573771|9.697687
1509586391049|0.24516624|1.484618|9.697687
1509586391180|0.38136974|1.4709975|9.697687
1509586391312|0.5448139|1.4573771|9.684067
1509586391444|0.7218784|1.4165161|9.684067
1509586391576|0.84446156|1.3620348|9.684067
1509586391709|0.91256326|1.293933|9.684067
1509586391841|0.99428535|1.2258313|9.684067
1509586391972|1.0351465|1.1985906|9.684067
1509586392104|1.0760074|1.1441091|9.684067
1509586392236|1.0896277|1.0896277|9.697687
1509586392369|1.1032481|1.0215261|9.697687
1509586392500|1.1032481|0.99428535|9.697687
1509586392633|1.1032481|0.98066497|9.697687
1509586392765|1.1032481|0.98066497|9.697687
1509586392896|1.1032481|0.98066497|9.697687
1509586393027|1.0896277|0.95342433|9.711308
1509586393160|1.0896277|0.939804|9.711308
1509586393292|1.1032481|0.939804|9.711308
1509586393424|1.1168685|0.92618364|9.711308
1509586393556|1.1441091|0.92618364|9.697687
1509586393688|1.1441091|0.92618364|9.697687
1509586393820|1.1849703|0.939804|9.697687
1509586393951|1.1985906|0.939804|9.697687
1509586394083|1.2258313|0.96704465|9.684067
1509586394216|1.2666924|0.99428535|9.684067
1509586394347|1.3075534|1.0351465|9.670446
1509586394479|1.3484143|1.0487667|9.656826
1509586394611|1.4028958|1.0760074|9.656826
1509586394744|1.4301364|1.0896277|9.643206
1509586394874|1.4437568|1.1032481|9.643206
1509586395007|1.4437568|1.1032481|9.643206
1509586395140|1.4709975|1.1032481|9.643206
1509586395272|1.4982383|1.0896277|9.629586
1509586395404|1.5390993|1.0487667|9.629586
1509586395536|1.56634|1.0215261|9.629586
1509586395669|1.6344416|1.0079057|9.629586
1509586395802|1.6344416|1.0079057|9.629586
1509586395931|1.6616825|0.98066497|9.615966
1509586396065|1.6753027|0.98066497|9.615966
1509586396196|1.7161638|0.95342433|9.615966
1509586396328|1.7434045|0.95342433|9.615966
1509586396460|1.7570248|0.95342433|9.602345
1509586396593|1.7706451|0.95342433|9.602345
1509586396724|1.8251265|0.98066497|9.588725
1509586396856|1.8659877|1.0079057|9.575105
1509586396991|1.8659877|1.0079057|9.575105
1509586397120|1.879608|1.0215261|9.575105
1509586397252|1.879608|1.0215261|9.575105
1509586397388|1.879608|1.0215261|9.575105
1509586397516|1.879608|1.0079057|9.575105
1509586397648|1.879608|1.0079057|9.575105
1509586397779|1.879608|1.0079057|9.575105
1509586397913|1.8251265|0.95342433|9.588725
1509586398044|1.7706451|0.8853226|9.615966
1509586398176|1.7161638|0.83084124|9.629586
1509586398308|1.6616825|0.7899802|9.643206
1509586398441|1.5935806|0.7354987|9.656826
1509586398572|1.525479|0.6810174|9.670446
1509586398704|1.4573771|0.6401563|9.684067
1509586398836|1.3892754|0.5992953|9.697687
1509586398969|1.3484143|0.5448139|9.697687
1509586399100|1.293933|0.49033248|9.711308
1509586399233|1.2394516|0.44947144|9.724928
1509586399364|1.1985906|0.4086104|9.724928
1509586399496|1.1713499|0.38136974|9.738548
1509586399627|1.1441091|0.3405087|9.738548
1509586399761|1.1304889|0.32688835|9.738548
1509586399895|1.1032481|0.27240694|9.752169
1509586400024|1.0896277|0.25878662|9.752169
1509586400156|1.0760074|0.24516624|9.752169
1509586400288|1.0487667|0.17706451|9.752169
1509586400420|1.0487667|0.17706451|9.752169
1509586400552|1.0487667|0.16344418|9.752169
1509586400684|1.0487667|0.14982383|9.752169
1509586400817|1.0487667|0.12258312|9.752169
1509586400948|1.0623871|0.10896278|9.752169
1509586401080|1.0623871|0.08172209|9.752169
1509586401212|1.0623871|0.068101734|9.752169
1509586401345|1.0487667|0.068101734|9.752169
1509586401477|0.98066497|0.068101734|9.765789
1509586401608|0.8989429|0.08172209|9.765789
1509586401740|0.8036005|0.10896278|9.779409
1509586401872|0.70825803|0.2043052|9.779409
1509586402004|0.62653595|0.32688835|9.79303
1509586402136|0.53119355|0.44947144|9.79303
1509586402268|0.46309182|0.55843425|9.79303
1509586402401|0.38136974|0.6946377|9.779409
1509586402538|0.28602728|0.8172208|9.779409
1509586402665|0.24516624|0.95342433|9.765789
1509586402795|0.23154591|1.1032481|9.752169
