1509150335237|0.25878662|-0.27240694|9.80665
1509150335369|0.27240694|-0.27240694|9.80665
1509150335502|0.28602728|-0.27240694|9.80665
1509150335633|0.28602728|-0.28602728|9.80665
1509150335769|0.28602728|-0.28602728|9.80665
1509150335901|0.28602728|-0.28602728|9.80665
1509150336030|0.28602728|-0.28602728|9.80665
1509150336163|0.28602728|-0.28602728|9.80665
1509150336294|0.29964766|-0.28602728|9.80665
1509150336425|0.28602728|-0.28602728|9.80665
1509150336558|0.27240694|-0.27240694|9.80665
1509150336690|0.27240694|-0.27240694|9.80665
1509150336822|0.27240694|-0.27240694|9.80665
1509150336954|0.27240694|-0.27240694|9.80665
1509150337085|0.27240694|-0.27240694|9.80665
1509150337218|0.27240694|-0.25878662|9.80665
1509150337349|0.27240694|-0.27240694|9.80665
1509150337481|0.25878662|-0.28602728|9.80665
1509150337620|0.25878662|-0.28602728|9.80665
1509150337745|0.25878662|-0.28602728|9.80665
1509150337878|0.25878662|-0.28602728|9.80665
1509150338010|0.25878662|-0.29964766|9.80665
1509150338143|0.27240694|-0.29964766|9.80665
1509150338273|0.27240694|-0.31326798|9.80665
1509150338405|0.25878662|-0.32688835|9.80665
1509150338536|0.25878662|-0.32688835|9.80665
1509150338669|0.27240694|-0.32688835|9.80665
1509150338801|0.27240694|-0.32688835|9.80665
1509150338933|0.25878662|-0.3405087|9.80665
1509150339066|0.27240694|-0.3405087|9.80665
1509150339212|0.27240694|-0.35412902|9.80665
1509150339341|0.27240694|-0.35412902|9.80665
1509150339461|0.27240694|-0.35412902|9.80665
1509150339594|0.27240694|-0.36774936|9.80665
1509150339725|0.25878662|-0.36774936|9.80665
1509150339858|0.25878662|-0.36774936|9.80665
1509150339990|0.25878662|-0.36774936|9.80665
1509150340121|0.25878662|-0.36774936|9.80665
1509150340253|0.25878662|-0.36774936|9.80665
1509150340385|0.25878662|-0.36774936|9.80665
1509150340517|0.25878662|-0.36774936|9.80665
1509150340649|0.25878662|-0.36774936|9.80665
1509150340781|0.25878662|-0.36774936|9.80665
1509150340914|0.25878662|-0.36774936|9.80665
1509150341046|0.25878662|-0.36774936|9.80665
1509150341177|0.25878662|-0.36774936|9.80665
1509150341311|0.25878662|-0.35412902|9.80665
1509150341442|0.24516624|-0.35412902|9.80665
1509150341573|0.25878662|-0.35412902|9.80665
1509150341705|0.24516624|-0.35412902|9.80665
1509150341838|0.25878662|-0.35412902|9.80665
1509150341971|0.25878662|-0.35412902|9.80665
1509150342102|0.24516624|-0.35412902|9.80665
1509150342233|0.25878662|-0.35412902|9.80665
1509150342366|0.27240694|-0.35412902|9.80665
1509150342498|0.28602728|-0.3405087|9.80665
1509150342629|0.28602728|-0.3405087|9.80665
1509150342762|0.28602728|-0.3405087|9.80665
1509150342893|0.29964766|-0.3405087|9.80665
1509150343025|0.29964766|-0.3405087|9.80665
1509150343158|0.29964766|-0.32688835|9.80665
1509150343289|0.28602728|-0.32688835|9.80665
1509150343421|0.28602728|-0.32688835|9.80665
1509150343553|0.28602728|-0.32688835|9.80665
1509150343685|0.28602728|-0.31326798|9.80665
1509150343816|0.28602728|-0.31326798|9.80665
1509150343954|0.28602728|-0.31326798|9.80665
1509150344081|0.28602728|-0.31326798|9.80665
1509150344192|0.28602728|-0.29964766|9.80665
1509150344324|0.28602728|-0.28602728|9.80665
1509150344457|0.28602728|-0.28602728|9.80665
1509150344589|0.28602728|-0.28602728|9.80665
1509150344721|0.28602728|-0.28602728|9.80665
