1509586261046|67
1509586261456|66
1509586261865|67
1509586262075|66
1509586262278|67
1509586263298|68
1509586263717|67
1509586264537|66
1509586264948|67
1509586266179|68
1509586266385|67
1509586267607|66
1509586268224|67
1509586268426|66
1509586268835|67
1509586269447|69
1509586269653|70
1509586270065|68
1509586270475|67
1509586270880|69
1509586271288|67
1509586271490|64
1509586271895|63
1509586272125|64
1509586272298|63
1509586272500|67
1509586272911|63
1509586273110|65
1509586273315|70
1509586273518|74
1509586273721|73
1509586273925|68
1509586274129|63
1509586274333|64
1509586274748|67
1509586274952|63
1509586275156|66
1509586275359|73
1509586275563|67
1509586275768|62
1509586275972|71
1509586276176|70
1509586276380|64
1509586276584|63
1509586276794|74
1509586276993|85
1509586277198|156
1509586277402|182
1509586277607|162
1509586277811|124
1509586278074|82
1509586278218|60
1509586278422|58
1509586278626|57
1509586278831|58
1509586279038|73
1509586279242|72
1509586279446|90
1509586279650|268
1509586279854|281
1509586280058|286
1509586280262|306
1509586280468|226
1509586280672|98
1509586280876|58
1509586281084|53
1509586281288|54
1509586281491|57
1509586281695|44
1509586281899|53
1509586282105|51
1509586282310|68
1509586282514|66
1509586282717|63
1509586282921|28
1509586283123|5
1509586283325|2
1509586283730|0
1509586283934|2
1509586284134|5
1509586284539|0
1509586284742|2
1509586285158|0
1509586285976|2
1509586292642|1
1509586292844|2
1509586301348|3
1509586301515|3
1509586301721|2
1509586314434|3
1509586314594|1
1509586314791|0
1509586328233|1
1509586328397|3
1509586328654|2
1509586328945|1
1509586329412|5
1509586329611|2
1509586329813|5
1509586330016|2
1509586330219|5
1509586330833|0
1509586331032|2
1509586331233|5
1509586331437|0
1509586331842|5
1509586332251|2
1509586333270|5
1509586333680|2
1509586335105|5
1509586341842|0
1509586342046|5
1509586342247|0
1509586342452|2
1509586342860|0
1509586343064|2
1509586348586|5
1509586348998|2
1509586349609|5
1509586364283|63
1509586364485|53
1509586365132|60
1509586365450|57
1509586365706|58
1509586365958|60
1509586366161|58
1509586366365|49
1509586366772|51
1509586366972|67
1509586367175|62
1509586367379|63
1509586367582|64
1509586367786|61
1509586367990|59
1509586368193|57
1509586368397|67
1509586368600|65
1509586369006|66
1509586369212|67
1509586369415|57
1509586369621|67
1509586369823|66
1509586370029|57
1509586370234|67
1509586370643|57
1509586370847|63
1509586371051|53
1509586371256|52
1509586371464|51
1509586371671|53
1509586371873|56
1509586372077|46
1509586372282|39
1509586372486|41
1509586372690|47
1509586372895|63
1509586373103|69
1509586373310|63
1509586373515|60
1509586373719|61
1509586373923|60
1509586374129|58
1509586374334|67
1509586374540|65
1509586374747|66
1509586375156|67
1509586375562|64
1509586375767|65
1509586375971|57
1509586376175|59
1509586376381|66
1509586376794|70
1509586376998|63
1509586377209|58
1509586377410|68
1509586377611|67
1509586377820|69
1509586378022|64
1509586378227|67
1509586378637|66
1509586378842|57
1509586379046|54
1509586379262|67
1509586379470|66
1509586379671|60
1509586379876|61
1509586380081|72
1509586380284|67
1509586380489|70
1509586380898|68
1509586381109|70
1509586381310|75
1509586381510|76
1509586381715|71
1509586381921|74
1509586382126|64
1509586382332|70
1509586382535|68
1509586382747|64
1509586382955|66
1509586383159|73
1509586383365|71
1509586383574|72
1509586383780|68
1509586383994|61
1509586384199|62
1509586384410|74
1509586384619|73
1509586384821|47
1509586385027|45
1509586385233|58
1509586385440|37
1509586385644|31
1509586385848|33
1509586386053|104
1509586386266|99
1509586386470|93
1509586386676|87
1509586386881|30
1509586387095|37
1509586387309|41
1509586387510|48
1509586387708|33
1509586387913|35
1509586388118|42
1509586388324|46
1509586388530|59
1509586388740|54
1509586388944|49
1509586389357|55
1509586389561|48
1509586389765|45
1509586389970|60
1509586390176|52
1509586390381|63
1509586390599|70
1509586390815|57
1509586391029|59
1509586391235|49
1509586391441|48
1509586391646|47
1509586391859|58
1509586392060|48
1509586392260|46
1509586392463|55
1509586392669|54
1509586392875|56
1509586393079|57
1509586393281|48
1509586393485|50
1509586393688|49
1509586393894|50
1509586394097|51
1509586394299|50
1509586394502|49
1509586394704|52
1509586395110|53
1509586395314|56
1509586395926|58
1509586396131|64
1509586396340|60
1509586396544|59
1509586396745|57
1509586396951|56
1509586397362|60
1509586397568|52
1509586397772|51
1509586397979|50
1509586398190|49
1509586398393|50
1509586398593|60
1509586398797|58
1509586399008|52
1509586399211|59
1509586399417|58
1509586399622|59
1509586399827|58
1509586400444|57
1509586400644|56
1509586401053|58
1509586401259|53
1509586401464|52
1509586401675|58
1509586401881|55
1509586402090|53
1509586402291|56
1509586402494|58
1509586402702|62
