1509546636986|0.009576807|-0.038307227|9.739613
1509546637118|0.009576807|-0.038307227|9.739613
1509546637250|0.02873042|-0.038307227|9.739613
1509546637382|0.019153614|-0.038307227|9.739613
1509546637514|0.019153614|-0.038307227|9.739613
1509546637647|0.019153614|-0.038307227|9.739613
1509546637780|0.019153614|-0.038307227|9.739613
1509546637913|0.019153614|-0.038307227|9.739613
1509546638044|0.009576807|-0.038307227|9.739613
1509546638174|0.0|-0.019153614|9.758766
1509546638307|0.0|-0.019153614|9.758766
1509546638438|0.0|-0.019153614|9.749189
1509546638570|0.0|-0.019153614|9.749189
1509546638702|0.0|-0.019153614|9.768343
1509546638835|0.0|-0.019153614|9.758766
1509546638967|0.019153614|-0.038307227|9.730036
1509546639098|0.019153614|-0.038307227|9.730036
1509546639230|0.019153614|-0.047884032|9.730036
1509546639363|0.019153614|-0.047884032|9.730036
1509546639498|0.019153614|-0.047884032|9.730036
1509546639626|0.019153614|-0.047884032|9.730036
1509546639758|0.019153614|-0.047884032|9.720459
1509546639890|0.019153614|-0.047884032|9.720459
1509546640022|0.019153614|-0.02873042|9.739613
1509546640155|0.019153614|-0.038307227|9.739613
1509546640287|0.019153614|-0.038307227|9.739613
1509546640418|0.019153614|-0.047884032|9.739613
1509546640550|0.019153614|-0.047884032|9.739613
1509546640682|0.019153614|-0.02873042|9.730036
1509546640814|0.019153614|-0.02873042|9.730036
1509546640946|0.019153614|-0.038307227|9.730036
1509546641081|0.019153614|-0.047884032|9.730036
1509546641214|0.038307227|-0.047884032|9.730036
1509546641343|0.02873042|-0.02873042|9.730036
1509546641475|0.02873042|-0.02873042|9.730036
1509546641607|0.02873042|-0.02873042|9.749189
1509546641738|0.009576807|-0.02873042|9.730036
1509546641871|0.02873042|-0.02873042|9.730036
1509546642002|0.009576807|-0.02873042|9.749189
1509546642134|0.009576807|-0.009576807|9.749189
1509546642266|0.009576807|-0.009576807|9.768343
1509546642398|0.009576807|-0.009576807|9.768343
1509546642531|0.009576807|-0.019153614|9.758766
1509546642664|0.009576807|-0.019153614|9.758766
1509546642794|0.009576807|-0.019153614|9.749189
1509546642929|0.02873042|-0.047884032|9.730036
1509546643064|0.019153614|-0.05746084|9.720459
1509546643191|0.038307227|-0.038307227|9.739613
1509546643324|0.02873042|-0.047884032|9.739613
1509546643455|0.02873042|-0.047884032|9.739613
1509546643586|0.019153614|-0.02873042|9.739613
1509546643718|0.019153614|-0.038307227|9.739613
1509546643851|0.019153614|-0.038307227|9.720459
1509546643982|0.019153614|-0.047884032|9.739613
1509546644114|0.019153614|-0.047884032|9.739613
1509546644248|0.019153614|-0.047884032|9.739613
1509546644381|0.019153614|-0.047884032|9.730036
1509546644513|0.019153614|-0.02873042|9.730036
1509546644648|0.019153614|-0.02873042|9.730036
1509546644780|0.019153614|-0.038307227|9.730036
1509546644907|0.019153614|-0.038307227|9.749189
1509546645039|0.019153614|-0.038307227|9.739613
1509546645171|0.019153614|-0.038307227|9.739613
1509546645303|0.019153614|-0.038307227|9.730036
1509546645435|0.019153614|-0.038307227|9.730036
1509546645566|0.019153614|-0.038307227|9.720459
1509546645699|0.019153614|-0.038307227|9.739613
1509546645832|0.019153614|-0.038307227|9.739613
1509546645962|0.019153614|-0.038307227|9.739613
1509546646097|0.019153614|-0.038307227|9.739613
1509546646231|0.019153614|-0.038307227|9.739613
1509546646364|0.019153614|-0.038307227|9.720459
1509546646490|0.019153614|-0.038307227|9.739613
1509546646623|0.019153614|-0.038307227|9.739613
1509546646754|0.019153614|-0.038307227|9.739613
1509546646886|0.019153614|-0.038307227|9.739613
1509546647018|0.019153614|-0.038307227|9.739613
1509546647150|0.019153614|-0.038307227|9.739613
1509546647282|0.009576807|-0.038307227|9.739613
1509546647414|0.02873042|-0.038307227|9.739613
1509546647546|0.009576807|-0.038307227|9.739613
1509546647679|0.02873042|-0.047884032|9.739613
1509546647813|0.02873042|-0.047884032|9.739613
1509546647943|0.02873042|-0.02873042|9.739613
1509546648075|0.019153614|-0.02873042|9.739613
1509546648206|0.019153614|-0.02873042|9.739613
1509546648338|0.019153614|-0.038307227|9.739613
1509546648471|0.009576807|-0.038307227|9.739613
1509546648602|0.02873042|-0.038307227|9.730036
1509546648735|0.02873042|-0.038307227|9.749189
1509546648866|0.009576807|-0.038307227|9.739613
1509546648998|0.02873042|-0.038307227|9.720459
1509546649130|0.02873042|-0.038307227|9.739613
1509546649264|0.009576807|-0.038307227|9.739613
1509546649394|0.009576807|-0.038307227|9.739613
1509546649527|0.009576807|-0.038307227|9.739613
1509546649664|0.009576807|-0.038307227|9.739613
1509546649790|0.009576807|-0.038307227|9.739613
1509546649922|0.009576807|-0.038307227|9.739613
1509546650054|0.009576807|-0.019153614|9.730036
1509546650186|0.009576807|-0.019153614|9.749189
1509546650318|0.02873042|-0.047884032|9.730036
1509546650450|0.02873042|-0.047884032|9.730036
1509546650582|0.02873042|-0.02873042|9.730036
1509546650722|0.02873042|-0.02873042|9.730036
1509546650848|0.02873042|-0.02873042|9.730036
1509546650978|0.02873042|-0.02873042|9.730036
1509546651112|0.019153614|-0.02873042|9.749189
1509546651243|0.019153614|-0.02873042|9.739613
1509546651374|0.019153614|-0.02873042|9.739613
1509546651508|0.019153614|-0.02873042|9.739613
1509546651638|0.019153614|-0.047884032|9.739613
1509546651771|0.019153614|-0.02873042|9.739613
1509546651902|0.019153614|-0.02873042|9.739613
1509546652034|0.019153614|-0.02873042|9.739613
1509546652166|0.009576807|-0.02873042|9.739613
1509546652298|0.009576807|-0.038307227|9.739613
1509546652430|0.009576807|-0.038307227|9.739613
1509546652564|0.009576807|-0.019153614|9.739613
1509546652694|0.009576807|-0.019153614|9.739613
1509546652826|0.009576807|-0.02873042|9.739613
1509546652965|0.009576807|-0.02873042|9.739613
1509546653090|0.009576807|-0.02873042|9.739613
1509546653222|0.009576807|-0.038307227|9.739613
1509546653355|0.009576807|-0.019153614|9.739613
1509546653487|0.009576807|-0.038307227|9.739613
1509546653618|0.009576807|-0.019153614|9.758766
1509546653751|0.0|-0.019153614|9.758766
1509546653882|0.019153614|-0.019153614|9.749189
1509546654014|0.019153614|-0.019153614|9.749189
1509546654149|0.019153614|-0.019153614|9.749189
1509546654281|0.0|-0.009576807|9.758766
1509546654414|0.0|0.009576807|9.77792
1509546654548|0.0|-0.009576807|9.77792
1509546654674|0.0|-0.009576807|9.77792
1509546654806|0.0|-0.009576807|9.77792
1509546654938|0.0|-0.009576807|9.77792
1509546655071|0.0|-0.009576807|9.77792
1509546655202|0.0|-0.009576807|9.77792
1509546655335|0.0|-0.009576807|9.768343
1509546655467|-0.009576807|0.009576807|9.768343
1509546655598|0.009576807|-0.02873042|9.749189
1509546655732|0.009576807|-0.038307227|9.749189
1509546655864|0.009576807|-0.038307227|9.730036
1509546655994|0.009576807|-0.019153614|9.739613
1509546656131|0.009576807|-0.038307227|9.739613
1509546656258|0.009576807|-0.019153614|9.739613
1509546656392|0.009576807|-0.019153614|9.758766
1509546656522|0.009576807|-0.019153614|9.749189
1509546656655|0.009576807|-0.02873042|9.749189
1509546656787|0.009576807|-0.02873042|9.739613
1509546656918|0.009576807|-0.02873042|9.739613
1509546657050|0.009576807|-0.02873042|9.739613
1509546657182|0.009576807|-0.02873042|9.739613
1509546657315|0.009576807|-0.038307227|9.739613
1509546657448|0.009576807|-0.038307227|9.739613
1509546657581|0.009576807|-0.038307227|9.739613
1509546657715|0.009576807|-0.019153614|9.739613
1509546657848|0.009576807|-0.02873042|9.739613
1509546657975|0.009576807|-0.02873042|9.739613
1509546658107|0.009576807|-0.02873042|9.739613
1509546658241|0.009576807|-0.02873042|9.758766
1509546658370|0.009576807|-0.02873042|9.749189
1509546658503|0.009576807|-0.038307227|9.749189
1509546658634|0.02873042|-0.038307227|9.749189
1509546658766|0.019153614|-0.038307227|9.749189
1509546658899|0.019153614|-0.038307227|9.749189
1509546659032|0.019153614|-0.038307227|9.749189
1509546659164|0.019153614|-0.038307227|9.730036
1509546659294|0.019153614|-0.038307227|9.749189
1509546659426|0.019153614|-0.038307227|9.749189
1509546659565|0.019153614|-0.038307227|9.739613
1509546659691|0.019153614|-0.038307227|9.739613
1509546659822|0.019153614|-0.038307227|9.739613
1509546659954|0.019153614|-0.038307227|9.739613
1509546660086|0.019153614|-0.038307227|9.739613
1509546660219|0.019153614|-0.038307227|9.739613
1509546660350|0.019153614|-0.038307227|9.739613
1509546660482|0.019153614|-0.038307227|9.739613
1509546660614|0.009576807|-0.038307227|9.739613
1509546660747|0.02873042|-0.038307227|9.739613
1509546660881|0.02873042|-0.038307227|9.739613
1509546661013|0.019153614|-0.038307227|9.739613
1509546661143|0.019153614|-0.038307227|9.739613
1509546661275|0.019153614|-0.038307227|9.739613
1509546661406|0.009576807|-0.038307227|9.739613
1509546661538|0.009576807|-0.019153614|9.739613
1509546661670|0.02873042|-0.02873042|9.739613
1509546661802|0.019153614|-0.02873042|9.739613
1509546661934|0.019153614|-0.038307227|9.739613
1509546662066|0.009576807|-0.038307227|9.739613
1509546662198|0.009576807|-0.038307227|9.739613
1509546662332|0.009576807|-0.038307227|9.739613
1509546662463|0.009576807|-0.019153614|9.739613
1509546662594|0.009576807|-0.02873042|9.739613
1509546662726|0.02873042|-0.02873042|9.739613
1509546662864|0.009576807|-0.038307227|9.739613
1509546662990|0.009576807|-0.038307227|9.739613
1509546663124|0.009576807|-0.038307227|9.739613
1509546663254|0.02873042|-0.038307227|9.739613
1509546663387|0.019153614|-0.038307227|9.739613
1509546663518|0.019153614|-0.038307227|9.739613
1509546663650|0.019153614|-0.038307227|9.739613
1509546663782|0.019153614|-0.038307227|9.739613
1509546663914|0.019153614|-0.019153614|9.739613
1509546664046|0.019153614|-0.02873042|9.739613
1509546664182|0.019153614|-0.02873042|9.739613
1509546664310|0.019153614|-0.02873042|9.730036
