1509546460024|0.0|0.0|-0.068101734
1509546460152|0.027240695|0.0|-0.068101734
1509546460284|-0.013620348|0.027240695|-0.068101734
1509546460416|-0.013620348|0.013620348|-0.068101734
1509546460548|0.013620348|0.013620348|-0.08172209
1509546460684|0.027240695|0.013620348|-0.08172209
1509546460812|0.013620348|0.013620348|-0.08172209
1509546460944|0.013620348|0.0|-0.08172209
1509546461076|0.0|-0.013620348|-0.068101734
1509546461209|0.013620348|0.0|-0.068101734
1509546461340|0.0|-0.013620348|-0.068101734
1509546461472|0.0|-0.013620348|-0.068101734
1509546461604|0.0|-0.013620348|-0.068101734
1509546461736|0.0|0.0|-0.068101734
1509546461869|0.0|0.0|-0.068101734
1509546462000|0.0|0.0|-0.068101734
1509546462133|0.0|-0.013620348|-0.05448139
1509546462265|0.0|-0.013620348|-0.08172209
1509546462396|0.0|-0.013620348|-0.05448139
1509546462528|0.0|-0.013620348|-0.05448139
1509546462659|0.0|-0.013620348|-0.068101734
1509546462793|0.027240695|0.013620348|-0.068101734
1509546462925|0.013620348|-0.013620348|-0.08172209
1509546463056|0.013620348|-0.013620348|-0.05448139
1509546463188|0.013620348|0.0|-0.05448139
1509546463321|0.013620348|-0.027240695|-0.08172209
1509546463452|0.013620348|0.0|-0.08172209
1509546463584|0.013620348|0.0|-0.05448139
1509546463717|0.013620348|0.0|-0.068101734
1509546463848|0.013620348|0.0|-0.068101734
1509546463980|0.013620348|0.0|-0.068101734
1509546464112|0.013620348|0.0|-0.068101734
1509546464245|0.013620348|0.0|-0.068101734
1509546464376|0.013620348|0.0|-0.068101734
1509546464508|0.013620348|0.0|-0.068101734
1509546464644|0.0|0.0|-0.068101734
1509546464772|0.027240695|0.0|-0.068101734
1509546464905|0.040861044|-0.013620348|-0.08172209
1509546465035|0.0|-0.027240695|-0.068101734
1509546465169|0.027240695|0.0|-0.068101734
1509546465301|0.0|-0.027240695|-0.068101734
1509546465432|0.0|-0.027240695|-0.068101734
1509546465565|0.0|-0.027240695|-0.068101734
1509546465696|0.0|-0.027240695|-0.068101734
1509546465828|-0.013620348|-0.027240695|-0.068101734
1509546465959|-0.013620348|0.0|-0.068101734
1509546466092|-0.013620348|-0.013620348|-0.068101734
1509546466225|-0.027240695|-0.013620348|-0.068101734
1509546466357|0.040861044|0.0|-0.068101734
1509546466488|0.027240695|0.0|-0.068101734
1509546466627|0.013620348|-0.013620348|-0.068101734
1509546466752|-0.013620348|-0.013620348|-0.068101734
1509546466884|-0.013620348|-0.013620348|-0.068101734
1509546467016|-0.013620348|-0.013620348|-0.068101734
1509546467148|0.0|-0.013620348|-0.08172209
1509546467280|0.0|-0.013620348|-0.08172209
1509546467412|-0.013620348|0.013620348|-0.05448139
1509546467544|0.0|0.0|-0.05448139
1509546467676|-0.027240695|0.0|-0.05448139
1509546467808|-0.027240695|0.0|-0.05448139
1509546467941|-0.013620348|0.013620348|-0.05448139
1509546468076|-0.013620348|0.0|-0.05448139
1509546468204|0.0|0.027240695|-0.05448139
1509546468337|0.0|0.027240695|-0.05448139
1509546468468|0.0|0.027240695|-0.040861044
1509546468601|0.0|0.013620348|-0.05448139
1509546468732|0.0|-0.013620348|-0.05448139
1509546468865|0.013620348|-0.027240695|-0.068101734
1509546468997|0.013620348|-0.013620348|-0.068101734
1509546469128|0.013620348|-0.040861044|-0.08172209
1509546469260|0.013620348|-0.040861044|-0.068101734
1509546469392|0.013620348|-0.040861044|-0.08172209
1509546469524|0.013620348|-0.013620348|-0.08172209
1509546469659|0.027240695|-0.027240695|-0.08172209
1509546469788|0.013620348|-0.040861044|-0.08172209
1509546469924|0.013620348|-0.040861044|-0.068101734
1509546470052|0.040861044|-0.040861044|-0.068101734
1509546470184|0.013620348|-0.013620348|-0.068101734
1509546470317|0.013620348|-0.013620348|-0.068101734
1509546470448|0.013620348|-0.013620348|-0.068101734
1509546470581|-0.027240695|-0.027240695|-0.068101734
1509546470712|-0.013620348|-0.013620348|-0.068101734
1509546470844|-0.013620348|-0.013620348|-0.08172209
1509546470976|-0.013620348|0.0|-0.08172209
1509546471109|-0.013620348|0.013620348|-0.08172209
1509546471241|-0.013620348|0.013620348|-0.08172209
1509546471372|-0.013620348|0.0|-0.08172209
1509546471505|-0.013620348|0.013620348|-0.05448139
1509546471638|-0.013620348|0.013620348|-0.05448139
1509546471767|-0.013620348|0.013620348|-0.05448139
1509546471900|-0.013620348|0.013620348|-0.068101734
1509546472032|-0.013620348|0.0|-0.068101734
1509546472164|-0.013620348|-0.013620348|-0.068101734
1509546472297|0.013620348|-0.013620348|-0.068101734
1509546472428|0.0|0.013620348|-0.068101734
1509546472560|0.013620348|-0.013620348|-0.068101734
1509546472692|0.0|0.0|-0.068101734
1509546472825|0.0|0.0|-0.068101734
1509546472957|-0.013620348|-0.013620348|-0.08172209
1509546473088|-0.013620348|0.0|-0.068101734
1509546473220|-0.013620348|0.0|-0.068101734
1509546473353|-0.013620348|0.0|-0.068101734
1509546473484|0.0|-0.013620348|-0.068101734
1509546473616|0.0|0.0|-0.068101734
1509546473748|0.027240695|-0.013620348|-0.068101734
1509546473880|0.0|-0.013620348|-0.068101734
1509546474012|0.013620348|-0.027240695|-0.08172209
1509546474144|0.027240695|0.0|-0.068101734
1509546474277|0.027240695|-0.013620348|-0.08172209
1509546474408|0.013620348|-0.027240695|-0.08172209
1509546474541|0.013620348|0.0|-0.08172209
1509546474673|0.013620348|0.0|-0.08172209
1509546474805|0.013620348|0.0|-0.08172209
1509546474937|0.013620348|-0.013620348|-0.08172209
1509546475068|-0.013620348|0.0|-0.068101734
1509546475200|0.0|-0.027240695|-0.068101734
1509546475332|0.013620348|-0.013620348|-0.068101734
1509546475465|-0.013620348|0.0|-0.068101734
1509546475596|0.013620348|0.0|-0.068101734
1509546475728|0.0|0.0|-0.08172209
1509546475860|0.0|0.0|-0.08172209
1509546475992|0.0|0.013620348|-0.068101734
1509546476125|0.027240695|0.013620348|-0.068101734
1509546476256|0.0|0.0|-0.068101734
1509546476388|0.013620348|0.013620348|-0.068101734
1509546476520|-0.013620348|0.013620348|-0.068101734
1509546476651|-0.013620348|0.0|-0.068101734
1509546476785|-0.013620348|0.0|-0.068101734
1509546476916|-0.013620348|0.013620348|-0.05448139
1509546477048|-0.013620348|0.013620348|-0.05448139
1509546477180|0.013620348|0.013620348|-0.068101734
1509546477312|0.0|0.013620348|-0.068101734
1509546477444|0.0|0.013620348|-0.08172209
1509546477576|0.0|0.013620348|-0.08172209
1509546477708|0.0|0.013620348|-0.05448139
1509546477840|0.0|0.013620348|-0.05448139
1509546477972|0.0|0.013620348|-0.05448139
1509546478105|0.013620348|0.0|-0.05448139
1509546478236|0.027240695|0.0|-0.08172209
1509546478368|0.013620348|0.0|-0.08172209
1509546478501|0.013620348|-0.013620348|-0.08172209
1509546478632|0.013620348|-0.013620348|-0.08172209
1509546478765|0.0|0.0|-0.05448139
1509546478896|0.013620348|-0.013620348|-0.08172209
1509546479028|-0.013620348|-0.027240695|-0.08172209
1509546479160|-0.013620348|-0.027240695|-0.08172209
1509546479293|0.027240695|-0.013620348|-0.08172209
1509546479424|0.013620348|0.013620348|-0.05448139
1509546479556|0.013620348|0.0|-0.068101734
1509546479693|0.013620348|0.0|-0.068101734
1509546479820|0.013620348|0.0|-0.068101734
1509546479951|0.0|0.0|-0.068101734
1509546480083|0.0|0.0|-0.068101734
1509546480215|0.0|-0.013620348|-0.068101734
1509546480348|0.0|-0.013620348|-0.068101734
1509546480480|0.0|0.0|-0.068101734
1509546480612|0.013620348|0.0|-0.068101734
1509546480743|0.013620348|0.0|-0.068101734
1509546480875|0.013620348|-0.013620348|-0.068101734
1509546481008|0.0|-0.027240695|-0.068101734
1509546481139|0.0|-0.027240695|-0.068101734
1509546481272|0.013620348|-0.013620348|-0.068101734
1509546481404|0.027240695|-0.013620348|-0.068101734
1509546481536|0.013620348|-0.013620348|-0.068101734
1509546481668|0.013620348|-0.013620348|-0.068101734
1509546481800|0.0|-0.013620348|-0.068101734
1509546481933|0.040861044|-0.027240695|-0.068101734
1509546482064|-0.013620348|-0.013620348|-0.068101734
1509546482196|-0.013620348|0.013620348|-0.068101734
1509546482328|0.013620348|0.013620348|-0.068101734
1509546482460|0.013620348|-0.013620348|-0.08172209
1509546482592|0.013620348|-0.027240695|-0.05448139
1509546482725|0.0|-0.027240695|-0.05448139
1509546482856|0.0|-0.027240695|-0.068101734
1509546482988|0.0|-0.027240695|-0.068101734
1509546483120|0.0|-0.027240695|-0.068101734
1509546483252|0.0|-0.027240695|-0.068101734
1509546483384|0.0|-0.027240695|-0.08172209
1509546483517|0.0|-0.013620348|-0.08172209
1509546483648|0.0|0.0|-0.08172209
1509546483780|0.0|-0.027240695|-0.08172209
1509546483912|0.0|-0.013620348|-0.08172209
1509546484044|0.0|0.0|-0.05448139
1509546484176|-0.013620348|0.0|-0.05448139
1509546484308|-0.013620348|0.0|-0.08172209
1509546484440|-0.013620348|0.0|-0.08172209
1509546484572|0.040861044|-0.013620348|-0.08172209
1509546484705|0.0|0.0|-0.05448139
1509546484836|0.0|0.027240695|-0.05448139
1509546484968|0.0|0.0|-0.05448139
1509546485100|-0.013620348|0.0|-0.08172209
1509546485232|0.027240695|-0.013620348|-0.08172209
1509546485364|0.013620348|0.0|-0.08172209
1509546485496|0.0|-0.027240695|-0.08172209
1509546485628|0.0|-0.027240695|-0.08172209
1509546485761|0.013620348|-0.013620348|-0.08172209
1509546485893|0.0|-0.027240695|-0.068101734
1509546486025|-0.013620348|-0.013620348|-0.068101734
1509546486156|-0.013620348|0.0|-0.068101734
1509546486289|-0.013620348|0.013620348|-0.068101734
1509546486420|0.013620348|0.013620348|-0.068101734
1509546486552|0.013620348|0.013620348|-0.068101734
1509546486684|0.013620348|0.013620348|-0.068101734
1509546486816|0.013620348|0.013620348|-0.068101734
1509546486948|0.013620348|0.0|-0.068101734
1509546487080|0.013620348|0.0|-0.068101734
1509546487212|-0.027240695|0.013620348|-0.05448139
1509546487344|-0.027240695|0.013620348|-0.05448139
1509546487477|-0.013620348|0.013620348|-0.05448139
1509546487608|-0.013620348|0.0|-0.05448139
1509546487740|-0.013620348|-0.013620348|-0.068101734
1509546487872|0.027240695|-0.013620348|-0.068101734
1509546488005|0.05448139|-0.013620348|-0.068101734
1509546488137|0.040861044|-0.013620348|-0.08172209
1509546488267|0.0|-0.013620348|-0.08172209
1509546488401|0.040861044|0.0|-0.08172209
1509546488532|0.027240695|0.013620348|-0.08172209
1509546488664|0.027240695|0.013620348|-0.05448139
1509546488796|0.027240695|0.0|-0.05448139
1509546488928|0.027240695|0.0|-0.068101734
1509546489061|0.013620348|-0.013620348|-0.08172209
1509546489193|0.013620348|-0.013620348|-0.05448139
1509546489325|0.0|0.013620348|-0.05448139
1509546489456|0.0|0.013620348|-0.08172209
1509546489588|0.0|-0.013620348|-0.08172209
1509546489720|-0.013620348|0.0|-0.08172209
1509546489852|-0.013620348|0.0|-0.08172209
1509546489985|-0.013620348|0.0|-0.08172209
1509546490116|-0.013620348|0.0|-0.08172209
1509546490248|-0.013620348|0.0|-0.08172209
1509546490380|-0.013620348|0.0|-0.05448139
1509546490512|0.013620348|-0.013620348|-0.068101734
1509546490645|0.013620348|-0.013620348|-0.08172209
1509546490776|0.013620348|-0.013620348|-0.08172209
1509546490908|-0.013620348|0.0|-0.08172209
1509546491041|-0.013620348|0.0|-0.08172209
1509546491172|-0.013620348|0.0|-0.05448139
1509546491306|0.0|-0.013620348|-0.08172209
1509546491436|0.0|-0.013620348|-0.08172209
1509546491568|0.0|0.0|-0.05448139
1509546491700|0.0|0.0|-0.068101734
1509546491832|0.0|-0.013620348|-0.08172209
1509546491964|0.040861044|-0.027240695|-0.08172209
1509546492096|0.013620348|-0.013620348|-0.08172209
1509546492228|0.0|-0.013620348|-0.08172209
1509546492360|0.0|0.013620348|-0.08172209
1509546492493|0.0|0.0|-0.05448139
1509546492625|0.0|0.0|-0.068101734
1509546492756|0.0|0.0|-0.068101734
1509546492888|0.0|0.0|-0.068101734
1509546493020|0.0|-0.027240695|-0.068101734
1509546493153|0.0|0.013620348|-0.068101734
1509546493284|0.0|-0.013620348|-0.068101734
1509546493416|0.0|-0.013620348|-0.068101734
1509546493549|0.0|-0.013620348|-0.08172209
1509546493681|0.013620348|0.0|-0.05448139
1509546493813|0.013620348|-0.013620348|-0.05448139
1509546493944|0.013620348|-0.013620348|-0.068101734
1509546494075|0.013620348|-0.027240695|-0.08172209
1509546494208|0.013620348|0.0|-0.068101734
1509546494343|0.013620348|0.0|-0.068101734
1509546494472|0.013620348|0.0|-0.08172209
1509546494605|0.013620348|0.0|-0.08172209
1509546494736|0.0|0.0|-0.068101734
1509546494869|0.0|-0.013620348|-0.068101734
1509546495001|0.0|-0.013620348|-0.068101734
1509546495132|0.0|-0.027240695|-0.068101734
1509546495264|0.0|-0.027240695|-0.068101734
1509546495396|0.013620348|-0.027240695|-0.068101734
1509546495528|0.013620348|-0.027240695|-0.068101734
1509546495662|0.0|-0.013620348|-0.068101734
1509546495792|0.0|-0.013620348|-0.08172209
1509546495924|0.0|-0.013620348|-0.08172209
1509546496056|0.0|-0.013620348|-0.08172209
1509546496188|-0.013620348|0.0|-0.08172209
1509546496319|0.013620348|0.0|-0.08172209
1509546496453|0.013620348|0.0|-0.08172209
1509546496585|0.0|-0.013620348|-0.08172209
1509546496717|0.0|0.0|-0.08172209
1509546496858|0.0|0.0|-0.08172209
1509546496981|-0.013620348|0.0|-0.08172209
1509546497113|0.013620348|-0.013620348|-0.08172209
1509546497244|0.0|-0.013620348|-0.08172209
1509546497376|0.0|0.0|-0.08172209
1509546497509|0.0|0.0|-0.08172209
1509546497640|0.0|0.0|-0.08172209
1509546497772|0.0|0.0|-0.08172209
1509546497909|-0.013620348|-0.013620348|-0.08172209
1509546498036|-0.013620348|-0.013620348|-0.08172209
1509546498170|-0.013620348|-0.013620348|-0.08172209
1509546498300|-0.013620348|-0.013620348|-0.08172209
1509546498433|-0.013620348|-0.013620348|-0.08172209
1509546498565|0.013620348|-0.013620348|-0.08172209
1509546498696|0.040861044|-0.013620348|-0.08172209
1509546498828|0.013620348|-0.013620348|-0.08172209
1509546498961|-0.013620348|0.013620348|-0.05448139
1509546499093|-0.013620348|-0.013620348|-0.05448139
1509546499224|-0.013620348|0.013620348|-0.068101734
1509546499356|-0.013620348|0.0|-0.068101734
1509546499488|-0.013620348|0.0|-0.08172209
1509546499621|-0.013620348|0.0|-0.08172209
1509546499752|-0.013620348|-0.013620348|-0.08172209
1509546499885|-0.013620348|0.013620348|-0.08172209
1509546500016|-0.013620348|0.0|-0.08172209
1509546500148|-0.013620348|-0.013620348|-0.05448139
1509546500280|-0.013620348|0.0|-0.05448139
1509546500412|-0.013620348|0.0|-0.08172209
1509546500545|0.013620348|0.0|-0.08172209
1509546500677|0.0|0.0|-0.08172209
1509546500809|-0.013620348|-0.013620348|-0.05448139
1509546500940|-0.013620348|-0.013620348|-0.05448139
1509546501073|0.0|0.013620348|-0.068101734
1509546501204|0.0|0.0|-0.08172209
1509546501337|-0.013620348|0.0|-0.08172209
1509546501470|-0.013620348|-0.013620348|-0.05448139
1509546501600|-0.013620348|-0.013620348|-0.05448139
1509546501732|-0.013620348|-0.027240695|-0.068101734
1509546501865|-0.013620348|0.013620348|-0.068101734
1509546501996|0.027240695|-0.027240695|-0.068101734
1509546502134|0.013620348|0.0|-0.068101734
1509546502260|0.013620348|-0.013620348|-0.068101734
1509546502393|0.0|-0.027240695|-0.068101734
1509546502525|0.0|-0.027240695|-0.068101734
1509546502656|0.013620348|-0.027240695|-0.068101734
1509546502788|0.013620348|-0.027240695|-0.068101734
1509546502921|0.013620348|-0.040861044|-0.068101734
1509546503052|0.0|0.013620348|-0.068101734
1509546503184|0.0|0.013620348|-0.068101734
1509546503316|0.0|0.027240695|-0.068101734
1509546503448|-0.013620348|0.013620348|-0.068101734
1509546503580|-0.013620348|0.013620348|-0.08172209
1509546503712|0.013620348|0.0|-0.05448139
1509546503845|-0.013620348|0.0|-0.05448139
1509546503977|-0.013620348|0.013620348|-0.040861044
1509546504109|-0.013620348|0.013620348|-0.040861044
1509546504240|-0.027240695|0.013620348|-0.040861044
1509546504372|-0.027240695|0.013620348|-0.040861044
1509546504505|-0.013620348|0.027240695|-0.040861044
1509546504637|0.0|0.0|-0.040861044
1509546504768|0.0|0.0|-0.040861044
1509546504900|0.0|0.0|-0.040861044
1509546505032|-0.013620348|0.0|-0.040861044
1509546505165|-0.013620348|0.0|-0.040861044
1509546505296|-0.013620348|0.0|-0.040861044
1509546505428|0.013620348|-0.013620348|-0.040861044
1509546505560|0.013620348|0.013620348|-0.040861044
1509546505692|0.0|-0.013620348|-0.040861044
1509546505825|-0.013620348|-0.013620348|-0.040861044
1509546505956|0.013620348|-0.013620348|-0.040861044
1509546506088|0.027240695|-0.013620348|-0.068101734
1509546506221|0.027240695|-0.013620348|-0.068101734
1509546506353|0.013620348|-0.013620348|-0.068101734
1509546506484|0.040861044|-0.027240695|-0.068101734
1509546506616|0.040861044|-0.027240695|-0.068101734
1509546506748|0.027240695|-0.013620348|-0.068101734
1509546506880|0.027240695|-0.013620348|-0.068101734
1509546507012|0.027240695|-0.013620348|-0.068101734
1509546507143|0.027240695|-0.013620348|-0.068101734
1509546507276|0.013620348|-0.027240695|-0.068101734
1509546507408|0.013620348|-0.013620348|-0.068101734
1509546507541|0.027240695|-0.013620348|-0.068101734
1509546507672|0.013620348|-0.013620348|-0.05448139
1509546507805|0.0|0.027240695|-0.05448139
1509546507936|0.013620348|0.013620348|-0.05448139
1509546508068|0.0|0.0|-0.027240695
1509546508201|0.0|0.013620348|-0.027240695
1509546508332|0.0|0.013620348|-0.040861044
1509546508465|0.0|0.013620348|-0.040861044
1509546508596|0.0|0.013620348|-0.040861044
1509546508728|0.0|0.013620348|-0.05448139
1509546508861|0.013620348|-0.013620348|-0.08172209
1509546508992|0.013620348|-0.013620348|-0.08172209
1509546509125|0.013620348|-0.013620348|-0.08172209
