1509504168501|-0.013620348|0.013620348|-0.05448139
1509504168632|0.0|0.0|-0.08172209
1509504168764|0.0|-0.013620348|-0.068101734
1509504168896|0.0|-0.013620348|-0.08172209
1509504169027|0.0|-0.027240695|-0.08172209
1509504169160|0.0|0.0|-0.08172209
1509504169292|0.0|0.0|-0.08172209
1509504169424|0.0|0.0|-0.08172209
1509504169556|0.0|0.0|-0.08172209
1509504169688|0.0|0.0|-0.08172209
1509504169820|-0.013620348|0.0|-0.08172209
1509504169952|-0.013620348|0.0|-0.08172209
1509504170086|0.0|-0.013620348|-0.08172209
1509504170216|0.0|-0.013620348|-0.08172209
1509504170348|0.013620348|0.0|-0.08172209
1509504170481|0.0|0.0|-0.08172209
1509504170612|0.0|0.0|-0.08172209
1509504170744|0.027240695|0.0|-0.08172209
1509504170876|0.027240695|0.0|-0.08172209
1509504171008|0.013620348|0.0|-0.08172209
1509504171140|0.0|0.0|-0.08172209
1509504171272|0.013620348|-0.027240695|-0.08172209
1509504171404|0.013620348|-0.013620348|-0.095342435
1509504171536|0.013620348|-0.013620348|-0.08172209
1509504171668|0.013620348|0.0|-0.08172209
1509504171800|0.013620348|0.0|-0.08172209
1509504171932|0.013620348|0.0|-0.08172209
1509504172064|0.013620348|0.0|-0.08172209
1509504172196|0.013620348|0.0|-0.08172209
1509504172337|0.027240695|-0.013620348|-0.08172209
1509504172460|0.027240695|-0.013620348|-0.08172209
1509504172591|0.027240695|0.0|-0.095342435
1509504172724|0.013620348|0.0|-0.095342435
1509504172856|0.013620348|0.0|-0.095342435
1509504172988|0.0|0.0|-0.095342435
1509504173119|0.013620348|-0.013620348|-0.095342435
1509504173252|0.013620348|-0.013620348|-0.095342435
1509504173384|0.0|0.0|-0.095342435
1509504173516|0.013620348|-0.013620348|-0.095342435
1509504173649|0.0|-0.013620348|-0.08172209
1509504173781|0.013620348|-0.013620348|-0.08172209
1509504173912|0.013620348|-0.013620348|-0.08172209
1509504174044|0.013620348|-0.027240695|-0.08172209
1509504174176|-0.013620348|0.0|-0.08172209
1509504174308|0.013620348|0.0|-0.08172209
1509504174439|0.013620348|-0.013620348|-0.068101734
1509504174571|0.013620348|-0.013620348|-0.08172209
1509504174704|0.027240695|-0.027240695|-0.08172209
1509504174836|0.0|0.0|-0.08172209
1509504174968|0.0|-0.013620348|-0.08172209
1509504175101|0.0|-0.013620348|-0.08172209
1509504175232|0.013620348|-0.027240695|-0.08172209
1509504175364|0.013620348|-0.027240695|-0.08172209
1509504175496|0.013620348|-0.013620348|-0.08172209
1509504175633|-0.013620348|-0.013620348|-0.08172209
1509504175760|0.013620348|-0.027240695|-0.08172209
1509504175892|0.013620348|-0.013620348|-0.08172209
1509504176024|0.013620348|-0.013620348|-0.08172209
1509504176156|0.013620348|-0.013620348|-0.095342435
1509504176288|0.013620348|-0.013620348|-0.08172209
1509504176420|0.013620348|-0.013620348|-0.08172209
1509504176552|0.013620348|-0.013620348|-0.08172209
1509504176684|0.013620348|0.0|-0.08172209
1509504176817|0.013620348|0.0|-0.08172209
1509504176953|0.013620348|0.0|-0.08172209
1509504177081|0.013620348|0.0|-0.08172209
1509504177212|0.0|-0.013620348|-0.08172209
1509504177351|0.0|-0.013620348|-0.08172209
1509504177476|0.0|0.0|-0.08172209
1509504177609|0.027240695|0.0|-0.08172209
1509504177740|0.027240695|0.0|-0.08172209
1509504177872|0.0|-0.013620348|-0.095342435
1509504178004|0.0|0.0|-0.095342435
1509504178135|0.0|0.0|-0.095342435
1509504178268|0.0|-0.013620348|-0.095342435
1509504178400|-0.013620348|-0.013620348|-0.095342435
1509504178532|0.0|-0.013620348|-0.095342435
1509504178671|0.0|-0.013620348|-0.095342435
1509504178797|0.013620348|-0.013620348|-0.095342435
1509504178929|0.0|-0.013620348|-0.095342435
1509504179060|0.0|0.0|-0.095342435
1509504179192|-0.013620348|0.0|-0.08172209
1509504179325|0.0|-0.013620348|-0.08172209
1509504179456|0.0|-0.013620348|-0.095342435
1509504179588|0.0|-0.013620348|-0.095342435
1509504179720|0.0|0.013620348|-0.095342435
1509504179852|0.0|0.0|-0.08172209
1509504179984|0.0|0.0|-0.08172209
1509504180115|0.0|0.0|-0.095342435
1509504180248|0.0|0.0|-0.08172209
1509504180380|0.0|0.0|-0.08172209
1509504180511|0.027240695|0.0|-0.08172209
1509504180644|0.027240695|0.0|-0.08172209
1509504180776|0.027240695|0.0|-0.08172209
1509504180908|0.0|0.0|-0.095342435
1509504181040|-0.013620348|0.0|-0.095342435
1509504181172|0.0|-0.013620348|-0.08172209
1509504181304|-0.013620348|0.0|-0.095342435
1509504181436|-0.013620348|0.0|-0.08172209
1509504181569|-0.013620348|-0.027240695|-0.08172209
1509504181701|-0.013620348|0.0|-0.095342435
1509504181832|-0.013620348|0.0|-0.095342435
1509504181964|-0.013620348|0.0|-0.08172209
1509504182096|-0.013620348|0.0|-0.095342435
1509504182228|-0.027240695|0.0|-0.095342435
1509504182366|-0.027240695|-0.013620348|-0.08172209
1509504182491|-0.027240695|0.0|-0.08172209
1509504182624|-0.027240695|0.0|-0.08172209
1509504182756|-0.027240695|0.0|-0.08172209
1509504182888|-0.027240695|0.0|-0.08172209
1509504183021|-0.027240695|0.0|-0.08172209
1509504183152|0.013620348|-0.013620348|-0.08172209
1509504183284|0.013620348|-0.013620348|-0.08172209
1509504183416|0.027240695|-0.013620348|-0.08172209
1509504183548|0.027240695|-0.013620348|-0.08172209
1509504183680|0.027240695|-0.013620348|-0.095342435
1509504183812|0.027240695|-0.013620348|-0.08172209
1509504183944|0.013620348|-0.013620348|-0.08172209
1509504184075|-0.013620348|0.013620348|-0.068101734
1509504184207|0.013620348|-0.027240695|-0.095342435
1509504184340|0.027240695|-0.027240695|-0.095342435
1509504184472|0.027240695|-0.013620348|-0.08172209
1509504184604|0.027240695|-0.013620348|-0.08172209
1509504184736|0.027240695|-0.027240695|-0.08172209
1509504184868|0.013620348|-0.027240695|-0.08172209
1509504185000|0.013620348|-0.027240695|-0.08172209
1509504185132|0.013620348|-0.013620348|-0.08172209
1509504185264|0.013620348|-0.013620348|-0.08172209
1509504185396|0.013620348|-0.013620348|-0.08172209
1509504185528|0.013620348|-0.013620348|-0.08172209
1509504185660|0.013620348|-0.013620348|-0.08172209
1509504185792|0.013620348|-0.013620348|-0.08172209
1509504185924|0.013620348|-0.013620348|-0.068101734
1509504186056|0.013620348|-0.013620348|-0.08172209
1509504186188|0.013620348|-0.013620348|-0.08172209
1509504186320|0.0|0.0|-0.08172209
1509504186452|0.027240695|-0.013620348|-0.068101734
1509504186584|0.027240695|-0.013620348|-0.08172209
1509504186716|0.013620348|0.0|-0.08172209
1509504186848|0.040861044|-0.027240695|-0.08172209
1509504186980|0.013620348|0.0|-0.08172209
1509504187112|0.013620348|-0.013620348|-0.08172209
1509504187244|0.013620348|-0.013620348|-0.08172209
1509504187384|0.027240695|0.0|-0.08172209
1509504187508|0.027240695|0.0|-0.08172209
1509504187639|0.027240695|0.0|-0.068101734
1509504187772|0.027240695|0.0|-0.068101734
1509504187904|0.013620348|0.0|-0.08172209
1509504188036|0.0|0.0|-0.08172209
1509504188168|0.0|0.013620348|-0.08172209
1509504188300|0.0|0.0|-0.08172209
1509504188432|0.0|0.0|-0.08172209
1509504188564|-0.013620348|0.013620348|-0.05448139
1509504188696|-0.013620348|0.013620348|-0.068101734
1509504188828|-0.013620348|0.0|-0.08172209
1509504188959|0.0|0.0|-0.08172209
1509504189092|0.0|0.0|-0.08172209
1509504189224|0.0|0.0|-0.08172209
1509504189356|0.0|0.0|-0.08172209
1509504189488|0.0|0.0|-0.08172209
1509504189624|0.013620348|0.0|-0.08172209
1509504189751|0.013620348|0.0|-0.08172209
1509504189883|0.013620348|0.0|-0.08172209
1509504190015|0.013620348|0.0|-0.08172209
1509504190147|0.027240695|0.0|-0.08172209
1509504190279|0.027240695|0.0|-0.08172209
1509504190411|0.027240695|0.0|-0.08172209
1509504190543|0.027240695|0.0|-0.095342435
1509504190674|0.027240695|0.0|-0.095342435
1509504190807|0.013620348|0.0|-0.08172209
1509504190939|0.027240695|0.0|-0.08172209
1509504191072|0.013620348|0.0|-0.08172209
1509504191203|0.013620348|0.013620348|-0.08172209
1509504191334|0.0|0.0|-0.068101734
1509504191468|0.013620348|0.0|-0.08172209
1509504191600|0.0|0.0|-0.068101734
1509504191731|-0.013620348|0.0|-0.08172209
1509504191864|0.0|0.0|-0.08172209
1509504191995|0.0|0.013620348|-0.05448139
1509504192127|-0.027240695|0.027240695|-0.05448139
1509504192260|0.013620348|0.0|-0.08172209
1509504192397|0.0|0.0|-0.08172209
1509504192524|-0.040861044|0.027240695|-0.05448139
1509504192656|-0.040861044|0.027240695|-0.05448139
1509504192788|-0.040861044|0.027240695|-0.05448139
1509504192920|-0.027240695|0.027240695|-0.05448139
1509504193052|-0.013620348|0.013620348|-0.05448139
1509504193184|-0.013620348|0.013620348|-0.05448139
1509504193317|-0.013620348|0.013620348|-0.05448139
1509504193448|-0.027240695|0.013620348|-0.05448139
1509504193580|-0.013620348|0.013620348|-0.05448139
1509504193713|-0.013620348|-0.013620348|-0.068101734
1509504193843|0.013620348|-0.027240695|-0.068101734
1509504193976|0.0|-0.013620348|-0.068101734
1509504194108|0.027240695|-0.027240695|-0.068101734
1509504194240|0.027240695|-0.027240695|-0.08172209
1509504194372|0.0|0.0|-0.05448139
1509504194504|-0.013620348|0.0|-0.05448139
1509504194637|0.013620348|-0.027240695|-0.08172209
1509504194768|0.0|-0.027240695|-0.08172209
1509504194901|0.027240695|-0.027240695|-0.08172209
1509504195033|0.0|-0.013620348|-0.08172209
1509504195163|0.027240695|-0.027240695|-0.08172209
1509504195295|0.027240695|-0.027240695|-0.08172209
1509504195427|0.027240695|-0.027240695|-0.08172209
1509504195560|0.013620348|-0.027240695|-0.08172209
1509504195691|0.013620348|-0.027240695|-0.08172209
1509504195822|0.013620348|-0.027240695|-0.08172209
1509504195956|0.0|-0.013620348|-0.08172209
1509504196088|0.0|-0.013620348|-0.08172209
1509504196220|0.0|-0.013620348|-0.08172209
1509504196351|0.0|-0.013620348|-0.08172209
1509504196483|0.0|-0.013620348|-0.08172209
1509504196614|0.0|-0.013620348|-0.08172209
1509504196746|0.0|-0.013620348|-0.08172209
1509504196878|-0.013620348|-0.013620348|-0.08172209
1509504197011|-0.013620348|0.0|-0.08172209
1509504197143|-0.013620348|0.0|-0.08172209
1509504197275|0.013620348|-0.013620348|-0.08172209
