1510198488945|-0.57755274|6.22559|7.555054
1510198489060|-0.43155032|6.255905|7.5397477
1510198489178|-0.30702263|6.1615067|7.6231194
1510198489292|0.3645086|5.8207617|7.8839245
1510198489407|1.0274743|5.231171|8.2310095
1510198489528|1.4000335|5.1109724|8.25156
1510198489640|1.4238625|5.614347|7.9134135
1510198489753|1.0606993|6.101451|7.603789
1510198489866|0.94981647|5.979706|7.7143598
1510198489980|0.9440336|5.9369826|7.7479954
1510198490097|0.78908336|5.5244737|8.06399
1510198490212|0.31180006|5.53051|8.092381
1510198490327|0.24242622|5.65954|8.0050745
1510198490443|0.15913308|5.533295|8.094918
1510198490556|-0.16754979|5.3047485|8.246329
1510198490672|-0.22722442|5.264899|8.270405
1510198490785|-0.40479887|5.042484|8.401184
1510198490903|-0.41163057|4.9942007|8.429646
1510198491016|-0.43694106|4.836519|8.519833
1510198491130|-0.47178254|4.7956395|8.541057
1510198491246|-0.48449793|4.89738|8.482412
1510198491361|-0.5066925|4.8828835|8.48947
1510198491476|-0.5593396|4.938054|8.45418
1510198491591|-0.59896696|4.874474|8.488295
1510198491706|-0.58780897|4.854832|8.500321
1510198491822|-0.5436056|4.918474|8.466611
1510198491937|-0.52054995|4.9084277|8.4738865
1510198492052|-0.5491092|4.69589|8.59171
1510198492168|-0.5290213|4.625224|8.631212
1510198492281|-0.5544432|4.687566|8.595912
1510198492396|-0.53632474|4.6498775|8.617504
1510198492512|-0.5501065|4.686678|8.596675
1510198492626|-0.5942245|4.9629765|8.437188
1510198492741|-0.512773|5.2119956|8.291113
1510198492857|-0.2815877|5.4031434|8.179067
1510198492973|0.082532406|5.651339|8.014109
1510198493089|0.476104|5.7929444|7.89845
1510198493202|1.0191011|5.7074823|7.9092646
1510198493317|0.94875664|5.081597|8.333523
1510198493432|0.94488096|5.1267986|8.306233
1510198493548|0.899057|5.1839933|8.275766
1510198493662|0.44770533|5.3155513|8.228904
1510198493777|-0.4238003|5.463731|8.132554
1510198493893|-1.076412|5.438549|8.089124
1510198494008|-1.3782241|5.4254236|8.052059
1510198494123|-2.4969676|4.708171|8.232173
1510198494238|-3.872812|4.3914485|7.8668227
1510198494352|-4.160625|4.472533|7.671769
1510198494466|-2.8313334|5.2475276|7.785717
1510198494582|-2.6390116|5.195478|7.887523
1510198494696|-2.1573749|5.1937876|8.033722
1510198494811|-1.9929512|5.386582|7.9487906
1510198494928|-2.0004761|5.0025096|8.194106
1510198495042|-2.3239918|4.6822915|8.297325
1510198495156|-2.4740918|5.108138|7.9972615
1510198495273|-2.4757438|5.3776984|7.818021
1510198495388|-2.241124|5.361859|7.899254
1510198495503|-1.952094|5.4111257|7.9422565
1510198495622|-1.6609513|5.2411656|8.120457
1510198495733|-1.4935119|4.9471936|8.334572
1510198495847|-1.4136577|4.894581|8.379442
1510198495962|-1.3306332|4.879445|8.4018345
1510198496078|-1.2670922|4.8068566|8.453342
1510198496192|-1.2632221|4.796565|8.4597645
1510198496309|-1.3567153|4.823374|8.429993
1510198496423|-1.0878074|4.6683784|8.555308
1510198496538|-0.6178079|4.6749783|8.598447
1510198496656|-0.17270887|4.680881|8.615678
1510198496768|0.4495107|4.148257|8.874699
1510198496883|0.5244786|4.2890677|8.803363
1510198496999|0.3209523|4.350315|8.78306
1510198497119|-0.16145483|3.9398954|8.9789505
1510198497228|0.21361336|4.0893826|8.910763
1510198497343|0.67266184|4.5453496|8.663586
1510198497464|2.0768914|5.8481865|7.593131
1510198497574|2.8041685|6.684|6.605389
1510198497687|2.9842484|7.0315475|6.1499577
1510198497802|2.9577115|7.289571|5.855296
1510198497917|3.094275|7.164491|5.9385114
1510198498034|3.207481|7.185987|5.8518405
1510198498148|3.2610493|7.2450514|5.7484937
1510198498263|3.145401|7.303591|5.73885
1510198498377|3.1457253|7.0528193|6.044215
1510198498492|2.8599916|6.7097507|6.555157
1510198498608|2.8127966|6.4959984|6.7867937
1510198498723|2.6935523|6.371929|6.9508047
1510198498838|2.64248|6.338746|7.000571
1510198498953|2.6366894|6.3008885|7.036835
1510198499067|2.4139314|6.2263045|7.1816754
1510198499185|2.3187735|6.184256|7.249045
1510198499298|2.198548|6.099338|7.3576384
1510198499413|2.0785139|6.043858|7.437873
1510198499529|2.0774949|6.028857|7.4503217
1510198499644|2.0580788|5.880607|7.573187
1510198499758|1.9702955|5.825477|7.638857
1510198499873|1.956566|5.8599873|7.615956
1510198499988|1.8763278|5.610577|7.821202
1510198500103|1.5819353|5.709384|7.814781
1510198500218|0.8010412|5.6750474|7.957547
1510198500334|-0.8510098|4.6883564|8.571201
1510198500450|-2.6376164|4.509144|8.299458
1510198500563|-4.521115|4.781944|7.270689
1510198500679|-5.6172876|4.5905623|6.598727
1510198500795|-6.4519515|4.5608335|5.808744
1510198500909|-6.6785855|4.6784506|5.4478416
1510198501025|-6.5798173|4.8221602|5.4427166
1510198501139|-6.0868835|5.1110773|5.744313
1510198501259|-5.8332314|5.099777|6.011329
1510198501368|-5.6814456|5.004046|6.233064
1510198501487|-5.4557|5.0580063|6.3892336
1510198501598|-4.974925|5.299137|6.5832863
1510198501712|-4.96436|5.116818|6.733772
1510198501828|-4.6328855|5.1641564|6.9309635
1510198501943|-4.6932425|5.2037926|6.8603497
1510198502058|-4.4227633|5.3192253|6.950928
1510198502174|-4.444951|5.3946543|6.8782635
1510198502289|-4.2292156|5.293974|7.089284
1510198502405|-4.1840568|5.3386774|7.082554
1510198502525|-3.973977|5.2030954|7.301074
1510198502633|-3.8930163|5.2628694|7.30185
1510198502749|-3.68588|5.1915336|7.4587297
1510198502865|-3.5228848|5.217079|7.5194254
1510198502978|-3.5096145|5.096814|7.6075935
1510198503093|-3.38426|5.1413245|7.6343937
1510198503210|-3.3927293|5.0375175|7.6995573
1510198503325|-3.0126653|4.946587|7.913629
1510198503442|-3.0849316|5.054308|7.8171325
1510198503555|-3.6574116|5.228827|7.4466834
1510198503669|-4.2218885|5.702413|6.7696776
1510198503786|-4.5956106|5.8505077|6.3892336
1510198503902|-4.836013|6.02364|6.041451
1510198504015|-4.874769|6.0844626|5.948641
1510198504130|-5.0432663|6.1465716|5.7406898
1510198504243|-5.305695|5.81754|5.8460426
1510198504358|-5.264187|5.701693|5.995784
1510198504476|-5.117688|5.3784647|6.407167
1510198504588|-5.1766543|4.990654|6.668283
1510198504705|-5.171583|5.1389356|6.558693
1510198504819|-4.937887|5.204971|6.685502
1510198504935|-4.7220516|5.0208015|6.9759707
1510198505049|-4.665193|4.8063674|7.1627645
1510198505167|-4.4126554|5.023247|7.1739707
1510198505279|-4.39007|4.853111|7.303765
1510198505396|-4.262428|4.986282|7.289656
1510198505509|-4.137969|4.9241424|7.4027305
1510198505624|-4.149897|4.84451|7.4484534
1510198505739|-3.9867795|4.965076|7.45815
1510198505856|-3.8835392|4.783553|7.6292944
1510198505969|-3.799394|4.766774|7.6819835
1510198506084|-3.7117932|4.622285|7.812007
1510198506200|-3.59246|4.5080905|7.933583
1510198506316|-3.5373964|4.421297|8.006831
1510198506429|-3.4980454|4.2720165|8.104563
1510198506544|-3.3295803|4.230117|8.196975
1510198506660|-3.242448|4.216408|8.23886
1510198506775|-3.2455676|4.203751|8.2441
1510198506889|-3.198857|4.1784053|8.275181
1510198507004|-3.124621|3.983324|8.398825
1510198507120|-3.0349035|3.6539636|8.579528
1510198507234|-3.0518029|3.5134718|8.632056
1510198507353|-3.244685|3.7684789|8.452276
1510198507464|-3.5568786|4.2266097|8.102764
1510198507580|-4.0207515|5.0460644|7.3852005
1510198507694|-4.4860425|5.53768|6.736462
1510198507808|-4.750731|5.917476|6.211635
1510198507926|-4.495124|5.5686016|6.7048435
1510198508041|-4.313237|5.232577|7.084244
1510198508154|-4.146361|5.242316|7.176086
1510198508269|-3.998403|5.215432|7.2789035
1510198508385|-3.9819896|5.1598043|7.327385
1510198508501|-3.9219563|5.0821233|7.413547
1510198508615|-3.6636364|4.907784|7.6591
1510198508731|-3.4252715|4.6362867|7.933647
1510198508844|-3.2072742|4.3065147|8.205955
1510198508960|-3.145259|4.1980147|8.285795
1510198509075|-2.966448|4.0337663|8.43204
1510198509192|-2.9156766|3.9196086|8.503287
1510198509309|-2.9899924|3.994379|8.442468
1510198509420|-3.0502248|4.02816|8.404787
1510198509535|-3.1150613|4.1123576|8.339982
1510198509651|-3.2811165|4.2993813|8.180464
1510198509765|-3.57253|4.6279593|7.873335
1510198509881|-3.4703567|4.41326|8.040532
1510198509995|-3.0143528|3.4963186|8.652157
1510198510109|-2.9091253|3.0807636|8.843997
1510198510225|-3.2235088|3.3442535|8.63686
1510198510340|-3.6579282|3.7508984|8.289796
1510198510456|-3.6454666|3.7894847|8.277728
1510198510571|-3.2755513|3.5058146|8.552802
1510198510687|-3.0049|3.3696306|8.705547
1510198510801|-3.07215|3.1615288|8.759967
1510198510915|-2.9152513|2.887278|8.907038
1510198511033|-2.8992767|2.8701446|8.917782
1510198511149|-2.78584|2.39537|9.092398
1510198511261|-2.6523159|2.3794515|9.1364
1510198511376|-2.3696866|2.9418347|9.049894
1510198511490|-2.1743836|2.6350648|9.1923275
1510198511608|-2.189496|2.743948|9.156814
1510198511723|-2.1018727|2.679506|9.196344
1510198511835|-2.1640503|2.7507486|9.160821
1510198511951|-2.175138|2.6580706|9.185523
1510198512066|-2.2511044|2.7611928|9.136669
1510198512180|-2.1609979|2.6438918|9.192949
1510198512296|-2.1091938|2.7424304|9.176098
1510198512411|-2.1488707|2.7234616|9.172541
1510198512526|-2.1010342|2.7982614|9.161101
1510198512641|-2.1394424|2.779533|9.157913
1510198512758|-2.0744948|2.80316|9.165651
1510198512871|-2.1055322|2.7600992|9.171639
1510198512987|-2.015544|2.6844137|9.214222
1510198513101|-1.9462379|2.6184716|9.2480345
1510198513217|-1.7988772|2.4347095|9.327734
1510198513331|-1.8243986|2.2813673|9.361481
1510198513447|-1.8270806|2.3253627|9.350126
1510198513561|-1.7658678|2.2871628|9.371285
1510198513678|-1.7892895|2.3341599|9.355241
1510198513791|-1.9356141|2.3533826|9.321232
1510198513908|-2.0753825|2.304399|9.303383
1510198514020|-2.110514|2.49387|9.246444
1510198514136|-2.2693572|2.9611042|9.0693035
1510198514253|-2.404464|3.0526338|9.003908
1510198514365|-2.4299023|3.001646|9.014216
1510198514481|-2.4890337|2.9121668|9.027424
1510198514595|-2.4295|2.8995793|9.047671
1510198514711|-2.405578|2.9333656|9.043172
1510198514826|-2.4577746|2.8727367|9.048597
1510198514942|-2.4064362|2.880576|9.059897
1510198515057|-2.2981577|2.892312|9.084238
1510198515171|-2.3396163|2.899632|9.071313
1510198515286|-2.3116965|2.9115365|9.074657
1510198515401|-2.2321746|2.9227061|9.090961
1510198515517|-2.180268|2.948478|9.095235
1510198515633|-2.2290096|2.9028451|9.098098
1510198515747|-2.0945265|2.8637307|9.142341
1510198515863|-2.0209503|2.7572198|9.191511
1510198515976|-2.0344672|2.706846|9.203494
1510198516091|-1.9086041|2.72347|9.225526
1510198516208|-1.9219813|2.7563183|9.212984
1510198516321|-1.9386532|2.7142568|9.221974
1510198516436|-1.8370402|2.7507129|9.231969
1510198516553|-1.7758877|2.8399634|9.216899
1510198516667|-1.7379216|2.7881472|9.239927
1510198516782|-1.6521238|2.8589911|9.234015
1510198516896|-1.6025289|2.9236631|9.222499
1510198517015|-1.599851|2.853023|9.245059
1510198517149|-1.5877582|2.8890147|9.235963
1510198517249|-1.5623977|2.836877|9.256427
1510198517367|-1.4784873|2.8846028|9.25546
1510198517485|-1.4722092|2.80805|9.279969
1510198517588|-1.4187968|2.838978|9.27888
1510198517701|-1.4571205|2.7965403|9.285826
1510198517819|-1.3984019|2.8071017|9.291666
1510198517934|-1.3967716|2.7909994|9.29676
1510198518047|-1.3773323|2.813962|9.292737
1510198518162|-1.3883824|2.8049662|9.293812
1510198518278|-1.6653297|2.9196093|9.212652
1510198518393|-2.10107|3.1270247|9.054149
1510198518507|-2.3037758|3.2582548|8.958057
1510198518626|-2.4601548|3.3479424|8.883091
1510198518738|-2.5314646|3.4425707|8.826709
1510198518855|-2.5035832|3.557093|8.789172
1510198518968|-2.3469846|3.538411|8.83978
1510198519085|-2.1111608|3.4301243|8.941344
1510198519198|-1.9380103|3.2736757|9.03867
1510198519312|-1.7708585|3.1488504|9.116973
1510198519427|-1.7092043|3.0782166|9.152791
1510198519541|-1.7538695|3.039631|9.157237
1510198519660|-1.8292438|3.0849462|9.127286
1510198519773|-1.9522595|3.0943165|9.098586
1510198519887|-2.0584233|3.100378|9.073089
1510198520003|-2.0545986|3.1266906|9.064922
1510198520117|-2.0037243|3.1087327|9.082469
1510198520232|-1.9369098|2.9910421|9.136325
1510198520347|-1.9338496|2.9230878|9.158938
1510198520464|-1.9536971|2.9567523|9.1439085
1510198520578|-1.9772389|2.9834714|9.130159
1510198520692|-1.9831709|2.9902563|9.126653
1510198520807|-1.9899836|2.9976995|9.122727
1510198520922|-1.9857953|3.0056446|9.121025
1510198521036|-1.9659218|3.023951|9.119279
1510198521154|-1.9577347|3.0235825|9.121163
1510198521267|-1.9841356|3.039217|9.110255
1510198521381|-1.993659|3.047266|9.105486
1510198521497|-2.0085483|3.079712|9.091287
1510198521612|-2.0665922|3.133026|9.060007
1510198521729|-2.1842082|3.276243|8.981417
1510198521843|-2.181805|3.3727832|8.9461975
1510198521957|-2.3029928|3.3796082|8.913185
1510198522073|-2.5196776|3.4925578|8.810429
1510198522188|-2.6513617|3.4861171|8.7742605
1510198522303|-2.7144115|3.4749317|8.759407
1510198522417|-2.681241|3.4726071|8.770538
1510198522536|-2.6615162|3.4597824|8.781608
1510198522648|-2.6405344|3.4364505|8.797089
1510198522762|-2.5790977|3.390385|8.833115
1510198522878|-2.5034096|3.408596|8.84787
1510198522992|-2.4476697|3.3839242|8.8729
1510198523109|-2.4118195|3.3607826|8.891494
1510198523222|-2.3731384|3.353302|8.904716
1510198523337|-2.3417594|3.3444977|8.9163265
1510198523453|-2.3006191|3.3419194|8.927996
1510198523569|-2.2306116|3.3502321|8.942634
1510198523683|-2.1874473|3.327611|8.961722
1510198523798|-2.057497|3.347782|8.984958
1510198523913|-1.9719565|3.380155|8.992015
1510198524027|-1.9231011|3.3670418|9.007503
1510198524142|-1.899193|3.360469|9.015026
1510198524259|-1.8661501|3.3371546|9.030574
1510198524374|-1.7959013|3.3551397|9.038151
1510198524488|-1.7348278|3.3548443|9.050181
1510198524604|-1.6712115|3.3330994|9.070166
1510198524718|-1.6337888|3.3444946|9.072788
1510198524833|-1.6090534|3.3599975|9.07148
1510198524948|-1.6173546|3.369454|9.066496
1510198525062|-1.591284|3.354278|9.07673
1510198525180|-1.616441|3.373113|9.065298
1510198525294|-1.6126573|3.357023|9.071941
1510198525409|-1.6161108|3.3818445|9.062102
1510198525523|-1.6225926|3.3631501|9.0679
1510198525638|-1.6166866|3.370422|9.066254
1510198525756|-1.632066|3.3582547|9.068014
1510198525872|-1.6323471|3.3601305|9.067268
1510198526007|-1.6406268|3.3458889|9.071039
1510198526098|-1.633964|3.3483639|9.071329
1510198526222|-1.6660873|3.3509018|9.064546
1510198526330|-1.6617299|3.3453808|9.067385
1510198526445|-1.6926314|3.3514268|9.059433
1510198526558|-1.7158017|3.3515706|9.055019
1510198526673|-1.7623143|3.3656654|9.040847
1510198526789|-1.783028|3.3275976|9.050873
1510198526903|-1.7935059|3.3289778|9.048295
1510198527018|-1.8027366|3.3466983|9.039919
1510198527133|-1.8381796|3.3736043|9.022765
1510198527249|-1.848024|3.3946643|9.01285
1510198527397|-1.8514752|3.390421|9.013738
1510198527479|-1.8277563|3.4130945|9.010021
1510198527593|-1.8238326|3.41151|9.011416
1510198527708|-1.8243356|3.4022224|9.014826
1510198527826|-1.8597022|3.4046474|9.006679
1510198527940|-1.8820112|3.3982685|9.004454
1510198528055|-1.9104186|3.4086244|8.994553
1510198528170|-1.9087411|3.3907425|9.001664
1510198528284|-1.9398777|3.3597956|9.006611
1510198528399|-1.9824177|3.3607173|8.996999
1510198528514|-2.027467|3.3557975|8.988792
1510198528630|-2.0668051|3.3562088|8.979675
1510198528744|-2.121927|3.3298283|8.97664
1510198528859|-2.1566222|3.31403|8.974217
1510198528975|-2.1745758|3.2908921|8.978398
1510198529089|-2.197486|3.269624|8.980591
1510198529205|-2.2219415|3.2622726|8.977246
1510198529318|-2.2462676|3.261768|8.971373
1510198529434|-2.2687993|3.2743614|8.96111
1510198529550|-2.2642367|3.2633345|8.966285
1510198529666|-2.2733917|3.2766216|8.959119
1510198529779|-2.2731576|3.2832985|8.956736
1510198529894|-2.2589543|3.3127282|8.949488
1510198530011|-2.2520332|3.3168335|8.949712
1510198530124|-2.2263174|3.3288333|8.951691
1510198530238|-2.1337252|3.3422997|8.969205
1510198530356|-2.0038059|3.3384736|9.000542
1510198530469|-1.9563918|3.293726|9.027419
1510198530584|-1.9093714|3.3035476|9.033896
1510198530699|-1.880399|3.3222132|9.033127
1510198530814|-1.8968841|3.2938027|9.040082
1510198530931|-1.8643848|3.3004413|9.04442
1510198531044|-1.8580133|3.2960815|9.047321
1510198531159|-1.8250039|3.3108974|9.04863
1510198531276|-1.8366717|3.3334394|9.037987
1510198531391|-1.7746845|3.3299541|9.051646
1510198531505|-1.6652194|3.3410034|9.068358
1510198531620|-1.6015291|3.3060215|9.092619
1510198531737|-1.6038978|3.311479|9.090215
1510198531851|-1.6292877|3.3051655|9.087997
1510198531965|-1.5939218|3.2960641|9.0975685
1510198532081|-1.5516025|3.2950575|9.105247
1510198532195|-1.5744538|3.3265438|9.089861
1510198532310|-1.5691391|3.306619|9.098047
1510198532426|-1.4996864|3.328669|9.101718
1510198532539|-1.4942936|3.355075|9.092907
1510198532655|-1.518|3.3260455|9.099642
1510198532772|-1.4674424|3.3618884|9.094762
1510198532886|-1.4901711|3.3411896|9.098694
1510198533000|-1.4541119|3.3394864|9.10515
1510198533115|-1.6513939|3.3817146|9.055788
1510198533232|-1.8426106|3.5545797|8.952103
1510198533348|-2.6776195|3.823343|8.624545
1510198533463|-2.9657862|3.8924773|8.498419
1510198533578|-3.1020021|4.1768184|8.312771
1510198533689|-3.2683835|4.1043324|8.285078
1510198533805|-3.3911693|3.835112|8.3643465
1510198533926|-3.5408928|3.7335668|8.348229
1510198534036|-3.4062908|3.7308903|8.405239
1510198534151|-3.1513073|3.9034266|8.426322
1510198534266|-3.0082927|3.6527524|8.58941
1510198534383|-2.9237168|3.5002973|8.681601
1510198534496|-2.94213|3.532707|8.6622305
1510198534610|-2.880609|3.4462562|8.717557
1510198534728|-2.8901565|3.2169664|8.80162
1510198534864|-2.8514488|3.1594071|8.835031
1510198534956|-2.830198|3.1262589|8.853636
1510198535070|-2.8057837|3.1476786|8.853817
1510198535186|-2.7982366|3.1462042|8.85673
1510198535301|-2.7169597|3.1926959|8.865394
1510198535415|-2.7123709|3.15093|8.881727
1510198535532|-2.625255|3.1055217|8.923797
1510198535648|-2.5967615|3.1173618|8.928005
1510198535761|-2.5856702|3.056054|8.952387
1510198535877|-2.5777042|3.096967|8.940617
1510198535990|-2.5907753|3.0488708|8.953361
1510198536106|-2.5629244|3.0814972|8.950206
1510198536223|-2.5722225|3.055365|8.956495
1510198536336|-2.48567|3.1100488|8.9621105
1510198536450|-2.4658298|3.097053|8.972086
1510198536567|-2.397773|3.1129718|8.985014
1510198536682|-2.3782024|3.0964067|8.995933
1510198536796|-2.370597|3.0738902|9.005657
1510198536912|-2.3758898|3.0874758|8.999613
1510198537025|-2.366561|3.0586762|9.011897
1510198537142|-2.319461|3.0719988|9.019608
1510198537257|-2.3052795|3.0740833|9.022532
1510198537371|-2.2965813|3.0814226|9.022246
1510198537486|-2.2731593|3.0778184|9.029406
1510198537600|-2.2359338|3.0827851|9.037003
1510198537716|-2.2288132|3.0588806|9.04688
1510198537831|-2.2279754|3.0605485|9.046521
1510198537946|-2.2190564|3.0643392|9.047431
1510198538061|-2.2254539|3.0450904|9.052357
1510198538178|-2.22502|3.0544572|9.049307
1510198538291|-2.2238126|3.0535274|9.049918
1510198538407|-2.2397935|3.0527022|9.046255
1510198538523|-2.2182343|3.0456314|9.0539465
1510198538638|-2.2353399|3.048071|9.048917
1510198538753|-2.2296832|3.051306|9.049223
1510198538866|-2.2567723|3.0450923|9.0446
1510198538981|-2.2523432|3.0440187|9.046065
1510198539097|-2.2269258|3.0423756|9.052908
1510198539212|-2.2079089|3.0411935|9.057961
1510198539327|-2.1523128|3.073143|9.060558
1510198539443|-2.107548|3.169961|9.037698
1510198539556|-2.1041448|3.2990422|8.992179
1510198539671|-1.9685647|3.5779448|8.91591
1510198539790|-1.7679845|3.8275378|8.854071
1510198539901|-1.9271088|4.014761|8.737181
1510198540017|-2.0151458|3.9106317|8.764504
1510198540131|-2.190273|4.149716|8.61121
1510198540250|-2.1670158|4.103108|8.639382
1510198540362|-2.1940923|4.204423|8.583657
1510198540479|-2.3057258|4.5084577|8.398084
1510198540592|-2.3202548|4.546189|8.373708
1510198540710|-2.3890033|4.706213|8.265265
