1510198679814|-0.49687195|-0.031295776|-0.016921997
1510198679928|0.52531433|-0.15408325|-0.29875183
1510198680044|0.061462402|0.7046051|0.037231445
1510198680158|0.46054077|0.48243713|0.27322388
1510198680274|0.035186768|-0.84558105|0.68006897
1510198680388|0.19055176|-0.4967804|0.4141388
1510198680503|-0.25170898|0.53660583|-0.0922699
1510198680619|-0.08331299|-0.08036804|-0.06498718
1510198680734|-0.050949097|-0.17219543|-0.18267822
1510198680848|-0.23074341|0.21896362|0.040481567
1510198680963|0.21192932|-0.63279724|-0.04095459
1510198681078|-0.117126465|0.17660522|-0.021011353
1510198681192|-0.27716064|0.18943787|0.03437805
1510198681309|0.20236206|-0.11802673|-0.13360596
1510198681432|0.06451416|0.29327393|-0.19876099
1510198681538|-0.84935|0.004547119|0.04801941
1510198681655|0.47521973|-0.4454651|0.12071228
1510198681783|-0.16149902|0.2240448|-6.4086914E-4
1510198681884|0.07203674|-0.13349915|0.017074585
1510198681998|0.15429688|-0.00340271|-0.21873474
1510198682113|-0.07720947|-0.06855774|0.10014343
1510198682229|0.14189148|-0.23532104|-0.1134491
1510198682344|-0.1769867|-0.051254272|-0.18836975
1510198682461|-0.07090759|0.04486084|0.13313293
1510198682573|-0.17718506|0.0061798096|0.075302124
1510198682688|0.007293701|0.106155396|0.08894348
1510198682803|0.57192993|-0.40879822|0.13272095
1510198682921|-0.32969666|0.15603638|-0.06274414
1510198683034|0.04902649|0.09352112|-0.1663971
1510198683148|-0.13117981|0.17721558|-0.014892578
1510198683264|0.048828125|-0.37338257|0.035186768
1510198683378|0.15634155|-0.049209595|-0.051345825
1510198683493|-0.25253296|0.027557373|-0.39404297
1510198683609|0.081604004|0.13444519|-0.08087158
1510198683724|0.10890198|0.25886536|0.2351532
1510198683840|-0.4190979|0.14503479|0.008514404
1510198683953|-1.0297546|0.08761597|-0.06437683
1510198684069|-0.31910706|0.6687622|0.14189148
1510198684183|0.6766052|1.1208038|0.58395386
1510198684299|-0.10183716|0.96624756|0.85884094
1510198684416|-0.036895752|0.19981384|0.3098755
1510198684529|-0.16862488|0.036102295|-0.41481018
1510198684645|-0.6489868|-0.25894165|-0.304245
1510198684763|-0.49118042|0.0074005127|0.7753601
1510198684875|-0.5925751|-0.5055237|-0.107543945
1510198684989|0.55604553|-0.33590698|0.16307068
1510198685105|0.5800781|-0.032318115|-0.5872803
1510198685219|0.40985107|-0.1487732|-0.3413086
1510198685335|0.0062713623|-0.41940308|0.2758789
1510198685448|-0.2671814|-0.2758484|0.34713745
1510198685567|0.08099365|-0.21902466|0.38154602
1510198685679|-0.23786926|-0.2412262|0.023590088
1510198685794|-0.015319824|0.18128967|0.16000366
1510198685908|-0.07272339|-0.26423645|0.1015625
1510198686025|0.03742981|0.22384644|0.24798584
1510198686139|0.072647095|-0.08280945|0.46238708
1510198686254|-0.064575195|-0.07485962|0.31048584
1510198686370|-0.15559387|0.014923096|-0.34700012
1510198686485|0.17486572|0.111846924|-0.3527069
1510198686604|-0.5850525|-0.2843933|-0.024871826
1510198686715|0.2447052|0.031417847|-0.001663208
1510198686829|-0.066223145|-0.16711426|-0.19734192
1510198686945|0.34631348|0.347641|-1.0267029
1510198687062|0.20805359|0.15176392|-0.5601959
1510198687174|0.2394104|0.5040283|-0.34028625
1510198687289|0.25224304|0.05116272|-0.3050537
1510198687404|-0.03994751|-0.023345947|0.03945923
1510198687520|0.039871216|-0.043304443|0.010360718
1510198687639|0.0021972656|-0.12944031|-0.1729126
1510198687750|-0.45065308|-0.09786987|0.06349182
1510198687867|0.0152282715|-0.0072631836|0.060836792
1510198687982|0.051071167|0.013504028|0.027450562
1510198688095|-0.032211304|-0.007873535|0.021133423
1510198688210|0.040481567|-0.0137786865|0.018493652
1510198688325|-0.10470581|-0.017044067|0.027648926
1510198688440|-0.015716553|-0.016021729|0.06022644
1510198688557|0.013595581|0.017990112|0.055755615
1510198688672|-0.08555603|-0.12454224|0.0284729
1510198688790|-0.046463013|-0.07771301|0.049850464
1510198688899|-0.055419922|0.051376343|-0.014282227
1510198689017|0.086502075|-0.057144165|0.007507324
1510198689129|0.003829956|0.116119385|0.01890564
1510198689245|0.17567444|-0.03048706|0.12620544
1510198689361|0.04373169|-0.14408875|0.034988403
1510198689475|-0.13279724|0.13851929|0.03152466
1510198689591|0.112960815|-0.070388794|-0.025482178
1510198689705|-0.061538696|0.15420532|0.020324707
1510198689821|-0.037506104|-0.101135254|0.06614685
1510198689936|0.027450562|-0.10723877|0.20541382
1510198690049|-0.073135376|-0.01663208|0.20440674
1510198690166|-0.023254395|0.07009888|0.0019989014
1510198690280|0.1292572|0.040786743|-0.11528015
1510198690395|0.3624115|0.03224182|-0.14053345
1510198690515|-0.089019775|0.3447876|0.064712524
1510198690626|-0.018569946|0.028366089|0.05290222
1510198690742|0.17120361|0.2725067|-0.13931274
1510198690856|-0.17208862|0.0980072|-0.14744568
1510198690972|0.021743774|-0.005630493|-0.02772522
1510198691089|0.03804016|-0.055114746|-0.023452759
1510198691200|-0.04219055|-0.12271118|0.080596924
1510198691318|-0.22239685|-0.043914795|-0.11793518
1510198691431|0.09321594|-0.14694214|0.1887207
1510198691545|0.004852295|0.006164551|0.014831543
1510198691660|-0.0045318604|0.062576294|0.021957397
1510198691777|0.121917725|-0.0728302|-0.1053009
1510198691891|-0.06744385|0.0014953613|-0.0340271
1510198692005|-0.19592285|-0.09135437|0.2180481
1510198692134|0.029083252|-0.012969971|0.23901367
1510198692236|0.07183838|-0.0357666|-0.10449219
1510198692352|-0.07028198|0.06929016|0.03967285
1510198692465|-0.050125122|0.093322754|0.044555664
1510198692580|0.046585083|-0.19866943|-0.11569214
1510198692697|0.0152282715|0.09088135|0.027252197
1510198692811|0.017868042|0.06745911|0.076934814
1510198692926|0.022155762|0.068481445|0.18241882
1510198693043|-0.14155579|-0.13208008|-0.051345825
1510198693159|0.090164185|-0.07649231|-0.11691284
1510198693270|-0.082092285|0.0927124|0.019302368
1510198693386|0.15206909|-0.044937134|0.03742981
1510198693502|-0.08413696|-0.015609741|-0.004501343
1510198693616|0.011154175|-0.045135498|0.013000488
1510198693731|0.0060577393|0.009429932|0.002822876
1510198693847|-0.044021606|-0.14001465|0.017471313
1510198693962|-0.11671448|-0.10662842|0.013809204
1510198694077|0.06227112|0.17192078|0.020736694
1510198694191|0.03640747|-0.06123352|-0.059692383
1510198694307|0.0803833|0.13954163|-0.057037354
1510198694422|0.21824646|0.1975708|-0.061325073
1510198694538|0.104003906|0.018798828|-0.10571289
1510198694651|-0.103881836|-0.035568237|0.0028076172
1510198694768|-0.11569214|-0.13656616|0.019104004
1510198694882|-0.022033691|-0.024169922|0.03437805
1510198694996|-0.24662781|-0.048797607|-0.050933838
1510198695111|0.08262634|-0.037597656|0.10014343
1510198695228|-0.05155945|-0.072006226|-0.0012512207
1510198695342|0.04067993|-0.0675354|-0.044418335
1510198695459|-0.019592285|0.006576538|-0.010406494
1510198695572|0.03050232|-0.008087158|-0.04624939
1510198695686|-0.0256958|0.05015564|-0.037094116
1510198695801|0.053512573|-0.09889221|0.007507324
1510198695916|-0.07476807|0.0082092285|-0.008590698
1510198696032|0.061447144|-0.059188843|0.010147095
1510198696148|-0.10246277|-0.04574585|0.02053833
1510198696262|0.048217773|-0.07304382|0.042526245
1510198696378|-0.04096985|0.031417847|-0.014694214
1510198696492|-0.006149292|0.0012817383|0.025421143
1510198696610|0.08792114|-0.047790527|-0.023452759
1510198696729|-0.071502686|0.065826416|0.036209106
1510198696840|0.05065918|-0.01133728|-0.014694214
1510198696951|0.0262146|-0.006652832|-0.058670044
1510198697067|-0.10206604|0.05809021|-0.116104126
1510198697183|0.07203674|-0.04840088|0.055145264
1510198697300|0.005645752|-0.022537231|0.057998657
1510198697412|-0.07394409|0.088638306|-0.008575439
1510198697529|-0.001663208|-0.07507324|0.04373169
1510198697643|0.059417725|-0.019882202|0.024398804
1510198697759|-0.1317749|-0.057754517|-0.028335571
1510198697872|0.061660767|-0.085250854|0.03967285
1510198697988|-0.06681824|0.08415222|-0.010818481
1510198698105|-0.04360962|-0.034957886|0.035598755
1510198698220|0.12049866|-0.072021484|-0.014480591
1510198698332|-0.06906128|0.017166138|-0.008377075
1510198698447|0.029281616|-0.069366455|0.041503906
1510198698564|0.03213501|0.0743866|0.029693604
1510198698678|-0.1399231|-0.15284729|-3.0517578E-5
1510198698792|-0.36146545|-0.39292908|0.11154175
1510198698907|-0.2936554|-0.09564209|0.14045715
1510198699023|0.117248535|0.05076599|-0.012252808
1510198699139|-0.053390503|-0.017852783|0.05229187
1510198699252|-0.01713562|-0.016418457|0.06776428
1510198699368|-0.029968262|-0.02722168|0.03703308
1510198699482|0.008514404|0.13058472|-0.025283813
1510198699598|0.25224304|0.0069885254|-0.11772156
1510198699712|0.2972412|0.4103546|-0.16007996
1510198699829|0.25856018|0.27616882|-0.1558075
1510198699943|0.37278748|0.052597046|-0.100616455
1510198700058|-0.1240387|0.10411072|-0.015090942
1510198700174|-0.027938843|-0.085861206|0.004852295
1510198700289|-0.22442627|-0.05001831|-0.027313232
1510198700403|0.035186768|-0.09664917|0.061050415
1510198700519|-0.16212463|-0.00869751|-0.0024719238
1510198700632|-0.042999268|-0.065093994|0.005264282
1510198700750|0.032333374|-0.052261353|0.042312622
1510198700863|-0.077819824|0.04649353|-0.082901
1510198700978|0.07489014|-0.05531311|0.055343628
1510198701093|-0.11264038|0.054214478|-0.045639038
1510198701208|-2.4414062E-4|-0.0015563965|0.035186768
1510198701324|-0.076187134|-0.085861206|0.13903809
1510198701441|-0.073135376|-0.12800598|0.07366943
1510198701553|0.038238525|-0.057754517|-0.061325073
1510198701669|-0.026306152|0.0045318604|0.045578003
1510198701784|-0.22993469|0.4254303|0.086502075
1510198701897|-0.0256958|-0.15631104|-0.0043029785
1510198702014|-0.14602661|-0.03842163|0.3506012
1510198702128|-0.089416504|0.2374878|0.3237152
1510198702245|-0.10469055|0.18331909|0.31192017
1510198702359|0.014831543|0.18861389|0.18159485
1510198702476|-0.021011353|0.014312744|-0.09837341
1510198702588|-0.022842407|0.048736572|-0.030166626
1510198702703|0.3937683|0.09861755|0.11480713
1510198702819|-0.020401001|-1.373291E-4|-0.024261475
1510198702934|0.119277954|-0.04208374|-0.029144287
1510198703048|-0.10673523|-0.08403015|-0.020599365
1510198703164|0.22068787|0.2647705|0.10298157
1510198703279|0.14025879|-0.02192688|-0.037094116
1510198703395|0.068573|0.17762756|0.098724365
1510198703509|0.30784607|0.10432434|-0.010818481
1510198703624|-0.31687927|-0.09156799|-0.022018433
1510198703739|0.11764526|0.006790161|0.015029907
1510198703854|0.022354126|-0.035568237|0.05758667
1510198703977|-0.13421631|-0.04840088|0.051071167
1510198704084|0.10359192|0.046279907|0.0024108887
1510198704198|-0.087402344|-0.037612915|-8.544922E-4
1510198704315|0.038848877|0.110839844|0.011169434
1510198704429|-0.07862854|-0.2978363|-0.17758179
1510198704545|0.35731506|0.03630066|-0.39465332
1510198704661|0.39601135|0.13302612|-0.41644287
1510198704774|0.49720764|0.22770691|-0.3384552
1510198704890|0.31292725|0.12365723|-0.026916504
1510198705005|-0.15397644|-1.373291E-4|-0.07720947
1510198705119|-0.29875183|-0.06427002|0.038650513
1510198705233|-0.25048828|-0.11172485|0.1410675
1510198705350|-0.03465271|-0.03149414|0.033355713
1510198705464|-0.043823242|-0.09603882|0.13659668
1510198705578|-0.0957489|-0.14123535|0.21560669
1510198705693|0.060638428|0.012893677|0.12132263
1510198705810|-0.07130432|0.05747986|0.015838623
1510198705929|0.032333374|-0.0038146973|0.10462952
1510198706039|0.01889038|-0.035568237|0.14535522
1510198706154|0.02357483|0.049743652|0.13008118
1510198706270|-0.03729248|-0.065704346|0.070007324
1510198706387|-0.24621582|-0.23226929|0.071640015
1510198706500|0.022354126|-0.05368042|0.061660767
