1509247123367|0.5245361|-0.2917136|0.6919778|0.40116316
1509247123492|0.5289912|-0.29210708|0.6884607|0.40107802
1509247123612|0.53484917|-0.29091513|0.6847714|0.40049076
1509247123731|0.53577435|-0.29217395|0.6835265|0.40046445
1509247123852|0.53553283|-0.29119322|0.68464017|0.39959845
1509247123973|0.5340633|-0.29137665|0.6849578|0.40088516
1509247124091|0.5337225|-0.29193592|0.6845157|0.40168637
1509247124212|0.5334836|-0.29197663|0.68466324|0.40172273
1509247124332|0.5324754|-0.29158804|0.68550634|0.40190473
1509247124451|0.53245455|-0.29113436|0.68640524|0.40072536
1509247124572|0.5315412|-0.291066|0.687173|0.4006716
1509247124692|0.5312308|-0.29120874|0.6871708|0.40098333
1509247124812|0.5292482|-0.29182142|0.68763256|0.4023656
1509247124931|0.52500457|-0.29025266|0.6907298|0.40375236
1509247125050|0.5231456|-0.29016417|0.6912924|0.4052632
1509247125172|0.5208696|-0.28891766|0.6932516|0.4057384
1509247125291|0.5180446|-0.28646445|0.6958889|0.40657908
1509247125411|0.5122576|-0.2833858|0.7008862|0.407484
1509247125532|0.5079756|-0.28207025|0.70378375|0.4087611
1509247125651|0.5059469|-0.28173533|0.7053344|0.40883532
1509247125772|0.50559855|-0.27974597|0.7067648|0.40816143
1509247125891|0.50492704|-0.27896166|0.70689374|0.40930465
1509247126014|0.5040108|-0.27907312|0.70688194|0.4103769
1509247126132|0.5036152|-0.2781801|0.70758134|0.41026363
1509247126253|0.50281966|-0.27818123|0.7075601|0.41127396
1509247126372|0.50210667|-0.27703843|0.70916307|0.41015396
1509247126492|0.50034124|-0.27757475|0.7097169|0.41099006
1509247126612|0.5008703|-0.27699703|0.70955783|0.41101012
1509247126733|0.5007298|-0.2772342|0.70931125|0.41144675
1509247126853|0.5002492|-0.27704826|0.70978695|0.41133624
1509247126974|0.5002555|-0.27683294|0.70989794|0.411282
1509247127091|0.50014937|-0.2764021|0.71025896|0.41107747
1509247127212|0.5006752|-0.27586022|0.71027225|0.41077825
1509247127331|0.49912432|-0.27449805|0.7117675|0.41099003
1509247127518|0.4985294|-0.27330577|0.71206445|0.41199103
1509247127653|0.49790633|-0.27290812|0.7125263|0.41220954
1509247127787|0.49781063|-0.2734027|0.7120148|0.4128807
1509247127922|0.49881485|-0.27318105|0.7118644|0.4120739
1509247128054|0.49904913|-0.27321777|0.7118302|0.41182497
1509247128190|0.49921468|-0.27306175|0.71197414|0.4114788
1509247128323|0.49904132|-0.27328372|0.71173006|0.41196373
1509247128458|0.4985259|-0.2727337|0.7122069|0.41212815
1509247128591|0.49840623|-0.2723242|0.712403|0.41220474
1509247128726|0.49777547|-0.27248707|0.71228004|0.41307086
1509247128859|0.4980416|-0.27255708|0.7122796|0.41270447
1509247128994|0.49877116|-0.27282578|0.7121402|0.4118856
1509247129129|0.4985776|-0.2732735|0.7117933|0.41242248
1509247129262|0.49900854|-0.27255663|0.7124478|0.41124386
1509247129395|0.4991289|-0.27234808|0.7126065|0.41096082
1509247129529|0.49889627|-0.27271494|0.7123078|0.4115175
1509247129663|0.49850127|-0.2725486|0.71248794|0.41179448
1509247129797|0.49878508|-0.27144846|0.7133094|0.41075405
1509247129931|0.49884033|-0.2708528|0.7138692|0.41010714
1509247130065|0.49906042|-0.27005|0.71455956|0.40916544
1509247130199|0.49935532|-0.27005163|0.7144459|0.409003
1509247130332|0.4994904|-0.26956406|0.7150443|0.40811288
1509247130468|0.499171|-0.26996562|0.7147576|0.40874004
1509247130601|0.4992824|-0.27015555|0.7145336|0.40887007
1509247130735|0.4993557|-0.27025607|0.7144525|0.40885586
1509247130870|0.4994258|-0.26962852|0.71498406|0.40825492
1509247131003|0.49711955|-0.26862663|0.716535|0.40901038
1509247131138|0.4966495|-0.26866743|0.71607435|0.41035908
1509247131271|0.4977953|-0.2705727|0.7145265|0.41041708
1509247131406|0.5023115|-0.27311116|0.709879|0.41129708
1509247131539|0.49496743|-0.27763394|0.70818293|0.42000425
1509247131674|0.48431316|-0.2810571|0.70738715|0.4313364
1509247131808|0.48601058|-0.28282034|0.7054775|0.4314023
1509247131942|0.4878053|-0.2849596|0.70440835|0.4297125
1509247132077|0.49387524|-0.28837773|0.70114374|0.4258204
1509247132211|0.5234981|-0.30283338|0.67978376|0.4148924
1509247132343|0.5380944|-0.26889747|0.6870525|0.40756273
1509247132538|0.5390221|-0.16831088|0.71681607|0.40902486
1509247132658|0.5311163|-0.20308474|0.6977917|0.4356132
1509247132778|0.52788055|-0.21511796|0.69914025|0.43158925
1509247132897|0.533158|-0.22277744|0.69634765|0.42569086
1509247133019|0.5350214|-0.22976813|0.6956219|0.4207955
1509247133138|0.53369415|-0.24499351|0.69482267|0.41517487
1509247133259|0.53340626|-0.24885854|0.69553375|0.41204372
1509247133379|0.5355687|-0.24978286|0.6943046|0.41075027
1509247133497|0.55894536|-0.2677589|0.6805689|0.3907829
1509247133619|0.52785385|-0.3025855|0.69335985|0.38608867
1509247133739|0.5181327|-0.3066833|0.6930554|0.3964317
1509247133858|0.5162146|-0.3043748|0.6948493|0.39757124
1509247133979|0.51644206|-0.30430338|0.6947435|0.39751542
1509247134098|0.51653534|-0.30291435|0.6944945|0.3988878
1509247134219|0.51645285|-0.3020154|0.694037|0.40046942
1509247134338|0.51695603|-0.30047578|0.6943238|0.4004813
1509247134460|0.51739234|-0.2992923|0.69425744|0.4009188
1509247134579|0.51693475|-0.30060282|0.6944499|0.4001946
1509247134699|0.54296607|-0.30942178|0.67178756|0.3976776
1509247134820|0.60511357|-0.20702356|0.65506566|0.40232792
1509247134938|0.6071754|-0.19118771|0.62114334|0.4571283
1509247135058|0.60880077|-0.21122563|0.6266799|0.43819824
1509247135179|0.60339427|-0.22628522|0.63452125|0.42672378
1509247135299|0.5971344|-0.23354214|0.63502395|0.43085164
1509247135419|0.59734786|-0.23705669|0.63633037|0.42668876
1509247135539|0.5964696|-0.24020447|0.63564765|0.4271743
1509247135658|0.5966721|-0.2421245|0.6363047|0.42482284
1509247135778|0.59341216|-0.24793673|0.63641435|0.42587113
1509247135899|0.5965389|-0.25489882|0.63481957|0.41972858
1509247136018|0.5905236|-0.25962266|0.6448247|0.4099745
1509247136138|0.60220236|-0.28031352|0.6400661|0.38612437
1509247136258|0.5389773|-0.31596386|0.6626032|0.4130706
1509247136378|0.4972589|-0.27978146|0.7043803|0.42226103
1509247136499|0.4995935|-0.27792886|0.7027372|0.42346466
1509247136618|0.49956593|-0.27901712|0.7019515|0.42408416
1509247136739|0.512726|-0.28539675|0.6938299|0.41744554
1509247136860|0.5450483|-0.30285528|0.66898775|0.40454474
1509247136979|0.54513854|-0.3020946|0.6693184|0.40444505
1509247137100|0.5434824|-0.30071256|0.6711738|0.4046289
1509247137219|0.5421676|-0.30064708|0.67144585|0.40598783
1509247137339|0.54017055|-0.29947695|0.6731653|0.4066667
1509247137458|0.5389633|-0.2981469|0.67463547|0.40680945
1509247137578|0.5398057|-0.2973421|0.6749592|0.40574324
1509247137699|0.5399636|-0.29678896|0.6752805|0.40540335
1509247137820|0.53992575|-0.29648083|0.6755259|0.40527034
1509247137939|0.53958786|-0.29602218|0.67590284|0.40542713
1509247138059|0.5393198|-0.29593217|0.6760188|0.40565613
1509247138180|0.5393092|-0.29563066|0.6762742|0.40546435
1509247138300|0.5390126|-0.2955683|0.6763946|0.4057033
1509247138420|0.5388882|-0.29515445|0.6768071|0.40548176
1509247138519|0.5390379|-0.29442853|0.6774267|0.40477532
1509247138656|0.5389398|-0.29415816|0.6776699|0.4046955
1509247138788|0.5387729|-0.29350966|0.678305|0.40432435
1509247138922|0.5383978|-0.29314065|0.678845|0.40418544
1509247139055|0.53767085|-0.2928814|0.6793573|0.40448022
1509247139190|0.537589|-0.29237404|0.679796|0.40421882
1509247139324|0.5369148|-0.29252157|0.6799189|0.40480104
1509247139458|0.5369415|-0.29283452|0.67958945|0.40509248
1509247139592|0.53696436|-0.29338884|0.6790354|0.40558988
1509247139725|0.53682363|-0.293739|0.6787921|0.4059299
1509247139860|0.5363639|-0.2946722|0.6780533|0.4070943
1509247139995|0.5362654|-0.29463658|0.67805815|0.40724176
1509247140128|0.5345273|-0.29396445|0.67945045|0.40769172
1509247140263|0.53125644|-0.2926321|0.6809495|0.4104154
1509247140395|0.5296135|-0.29158404|0.68301624|0.4098501
1509247140531|0.5301274|-0.29150656|0.6829533|0.40934536
1509247140658|0.5304773|-0.29164287|0.6825334|0.4094954
1509247140776|0.5309065|-0.29122776|0.68277305|0.40883452
1509247140896|0.53056455|-0.29167423|0.6823877|0.40960276
1509247141017|0.5289808|-0.2917224|0.68243194|0.4115385
1509247141136|0.5285616|-0.29138216|0.68272674|0.41182917
1509247141256|0.5274235|-0.29223084|0.68285346|0.41247633
1509247141377|0.5278223|-0.29193753|0.6831651|0.41165712
1509247141489|0.52847403|-0.291983|0.68276525|0.41145194
1509247141631|0.5285892|-0.29123026|0.6832425|0.41104513
1509247141765|0.5290119|-0.29141763|0.6829175|0.41090864
1509247141900|0.5284639|-0.29182607|0.68256927|0.41190127
1509247142035|0.52974725|-0.2917863|0.6822264|0.4108476
1509247142168|0.5298526|-0.29101697|0.682966|0.4100277
1509247142301|0.53020877|-0.29044312|0.68336123|0.40931508
1509247142436|0.5301449|-0.29042962|0.68329936|0.40951076
1509247142569|0.5298621|-0.29057088|0.6831236|0.41006938
1509247142703|0.52663493|-0.2875798|0.68678755|0.41021505
