1510199324654|0.08146011|-0.33516905|-0.93748945|0.0462545
1510199324765|0.049959343|-0.27143714|-0.96057457|0.03350279
1510199324883|-0.032545082|-0.24826285|-0.96805066|0.013574932
1510199324996|-0.09694369|-0.22529581|-0.9694479|0.0037964724
1510199325111|-0.030264752|-0.2105671|-0.97663605|0.030455342
1510199325229|0.007871751|-0.18716384|-0.9817165|0.033770826
1510199325347|0.03145036|-0.23919806|-0.97002643|0.02905044
1510199325463|0.04355631|-0.28781632|-0.95669013|0.002939076
1510199325572|0.076023005|-0.22362126|-0.9716101|0.013701599
1510199325686|0.085604936|-0.14025398|-0.98543745|0.04374465
1510199325808|0.13964352|-0.19163956|-0.9692292|0.0660964
1510199325916|0.14236395|-0.17845584|-0.97276396|0.0402038
1510199326033|0.120201565|-0.15638494|-0.9798645|0.030998232
1510199326147|0.121822044|-0.1720011|-0.9773793|0.017456107
1510199326262|0.11067151|-0.20945361|-0.97153324|0.0020348246
1510199326376|-0.102713585|0.22033687|0.97000074|3.0054775E-4
1510199326492|0.1021652|-0.22538042|-0.9688957|0.0026604047
1510199326608|-0.098849535|0.23560388|0.96680653|0.002159865
1510199326722|-0.084523454|0.23700477|0.9678223|0.0021146082
1510199326839|-0.07869087|0.23675989|0.96837234|0.0027321877
1510199326952|-0.076527454|0.2375201|0.96835333|0.0044190823
1510199327068|-0.06891976|0.24446072|0.96717954|0.007264475
1510199327183|-0.06749994|0.24033049|0.96828896|0.010076043
1510199327299|-0.06814471|0.24744254|0.9664397|0.011078739
1510199327412|-0.06633179|0.24642165|0.96681225|0.012269841
1510199327526|-0.063878894|0.25117245|0.9657137|0.015132641
1510199327645|-0.06401378|0.25322586|0.96515936|0.015693974
1510199327759|-0.064067304|0.2508646|0.9657565|0.01663744
1510199327872|-0.06129583|0.26246682|0.96273494|0.022258574
1510199327987|-0.0669212|0.2623613|0.96237564|0.022830872
1510199328103|-0.06829499|0.26005954|0.9629488|0.020842368
1510199328217|-0.07309978|0.26350433|0.9616672|0.020448104
1510199328333|-0.0967243|0.26935714|0.9580204|0.016972205
1510199328447|0.10945638|-0.26550955|-0.95767987|0.019318797
1510199328563|0.11125522|-0.2226623|-0.96653193|0.062127147
1510199328679|0.120502256|-0.2790612|-0.9496157|0.076381005
1510199328792|0.14741077|-0.25659993|-0.94587296|0.13323228
1510199328907|0.12699124|-0.2633173|-0.9428984|0.15962417
1510199329024|0.10901251|-0.23596741|-0.9498692|0.17373571
1510199329139|0.115307815|-0.21653105|-0.9527479|0.1791365
1510199329252|0.120190196|-0.20887259|-0.95353323|0.18083405
1510199329376|0.11297447|-0.21008538|-0.9554917|0.1735985
1510199329487|0.09786875|-0.18114641|-0.9645065|0.16533278
1510199329602|0.11644561|-0.20254555|-0.9609567|0.14824963
1510199329717|0.1254783|-0.20754263|-0.9619314|0.1259731
1510199329837|0.119377196|-0.18322973|-0.9678879|0.12397164
1510199329947|0.12488039|-0.19451667|-0.9637907|0.1329497
1510199330062|0.115892045|-0.22041193|-0.95707506|0.14830689
1510199330174|0.1112785|-0.22517851|-0.95591414|0.15211788
1510199330290|0.11115198|-0.21962552|-0.95738775|0.15105803
1510199330405|0.10632405|-0.2219162|-0.95710254|0.15298072
1510199330522|0.1028171|-0.22129278|-0.95752656|0.15362613
1510199330637|0.10360252|-0.22128774|-0.9570008|0.1563579
1510199330758|0.1046007|-0.22549991|-0.95524687|0.1603492
1510199330863|0.117889255|-0.22186425|-0.9540883|0.16307664
1510199330978|0.116662614|-0.21609358|-0.9562738|0.15885168
1510199331092|0.119704105|-0.22433329|-0.9520572|0.17009608
1510199331209|0.14299555|-0.2181478|-0.94889677|0.17764768
1510199331325|0.1473185|-0.2140618|-0.9492142|0.17738979
1510199331440|0.13226685|-0.20851366|-0.95288956|0.1761506
1510199331552|0.13909902|-0.20323667|-0.95337486|0.17442097
1510199331670|0.13043344|-0.1975878|-0.9559482|0.17352015
1510199331783|0.12847616|-0.19922715|-0.956068|0.1724424
1510199331901|0.12646382|-0.20026387|-0.95631975|0.17132962
1510199332014|0.12521039|-0.20088413|-0.95608795|0.17281128
1510199332128|0.13670199|-0.20264429|-0.95409495|0.17306262
1510199332244|0.13253713|-0.21018909|-0.9518352|0.17962219
1510199332358|0.13394013|-0.20306203|-0.9537024|0.17685488
1510199332475|0.1383296|-0.20480986|-0.9537537|0.17108989
1510199332592|0.14710915|-0.20420994|-0.9562792|0.14895388
1510199332727|0.13538618|-0.24781358|-0.9524537|0.11441611
1510199332819|0.050672118|-0.27278164|-0.9569048|0.08576505
1510199332934|-9.939194E-4|-0.23131987|-0.9676284|0.10092269
1510199333050|-0.005089756|-0.27068236|-0.95771945|0.09735793
1510199333164|2.4753268E-4|-0.27087238|-0.9567608|0.106004134
1510199333280|-0.0072772335|-0.2847173|-0.9532878|0.10062571
1510199333393|-0.0061538955|-0.28719488|-0.9524499|0.10158925
1510199333508|-0.007739505|-0.2837555|-0.95363796|0.09998748
1510199333624|-0.006040799|-0.2890186|-0.9523047|0.097711176
1510199333740|-1.5970595E-4|-0.28983396|-0.9521147|0.097333945
1510199333853|0.007890693|-0.29458618|-0.95077664|0.09581477
1510199333968|0.013639883|-0.2964997|-0.9498546|0.09837762
1510199334085|0.022507967|-0.29468647|-0.9502244|0.0986246
1510199334200|0.017565949|-0.2959544|-0.95028466|0.09519191
1510199334315|0.020501884|-0.2947371|-0.9506449|0.09478405
1510199334430|0.020605534|-0.29183406|-0.9517175|0.092962764
1510199334543|0.018652676|-0.29249373|-0.9516889|0.09158499
1510199334661|0.016726607|-0.28930768|-0.95281833|0.09032465
1510199334778|0.018218804|-0.29103142|-0.9522704|0.090277
1510199334890|0.016275724|-0.29250523|-0.95203847|0.088309504
1510199335004|0.017356742|-0.29368758|-0.95159847|0.08891991
1510199335121|0.014104471|-0.29632565|-0.950887|0.088351764
1510199335235|0.015693802|-0.2922491|-0.9521747|0.08779213
1510199335350|0.016429514|-0.29186425|-0.9525156|0.08520186
1510199335465|0.02114646|-0.29625595|-0.95118654|0.08384162
1510199335578|0.02001035|-0.29745516|-0.9510861|0.080964066
1510199335694|0.01809652|-0.2996051|-0.9505707|0.07952753
1510199335810|0.015312356|-0.29426628|-0.9525298|0.07654978
1510199335925|0.017064203|-0.28994054|-0.9537229|0.077820055
1510199336040|0.019622032|-0.28859302|-0.9541612|0.076846585
1510199336155|0.015710093|-0.29165334|-0.953639|0.07255517
1510199336271|0.016725754|-0.29334584|-0.95308554|0.072776675
1510199336387|0.01776279|-0.2940927|-0.9528866|0.07211866
1510199336499|0.018767428|-0.2921138|-0.9535076|0.071697325
1510199336616|0.015777493|-0.29312438|-0.95343417|0.06922776
1510199336730|0.011831446|-0.29558358|-0.95289236|0.06698178
1510199336846|0.011986329|-0.2948959|-0.9531792|0.065895334
1510199336959|0.0052990164|-0.297847|-0.95267606|0.060559116
1510199337076|0.006374178|-0.2981592|-0.9525958|0.060180947
1510199337191|0.0012824741|-0.30017456|-0.9521322|0.057773594
1510199337305|-9.3258923E-4|-0.29904792|-0.9526071|0.055760022
1510199337423|-0.0055256817|-0.29895762|-0.9528706|0.05129758
1510199337535|-0.007621141|-0.3002906|-0.9525111|0.049900625
1510199337650|-0.008419972|-0.29913092|-0.9530431|0.046461105
1510199337768|-0.008160104|-0.29959512|-0.9529784|0.044814967
1510199337880|-0.010549174|-0.2985817|-0.95334154|0.043331265
1510199337995|-0.010289212|-0.29654953|-0.95398885|0.043102264
1510199338111|-0.005885593|-0.29753134|-0.9536443|0.044755187
1510199338224|-0.004640834|-0.29594567|-0.9541131|0.045417394
1510199338340|-0.0061546657|-0.29596782|-0.95404696|0.04647155
1510199338455|-0.0023069645|-0.2957536|-0.9540497|0.04810098
1510199338570|5.223309E-4|-0.2962634|-0.9535714|0.054123648
1510199338686|-0.0017387773|-0.29438108|-0.95431757|0.051134128
1510199338800|0.008473266|-0.30142137|-0.95181316|0.055902086
1510199338918|0.012489302|-0.3068219|-0.9496191|0.0626731
1510199339030|0.016487794|-0.30867317|-0.9492384|0.058270823
1510199339145|0.012214359|-0.30311123|-0.95147055|0.051751073
1510199339262|0.018946143|-0.31418237|-0.94793606|0.048453104
1510199339376|0.026517639|-0.30512655|-0.9507126|0.048374686
1510199339492|0.027082127|-0.3060715|-0.9504353|0.047534883
1510199339607|0.025311165|-0.3085077|-0.9495104|0.051111516
1510199339723|0.02506174|-0.31010056|-0.9489388|0.052199144
1510199339836|0.023475906|-0.31240198|-0.94815487|0.053443648
1510199339953|0.02368572|-0.31667718|-0.9466478|0.05488546
1510199340066|0.02403577|-0.31552267|-0.94696945|0.05582606
1510199340181|0.022542229|-0.31660044|-0.9467256|0.054466337
1510199340297|0.019014353|-0.31611288|-0.9470464|0.053049512
1510199340412|0.020601159|-0.3180289|-0.9465708|0.04936545
1510199340526|0.022151595|-0.3157464|-0.9475081|0.045187067
1510199340641|0.019880043|-0.31261936|-0.94873476|0.042145137
1510199340756|0.020107618|-0.31245098|-0.94879985|0.041820005
1510199340871|0.025716616|-0.3085141|-0.95003873|0.03980176
1510199340986|0.033262305|-0.29599506|-0.95381194|0.039030243
1510199341101|0.031634483|-0.29763305|-0.95334005|0.039453793
1510199341216|0.031665355|-0.29376417|-0.95460606|0.037778072
1510199341332|0.03513365|-0.29128245|-0.9552475|0.037713233
1510199341448|0.03398455|-0.28744996|-0.95651567|0.035990458
1510199341560|0.036460143|-0.28843826|-0.9560978|0.03675663
1510199341677|0.033456918|-0.28875673|-0.95612043|0.036522754
1510199341792|0.026794111|-0.2891409|-0.9563602|0.03247582
1510199341906|0.0271573|-0.2931375|-0.9550857|0.03382606
1510199342021|0.026085477|-0.29294643|-0.9551511|0.03447177
1510199342137|0.017365964|-0.29317957|-0.9553825|0.031439062
1510199342252|0.019555278|-0.29616997|-0.9543557|0.033257518
1510199342367|0.01723413|-0.29562056|-0.9546123|0.032044165
1510199342482|0.014462558|-0.29361773|-0.95532763|0.030473463
1510199342596|0.0194508|-0.29403156|-0.95504403|0.03252697
1510199342711|0.016121542|-0.29263318|-0.95558065|0.031169673
1510199342828|0.020369938|-0.29581124|-0.9544944|0.031955812
1510199342943|0.017573314|-0.295758|-0.95459116|0.031210905
1510199343057|0.01813307|-0.2950254|-0.95477223|0.032266743
1510199343171|0.0154932225|-0.29252145|-0.95563835|0.030765684
1510199343288|0.023635622|-0.29471624|-0.9546755|0.034328308
1510199343403|0.018846935|-0.28962544|-0.95640635|0.032385077
1510199343518|0.017281061|-0.2900214|-0.9564044|0.029657824
1510199343633|0.01644644|-0.2911641|-0.95608157|0.029343517
1510199343749|0.010910549|-0.29681462|-0.95451415|0.02616937
1510199343863|0.012004699|-0.29441518|-0.95528424|0.024650596
1510199343976|0.01619355|-0.29443684|-0.9551968|0.02537247
1510199344091|0.015671961|-0.29360634|-0.95548165|0.024588155
1510199344208|0.020776229|-0.28891388|-0.95680404|0.024964131
1510199344323|0.02115726|-0.28509778|-0.9579777|0.023459045
1510199344438|0.021891229|-0.28515697|-0.95793486|0.023814678
1510199344552|0.02569268|-0.2823074|-0.9586346|0.025731832
1510199344668|0.02353126|-0.28374442|-0.95827377|0.025431314
1510199344782|0.027580122|-0.28212327|-0.9585854|0.02756539
1510199344898|0.02563011|-0.27976462|-0.9593741|0.026002912
1510199345013|0.025266623|-0.27638188|-0.96038145|0.025339888
1510199345129|0.028441785|-0.2780065|-0.9597703|0.027283045
1510199345242|0.028009335|-0.27882087|-0.9595294|0.027888214
1510199345357|0.02725185|-0.27869424|-0.9595871|0.027918488
1510199345472|0.02761309|-0.2793334|-0.9593494|0.029309897
1510199345588|0.021445913|-0.27983522|-0.95944256|0.026500214
1510199345704|0.026317924|-0.28142214|-0.95877993|0.02915505
1510199345817|0.025931269|-0.27976194|-0.95930463|0.028203513
1510199345933|0.02152189|-0.2811074|-0.95905167|0.027116913
1510199346048|0.023049407|-0.28094244|-0.95908916|0.026230875
1510199346163|0.0238219|-0.28062722|-0.9591527|0.026589205
1510199346279|0.022372024|-0.2823481|-0.95867425|0.026883818
1510199346394|0.023775835|-0.28156015|-0.9588649|0.027140517
1510199346509|0.023595644|-0.27803728|-0.959918|0.026380822
1510199346623|0.024117084|-0.27686727|-0.9602459|0.026279904
1510199346738|0.027335849|-0.2783171|-0.9596879|0.028134372
1510199346853|0.025541026|-0.2768894|-0.9601578|0.027872367
1510199346968|0.031774953|-0.27697802|-0.959889|0.029776754
1510199347083|0.025501354|-0.27453923|-0.96082944|0.028012479
1510199347199|0.02938417|-0.27640453|-0.96011907|0.03014182
1510199347313|0.029475564|-0.27504265|-0.96050704|0.030149106
1510199347428|0.029059462|-0.27483806|-0.96057934|0.03011579
1510199347543|0.027734565|-0.27438214|-0.9608094|0.028116364
1510199347658|0.029222682|-0.2747406|-0.96060055|0.03017006
1510199347775|0.023934864|-0.27427006|-0.96095115|0.027855217
1510199347888|0.028080458|-0.2762031|-0.9601943|0.030826831
1510199348004|0.026086634|-0.27832595|-0.9596493|0.03045146
1510199348119|0.030026153|-0.27864513|-0.9593721|0.03256515
1510199348234|0.029178984|-0.27678844|-0.95997643|0.031337243
1510199348350|0.028104108|-0.2786827|-0.95949215|0.030346802
1510199348464|0.026694063|-0.27822623|-0.95968217|0.029793872
1510199348578|0.02798601|-0.2790804|-0.95941085|0.029354747
1510199348694|0.027030045|-0.28053352|-0.9589854|0.030287748
1510199348809|0.02557385|-0.2827076|-0.9584041|0.02973147
1510199348925|0.026042372|-0.2808923|-0.95892316|0.029793259
1510199349039|0.027159302|-0.27981162|-0.9592626|0.027983647
1510199349153|0.025377862|-0.28056282|-0.9591034|0.027588872
1510199349269|0.026036307|-0.28011426|-0.9591915|0.028456977
1510199349383|0.026284343|-0.2808678|-0.9589517|0.028878635
1510199349498|0.025711512|-0.28054774|-0.9590668|0.02868278
1510199349614|0.027192296|-0.27750275|-0.95990795|0.02880264
1510199349729|0.027044436|-0.27939162|-0.95932204|0.030168599
1510199349844|0.026424786|-0.27575302|-0.960366|0.030969938
1510199349959|0.027504921|-0.27683035|-0.9599852|0.032200836
1510199350073|0.027165972|-0.27625537|-0.9601515|0.03246765
1510199350189|0.025619743|-0.27414215|-0.96086043|0.030609243
1510199350305|0.027404703|-0.277814|-0.95971096|0.031988565
1510199350418|0.029016504|-0.27221063|-0.96122664|0.033207525
1510199350534|0.024335591|-0.27373442|-0.96098447|0.03140292
1510199350651|0.024933882|-0.27557272|-0.9604261|0.03193189
1510199350765|0.019089665|-0.2728772|-0.9613877|0.03012104
1510199350880|0.016149199|-0.27923557|-0.9596151|0.030092895
1510199350996|0.014268858|-0.28117475|-0.95908755|0.0298027
1510199351110|0.012401815|-0.27555272|-0.96076065|0.029254593
1510199351224|0.013449595|-0.28115466|-0.95906484|0.031078087
1510199351338|0.012960112|-0.28393885|-0.95823324|0.03162024
1510199351454|0.009562613|-0.27811486|-0.96001214|0.0306174
1510199351569|0.011408978|-0.2827675|-0.9586738|0.029273206
1510199351684|0.011612699|-0.28279558|-0.9586941|0.028238608
1510199351800|0.010295536|-0.28205147|-0.9589723|0.026704727
1510199351913|0.010538102|-0.2815005|-0.9591207|0.027090814
1510199352029|0.009689323|-0.28417185|-0.9583073|0.028275248
1510199352144|0.012742948|-0.28374377|-0.9583897|0.028570592
1510199352259|0.013484036|-0.28222325|-0.95883656|0.02829601
1510199352374|0.01437274|-0.2838508|-0.9583388|0.028442169
1510199352489|0.013362434|-0.28172022|-0.958988|0.028234154
1510199352605|0.01427185|-0.2841677|-0.95825654|0.028097471
1510199352725|0.01523424|-0.28260761|-0.9587139|0.027722541
1510199352834|0.012694829|-0.280738|-0.9593322|0.026583448
1510199352950|0.013632709|-0.28359047|-0.95848423|0.02643117
1510199353067|0.013134768|-0.2837487|-0.95843214|0.026870042
1510199353190|0.013917359|-0.2832655|-0.95857745|0.026386581
1510199353294|0.013775137|-0.2852189|-0.9580089|0.026065938
1510199353411|0.013704442|-0.28615043|-0.9577189|0.026543653
1510199353526|0.010660417|-0.28101733|-0.9593099|0.025301335
1510199353641|0.011592791|-0.28550634|-0.95795304|0.026032913
1510199353756|0.012637002|-0.28298202|-0.9586875|0.026072124
1510199353869|0.012781031|-0.28217494|-0.9589465|0.025209656
1510199353986|0.011903488|-0.2828326|-0.95876515|0.025168365
1510199354099|0.013607406|-0.2804866|-0.9594218|0.025532594
1510199354217|0.011871308|-0.28205696|-0.9589835|0.025565656
1510199354330|0.012200835|-0.2812533|-0.9592246|0.025218192
1510199354445|0.013543811|-0.28178868|-0.95902365|0.026179574
1510199354560|0.016729191|-0.28221792|-0.95881844|0.02721065
1510199354677|0.022177994|-0.27924967|-0.9596127|0.025906812
1510199354789|0.02045616|-0.2784412|-0.9599026|0.025280124
1510199354906|0.022120047|-0.27793732|-0.9599879|0.02616901
1510199355020|0.028892264|-0.27062088|-0.96189886|0.026080206
1510199355135|0.028019583|-0.2685556|-0.9625264|0.025213422
1510199355251|0.029129952|-0.27151242|-0.96168745|0.024284447
1510199355366|0.032355353|-0.2697087|-0.9620987|0.024009459
1510199355481|0.02946371|-0.27038932|-0.9620191|0.023254577
1510199355596|0.031485245|-0.27266335|-0.9613233|0.022821853
1510199355712|0.031154187|-0.2732767|-0.96113974|0.023658292
1510199355826|0.028728267|-0.2742539|-0.96094835|0.023188565
1510199355942|0.029227223|-0.27490777|-0.96072835|0.023928063
1510199356055|0.028806662|-0.2745505|-0.96090055|0.021502975
1510199356170|0.028139403|-0.2741699|-0.96103793|0.02109823
1510199356286|0.028665872|-0.27305728|-0.96131146|0.02232179
1510199356412|0.027355101|-0.27492207|-0.9608289|0.021847606
1510199356516|0.027836053|-0.2735613|-0.9611943|0.022246873
1510199356631|0.027972387|-0.27356705|-0.96118104|0.022573741
1510199356746|0.026349712|-0.2739794|-0.961114|0.02237946
1510199356862|0.026490277|-0.27395865|-0.96110934|0.022666425
1510199356981|0.026250813|-0.27454782|-0.9609595|0.022163099
1510199357091|0.025320377|-0.27466407|-0.9609469|0.022349337
1510199357218|0.026237445|-0.2746217|-0.9609129|0.023257418
1510199357321|0.026775926|-0.2751536|-0.9607235|0.0241622
1510199357436|0.025814224|-0.27471903|-0.96086633|0.024474945
1510199357553|0.026165297|-0.27473363|-0.96089256|0.022853855
1510199357667|0.02634977|-0.2743519|-0.9609631|0.024221443
1510199357781|0.026185459|-0.2745833|-0.96086437|0.025651956
1510199357896|0.026118118|-0.27381948|-0.9610841|0.025651297
1510199358012|0.026268234|-0.27451876|-0.9608633|0.026289452
1510199358128|0.026743017|-0.2744919|-0.960819|0.02767436
1510199358242|0.025939504|-0.27446732|-0.96085906|0.02728827
1510199358358|0.026765922|-0.27513635|-0.96061045|0.028480515
1510199358471|0.024735034|-0.27456528|-0.96085733|0.027482383
1510199358586|0.02634639|-0.27399433|-0.9609617|0.028028768
1510199358702|0.026534354|-0.27265844|-0.9613142|0.028780766
1510199358818|0.02675369|-0.27371058|-0.96104044|0.027714191
1510199358932|0.02633453|-0.27302834|-0.96127164|0.026811525
1510199359047|0.02560741|-0.2730179|-0.96133155|0.02543935
1510199359161|0.02484905|-0.27278867|-0.9614343|0.024757028
1510199359277|0.024475988|-0.27336994|-0.9612962|0.02407107
1510199359392|0.023978416|-0.27305496|-0.9613928|0.024286587
1510199359507|0.024793524|-0.27321628|-0.9612989|0.025349632
1510199359624|0.025930336|-0.2726805|-0.96138704|0.026607927
1510199359738|0.026567502|-0.27304494|-0.96124035|0.027524658
1510199359852|0.024835194|-0.27301627|-0.9613139|0.026850212
1510199359973|0.025724795|-0.27331626|-0.961196|0.027179677
1510199360109|0.025247594|-0.2731034|-0.9612443|0.028045742
1510199360208|0.025981061|-0.27301955|-0.96125156|0.02794306
1510199360314|0.02558319|-0.27293226|-0.96129584|0.027637595
1510199360441|0.025754912|-0.2734371|-0.9611184|0.028640507
1510199360542|0.025560424|-0.27291426|-0.9612909|0.028006013
1510199360658|0.023807086|-0.27343413|-0.96121186|0.027179241
1510199360774|0.024756605|-0.27381516|-0.9610608|0.027829634
1510199360886|0.02454697|-0.27307618|-0.9612925|0.027269095
1510199361003|0.02444983|-0.27297977|-0.9613376|0.026725164
1510199361120|0.02399055|-0.2714214|-0.9618021|0.026296707
1510199361233|0.024897667|-0.27190608|-0.96159714|0.027894955
1510199361347|0.024377557|-0.27204388|-0.96158147|0.027548747
1510199361462|0.025057063|-0.2724488|-0.9614374|0.027962133
1510199361577|0.02515831|-0.27240577|-0.96146905|0.027192406
1510199361693|0.024243256|-0.27192044|-0.9616631|0.02599125
1510199361808|0.024923826|-0.2730555|-0.9613358|0.02555458
1510199361923|0.024199106|-0.27286866|-0.961412|0.025377769
1510199362038|0.02429977|-0.2734828|-0.9612103|0.026294459
1510199362153|0.024972264|-0.27370536|-0.9611257|0.02644206
1510199362269|0.024864737|-0.27328196|-0.96124804|0.02647445
1510199362384|0.02541666|-0.27399918|-0.9610203|0.026803475
1510199362499|0.026242614|-0.27361253|-0.9610623|0.028402627
1510199362612|0.024719175|-0.27299643|-0.9613086|0.027344592
1510199362729|0.025324572|-0.27367017|-0.9610833|0.027967047
1510199362844|0.026031572|-0.27299267|-0.9612413|0.028503586
1510199362958|0.025487723|-0.2730716|-0.9612289|0.028657604
1510199363074|0.026097912|-0.27429953|-0.96088564|0.027882323
1510199363188|0.024330545|-0.273525|-0.9611533|0.027864058
1510199363302|0.025719378|-0.27415067|-0.96090204|0.02910766
1510199363419|0.0230703|-0.272735|-0.9614224|0.02739314
1510199363535|0.025419565|-0.27396357|-0.96098363|0.028430808
1510199363648|0.02649456|-0.2725298|-0.9613893|0.0274979
1510199363763|0.025343366|-0.27405864|-0.9609945|0.027188139
1510199363879|0.025592351|-0.27658537|-0.9602934|0.026116952
1510199363993|0.024009699|-0.27392504|-0.96115994|0.023668338
1510199364109|0.027528316|-0.27604055|-0.96042174|0.02517688
1510199364223|0.053198125|-0.25147614|-0.96606386|0.025501613
1510199364339|0.05770885|-0.24457717|-0.96782494|0.012907885
1510199364453|0.06559209|-0.2431075|-0.96770716|0.011801339
1510199364569|0.061605774|-0.24046458|-0.96864086|0.010787085
1510199364686|0.061225157|-0.23700067|-0.96953404|0.009270969
1510199364799|0.061319962|-0.23804446|-0.969276|0.008871001
1510199364913|0.059711907|-0.23860334|-0.9692408|0.008673137
1510199365029|0.058589637|-0.24115801|-0.9686919|0.0067907767
1510199365145|0.055887226|-0.24168055|-0.96872157|0.0067581553
1510199365258|0.053228583|-0.24320479|-0.9685012|0.0048523294
1510199365374|0.053045604|-0.24442002|-0.96820295|0.005297069
1510199365489|0.05283846|-0.24689303|-0.96757543|0.0070511135
1510199365605|0.049136247|-0.2490679|-0.96721816|0.0063130343
1510199365719|0.050916888|-0.25121114|-0.9665595|0.007941791
1510199365834|0.04703723|-0.2515813|-0.96665734|0.008240484
1510199365949|0.04942542|-0.2534179|-0.9660372|0.010422358
1510199366066|0.043020986|-0.2585168|-0.9649998|0.0096767
1510199366180|0.047765188|-0.26096392|-0.9640786|0.012993039
1510199366294|0.04152059|-0.2684415|-0.9622462|0.017246723
1510199366409|0.0332519|-0.27247757|-0.9614244|0.017703222
1510199366526|0.036823027|-0.2766051|-0.96003425|0.021631956
1510199366639|0.031414513|-0.2756212|-0.96056616|0.01894132
1510199366754|0.027621394|-0.27865246|-0.9597965|0.01950834
1510199366869|0.019980686|-0.28010634|-0.9596069|0.017200008
1510199366985|0.017787136|-0.28370026|-0.9586129|0.016094945
1510199367101|0.013135888|-0.2824347|-0.9590754|0.015246877
1510199367215|0.015660852|-0.28448415|-0.95842105|0.015893398
1510199367329|0.01514114|-0.28127193|-0.95937485|0.01602368
1510199367444|0.015401826|-0.281926|-0.9591985|0.014791418
1510199367560|0.014737913|-0.2808942|-0.959506|0.015151847
1510199367674|0.017295228|-0.28100646|-0.9594252|0.015477533
1510199367790|0.014511386|-0.28152412|-0.9593713|0.011842069
1510199367906|0.016465737|-0.28250578|-0.9590263|0.013709352
1510199368019|0.014503929|-0.28186452|-0.9592704|0.01192851
1510199368135|0.01599854|-0.2817614|-0.95927346|0.012207812
1510199368250|0.015327317|-0.28081828|-0.9595693|0.011530884
1510199368365|0.017212052|-0.28218746|-0.95911354|0.0132375145
1510199368492|0.01686652|-0.27970773|-0.95985395|0.012630728
1510199368625|0.016024034|-0.28160575|-0.95931184|0.012734357
1510199368711|0.015183255|-0.27849802|-0.9602377|0.012323633
1510199368827|0.0165372|-0.27989134|-0.9598029|0.012872838
1510199368940|0.016101567|-0.27694955|-0.96067065|0.012311493
1510199369055|0.018842261|-0.27977252|-0.9598028|0.0122842025
1510199369170|0.015923887|-0.27895504|-0.9601071|0.011176597
1510199369284|0.018269403|-0.2798049|-0.95981103|0.011759205
1510199369401|0.017589293|-0.2759647|-0.96095234|0.01023436
1510199369515|0.021270962|-0.27849382|-0.9601307|0.011738313
1510199369631|0.022274777|-0.27639878|-0.9607184|0.01129967
1510199369746|0.02375381|-0.27461934|-0.9611882|0.011716019
1510199369860|0.02457802|-0.2765865|-0.9605854|0.013095189
1510199369979|0.023873266|-0.27529764|-0.960986|0.012130414
1510199370090|0.02538682|-0.27662852|-0.96055216|0.013102427
1510199370207|0.022851806|-0.27457052|-0.9612306|0.011164419
1510199370320|0.023998413|-0.2775946|-0.9603048|0.013416105
1510199370435|0.020640528|-0.27985793|-0.9597081|0.0146248285
1510199370550|0.019213047|-0.28222227|-0.95902187|0.01607912
1510199370665|0.015942048|-0.28070197|-0.95953363|0.015732177
1510199370780|0.016555466|-0.2842741|-0.9584551|0.016672118
1510199370895|0.013852627|-0.2834209|-0.9587778|0.015030601
1510199371010|0.014406746|-0.28435177|-0.95849407|0.015022143
1510199371130|0.016042594|-0.28313187|-0.95884806|0.01376207
1510199371240|0.0146100605|-0.281744|-0.9592968|0.012507627
1510199371356|0.014886564|-0.28323027|-0.958857|0.012339819
1510199371471|0.015121224|-0.28139725|-0.9594002|0.011756327
1510199371587|0.018137533|-0.2781155|-0.9603176|0.010621535
1510199371701|0.020944048|-0.27343976|-0.9616156|0.00934967
1510199371819|0.02376013|-0.2766978|-0.9606029|0.010766518
1510199371932|0.027794179|-0.2738651|-0.96131957|0.009492537
1510199372045|0.029080646|-0.27111623|-0.9620618|0.009346454
1510199372162|0.030216012|-0.27100527|-0.9620582|0.009339334
1510199372276|0.024809243|-0.26873332|-0.96286374|0.007767169
1510199372393|0.03203718|-0.26859084|-0.9626719|0.009771905
1510199372508|0.029033383|-0.26808918|-0.9629197|0.0084183095
1510199372620|0.030449385|-0.26947504|-0.96247786|0.009612069
1510199372738|0.031528562|-0.2665785|-0.96324396|0.010143596
1510199372853|0.03016995|-0.270185|-0.96228904|0.009469195
1510199372966|0.028962757|-0.26949722|-0.9625281|0.008486185
1510199373084|0.029215205|-0.26962137|-0.9624817|0.008930869
1510199373196|0.028652988|-0.2689175|-0.96270233|0.008164483
1510199373311|0.027877102|-0.26980484|-0.9624853|0.007090655
1510199373426|0.027473168|-0.26871747|-0.9628027|0.0068625445
1510199373543|0.028211398|-0.26925805|-0.9626257|0.007481135
1510199373656|0.027516635|-0.26973242|-0.9625159|0.00709813
1510199373771|0.027567588|-0.26902574|-0.96271247|0.0070652515
1510199373886|0.027182125|-0.26850447|-0.96287155|0.0066999113
1510199374002|0.02686528|-0.2690519|-0.96272326|0.007296862
1510199374117|0.02752204|-0.26854998|-0.9628401|0.007898653
1510199374232|0.025379334|-0.26989582|-0.96252066|0.008128198
1510199374347|0.02552341|-0.26787257|-0.963087|0.007496541
1510199374463|0.026127493|-0.26786023|-0.9630784|0.0069514452
1510199374576|0.026683709|-0.26797795|-0.96303695|0.005967346
1510199374709|0.02719601|-0.2685097|-0.9628734|0.006141156
1510199374812|0.027327742|-0.26865885|-0.9628363|0.0046687154
1510199374943|0.027926566|-0.26891893|-0.9627433|0.0052962443
1510199375046|0.03053525|-0.2680056|-0.96291083|0.006585761
1510199375154|0.034013107|-0.2686048|-0.96262956|0.006239626
1510199375268|0.03467238|-0.26767734|-0.9628638|0.0063217613
1510199375426|0.034918077|-0.26683712|-0.9630932|0.005493556
1510199375519|0.03493365|-0.26634046|-0.9632261|0.0061577563
1510199375612|0.034987234|-0.26612422|-0.9632828|0.0063270205
1510199375697|0.035310842|-0.265367|-0.96347827|0.00657072
1510199375800|0.035744812|-0.26491606|-0.9635736|0.008232758
1510199375902|0.035180576|-0.26317197|-0.96407175|0.008277281
1510199376063|0.03560489|-0.26336506|-0.964007|0.0078491485
1510199376183|0.034521036|-0.2640417|-0.9638616|0.007819762
1510199376264|0.033004493|-0.2638141|-0.9639827|0.0070849336
1510199376363|0.02879879|-0.2661234|-0.96349436|0.0052565476
1510199376475|0.020039182|-0.26824254|-0.96314067|0.0021114382
1510199376595|-0.0031170717|0.2731538|0.96195567|0.0043146205
1510199376709|0.017125474|0.28100592|0.959481|0.011774611
1510199376820|0.029115802|0.2844141|0.95809215|0.017897261
1510199376936|0.031732794|0.2851328|0.95776016|0.019691681
1510199377051|0.034953803|0.28457567|0.9577284|0.02347961
1510199377166|0.03952382|0.2858924|0.9570847|0.026310494
1510199377281|0.040740184|0.2851535|0.957218|0.027593413
1510199377395|0.039240617|0.2832645|0.9578185|0.02837436
1510199377510|0.02184956|0.2702403|0.96222043|0.024993265
1510199377625|0.015152273|0.2646861|0.96396863|0.021820964
1510199377741|-3.698974E-4|0.2525965|0.96742046|0.017104674
1510199377857|-0.0058117122|0.25378862|0.9671476|0.013530579
1510199377970|-0.025792481|0.24323125|0.9695945|0.007734875
1510199378085|-0.03887646|0.23979072|0.97003996|0.003393608
1510199378201|0.06779914|-0.22915336|-0.9710233|0.0023989026
1510199378319|0.088137425|-0.2314111|-0.9687941|0.010891074
1510199378430|0.09338973|-0.22540087|-0.9696151|0.017870013
1510199378546|0.0894843|-0.23034577|-0.9687606|0.02088789
1510199378662|0.08877297|-0.2309183|-0.96865326|0.02251481
1510199378776|0.08811562|-0.2292893|-0.9690497|0.024592036
1510199378890|0.08414185|-0.23301543|-0.9684566|0.026752923
1510199379005|0.08221653|-0.23287484|-0.96860546|0.028517652
1510199379122|0.08162252|-0.23601638|-0.9677936|0.031773794
1510199379236|0.07517383|-0.2404654|-0.9671139|0.03487049
1510199379352|0.069061935|-0.24668112|-0.9658091|0.039895803
1510199379466|0.06742471|-0.24528925|-0.96630275|0.039320417
1510199379580|0.06694039|-0.24624583|-0.96601325|0.041235674
1510199379696|0.06627126|-0.2472632|-0.96578485|0.04157739
1510199379810|0.06441731|-0.24718174|-0.96587247|0.042917963
1510199379934|0.0626584|-0.24811327|-0.96570957|0.043804236
1510199380042|0.061366647|-0.24980243|-0.9652453|0.04619919
1510199380156|0.056841522|-0.2489934|-0.9657838|0.045088787
1510199380270|0.05548582|-0.2482702|-0.9660988|0.044004437
1510199380386|0.054444168|-0.24914426|-0.9660066|0.04235945
1510199380501|0.05377833|-0.24844182|-0.966263|0.04147754
1510199380615|0.054065976|-0.24900918|-0.96608764|0.041784942
1510199380730|0.054927167|-0.2493961|-0.9658994|0.042696305
1510199380845|0.054713465|-0.24959213|-0.9658386|0.043196704
1510199380961|0.053713255|-0.24991247|-0.96582687|0.042860948
1510199381076|0.053558547|-0.24848098|-0.9662145|0.042640988
1510199381193|0.0519572|-0.24902432|-0.9662969|0.039466966
1510199381306|0.067608364|-0.23465528|-0.96911377|0.034417413
1510199381423|0.081797846|-0.22087413|-0.9715113|0.026258614
1510199381537|0.08260592|-0.22248867|-0.97107303|0.02630976
1510199381651|0.080554515|-0.22392537|-0.9709727|0.024090288
1510199381766|0.08195434|-0.21913613|-0.9720024|0.021775283
1510199381881|0.08264908|-0.2199288|-0.97174215|0.022751605
1510199381997|0.079383746|-0.22290856|-0.97140324|0.019638889
1510199382112|0.082867354|-0.22058822|-0.9716631|0.018563552
1510199382226|0.0813179|-0.2193566|-0.97212225|0.015760062
1510199382345|0.082869016|-0.22000001|-0.97184885|0.015575025
1510199382458|0.08307666|-0.22059996|-0.9717022|0.015123211
1510199382572|0.07895061|-0.22175239|-0.97182053|0.0125519615
1510199382688|0.08187322|-0.22139326|-0.9716544|0.013020594
1510199382802|0.082301795|-0.22049855|-0.97185326|0.010394905
1510199382916|0.08106351|-0.22116083|-0.9718076|0.010326309
1510199383031|0.0818013|-0.22150913|-0.9716664|0.010329178
1510199383147|0.08026794|-0.22326665|-0.9714112|0.008324689
1510199383261|0.07627516|-0.22465234|-0.97141623|0.007995005
1510199383383|0.07574846|-0.22665402|-0.970993|0.0079222005
1510199383494|0.077073485|-0.22508363|-0.97124934|0.008468673
1510199383607|0.07869011|-0.223316|-0.9715406|0.0068403846
1510199383723|0.08604137|-0.22249913|-0.9710978|0.0077463584
1510199383837|0.08376972|-0.2229402|-0.971189|0.008496751
1510199383952|0.07493489|-0.22658332|-0.97108793|0.0057445792
1510199384068|-0.05851322|0.21713011|0.9743845|0.0023689435
1510199384182|-0.04874729|0.22468658|0.9732023|0.0041107084
1510199384297|-0.03764067|0.22722706|0.9730833|0.007741295
1510199384413|-0.025383426|0.23361273|0.97193277|0.011290069
1510199384529|-0.018411992|0.2386328|0.97084105|0.013528614
1510199384645|-0.007945169|0.24150695|0.97023606|0.01591407
1510199384758|0.0066250674|0.2435971|0.9695878|0.022716511
1510199384875|0.008878609|0.24299756|0.969672|0.024687506
1510199384987|0.007982963|0.24282975|0.96970433|0.025367796
1510199385103|0.021384817|0.25917616|0.96536434|0.021025097
1510199385219|0.02916708|0.25636885|0.96608895|0.009819763
1510199385332|-0.004974746|-0.26210392|-0.9650223|0.0029541156
1510199385449|0.020401035|-0.24635698|-0.9688862|0.012313295
1510199385565|0.015505632|-0.2224007|-0.97475696|0.012099928
1510199385679|-6.6568627E-4|-0.21071768|-0.9772814|0.022775207
1510199385793|-0.039302673|-0.22756375|-0.97216994|0.039441273
1510199385908|0.027791955|-0.18268412|-0.98068136|0.064172804
1510199386024|0.052565247|-0.1486176|-0.9853906|0.06446008
1510199386139|0.09602395|-0.12426737|-0.98521006|0.068542704
1510199386253|0.10691687|-0.11259596|-0.98557264|0.0673613
1510199386371|0.11008428|-0.11570194|-0.98513055|0.06334318
1510199386486|0.10413263|-0.12559982|-0.9849571|0.056925893
1510199386600|0.097144626|-0.13827877|-0.98425615|0.051785275
1510199386723|0.09242502|-0.15430434|-0.9826532|0.045171186
1510199386830|0.095099755|-0.15521091|-0.98231|0.0439625
1510199386946|0.09385277|-0.1421254|-0.98463786|0.038474575
1510199387058|0.09475409|-0.11708758|-0.9881775|0.028591547
1510199387173|0.07445672|-0.10820848|-0.9913322|0.0027688139
1510199387291|0.08103127|-0.10167623|-0.99150825|0.0027002948
1510199387403|0.101389654|-0.09267649|-0.9904871|0.008154722
1510199387519|0.10363614|-0.09766006|-0.98974985|0.0108316
1510199387642|0.09577597|-0.10743125|-0.9895624|0.0071910033
1510199387753|0.095349975|-0.11622577|-0.9886041|0.00786385
1510199387864|0.10476047|-0.1203829|-0.98710716|0.012354823
1510199388014|0.14717756|-0.11332568|-0.98196834|0.03513219
1510199388095|0.14814165|-0.120708995|-0.9804548|0.04681584
1510199388209|0.14388275|-0.12667526|-0.98047054|0.0439162
1510199388299|0.14515172|-0.12601839|-0.9804128|0.04290817
1510199388380|0.13036971|-0.13160345|-0.9819809|0.037385974
