1509528093860|-13.32|-17.58|-55.559998
1509528093988|-13.44|-17.279999|-56.28
1509528094121|-13.44|-17.279999|-56.46
1509528094253|-13.259999|-17.58|-56.28
1509528094384|-13.32|-17.76|-56.46
1509528094516|-13.44|-17.52|-55.8
1509528094649|-13.62|-17.58|-55.62
1509528094780|-13.679999|-16.98|-55.8
1509528094913|-13.5|-16.859999|-55.8
1509528095046|-13.62|-17.039999|-55.86
1509528095176|-13.62|-17.22|-55.86
1509528095308|-13.62|-17.46|-55.86
1509528095440|-13.62|-17.46|-55.8
1509528095572|-13.5|-17.46|-55.68
1509528095704|-13.5|-17.64|-55.98
1509528095836|-13.62|-17.76|-55.98
1509528095968|-13.62|-17.64|-56.039997
1509528096100|-13.62|-18.18|-56.219997
1509528096232|-13.32|-18.0|-55.92
1509528096364|-13.5|-17.88|-55.92
1509528096496|-13.799999|-18.0|-55.92
1509528096629|-13.799999|-17.88|-55.92
1509528096761|-13.98|-17.46|-55.86
1509528096893|-14.16|-17.46|-55.559998
1509528097028|-13.98|-17.34|-55.559998
1509528097157|-13.98|-17.16|-55.32
1509528097289|-13.86|-17.699999|-55.68
1509528097421|-14.04|-17.46|-55.8
1509528097553|-13.98|-17.46|-55.8
1509528097684|-13.98|-17.58|-56.219997
1509528097816|-13.92|-17.58|-56.219997
1509528097949|-13.32|-17.58|-56.52
1509528098081|-13.44|-17.76|-56.52
1509528098213|-13.32|-17.76|-56.34
1509528098344|-13.259999|-17.64|-56.039997
1509528098476|-13.5|-17.88|-55.92
1509528098608|-13.5|-17.699999|-56.039997
1509528098741|-13.62|-17.699999|-56.039997
1509528098873|-14.04|-17.88|-56.039997
1509528099005|-13.86|-17.88|-55.92
1509528099136|-13.86|-17.88|-55.92
1509528099268|-13.86|-18.0|-56.039997
1509528099400|-13.44|-17.699999|-56.34
1509528099533|-13.44|-17.46|-56.34
1509528099666|-13.44|-17.34|-56.219997
1509528099797|-13.62|-16.8|-56.219997
1509528099928|-13.799999|-16.56|-56.039997
1509528100061|-13.799999|-16.8|-55.92
1509528100194|-13.679999|-16.92|-56.039997
1509528100324|-13.44|-17.279999|-55.92
1509528100456|-13.259999|-17.88|-56.039997
1509528100589|-13.44|-17.82|-56.219997
1509528100720|-13.679999|-17.76|-55.92
1509528100852|-13.799999|-17.64|-55.92
1509528100984|-13.799999|-17.34|-55.559998
1509528101116|-13.62|-17.34|-55.559998
1509528101248|-13.44|-17.58|-55.739998
1509528101380|-13.799999|-17.34|-55.5
1509528101513|-13.799999|-17.64|-55.68
1509528101645|-13.679999|-17.16|-55.62
1509528101777|-13.62|-17.34|-55.62
1509528101909|-13.2|-17.46|-56.039997
1509528102040|-13.62|-17.46|-55.739998
1509528102173|-13.62|-18.119999|-55.559998
1509528102305|-13.679999|-17.82|-55.559998
1509528102436|-13.799999|-18.18|-55.559998
1509528102568|-13.38|-17.64|-55.86
1509528102701|-13.44|-17.4|-56.039997
1509528102832|-13.799999|-17.52|-56.34
1509528102965|-13.799999|-17.22|-56.219997
1509528103097|-14.219999|-17.58|-56.219997
1509528103229|-14.219999|-17.699999|-56.219997
1509528103360|-13.86|-17.039999|-55.86
1509528103493|-13.799999|-17.039999|-56.1
1509528103624|-13.44|-16.8|-55.98
1509528103757|-13.38|-16.98|-55.98
1509528103889|-13.259999|-17.76|-55.98
1509528104020|-13.08|-18.119999|-55.739998
1509528104153|-13.08|-18.359999|-55.92
1509528104285|-13.259999|-18.359999|-55.92
1509528104417|-13.259999|-18.18|-55.92
1509528104549|-13.44|-17.4|-55.86
1509528104680|-13.32|-17.22|-55.86
1509528104813|-13.44|-17.039999|-55.86
1509528104945|-13.5|-16.92|-55.86
1509528105076|-13.5|-17.4|-55.92
1509528105209|-13.5|-17.4|-55.92
1509528105340|-13.259999|-17.4|-56.039997
1509528105473|-13.139999|-17.4|-56.219997
1509528105605|-13.139999|-17.4|-56.219997
1509528105736|-12.9|-17.4|-56.039997
1509528105868|-12.84|-17.52|-56.039997
1509528106000|-12.9|-17.699999|-56.219997
1509528106133|-13.139999|-17.82|-56.219997
1509528106265|-13.5|-17.82|-56.219997
1509528106397|-13.679999|-17.82|-56.219997
1509528106529|-13.679999|-17.82|-56.219997
1509528106661|-13.44|-18.0|-56.52
1509528106793|-13.08|-18.0|-56.699997
1509528106924|-13.08|-18.0|-56.52
1509528107057|-13.0199995|-18.0|-56.34
1509528107189|-13.259999|-17.46|-56.219997
1509528107320|-13.62|-17.46|-56.34
1509528107453|-13.259999|-17.279999|-56.699997
1509528107585|-13.259999|-17.46|-56.52
1509528107716|-13.2|-17.82|-56.34
1509528107848|-13.2|-18.0|-55.86
1509528107980|-13.62|-17.76|-55.98
1509528108112|-13.799999|-17.46|-56.46
1509528108244|-13.679999|-17.46|-56.46
1509528108376|-13.799999|-17.279999|-56.76
1509528108508|-13.679999|-17.52|-56.219997
1509528108641|-13.62|-17.699999|-55.92
1509528108773|-13.5|-17.58|-55.739998
1509528108905|-13.32|-17.88|-55.739998
1509528109037|-13.259999|-18.18|-56.039997
1509528109168|-13.139999|-18.18|-55.92
1509528109300|-13.44|-18.3|-56.219997
1509528109433|-13.259999|-18.18|-56.34
1509528109565|-13.32|-17.88|-55.98
1509528109697|-13.32|-18.0|-55.98
1509528109829|-13.08|-18.0|-56.16
1509528109960|-13.259999|-18.0|-56.16
1509528110093|-13.08|-18.539999|-56.82
1509528110224|-12.9|-18.359999|-56.82
1509528110356|-12.54|-18.66|-56.82
1509528110489|-12.3|-18.84|-56.52
1509528110621|-12.12|-18.6|-56.34
1509528110753|-11.7|-18.779999|-56.82
1509528110885|-11.94|-18.6|-56.699997
1509528111016|-11.759999|-18.84|-56.82
1509528111152|-11.28|-18.96|-57.0
