1510199391237|-0.041748047|-0.08796692|-0.043899536
1510199391354|0.39053345|-1.3420868|-0.26565552
1510199391468|0.30563354|-1.2679596|-0.14550781
1510199391582|0.6947632|-1.3310852|-0.06752014
1510199391698|-0.0700531|-0.8535919|0.0149383545
1510199391815|0.34635925|-0.21156311|-0.20475769
1510199391927|0.3787384|0.0071258545|0.0619812
1510199392047|-0.36305237|-0.13580322|0.14097595
1510199392157|-0.21339417|0.21949768|-0.16404724
1510199392272|0.15637207|-0.011199951|0.052200317
1510199392388|-0.43676758|0.12747192|-0.061203003
1510199392504|-0.15414429|0.3457489|-0.08605957
1510199392619|0.32273865|-0.05783081|0.07601929
1510199392733|-0.049072266|0.23374939|-0.10090637
1510199392848|0.06781006|0.06088257|0.009033203
1510199392963|-0.1618805|0.029724121|0.045272827
1510199393079|0.08592224|0.07696533|-0.078933716
1510199393197|-0.046218872|-0.070251465|0.045684814
1510199393308|0.014251709|0.079208374|-0.015594482
1510199393424|0.1378479|-0.048049927|-0.029449463
1510199393539|0.70677185|-1.0696259|0.107788086
1510199393654|-0.3058319|-0.3156128|0.5103607
1510199393770|-0.44084167|-0.34677124|0.45150757
1510199393884|0.11973572|0.027694702|-0.23306274
1510199393999|-0.90979004|-0.106292725|-0.07444763
1510199394113|0.5733948|-0.5970154|-0.44340515
1510199394235|-0.06149292|-0.006515503|0.16378784
1510199394345|-0.23579407|0.22174072|-0.13145447
1510199394458|0.4681244|0.11178589|0.0184021
1510199394574|-0.5638275|0.19709778|-0.016418457
1510199394688|0.6776581|0.31622314|-0.25505066
1510199394805|-0.5862274|-0.2131958|0.1179657
1510199394918|0.2773285|0.6240845|-0.28845215
1510199395035|0.11239624|-0.08999634|-0.08279419
1510199395149|-0.39686584|0.07044983|-0.12046814
1510199395264|-0.082458496|0.0942688|-0.060806274
1510199395379|0.018112183|0.19384766|0.037338257
1510199395494|0.36915588|0.2610321|-0.0705719
1510199395608|-0.07330322|-0.38565063|0.08843994
1510199395724|-0.12501526|-0.27508545|0.1468811
1510199395839|0.33677673|-0.051513672|0.10392761
1510199395955|0.26063538|-0.26449585|0.19371033
1510199396069|-0.09529114|-0.06983948|0.24848938
1510199396185|0.1985321|0.16065979|0.07623291
1510199396302|-0.40135193|-0.47668457|0.17010498
1510199396413|0.061691284|-0.08287048|0.021453857
1510199396529|0.2585907|0.085113525|0.049560547
1510199396644|-0.817749|-0.3600006|0.17254639
1510199396760|0.5953827|-0.0712738|-0.012145996
1510199396876|-0.12686157|-0.1932373|0.0831604
1510199396990|0.043151855|-0.22195435|0.19677734
1510199397104|0.069229126|-0.154953|0.10922241
1510199397219|-0.124816895|-0.1508789|0.111450195
1510199397337|-0.036239624|0.0519104|-0.11048889
1510199397451|0.20687866|-0.071884155|-0.09663391
1510199397564|-0.11036682|-0.03970337|-0.0048065186
1510199397680|-0.36631775|0.34025574|0.09170532
1510199397795|0.25756836|0.70718384|-0.3896637
1510199397911|-0.5695343|0.33210754|0.03956604
1510199398026|0.29421997|0.30949402|-0.43200684
1510199398140|0.044799805|-0.20851135|-0.28071594
1510199398255|0.41151428|0.1661377|-0.15771484
1510199398370|-0.96476746|0.32232666|-0.07688904
1510199398486|0.7572632|1.1005859|0.03326416
1510199398601|0.56443787|1.4045868|0.6467743
1510199398717|-0.247406|0.78312683|0.21551514
1510199398831|-0.5475464|0.7326355|-0.1394043
1510199398947|0.29707336|0.19445801|-0.06629944
1510199399061|-0.6143341|-0.020370483|-0.53829956
1510199399179|0.60028076|-1.8824921|0.8337097
1510199399291|0.058639526|1.7855682|2.3523254
1510199399407|-0.0040893555|0.61595154|1.0133057
1510199399521|0.22315979|-0.21176147|-0.018249512
1510199399637|0.032974243|0.15046692|0.20248413
1510199399750|-0.2592163|0.47483826|0.18943787
1510199399866|-0.21421814|-0.7855835|-0.14530945
1510199399981|-0.23252869|-0.8254852|-0.06976318
1510199400098|0.37934875|-0.14294434|-0.03086853
1510199400211|0.52757263|0.6149292|-0.0050201416
1510199400330|0.5349121|0.12705994|-0.10580444
1510199400441|0.59254456|0.48583984|0.29389954
1510199400556|-0.32192993|-0.052734375|0.039779663
1510199400672|0.3294525|0.17755127|-0.18623352
1510199400786|0.084503174|-0.19526672|-0.016616821
1510199400900|0.36183167|0.18875122|-0.05305481
1510199401016|-0.36224365|-0.39482117|0.29899597
1510199401132|-0.0014343262|0.26776123|0.033065796
1510199401246|0.32008362|0.38342285|-0.08157349
1510199401361|-0.16044617|0.2150116|0.013305664
1510199401475|0.21827698|0.3416748|-0.10966492
1510199401591|-0.04296875|-0.020568848|-0.06895447
1510199401707|0.0665741|-0.0942688|0.09414673
1510199401823|-0.41600037|0.01322937|0.235672
1510199401937|0.002029419|0.009979248|0.26661682
1510199402052|-0.11727905|0.33638|0.26579285
1510199402166|-0.16249084|-0.05783081|0.19392395
1510199402281|0.071258545|0.14944458|-0.22898865
1510199402396|-0.11300659|-0.11178589|0.0460968
1510199402512|-0.08979797|-1.0274811|-0.026397705
1510199402628|-0.27142334|-0.1985321|-0.07810974
1510199402741|0.09385681|-0.1802063|-0.15405273
1510199402858|-0.30726624|-0.21257019|-0.099090576
1510199402972|0.03440857|-0.040527344|0.27944946
1510199403088|-0.038482666|0.389328|-0.09968567
1510199403202|0.55384827|0.038482666|-0.38945007
1510199403320|-0.043777466|-0.3449402|-0.07647705
1510199403450|0.20829773|0.19364929|-0.22085571
1510199403547|-0.16229248|-0.5025482|-0.153656
1510199403662|-0.47465515|0.048461914|0.44010925
1510199403778|0.59721375|-0.3775177|0.2250824
1510199403892|-0.016296387|-0.75523376|-0.2931366
1510199404006|0.053146362|-0.6917114|-0.67126465
1510199404121|0.5660553|0.19528198|-0.7453766
1510199404238|0.017303467|0.2655182|-0.24406433
1510199404351|-0.5880585|-0.45204163|0.07052612
1510199404466|-0.3697815|-0.15963745|0.002105713
1510199404583|0.14904785|0.012832642|-0.09767151
1510199404700|0.15759277|0.34269714|-0.16017151
1510199404813|0.4599762|0.40541077|-0.14265442
1510199404926|0.23762512|0.19364929|-0.10946655
1510199405042|-0.053344727|0.04663086|0.11390686
1510199405157|0.16369629|0.17144775|-0.071380615
1510199405274|-0.3469696|-0.063934326|0.1273346
1510199405387|0.15270996|0.16044617|-0.049804688
1510199405503|0.33677673|0.103027344|-0.16607666
1510199405618|-0.085113525|-0.41090393|0.042022705
1510199405732|0.120529175|-0.25656128|-0.06590271
1510199405849|0.007736206|-0.019958496|0.05810547
1510199405964|0.064956665|-0.1207428|-0.034332275
1510199406080|-0.11402893|0.07003784|0.35987854
1510199406193|0.0030517578|-0.0836792|-0.036361694
1510199406310|-0.18916321|0.068618774|-0.046340942
1510199406423|-0.0771637|0.21237183|0.44682312
1510199406538|-0.15800476|-0.35084534|-0.19294739
1510199406653|-0.029525757|-0.0665741|-0.39779663
1510199406768|-0.19467163|0.855011|1.180069
1510199406884|0.8749542|-0.10974121|0.03164673
1510199406997|0.30766296|-0.93788147|-1.0007324
1510199407112|0.005493164|-0.42637634|-0.08665466
1510199407229|-1.1105652|1.2296753|0.41322327
1510199407343|-1.1156464|0.04499817|0.32383728
1510199407458|1.2632751|-0.95581055|-0.31756592
1510199407573|0.23599243|-0.50071716|-0.45950317
1510199407688|-0.23945618|0.028701782|0.09373474
1510199407803|-0.2592163|0.6165619|-0.20353699
1510199407920|0.46873474|-0.8348541|-0.308609
1510199408033|0.4052124|-0.81040955|-0.28804016
1510199408147|-0.22805786|-0.5125122|0.082336426
1510199408265|0.30543518|-0.349411|-0.31105042
1510199408379|-0.22886658|0.40397644|0.023498535
1510199408494|0.154953|0.08164978|0.17926025
1510199408609|0.12928772|0.31072998|0.080703735
1510199408723|-0.16493225|0.6642151|0.19004822
1510199408839|-0.21054077|1.1050568|0.35131836
1510199408955|-1.1512909|-0.5998688|-0.051437378
1510199409069|-0.2897644|-0.005493164|0.09434509
1510199409185|-0.4493866|-0.24414062|-0.07078552
1510199409298|0.42964172|-0.33190918|-0.684906
1510199409414|0.6169739|0.33006287|-0.010910034
1510199409529|0.11117554|0.036239624|0.083969116
1510199409644|-0.35083008|-0.37852478|0.17253113
1510199409758|0.44226074|0.76297|0.074798584
1510199409874|0.026062012|0.25187683|-0.10580444
1510199409992|-0.036239624|-1.1822357|-0.78141785
1510199410105|-0.27366638|0.5695343|-0.4550171
1510199410221|0.36039734|0.05986023|0.08416748
1510199410334|0.21888733|0.110565186|0.060546875
1510199410449|0.074523926|0.102005005|-0.2919159
1510199410564|0.08673096|0.048461914|-0.17462158
1510199410679|0.21095276|0.02545166|-0.053268433
1510199410796|0.06515503|-0.117492676|0.11593628
1510199410908|0.45916748|0.019958496|0.04385376
1510199411023|0.38586426|0.14680481|-0.18969727
1510199411139|-0.09121704|-0.815506|0.05973816
1510199411254|-0.19364929|0.25411987|0.26905823
1510199411369|0.31988525|0.9458313|0.34907532
1510199411485|0.027679443|-0.2879181|-0.037994385
1510199411600|0.5068054|-0.26104736|-0.4444275
1510199411715|0.09977722|-0.78822327|-0.09970093
1510199411829|-0.3294525|0.5986481|0.90374756
1510199411943|0.33616638|-1.4862366|-0.5480652
1510199412059|0.17002869|-2.1248016|-0.3310089
1510199412176|0.58317566|-0.7745819|0.15400696
1510199412289|0.33291626|0.6556549|0.058929443
1510199412404|-0.061294556|-0.054763794|-0.22512817
1510199412519|-0.20219421|0.72346497|-0.37702942
1510199412636|0.028289795|-0.17797852|0.1973877
1510199412749|0.06617737|-0.634079|0.28840637
1510199412867|-0.099975586|0.80796814|0.13406372
1510199412987|-0.24821472|0.5300293|0.20654297
1510199413095|0.06800842|-0.09590149|0.021255493
1510199413213|0.06678772|-0.47709656|0.02470398
1510199413336|0.00793457|0.002029419|-0.11495972
1510199413453|-0.40133667|0.6049652|0.4724884
1510199413553|-0.4276123|0.8955231|0.41322327
1510199413673|-0.12705994|0.58784485|0.32444763
1510199413786|0.24290466|0.22254944|0.17762756
1510199413900|0.16574097|-0.008956909|0.05810547
1510199414015|-0.025863647|-0.3298645|-0.04309082
1510199414136|0.10771179|-0.016296387|0.03265381
1510199414249|-0.0048828125|0.051315308|-0.16485596
1510199414360|-0.33821106|0.5992584|0.20063782
1510199414476|0.23518372|-0.11627197|-0.06690979
1510199414590|-0.051315308|-0.09651184|0.029403687
1510199414704|-0.060073853|-0.10282898|0.026947021
1510199414821|-0.20831299|0.18489075|-0.15058899
1510199414937|0.06352234|0.36834717|0.0619812
1510199415051|0.10017395|-0.05783081|-0.0070343018
1510199415167|-0.20443726|-0.06312561|0.16297913
1510199415281|-0.031967163|0.026275635|-0.0011444092
1510199415395|0.07330322|-0.048049927|-0.15019226
1510199415511|0.073913574|-0.06088257|-0.05529785
1510199415625|-0.016906738|0.11747742|0.112472534
1510199415740|0.07208252|0.1749115|-0.053268433
1510199415857|0.034820557|-0.006713867|-0.019058228
1510199415972|0.005493164|-0.03543091|-1.2207031E-4
1510199416089|0.034194946|0.015258789|-0.16810608
1510199416204|0.05090332|-0.054763794|-0.0021514893
1510199416317|-0.0046844482|-0.011398315|-0.0035858154
1510199416431|-0.07962036|0.021575928|0.1762085
1510199416545|0.013626099|0.033187866|0.012496948
1510199416664|0.04824829|0.0036621094|-0.22695923
1510199416776|0.024215698|-0.023620605|-0.004196167
1510199416891|-0.15618896|-0.05619812|0.3629303
1510199417011|0.046020508|-0.20973206|-0.19621277
1510199417126|-0.0765686|-0.058029175|-0.18806458
1510199417237|-0.024230957|-0.078186035|0.1851654
1510199417350|-0.016296387|-0.23028564|0.020446777
1510199417469|-0.12400818|0.12583923|-0.06996155
1510199417585|0.099975586|0.45448303|0.046905518
1510199417697|-0.11546326|-0.45999146|0.033462524
1510199417812|-0.42861938|-0.4510193|0.16542053
1510199417927|-0.27996826|-0.066986084|0.07052612
1510199418043|-0.18060303|0.046829224|0.19412231
1510199418157|-0.030944824|-0.0048980713|-0.10661316
1510199418272|0.5729828|-0.15270996|-0.40003967
1510199418386|0.2814026|-0.27693176|-0.29882812
1510199418501|-0.06373596|-0.09265137|0.02999878
1510199418616|-0.14050293|0.12643433|0.18292236
1510199418732|-0.207901|-0.51109314|-0.021087646
1510199418851|-0.008560181|-0.057418823|-0.0070495605
1510199418965|0.11076355|0.15820312|-0.36114502
1510199419080|0.3339386|0.029312134|0.025939941
1510199419201|-0.048049927|0.24108887|0.11491394
1510199419306|-0.16880798|-0.26348877|-0.025985718
1510199419421|-0.12400818|0.07310486|-0.10153198
1510199419538|0.06149292|0.42842102|-0.025161743
1510199419652|0.13743591|0.041748047|-0.06385803
1510199419769|0.06718445|0.19099426|0.0059814453
1510199419881|0.1301117|0.4035797|-0.074645996
1510199420002|-0.030548096|0.34716797|0.11064148
1510199420118|-0.17552185|0.07208252|0.15361023
1510199420233|-0.3323059|-0.17593384|0.16847229
1510199420342|-0.08694458|-0.03074646|0.023086548
1510199420458|-0.030349731|-0.05456543|0.056884766
1510199420572|0.375885|-0.28649902|-0.22737122
1510199420687|1.0307312|-0.7977905|-0.49206543
1510199420777|0.7766113|-1.7310028|-0.88568115
1510199420871|0.14111328|-0.8839264|-0.4350586
1510199420974|0.09529114|-0.35084534|0.4423523
1510199421109|0.6271515|-1.6092377|-0.15385437
1510199421211|0.15841675|0.37669373|0.12550354
1510199421320|-0.41314697|0.41049194|-0.13919067
1510199421438|0.06291199|-0.029525757|-0.008666992
1510199421550|0.12135315|-0.18325806|0.3547821
1510199421665|0.02015686|-0.531662|-0.19967651
1510199421780|-0.022003174|0.29708862|0.15034485
1510199421895|-0.22337341|0.4080658|-0.26564026
1510199422010|-0.12808228|1.2683716|0.84347534
1510199422129|-0.03665161|0.13703918|0.36517334
1510199422241|-0.1631012|-0.19058228|0.15361023
1510199422358|-0.3461609|0.3025818|0.09312439
1510199422471|-0.23071289|0.83973694|0.1709137
1510199422585|-0.3604126|0.9333954|0.6258087
1510199422700|-0.41436768|0.31724548|0.70970154
1510199422816|-1.2516785|-0.7599182|-0.3538208
1510199422931|-0.27876282|-0.7305908|-1.2096405
1510199423045|0.13479614|0.27774048|-0.16912842
1510199423161|-0.6538391|-0.40480042|0.3983612
1510199423276|-0.03665161|0.19914246|0.114715576
1510199423401|-0.20646667|0.084503174|-0.29049683
1510199423505|0.45610046|0.33576965|0.08660889
1510199423620|0.033996582|-0.10018921|0.10798645
1510199423750|-0.027694702|-0.37527466|-0.08950806
1510199423850|-0.28303528|0.08328247|0.09313965
1510199423970|0.02748108|0.29890442|-0.122299194
1510199424082|0.92770386|0.18936157|-0.04573059
1510199424195|-0.16981506|-0.43637085|0.0041503906
1510199424310|-0.03767395|0.051513672|0.23565674
1510199424433|-0.1407013|0.22215271|-0.09358215
1510199424552|-0.20953369|0.09039307|0.012496948
1510199424665|0.1166687|-0.3139801|0.0342865
1510199424772|-0.118927|-0.10404968|-0.13308716
1510199424886|0.2809906|0.01322937|-0.19091797
1510199425001|-0.045410156|0.0059051514|0.10331726
1510199425121|-0.13398743|-0.17510986|0.09251404
1510199425235|-0.25473022|0.10668945|0.13304138
1510199425347|0.011795044|-0.024642944|0.2694702
1510199425461|-0.069229126|-0.096725464|0.33299255
1510199425578|0.1484375|-0.21868896|-0.62402344
1510199425692|-0.21705627|-0.4717865|-0.38293457
1510199425806|-0.11973572|0.43696594|0.687912
1510199425922|0.23049927|-0.07962036|-0.22044373
1510199426041|-0.009780884|-0.03665161|-0.016204834
1510199426152|-0.12257385|0.4310608|0.44865417
1510199426271|-0.61779785|0.19995117|0.25949097
1510199426383|1.1158447|-0.10507202|-0.66026306
1510199426499|0.30400085|0.09712219|-0.92803955
1510199426619|-0.058044434|-0.13825989|0.063201904
1510199426730|0.22357178|0.04194641|-0.25627136
1510199426840|-0.07350159|0.10343933|0.05973816
1510199426957|-0.25309753|0.03074646|0.4211731
1510199427076|0.15596008|0.32273865|0.102493286
1510199427193|0.02015686|-0.2944336|-0.022521973
1510199427309|-0.20687866|-0.43066406|0.032043457
1510199427417|0.21318054|0.048461914|-0.13430786
1510199427536|-0.06251526|0.02178955|-0.12147522
1510199427647|0.049072266|0.17308044|0.21203613
1510199427761|0.09529114|-0.12686157|-0.1483612
1510199427876|0.08592224|-0.095703125|-0.09194946
1510199427992|0.06474304|0.039901733|-0.06996155
1510199428106|0.18833923|-0.09651184|-0.080963135
1510199428221|0.12013245|0.1614685|-0.06568909
1510199428341|0.103027344|0.11198425|-0.012145996
1510199428451|-0.110565186|-0.1508789|0.120407104
1510199428567|0.026672363|0.23823547|-0.15080261
1510199428686|-0.030960083|0.21685791|0.064834595
1510199428797|-0.045410156|-0.025054932|0.045272827
1510199428912|-0.07106018|-0.03074646|-0.027618408
1510199429028|0.0105896|-0.30197144|-0.11659241
1510199429143|0.009567261|-0.21929932|-0.023132324
1510199429267|0.0901947|-0.08267212|0.05545044
1510199429379|0.11483765|0.13031006|-0.15039062
1510199429488|0.012619019|-0.08125305|-0.087677
1510199429603|0.07980347|-0.102630615|-0.072402954
1510199429718|-0.1101532|0.14762878|0.16195679
1510199429834|-0.16044617|0.115249634|0.026138306
1510199429948|0.13418579|-0.05580139|-0.070373535
1510199430062|0.036849976|0.3705902|0.24809265
1510199430180|-0.2321167|-0.21583557|0.37413025
1510199430292|-0.25941467|0.43147278|0.17967224
1510199430408|-0.50253296|0.97880554|0.9630127
1510199430524|0.1484375|0.71206665|-0.70506287
1510199430640|0.32254028|0.35266113|-0.39067078
1510199430755|0.8203888|-0.31907654|-0.13349915
1510199430869|0.086746216|-0.13337708|-0.072402954
1510199430983|0.12257385|-0.5426483|-0.35850525
1510199431099|0.25248718|-0.95703125|-0.4562378
1510199431213|0.30378723|0.0016174316|-0.008880615
1510199431332|0.16125488|-2.1358032|-0.13227844
1510199431443|0.83200073|-0.6921234|-0.37478638
1510199431559|0.072280884|-1.6961823|0.4590454
1510199431673|0.42637634|0.28996277|0.33096313
1510199431790|0.22540283|0.08062744|0.58447266
1510199431903|0.31906128|1.4984589|0.5736847
1510199432018|0.02279663|-0.7436218|-0.13287354
1510199432134|0.26002502|-0.9030609|-0.16343689
1510199432250|0.21684265|-0.2592163|0.10800171
1510199432364|-0.19465637|0.73283386|0.19351196
1510199432488|0.24414062|-0.106903076|-0.21861267
1510199432594|-0.27386475|0.018325806|0.007217407
1510199432708|0.027069092|-0.0030517578|0.11959839
1510199432823|-0.08164978|0.14151001|-0.0011444092
1510199432938|-0.47016907|0.5499878|-0.216568
1510199433053|-0.42658997|1.3897247|0.30082703
1510199433167|-0.09977722|0.65301514|0.7156067
1510199433287|0.54182434|-1.1463928|-0.47354126
1510199433401|0.039489746|-0.13989258|0.09843445
1510199433516|-0.4180298|0.41029358|0.26519775
1510199433631|-0.20159912|0.26348877|0.07460022
1510199433745|0.3506317|-0.8482971|-0.32429504
1510199433858|0.10974121|-0.17552185|0.1774292
1510199433973|-0.3722229|0.7073822|0.21998596
1510199434089|-0.17857361|0.051712036|0.11735535
1510199434210|0.33740234|-0.29281616|-0.26339722
1510199434325|-0.17308044|0.47239685|-0.18074036
1510199434462|0.03704834|0.116256714|0.11898804
1510199434549|-0.15536499|0.22132874|0.24116516
1510199434666|-0.030334473|-0.023208618|-0.018859863
1510199434779|0.049468994|0.003250122|-0.12107849
1510199434894|0.07511902|0.09509277|-0.0015563965
1510199435014|-0.008361816|-0.058441162|0.22201538
1510199435123|-0.13500977|-0.017105103|-0.007247925
1510199435217|-0.14865112|0.0572052|0.0049591064
1510199435356|0.23110962|-0.03869629|-0.23428345
1510199435471|0.016082764|-0.06352234|-0.015197754
1510199435584|-0.12605286|0.111572266|0.13691711
1510199435699|-0.17796326|0.18977356|0.09088135
1510199435815|0.18936157|-0.12644958|-0.19174194
1510199435929|-0.0116119385|0.08816528|0.07460022
1510199436044|-0.06454468|0.057022095|0.0967865
1510199436160|-0.030349731|0.03440857|0.0033416748
1510199436275|0.13194275|0.037460327|-0.10173035
1510199436392|-0.018737793|-0.10832214|0.09089661
1510199436505|-0.0476532|-0.057632446|0.023086548
1510199436619|0.01159668|0.17225647|-0.072006226
1510199436734|0.04295349|-0.040115356|0.027572632
1510199436850|0.0036621094|0.14416504|0.025726318
1510199436965|-0.13723755|0.06210327|0.06767273
1510199437083|-0.064956665|0.2333374|-0.019470215
1510199437202|0.25248718|-0.14009094|-0.06832886
1510199437315|-0.09284973|0.014450073|0.25927734
1510199437431|-0.05192566|0.1272583|-0.07118225
1510199437543|0.06881714|0.17123413|-0.01966858
1510199437655|0.13194275|0.10424805|-0.12535095
1510199437769|-0.2237854|0.3282318|0.14199829
1510199437886|-0.23396301|-0.0073394775|0.20043945
1510199438001|0.5864258|-1.2787476|-0.6372528
1510199438115|0.47810364|-0.8236542|-0.34892273
1510199438229|-0.060272217|0.1431427|0.06889343
1510199438345|-0.044189453|-0.12705994|0.40956116
1510199438460|0.110961914|-0.24516296|-0.21351624
1510199438578|0.12928772|-0.5797119|-0.39535522
1510199438690|-0.42536926|0.4998932|0.13201904
1510199438806|-0.5035553|1.581131|0.8341217
1510199438941|-0.33129883|0.37242126|0.49650574
1510199439038|0.20117188|1.9836426E-4|-0.12310791
1510199439150|0.11647034|0.033798218|0.06889343
1510199439265|-0.21238708|0.0026397705|-0.22431946
1510199439381|-0.0032653809|0.27366638|0.040802002
1510199439496|0.08306885|0.047851562|0.020446777
1510199439612|-0.0370636|-0.07106018|-0.02720642
1510199439727|0.047027588|0.13948059|0.06361389
1510199439840|-0.03237915|-0.13562012|-0.01927185
1510199439956|-0.12135315|-0.12501526|0.022476196
1510199440072|0.014053345|0.08753967|0.027770996
1510199440185|0.03277588|0.25350952|0.15605164
1510199440301|0.04458618|6.1035156E-4|0.07093811
1510199440416|-0.34474182|0.27915955|0.064819336
1510199440531|-0.079818726|0.81977844|0.23464966
1510199440646|0.4351349|-0.06942749|-0.056732178
1510199440761|-0.08532715|-0.18977356|-0.16281128
1510199440875|-0.3824005|0.45448303|0.3287201
1510199440992|0.16716003|0.1867218|0.3959198
1510199441106|-2.0645447|-1.1687927|-0.63542175
1510199441222|2.0952759|-0.6175842|-0.8447571
1510199441336|0.5275879|-2.1795807|-2.201294
1510199441451|0.2797699|0.05659485|0.80703735
1510199441566|-1.0688171|1.3396301|0.9902954
1510199441681|-2.204834|2.9083405|0.69117737
1510199441798|0.8623352|0.07269287|0.31793213
1510199441912|-0.7371216|0.94195557|-0.20211792
1510199442027|1.4267883|0.959671|-1.4364777
1510199442142|0.42922974|0.5733948|-0.66433716
1510199442256|0.49621582|-0.6770477|-0.37153625
1510199442382|0.1655426|-0.8263092|-0.27583313
1510199442487|0.26042175|-0.18835449|0.13160706
1510199442608|0.36895752|0.43330383|0.4914093
1510199442719|-0.023834229|-0.24841309|0.23608398
1510199442832|-0.16270447|-0.09713745|0.045074463
1510199442947|0.6849823|0.40582275|-0.036376953
1510199443067|-0.60028076|-0.3803711|-0.0048065186
1510199443179|0.29606628|0.33087158|0.12754822
1510199443292|0.080825806|-0.3929901|-0.17930603
1510199443407|-0.3950348|0.014053345|-0.030258179
1510199443522|0.07594299|0.056396484|-0.33590698
1510199443638|0.26042175|-0.039093018|-0.7993469
1510199443753|-0.9083557|-0.0647583|-0.6142578
1510199443868|0.749115|0.16696167|-0.16220093
1510199443987|-0.052337646|-0.40927124|0.04814148
1510199444097|-0.5931549|0.085113525|0.21244812
1510199444212|0.005706787|-0.38078308|0.33381653
1510199444327|-0.30075073|0.07676697|0.27944946
1510199444443|0.12765503|0.06964111|0.07582092
1510199444558|0.010986328|-0.2144165|0.10147095
1510199444671|0.14782715|0.40826416|0.4236145
1510199444788|-0.2131958|-0.21115112|-0.08035278
1510199444903|-0.25431824|0.19302368|0.026748657
1510199445021|0.5283966|0.103637695|-0.28559875
1510199445133|0.8664093|-0.33067322|-1.0257721
1510199445248|-0.21624756|-0.14233398|-0.62931824
1510199445363|0.41944885|-0.026870728|0.1815033
1510199445479|-0.45591736|0.1007843|0.26763916
1510199445592|-0.53105164|-0.25248718|0.390625
1510199445708|0.12950134|-0.35816956|0.12020874
1510199445823|0.7558441|-1.5570984|-0.027404785
1510199445938|0.3180542|-1.2105408|0.046905518
1510199446053|0.035217285|-0.061294556|0.5887451
1510199446167|-0.2107544|0.17042542|0.1973877
1510199446283|0.13763428|-0.08042908|-0.25343323
1510199446400|-0.1525116|0.08062744|-0.025772095
1510199446513|-0.064956665|0.25595093|0.011474609
1510199446628|0.11381531|0.16635132|-0.035354614
1510199446744|0.17591858|0.04031372|-0.13491821
1510199446860|-0.041748047|0.079208374|-0.09257507
1510199446972|-0.053344727|0.181427|0.23892212
1510199447089|0.0690155|0.16268921|0.07215881
1510199447206|0.28018188|-0.058242798|-0.030670166
1510199447333|-0.107299805|0.11830139|-0.087890625
1510199447434|-0.10588074|0.08531189|-0.05958557
1510199447550|-0.053955078|0.034820557|0.045272827
1510199447665|0.19953918|0.1378479|-0.059783936
1510199447778|0.014450073|-0.05517578|0.019622803
1510199447894|-0.06536865|-0.09590149|-0.02720642
1510199448009|0.021575928|-0.0071258545|-0.1459198
1510199448127|-0.0020446777|0.007736206|-0.025375366
1510199448238|-0.05355835|-0.022598267|0.060546875
1510199448353|-0.047042847|0.24331665|0.08621216
1510199448469|0.141922|0.090408325|-0.38008118
1510199448585|-0.084106445|0.19017029|-0.05204773
1510199448701|-0.4410553|0.76174927|0.9898987
1510199448816|0.49743652|1.1899719|0.16317749
1510199448929|0.14842224|0.63061523|-0.80667114
1510199449043|0.1296997|-0.21421814|-0.6120148
1510199449160|-0.21156311|-0.3481903|-0.10784912
1510199449278|-0.17979431|-0.28648376|0.23953247
1510199449389|0.0016174316|0.024032593|0.16235352
1510199449505|-0.053146362|-0.40602112|0.29634094
1510199449618|-0.5681|0.29647827|0.29063416
1510199449733|0.18406677|-0.18489075|0.19026184
1510199449849|-0.37425232|-0.054367065|0.13365173
1510199449965|0.051498413|0.23599243|0.23220825
1510199450080|-0.42903137|-0.21542358|0.13059998
1510199450196|0.11401367|0.31784058|0.33218384
1510199450311|-0.17858887|-0.17877197|-0.04248047
1510199450430|-0.0859375|0.09712219|0.17926025
1510199450539|-0.35247803|-0.12705994|0.10922241
1510199450653|0.045196533|0.025039673|0.07398987
1510199450769|0.11483765|-0.05517578|0.09373474
1510199450884|-0.095703125|-0.0370636|-0.11027527
1510199450999|-0.03543091|-0.04499817|0.0049591064
1510199451114|-0.021987915|-0.025863647|-0.025161743
1510199451234|0.1296997|-0.06291199|-0.07159424
1510199451345|0.09487915|0.028701782|0.004348755
1510199451460|0.104644775|0.022384644|-0.020492554
1510199451576|0.15107727|0.07777405|-0.08015442
1510199451673|0.17857361|0.06718445|-0.14428711
1510199451806|0.3139801|0.10343933|-0.14570618
1510199451920|0.15881348|0.17449951|-0.091552734
1510199452037|0.3718109|0.01159668|0.035308838
1510199452151|-0.25636292|0.018127441|0.012496948
1510199452264|0.023406982|-0.025253296|0.008422852
