1509453163986|-3.3716567|0.7936211|9.174556
1509453164107|-3.0277057|1.264108|9.241505
1509453164229|-2.865879|1.5067241|9.2567215
1509453164349|-2.763185|1.5955224|9.273053
1509453164463|-2.8582165|1.7043099|9.224766
1509453164585|-2.9976149|1.9402586|9.13346
1509453164705|-3.2390404|1.9147785|9.056082
1509453164827|-3.4789803|1.9365474|8.961968
1509453164945|-3.612302|2.035008|8.887092
1509453165062|-3.653266|2.1522868|8.842607
1509453165186|-3.7623568|2.2444186|8.77369
1509453165313|-3.9392369|2.4235454|8.647499
1509453165423|-4.0579324|2.5208073|8.564409
1509453165544|-4.07544|2.4739387|8.569761
1509453165665|-4.1607423|2.4383821|8.538905
1509453165783|-4.3863115|2.2664764|8.473119
1509453165913|-4.7666497|2.1346695|8.3001585
1509453166023|-4.731564|2.5565953|8.200397
1509453166144|-4.913156|2.7942092|8.013968
1509453166265|-4.6174965|3.7731802|7.785385
1509453166387|-4.57082|3.6849432|7.854882
1509453166502|-4.258357|3.7247791|8.010169
1509453166622|-4.7257457|3.883313|7.665351
1509453166743|-4.7300735|4.1387134|7.5278053
1509453166864|-4.7490005|4.2044587|7.4793
1509453166993|-4.672559|4.1698995|7.5464907
1509453167102|-4.567026|4.0088925|7.696846
1509453167223|-4.451278|3.8981|7.820571
1509453167343|-4.4337115|3.95831|7.8002806
1509453167466|-4.1545157|3.9213688|7.9707756
1509453167589|-4.0955877|4.0146623|7.954812
1509453167703|-3.8880856|3.8599052|8.133531
1509453167827|-3.6757498|3.6607378|8.322154
1509453167944|-3.4816234|3.3279183|8.542461
1509453168063|-3.720415|3.0886207|8.531667
1509453168183|-3.7347398|3.1171346|8.51502
1509453168308|-3.691844|3.1447203|8.52358
1509453168425|-3.8338158|3.3739564|8.371898
1509453168546|-3.8884192|3.4590583|8.3117695
1509453168667|-3.9880087|3.6430738|8.184998
1509453168785|-4.110551|3.7222543|8.088176
1509453168905|-4.1290994|3.5205958|8.168618
1509453169026|-4.1472516|3.5173092|8.160835
1509453169149|-4.1347914|3.3555431|8.234939
1509453169264|-3.990274|3.1242802|8.395652
1509453169389|-3.9236453|3.0671546|8.447956
1509453169506|-3.9294648|3.1044774|8.4316025
1509453169629|-3.9314337|3.1519213|8.413063
1509453169754|-3.9298592|3.1976717|8.396516
1509453169862|-3.9540403|3.3069541|8.342662
1509453169984|-3.8139246|3.2768643|8.4194145
1509453170106|-3.850178|3.4316099|8.3408985
1509453170227|-3.8251822|3.3841681|8.371724
1509453170342|-3.8101537|3.0739088|8.497305
1509453170465|-3.4635663|2.9382071|8.691435
1509453170588|-3.157212|1.894801|9.089122
1509453170704|-2.8993204|1.3876534|9.264919
1509453170829|-3.1834922|1.161011|9.202598
1509453170945|-3.2299829|1.0891662|9.195179
1509453171063|-3.023123|0.63937867|9.30711
1509453171184|-2.2506895|0.6798063|9.520642
1509453171306|-0.11489898|0.6012604|9.787526
1509453171426|-0.70870197|0.9191686|9.737723
1509453171544|-1.1676046|0.46827793|9.725627
