1509548056714|8.744264|0.013620348|4.426613
1509548056845|8.744264|0.013620348|4.426613
1509548056977|8.744264|0.013620348|4.426613
1509548057109|8.744264|0.0|4.426613
1509548057241|8.744264|0.013620348|4.426613
1509548057374|8.744264|-0.013620348|4.440233
1509548057505|8.744264|0.013620348|4.426613
1509548057643|8.744264|0.013620348|4.426613
1509548057769|8.744264|0.0|4.426613
1509548057901|8.744264|0.0|4.440233
1509548058034|8.744264|0.0|4.426613
1509548058165|8.744264|0.013620348|4.426613
1509548058297|8.744264|0.0|4.426613
1509548058430|8.744264|0.0|4.426613
1509548058561|8.744264|0.013620348|4.426613
1509548058693|8.757884|0.0|4.4129925
1509548058829|8.757884|0.0|4.4129925
1509548058957|8.757884|-0.013620348|4.4129925
1509548059089|8.757884|0.0|4.4129925
1509548059225|8.757884|-0.013620348|4.4129925
1509548059354|8.757884|-0.013620348|4.4129925
1509548059486|8.757884|0.0|4.4129925
1509548059618|8.757884|-0.013620348|4.4129925
1509548059749|8.757884|-0.013620348|4.4129925
1509548059881|8.744264|-0.013620348|4.426613
1509548060014|8.757884|-0.013620348|4.4129925
1509548060145|8.757884|0.0|4.4129925
1509548060278|8.757884|-0.013620348|4.4129925
1509548060409|8.757884|-0.013620348|4.4129925
1509548060541|8.757884|-0.013620348|4.4129925
1509548060674|8.757884|0.0|4.4129925
1509548060805|8.757884|0.0|4.4129925
1509548060938|8.757884|0.0|4.4129925
1509548061069|8.757884|0.0|4.4129925
1509548061202|8.757884|0.0|4.4129925
1509548061333|8.757884|0.0|4.4129925
1509548061466|8.757884|0.0|4.4129925
1509548061598|8.757884|0.0|4.4129925
1509548061731|8.757884|0.0|4.4129925
1509548061861|8.757884|0.0|4.4129925
1509548061994|8.757884|0.0|4.4129925
1509548062125|8.757884|-0.013620348|4.4129925
1509548062258|8.757884|-0.013620348|4.4129925
1509548062389|8.757884|-0.013620348|4.4129925
1509548062521|8.757884|-0.013620348|4.4129925
1509548062654|8.757884|-0.013620348|4.4129925
1509548062785|8.757884|-0.013620348|4.4129925
1509548062918|8.757884|-0.013620348|4.4129925
1509548063050|8.757884|-0.013620348|4.4129925
1509548063181|8.757884|-0.013620348|4.4129925
1509548063314|8.757884|-0.013620348|4.4129925
1509548063446|8.757884|-0.013620348|4.4129925
1509548063577|8.757884|-0.013620348|4.4129925
1509548063709|8.744264|-0.013620348|4.426613
1509548063842|8.757884|0.0|4.4129925
1509548063974|8.757884|0.0|4.4129925
1509548064105|8.757884|0.0|4.4129925
1509548064238|8.757884|0.0|4.4129925
1509548064369|8.757884|-0.013620348|4.4129925
1509548064501|8.757884|-0.013620348|4.4129925
1509548064634|8.757884|-0.013620348|4.4129925
1509548064764|8.757884|-0.013620348|4.4129925
1509548064897|8.757884|0.0|4.4129925
1509548065030|8.757884|-0.013620348|4.4129925
1509548065161|8.757884|-0.013620348|4.4129925
1509548065294|8.744264|-0.013620348|4.426613
1509548065426|8.757884|0.0|4.3993726
1509548065558|8.757884|-0.013620348|4.4129925
1509548065689|8.757884|-0.013620348|4.4129925
1509548065821|8.757884|-0.013620348|4.4129925
1509548065954|8.757884|-0.013620348|4.4129925
1509548066085|8.757884|0.0|4.4129925
1509548066218|8.757884|0.013620348|4.4129925
1509548066350|8.757884|0.013620348|4.4129925
1509548066481|8.757884|0.0|4.4129925
1509548066614|8.757884|0.013620348|4.4129925
1509548066745|8.757884|0.0|4.4129925
1509548066877|8.757884|0.0|4.4129925
1509548067010|8.757884|0.013620348|4.4129925
1509548067141|8.757884|0.013620348|4.4129925
1509548067274|8.757884|0.0|4.4129925
1509548067405|8.757884|0.0|4.4129925
1509548067537|8.757884|0.0|4.4129925
1509548067669|8.757884|0.0|4.4129925
1509548067800|8.744264|0.0|4.426613
1509548067934|8.757884|0.013620348|4.4129925
1509548068066|8.757884|0.013620348|4.4129925
1509548068197|8.757884|0.013620348|4.4129925
1509548068329|8.757884|0.013620348|4.4129925
1509548068461|8.757884|0.013620348|4.4129925
1509548068593|8.757884|0.013620348|4.4129925
1509548068726|8.744264|0.013620348|4.4129925
1509548068857|8.744264|0.0|4.426613
1509548068990|8.744264|0.0|4.426613
1509548069122|8.744264|0.0|4.426613
1509548069254|8.744264|0.0|4.426613
1509548069385|8.744264|0.0|4.4129925
1509548069517|8.744264|0.013620348|4.426613
1509548069650|8.744264|0.013620348|4.426613
1509548069782|8.744264|0.013620348|4.426613
1509548069914|8.744264|0.013620348|4.426613
1509548070046|8.744264|0.013620348|4.426613
1509548070178|8.744264|0.013620348|4.426613
1509548070310|8.744264|0.013620348|4.426613
1509548070441|8.744264|0.013620348|4.426613
1509548070574|8.744264|0.0|4.426613
1509548070705|8.744264|0.013620348|4.426613
1509548070842|8.744264|0.0|4.426613
1509548070969|8.757884|0.0|4.4129925
1509548071102|8.757884|0.0|4.4129925
1509548071234|8.757884|0.0|4.4129925
1509548071368|8.757884|0.013620348|4.4129925
1509548071497|8.757884|0.013620348|4.4129925
1509548071629|8.757884|0.0|4.4129925
1509548071763|8.757884|0.013620348|4.4129925
1509548071893|8.757884|0.013620348|4.4129925
1509548072026|8.757884|0.013620348|4.4129925
1509548072157|8.757884|0.013620348|4.4129925
1509548072294|8.757884|0.013620348|4.4129925
1509548072421|8.757884|0.013620348|4.4129925
1509548072554|8.744264|0.0|4.426613
1509548072685|8.744264|0.0|4.426613
1509548072818|8.744264|0.0|4.426613
1509548072950|8.744264|0.0|4.426613
1509548073081|8.744264|0.0|4.426613
1509548073214|8.757884|0.0|4.4129925
1509548073345|8.757884|0.0|4.4129925
1509548073477|8.757884|0.0|4.4129925
1509548073609|8.757884|0.0|4.4129925
1509548073741|8.757884|-0.013620348|4.4129925
1509548073874|8.757884|-0.013620348|4.4129925
1509548074006|8.757884|0.0|4.3993726
1509548074137|8.757884|-0.013620348|4.4129925
1509548074269|8.757884|-0.013620348|4.4129925
1509548074401|8.744264|-0.013620348|4.426613
1509548074534|8.757884|0.0|4.4129925
1509548074666|8.757884|0.0|4.4129925
1509548074798|8.744264|-0.013620348|4.4129925
1509548074929|8.757884|0.027240695|4.4129925
1509548075061|8.757884|0.013620348|4.4129925
1509548075194|8.744264|0.013620348|4.426613
1509548075326|8.744264|0.013620348|4.426613
1509548075457|8.744264|0.0|4.426613
1509548075589|8.744264|0.0|4.426613
1509548075721|8.744264|0.013620348|4.426613
1509548075854|8.744264|0.013620348|4.426613
1509548075985|8.744264|0.013620348|4.426613
1509548076117|8.744264|0.0|4.426613
1509548076250|8.744264|0.0|4.426613
1509548076380|8.744264|0.0|4.426613
1509548076514|8.744264|0.013620348|4.426613
1509548076646|8.744264|0.0|4.426613
1509548076777|8.744264|0.0|4.426613
1509548076909|8.744264|0.0|4.426613
1509548077041|8.744264|0.013620348|4.426613
1509548077174|8.744264|0.013620348|4.426613
1509548077305|8.744264|0.013620348|4.426613
1509548077437|8.744264|0.013620348|4.426613
1509548077569|8.744264|0.013620348|4.426613
1509548077701|8.744264|0.013620348|4.426613
1509548077834|8.744264|0.013620348|4.426613
1509548077966|8.744264|0.013620348|4.426613
1509548078098|8.744264|0.013620348|4.426613
1509548078229|8.744264|0.0|4.426613
1509548078361|8.744264|0.0|4.426613
1509548078494|8.744264|0.0|4.426613
1509548078625|8.744264|0.0|4.426613
1509548078757|8.757884|0.013620348|4.4129925
1509548078889|8.757884|0.0|4.4129925
1509548079021|8.757884|0.0|4.4129925
1509548079153|8.757884|0.0|4.4129925
1509548079286|8.757884|0.0|4.4129925
1509548079417|8.757884|0.0|4.3993726
1509548079550|8.757884|0.0|4.4129925
1509548079681|8.757884|0.0|4.4129925
1509548079814|8.757884|0.013620348|4.4129925
1509548079945|8.757884|0.013620348|4.4129925
1509548080077|8.757884|0.0|4.4129925
1509548080209|8.757884|0.013620348|4.4129925
1509548080342|8.757884|-0.013620348|4.4129925
1509548080474|8.757884|0.0|4.4129925
1509548080606|8.757884|0.0|4.4129925
1509548080738|8.757884|0.0|4.4129925
1509548080870|8.757884|-0.013620348|4.4129925
1509548081002|8.757884|0.0|4.4129925
1509548081133|8.757884|0.0|4.4129925
1509548081264|8.757884|0.0|4.3993726
1509548081398|8.757884|0.0|4.4129925
1509548081529|8.757884|0.0|4.3993726
1509548081661|8.757884|0.0|4.4129925
1509548081793|8.757884|0.0|4.4129925
1509548081925|8.757884|-0.013620348|4.4129925
1509548082057|8.757884|0.0|4.4129925
1509548082189|8.757884|-0.013620348|4.4129925
1509548082321|8.757884|0.0|4.4129925
1509548082459|8.757884|0.0|4.4129925
1509548082586|8.757884|-0.013620348|4.3993726
1509548082718|8.757884|-0.013620348|4.4129925
1509548082850|8.757884|-0.013620348|4.4129925
1509548082981|8.757884|0.0|4.4129925
1509548083114|8.744264|-0.013620348|4.426613
1509548083245|8.757884|-0.013620348|4.4129925
1509548083377|8.744264|-0.013620348|4.426613
1509548083509|8.757884|0.0|4.4129925
1509548083642|8.757884|0.0|4.4129925
1509548083774|8.757884|0.013620348|4.4129925
1509548083905|8.757884|0.013620348|4.4129925
1509548084037|8.757884|0.0|4.4129925
1509548084169|8.744264|0.013620348|4.426613
1509548084302|8.744264|0.013620348|4.426613
1509548084434|8.757884|0.0|4.4129925
1509548084567|8.757884|0.0|4.4129925
1509548084697|8.744264|0.013620348|4.426613
1509548084829|8.744264|0.0|4.426613
1509548084961|8.744264|0.0|4.440233
1509548085094|8.744264|0.0|4.426613
1509548085226|8.744264|0.0|4.426613
1509548085357|8.757884|0.013620348|4.4129925
1509548085490|8.744264|0.013620348|4.426613
1509548085622|8.744264|0.013620348|4.426613
1509548085754|8.744264|0.0|4.426613
1509548085885|8.744264|0.0|4.426613
1509548086018|8.744264|0.0|4.426613
1509548086150|8.744264|0.0|4.426613
1509548086281|8.744264|0.0|4.426613
1509548086414|8.744264|0.0|4.440233
1509548086546|8.744264|0.0|4.440233
1509548086678|8.730643|0.0|4.4538536
1509548086809|8.744264|0.0|4.440233
1509548086941|8.744264|0.013620348|4.440233
1509548087074|8.730643|0.013620348|4.4538536
1509548087205|8.730643|0.013620348|4.4538536
1509548087337|8.730643|0.013620348|4.4538536
1509548087469|8.730643|0.0|4.4538536
1509548087602|8.730643|0.013620348|4.4538536
1509548087734|8.730643|0.013620348|4.4538536
1509548087866|8.730643|0.013620348|4.4538536
1509548087998|8.730643|0.013620348|4.4538536
1509548088129|8.730643|0.0|4.467474
1509548088261|8.730643|0.0|4.467474
1509548088394|8.744264|0.013620348|4.426613
1509548088526|8.744264|0.013620348|4.426613
1509548088657|8.744264|0.013620348|4.440233
1509548088789|8.744264|0.0|4.440233
1509548088922|8.744264|0.0|4.440233
1509548089054|8.744264|0.013620348|4.426613
1509548089186|8.744264|0.0|4.426613
1509548089317|8.744264|0.0|4.426613
1509548089450|8.744264|0.013620348|4.426613
1509548089582|8.744264|0.013620348|4.426613
1509548089714|8.744264|0.013620348|4.426613
1509548089846|8.744264|0.013620348|4.426613
1509548089978|8.744264|0.013620348|4.426613
1509548090109|8.744264|0.013620348|4.426613
1509548090242|8.744264|0.013620348|4.426613
1509548090374|8.744264|0.0|4.426613
1509548090506|8.744264|0.013620348|4.426613
1509548090638|8.744264|0.0|4.440233
1509548090769|8.744264|0.0|4.426613
1509548090902|8.744264|0.013620348|4.426613
1509548091032|8.744264|0.013620348|4.426613
1509548091166|8.744264|0.013620348|4.426613
1509548091297|8.744264|0.013620348|4.426613
1509548091429|8.744264|0.013620348|4.426613
1509548091561|8.744264|0.013620348|4.426613
1509548091694|8.757884|0.013620348|4.4129925
1509548091825|8.744264|0.013620348|4.426613
1509548091959|8.744264|0.0|4.426613
1509548092089|8.744264|0.013620348|4.426613
1509548092222|8.744264|0.013620348|4.426613
1509548092354|8.744264|0.013620348|4.426613
1509548092486|8.744264|0.0|4.440233
1509548092617|8.744264|0.013620348|4.426613
1509548092750|8.744264|0.013620348|4.426613
1509548092881|8.744264|0.013620348|4.426613
1509548093014|8.744264|0.013620348|4.426613
1509548093145|8.744264|0.013620348|4.426613
1509548093277|8.744264|0.013620348|4.426613
1509548093409|8.744264|0.013620348|4.426613
1509548093541|8.744264|0.0|4.426613
1509548093674|8.744264|0.0|4.426613
1509548093805|8.744264|0.0|4.426613
1509548093937|8.744264|0.0|4.426613
1509548094068|8.744264|0.0|4.426613
1509548094202|8.744264|0.0|4.426613
1509548094334|8.744264|0.0|4.426613
1509548094466|8.744264|0.0|4.426613
1509548094597|8.744264|0.0|4.426613
1509548094729|8.744264|0.0|4.426613
1509548094861|8.744264|-0.013620348|4.440233
1509548094993|8.744264|-0.013620348|4.440233
1509548095126|8.744264|-0.013620348|4.440233
1509548095257|8.744264|-0.013620348|4.440233
1509548095389|8.744264|0.0|4.426613
1509548095522|8.744264|0.013620348|4.426613
1509548095653|8.744264|0.013620348|4.426613
1509548095785|8.744264|-0.013620348|4.440233
1509548095917|8.744264|0.013620348|4.426613
1509548096049|8.744264|0.0|4.426613
1509548096181|8.744264|0.0|4.426613
1509548096314|8.744264|0.013620348|4.426613
1509548096446|8.744264|0.0|4.426613
1509548096577|8.744264|0.013620348|4.440233
1509548096709|8.744264|0.013620348|4.440233
1509548096843|8.744264|0.013620348|4.440233
1509548096973|8.744264|0.0|4.440233
1509548097109|8.744264|0.0|4.440233
1509548097238|8.744264|0.0|4.440233
1509548097369|8.744264|0.013620348|4.440233
1509548097502|8.744264|0.0|4.440233
1509548097634|8.744264|0.0|4.440233
1509548097766|8.730643|0.013620348|4.4538536
1509548097897|8.730643|0.013620348|4.4538536
1509548098029|8.730643|0.013620348|4.4538536
1509548098161|8.730643|0.013620348|4.4538536
1509548098294|8.730643|0.013620348|4.4538536
1509548098426|8.730643|0.013620348|4.4538536
1509548098558|8.744264|0.013620348|4.440233
1509548098690|8.744264|0.013620348|4.440233
1509548098821|8.744264|0.013620348|4.440233
1509548098954|8.744264|0.013620348|4.440233
1509548099086|8.744264|0.013620348|4.440233
1509548099217|8.744264|0.013620348|4.440233
1509548099350|8.744264|0.013620348|4.440233
1509548099481|8.744264|0.013620348|4.440233
1509548099614|8.744264|0.013620348|4.426613
1509548099746|8.744264|0.013620348|4.426613
1509548099877|8.744264|0.013620348|4.426613
1509548100008|8.744264|0.013620348|4.426613
1509548100141|8.744264|0.0|4.426613
1509548100274|8.744264|0.0|4.426613
1509548100405|8.744264|0.013620348|4.426613
1509548100537|8.744264|0.0|4.426613
1509548100671|8.744264|0.0|4.426613
1509548100801|8.744264|0.0|4.426613
1509548100933|8.744264|0.0|4.426613
1509548101066|8.744264|0.0|4.426613
1509548101197|8.744264|0.0|4.426613
1509548101329|8.744264|0.0|4.440233
1509548101461|8.744264|0.0|4.440233
1509548101594|8.744264|0.0|4.440233
1509548101726|8.744264|0.0|4.440233
1509548101857|8.744264|0.0|4.440233
1509548101989|8.730643|0.013620348|4.440233
1509548102122|8.730643|0.013620348|4.440233
1509548102253|8.730643|0.013620348|4.440233
1509548102386|8.730643|0.0|4.4538536
1509548102518|8.744264|0.013620348|4.440233
1509548102650|8.744264|0.013620348|4.440233
1509548102781|8.744264|0.013620348|4.440233
1509548102913|8.744264|0.0|4.426613
1509548103046|8.744264|0.0|4.426613
1509548103177|8.744264|0.013620348|4.426613
1509548103309|8.744264|0.0|4.426613
1509548103441|8.744264|0.0|4.426613
1509548103573|8.744264|0.0|4.426613
1509548103705|8.744264|0.0|4.426613
1509548103837|8.744264|0.0|4.426613
1509548103970|8.744264|0.0|4.426613
1509548104101|8.744264|0.013620348|4.426613
1509548104235|8.744264|0.0|4.426613
1509548104365|8.744264|0.0|4.426613
1509548104497|8.744264|0.0|4.426613
1509548104629|8.744264|0.013620348|4.426613
1509548104762|8.744264|0.013620348|4.426613
1509548104894|8.744264|0.013620348|4.426613
1509548105026|8.744264|0.013620348|4.426613
1509548105157|8.744264|0.013620348|4.426613
1509548105289|8.744264|0.013620348|4.426613
1509548105422|8.744264|0.013620348|4.426613
1509548105554|8.744264|0.013620348|4.426613
1509548105685|8.744264|0.0|4.426613
1509548105817|8.744264|0.0|4.426613
1509548105950|8.744264|0.013620348|4.426613
1509548106082|8.744264|0.013620348|4.426613
1509548106214|8.744264|0.0|4.426613
1509548106345|8.744264|0.0|4.426613
1509548106478|8.744264|0.0|4.426613
1509548106610|8.757884|0.013620348|4.4129925
1509548106742|8.757884|0.013620348|4.4129925
1509548106873|8.757884|0.013620348|4.4129925
1509548107005|8.757884|0.013620348|4.4129925
1509548107138|8.757884|0.013620348|4.4129925
1509548107270|8.744264|0.013620348|4.426613
