1509547115902|0.08172209|0.0|0.013620348
1509547116015|0.08172209|0.0|0.013620348
1509547116146|0.08172209|0.0|0.013620348
1509547116279|0.08172209|0.0|0.013620348
1509547116411|0.08172209|0.0|0.013620348
1509547116543|0.08172209|0.0|0.013620348
1509547116674|0.08172209|0.0|0.027240695
1509547116808|0.08172209|-0.013620348|0.013620348
1509547116939|0.08172209|0.0|0.013620348
1509547117071|0.08172209|0.013620348|0.040861044
1509547117203|0.08172209|0.013620348|0.027240695
1509547117334|0.068101734|0.0|0.027240695
1509547117466|0.08172209|0.0|0.027240695
1509547117598|0.08172209|0.0|0.027240695
1509547117730|0.08172209|0.0|0.013620348
1509547117862|0.08172209|-0.013620348|0.0
1509547117996|0.08172209|-0.013620348|-0.013620348
1509547118126|0.08172209|-0.013620348|-0.013620348
1509547118259|0.08172209|-0.013620348|0.0
1509547118390|0.08172209|-0.013620348|-0.013620348
1509547118523|0.08172209|-0.027240695|-0.013620348
1509547118654|0.08172209|0.0|0.013620348
1509547118787|0.068101734|-0.013620348|0.013620348
1509547118919|0.068101734|-0.013620348|0.013620348
1509547119050|0.068101734|-0.013620348|0.013620348
1509547119182|0.068101734|-0.013620348|0.013620348
1509547119314|0.08172209|-0.013620348|0.0
1509547119447|0.08172209|-0.013620348|0.0
1509547119578|0.08172209|-0.013620348|0.013620348
1509547119711|0.08172209|-0.013620348|0.013620348
1509547119842|0.08172209|-0.013620348|0.0
1509547119975|0.08172209|0.0|0.013620348
1509547120106|0.08172209|-0.013620348|0.013620348
1509547120239|0.08172209|-0.013620348|0.013620348
1509547120370|0.08172209|0.0|0.013620348
1509547120503|0.08172209|-0.013620348|0.013620348
1509547120636|0.08172209|-0.013620348|0.0
1509547120766|0.08172209|-0.013620348|0.013620348
1509547120929|0.08172209|0.0|0.013620348
1509547121106|0.08172209|-0.013620348|0.027240695
1509547121228|0.08172209|-0.013620348|0.027240695
1509547121361|0.08172209|-0.013620348|0.027240695
1509547121492|0.08172209|0.0|0.013620348
1509547121625|0.068101734|0.013620348|0.0
1509547121756|0.068101734|0.0|0.013620348
1509547121889|0.068101734|0.0|0.0
1509547122021|0.08172209|0.0|0.013620348
1509547122152|0.068101734|0.0|0.013620348
1509547122286|0.08172209|0.0|0.0
1509547122417|0.08172209|0.0|0.013620348
1509547122549|0.08172209|-0.013620348|0.013620348
1509547122702|0.068101734|0.013620348|0.013620348
1509547122813|0.068101734|0.0|0.040861044
1509547122944|0.068101734|0.0|0.040861044
1509547123077|0.068101734|0.0|0.040861044
1509547123209|0.05448139|0.0|0.013620348
1509547123341|0.08172209|0.0|0.013620348
1509547123472|0.068101734|0.013620348|0.0
1509547123605|0.068101734|0.0|0.040861044
1509547123739|0.068101734|0.013620348|0.027240695
1509547123868|0.068101734|0.0|0.013620348
1509547124001|0.05448139|0.013620348|0.013620348
1509547124133|0.08172209|0.0|0.013620348
1509547124266|0.08172209|0.013620348|-0.013620348
1509547124396|0.08172209|0.0|-0.013620348
1509547124529|0.08172209|0.027240695|0.027240695
1509547124660|0.08172209|0.013620348|0.013620348
1509547124793|0.068101734|0.0|0.0
1509547124924|0.068101734|0.0|-0.013620348
1509547125057|0.068101734|0.013620348|0.027240695
1509547125189|0.068101734|0.013620348|0.013620348
1509547125321|0.068101734|0.013620348|0.013620348
1509547125452|0.068101734|-0.027240695|0.0
1509547125585|0.068101734|0.0|0.027240695
1509547125716|0.08172209|-0.013620348|0.0
1509547125849|0.08172209|-0.013620348|-0.013620348
1509547126125|0.08172209|-0.013620348|0.0
1509547126244|0.08172209|-0.027240695|0.0
1509547126377|0.08172209|-0.027240695|-0.027240695
1509547126509|0.08172209|-0.027240695|0.0
1509547126641|0.08172209|-0.013620348|0.0
1509547126773|0.08172209|-0.013620348|0.0
1509547126905|0.068101734|-0.013620348|0.0
1509547127036|0.08172209|-0.013620348|0.0
1509547127169|0.08172209|0.0|0.0
1509547127303|0.08172209|0.0|0.0
1509547127433|0.08172209|0.0|-0.013620348
1509547127564|0.08172209|-0.013620348|0.013620348
1509547127705|0.08172209|-0.013620348|0.027240695
1509547127828|0.068101734|-0.013620348|0.027240695
1509547127961|0.068101734|0.0|0.027240695
1509547128092|0.08172209|-0.013620348|0.027240695
1509547128225|0.08172209|0.013620348|0.027240695
1509547128357|0.08172209|-0.027240695|0.013620348
1509547128488|0.08172209|0.0|0.013620348
1509547128621|0.08172209|-0.027240695|0.0
1509547128752|0.068101734|-0.013620348|0.013620348
1509547128885|0.08172209|-0.027240695|0.013620348
1509547129017|0.08172209|0.0|0.0
1509547129148|0.08172209|-0.013620348|0.013620348
1509547129281|0.08172209|0.0|0.013620348
1509547129413|0.08172209|-0.027240695|0.013620348
1509547129544|0.08172209|-0.013620348|0.013620348
1509547129678|0.08172209|-0.013620348|0.013620348
1509547129809|0.08172209|-0.013620348|0.027240695
1509547129944|0.08172209|-0.013620348|0.027240695
1509547130072|0.08172209|0.0|0.027240695
1509547130206|0.08172209|-0.013620348|0.013620348
1509547130337|0.08172209|-0.013620348|0.013620348
1509547130469|0.08172209|-0.027240695|0.013620348
1509547130601|0.08172209|-0.013620348|0.027240695
1509547130733|0.08172209|-0.027240695|0.027240695
1509547130865|0.08172209|-0.013620348|0.027240695
1509547130996|0.08172209|-0.027240695|0.027240695
1509547131129|0.068101734|-0.013620348|0.027240695
1509547131260|0.08172209|-0.013620348|0.027240695
1509547131393|0.08172209|0.0|0.027240695
1509547131524|0.08172209|-0.013620348|0.013620348
1509547131657|0.08172209|0.0|0.027240695
1509547131788|0.08172209|-0.013620348|0.027240695
1509547131921|0.068101734|-0.013620348|0.027240695
1509547132053|0.068101734|-0.013620348|0.013620348
1509547132185|0.08172209|0.0|0.027240695
1509547132319|0.08172209|-0.013620348|0.027240695
1509547132449|0.068101734|-0.013620348|0.027240695
1509547132582|0.08172209|-0.013620348|0.027240695
1509547132720|0.08172209|-0.013620348|0.027240695
1509547132844|0.05448139|0.0|0.040861044
1509547132977|0.08172209|-0.013620348|0.040861044
1509547133108|0.08172209|-0.013620348|0.027240695
1509547133241|0.08172209|-0.013620348|0.013620348
1509547133374|0.08172209|-0.027240695|0.013620348
1509547133505|0.08172209|-0.013620348|0.0
1509547133636|0.08172209|-0.013620348|0.027240695
1509547133769|0.08172209|-0.013620348|0.0
1509547133900|0.08172209|0.013620348|0.027240695
1509547134033|0.08172209|-0.013620348|0.027240695
1509547134164|0.068101734|-0.013620348|0.027240695
1509547134296|0.08172209|-0.013620348|0.027240695
1509547134428|0.095342435|-0.013620348|0.013620348
1509547134560|0.08172209|0.0|0.0
1509547134693|0.08172209|-0.013620348|0.013620348
1509547134825|0.08172209|0.0|0.013620348
1509547134957|0.08172209|0.0|0.0
1509547135089|0.08172209|-0.013620348|0.027240695
1509547135221|0.08172209|-0.013620348|0.027240695
1509547135352|0.08172209|0.013620348|0.027240695
1509547135485|0.068101734|0.0|0.013620348
1509547135616|0.08172209|0.0|0.013620348
1509547135749|0.08172209|-0.013620348|0.0
1509547135880|0.08172209|-0.013620348|0.0
1509547136013|0.08172209|0.013620348|0.0
1509547136144|0.08172209|0.0|0.0
1509547136277|0.08172209|0.0|0.0
1509547136409|0.08172209|-0.027240695|0.013620348
1509547136541|0.08172209|-0.013620348|0.0
1509547136673|0.08172209|0.0|0.027240695
1509547136804|0.08172209|0.0|0.027240695
1509547136937|0.08172209|-0.013620348|0.027240695
1509547137068|0.08172209|-0.013620348|0.027240695
1509547137201|0.068101734|-0.013620348|0.027240695
1509547137336|0.08172209|-0.013620348|0.027240695
1509547137465|0.08172209|-0.013620348|0.027240695
1509547137596|0.05448139|0.0|0.040861044
1509547137736|0.05448139|0.0|0.027240695
1509547137860|0.05448139|0.0|0.027240695
1509547137993|0.05448139|0.0|0.05448139
1509547138125|0.08172209|0.0|0.027240695
1509547138257|0.068101734|0.0|0.027240695
1509547138388|0.08172209|0.0|0.027240695
1509547138521|0.08172209|0.0|0.027240695
1509547138653|0.08172209|0.0|0.013620348
1509547138784|0.08172209|0.0|0.013620348
1509547138917|0.08172209|0.013620348|0.013620348
1509547139049|0.08172209|-0.027240695|-0.013620348
1509547139180|0.08172209|-0.013620348|0.0
1509547139313|0.08172209|-0.027240695|0.0
1509547139445|0.08172209|-0.027240695|0.0
1509547139576|0.08172209|0.0|0.0
1509547139709|0.08172209|0.0|0.0
1509547139841|0.08172209|0.0|0.013620348
1509547139974|0.08172209|-0.013620348|0.013620348
1509547140104|0.08172209|-0.013620348|0.013620348
1509547140237|0.08172209|-0.013620348|0.0
1509547140368|0.068101734|-0.013620348|0.0
1509547140500|0.08172209|-0.027240695|0.0
1509547140633|0.068101734|0.0|0.013620348
1509547140764|0.08172209|-0.027240695|0.013620348
1509547140897|0.08172209|-0.013620348|0.013620348
1509547141028|0.08172209|-0.027240695|0.0
1509547141161|0.08172209|0.0|0.0
1509547141294|0.08172209|-0.013620348|0.0
1509547141425|0.08172209|-0.013620348|0.013620348
1509547141557|0.08172209|-0.027240695|0.0
1509547141689|0.08172209|0.0|0.0
1509547141821|0.08172209|-0.027240695|0.0
1509547141955|0.08172209|0.0|0.013620348
1509547142084|0.08172209|-0.013620348|0.013620348
1509547142218|0.08172209|-0.013620348|0.013620348
1509547142349|0.08172209|-0.013620348|0.013620348
1509547142480|0.08172209|-0.013620348|0.013620348
1509547142613|0.08172209|0.0|0.0
1509547142745|0.08172209|-0.013620348|0.0
1509547142877|0.08172209|-0.013620348|0.013620348
1509547143008|0.08172209|-0.013620348|0.0
1509547143141|0.08172209|-0.013620348|0.0
1509547143272|0.08172209|-0.027240695|0.0
1509547143404|0.08172209|-0.013620348|0.0
1509547143537|0.08172209|0.0|0.0
1509547143668|0.08172209|0.0|0.013620348
1509547143801|0.068101734|0.027240695|0.040861044
1509547143932|0.068101734|0.013620348|0.027240695
1509547144066|0.05448139|0.027240695|0.027240695
1509547144196|0.05448139|0.0|0.027240695
1509547144329|0.08172209|0.0|0.013620348
1509547144460|0.08172209|0.0|0.0
1509547144598|0.068101734|0.0|-0.013620348
1509547144725|0.05448139|0.013620348|0.040861044
1509547144856|0.05448139|0.013620348|0.027240695
1509547144988|0.05448139|0.0|0.027240695
1509547145121|0.08172209|0.0|0.027240695
1509547145252|0.068101734|-0.013620348|0.027240695
1509547145391|0.05448139|0.013620348|0.027240695
1509547145516|0.068101734|0.0|0.027240695
1509547145648|0.05448139|0.013620348|0.013620348
1509547145780|0.05448139|0.0|0.0
1509547145913|0.05448139|0.0|0.013620348
1509547146044|0.05448139|0.0|0.013620348
1509547146177|0.05448139|-0.013620348|0.013620348
1509547146308|0.08172209|-0.013620348|-0.013620348
1509547146441|0.08172209|-0.027240695|0.013620348
1509547146572|0.08172209|-0.027240695|0.0
1509547146705|0.08172209|-0.027240695|0.0
1509547146836|0.08172209|-0.027240695|-0.013620348
1509547146969|0.08172209|-0.027240695|0.0
1509547147101|0.08172209|-0.027240695|0.0
1509547147234|0.08172209|-0.027240695|0.0
1509547147364|0.08172209|-0.013620348|-0.027240695
1509547147497|0.08172209|-0.013620348|0.0
1509547147629|0.08172209|-0.027240695|-0.013620348
1509547147768|0.08172209|-0.013620348|0.0
1509547147893|0.08172209|-0.013620348|0.0
1509547148026|0.08172209|0.0|0.0
1509547148157|0.08172209|-0.013620348|0.0
1509547148288|0.08172209|0.0|0.0
1509547148421|0.08172209|-0.013620348|0.0
1509547148552|0.08172209|-0.013620348|0.0
1509547148685|0.08172209|-0.013620348|0.0
1509547148817|0.08172209|0.0|0.0
1509547148948|0.08172209|-0.013620348|-0.013620348
