1509547779182|-0.5448139|8.335652|5.1484914
1509547779314|-0.57205456|8.349273|5.1212506
1509547779448|-0.58567494|8.362893|5.1076303
1509547779578|-0.55843425|8.362893|5.09401
1509547779711|-0.43585113|8.3765135|5.09401
1509547779844|-0.19068487|8.390134|5.09401
1509547779976|0.19068487|8.403754|5.0531487
1509547780107|0.6946377|8.444615|4.944186
1509547780239|1.4982383|8.499097|4.6853995
1509547780371|2.3563201|8.458236|4.385752
1509547780504|3.3778462|8.172209|4.2495484
1509547780636|4.508335|7.695496|4.0861044
1509547780767|5.6660643|7.06896|3.7728362
1509547780899|6.769313|6.26536|3.3506055
1509547781032|7.722737|5.339176|2.819412
1509547781164|8.458236|4.358511|2.3699405
1509547781295|8.989429|3.405087|1.9477097
1509547781426|9.370799|2.4380422|1.5799603
1509547781559|9.602345|1.4573771|1.2803127
1509547781691|9.711308|0.7218784|1.1032481
1509547781823|9.724928|0.27240694|1.1849703
1509547781957|9.697687|-0.013620348|1.4301364
1509547782087|9.670446|-0.23154591|1.5390993
1509547782219|9.670446|-0.36774936|1.5799603
1509547782352|9.656826|-0.50395286|1.6208212
1509547782484|9.629586|-0.5992953|1.6889231
1509547782616|9.602345|-0.667397|1.8659877
1509547782748|9.547864|-0.6946377|2.0975335
1509547782880|9.507003|-0.70825803|2.2609777
1509547783011|9.479762|-0.70825803|2.383561
1509547783144|9.466142|-0.6537767|2.4789033
1509547783276|9.452521|-0.55843425|2.547005
1509547783407|9.438901|-0.44947144|2.6014864
1509547783539|9.425281|-0.38136974|2.6423473
1509547783671|9.41166|-0.31326798|2.6968286
1509547783804|9.39804|-0.24516624|2.7649305
1509547783936|9.384419|-0.2043052|2.819412
1509547784067|9.370799|-0.14982383|2.860273
1509547784199|9.357179|-0.095342435|2.9147542
1509547784331|9.343558|-0.05448139|2.941995
1509547784462|9.329938|-0.027240695|2.9828563
1509547784596|9.316318|-0.027240695|3.050958
1509547784727|9.302697|-0.013620348|3.1054392
1509547784859|9.275456|-0.013620348|3.1599207
1509547784991|9.275456|-0.013620348|3.1871612
1509547785124|9.261836|-0.013620348|3.214402
1509547785255|9.261836|-0.013620348|3.214402
1509547785387|9.261836|0.0|3.2280223
1509547785520|9.248216|0.0|3.2416425
1509547785652|9.248216|0.0|3.2416425
1509547785784|9.248216|0.0|3.2416425
1509547785916|9.248216|0.0|3.2416425
1509547786048|9.261836|0.0|3.214402
1509547786179|9.248216|0.013620348|3.2416425
1509547786311|9.248216|0.013620348|3.2416425
1509547786444|9.248216|0.013620348|3.2416425
1509547786575|9.248216|0.013620348|3.2416425
1509547786707|9.248216|0.013620348|3.2416425
1509547786840|9.248216|0.013620348|3.2416425
1509547786971|9.261836|0.0|3.214402
1509547787104|9.261836|0.013620348|3.214402
1509547787236|9.261836|0.013620348|3.214402
1509547787367|9.261836|0.013620348|3.214402
1509547787502|9.261836|0.013620348|3.2280223
1509547787632|9.261836|0.013620348|3.2280223
1509547787764|9.261836|0.0|3.2280223
1509547787895|9.261836|0.0|3.2280223
1509547788028|9.248216|0.0|3.2416425
1509547788159|9.248216|0.0|3.2416425
1509547788291|9.248216|0.0|3.2416425
1509547788424|9.248216|0.0|3.2416425
1509547788555|9.248216|0.0|3.2416425
1509547788687|9.261836|0.0|3.2280223
1509547788819|9.261836|0.0|3.2280223
1509547788951|9.248216|0.0|3.2280223
1509547789083|9.248216|0.0|3.2280223
1509547789215|9.248216|0.0|3.2280223
1509547789346|9.248216|0.0|3.2280223
1509547789480|9.261836|0.013620348|3.2280223
1509547789611|9.261836|0.0|3.2280223
1509547789744|9.261836|0.0|3.2280223
1509547789875|9.261836|0.0|3.2280223
1509547790008|9.261836|0.0|3.2280223
1509547790139|9.261836|0.0|3.2280223
1509547790271|9.261836|0.013620348|3.2280223
1509547790404|9.261836|0.013620348|3.2280223
1509547790536|9.261836|0.013620348|3.2280223
1509547790668|9.261836|0.0|3.2280223
1509547790799|9.261836|0.0|3.2280223
1509547790932|9.261836|0.0|3.2280223
1509547791064|9.261836|0.0|3.2280223
1509547791195|9.261836|0.0|3.2280223
1509547791327|9.261836|0.0|3.2280223
1509547791460|9.261836|0.0|3.2280223
1509547791592|9.261836|0.0|3.2280223
1509547791724|9.261836|0.013620348|3.2280223
1509547791856|9.261836|0.013620348|3.2280223
1509547791988|9.261836|0.0|3.2280223
1509547792119|9.261836|0.013620348|3.2280223
1509547792251|9.261836|0.0|3.2280223
1509547792384|9.261836|0.013620348|3.2280223
1509547792516|9.261836|0.0|3.2280223
1509547792647|9.261836|0.013620348|3.2280223
1509547792780|9.261836|0.027240695|3.2280223
1509547792911|9.261836|0.013620348|3.2280223
1509547793044|9.261836|0.0|3.2280223
1509547793175|9.261836|0.013620348|3.2280223
1509547793308|9.261836|0.013620348|3.2280223
1509547793439|9.261836|0.013620348|3.2280223
1509547793572|9.248216|0.013620348|3.2416425
1509547793704|9.248216|0.0|3.2552629
1509547793836|9.248216|0.0|3.2552629
1509547793968|9.248216|0.0|3.2552629
1509547794099|9.248216|0.0|3.2552629
1509547794231|9.248216|0.013620348|3.2552629
1509547794364|9.248216|0.013620348|3.2552629
1509547794495|9.248216|0.013620348|3.2552629
1509547794628|9.248216|0.013620348|3.2552629
1509547794759|9.248216|0.013620348|3.2552629
1509547794891|9.248216|0.027240695|3.2552629
1509547795024|9.248216|0.027240695|3.2552629
1509547795156|9.248216|0.013620348|3.2552629
1509547795288|9.248216|0.013620348|3.2552629
1509547795419|9.248216|0.027240695|3.2552629
1509547795551|9.248216|0.027240695|3.2552629
1509547795684|9.248216|0.0|3.2552629
1509547795816|9.248216|0.013620348|3.2552629
1509547795947|9.248216|0.0|3.2280223
1509547796079|9.248216|0.0|3.2416425
1509547796211|9.248216|0.0|3.2416425
1509547796344|9.248216|0.0|3.2416425
1509547796476|9.248216|0.013620348|3.2416425
1509547796607|9.248216|0.0|3.2416425
1509547796739|9.248216|0.0|3.2416425
1509547796871|9.248216|0.0|3.2552629
1509547797004|9.248216|0.0|3.2416425
1509547797136|9.248216|0.0|3.2416425
1509547797267|9.248216|0.0|3.2416425
1509547797399|9.248216|0.0|3.2416425
1509547797531|9.248216|0.013620348|3.2416425
1509547797663|9.248216|0.013620348|3.2416425
1509547797795|9.248216|0.013620348|3.2552629
1509547797928|9.248216|0.0|3.2552629
1509547798060|9.248216|0.0|3.2416425
1509547798191|9.248216|0.013620348|3.2552629
1509547798324|9.248216|0.013620348|3.2552629
1509547798456|9.248216|0.027240695|3.2688832
1509547798588|9.248216|0.027240695|3.2688832
1509547798720|9.248216|0.027240695|3.2552629
1509547798852|9.248216|0.027240695|3.2552629
1509547798984|9.248216|0.013620348|3.2552629
1509547799115|9.248216|0.013620348|3.2552629
1509547799247|9.248216|0.013620348|3.2552629
1509547799379|9.248216|0.0|3.2552629
1509547799513|9.248216|0.013620348|3.2552629
1509547799645|9.248216|0.0|3.2552629
1509547799775|9.234595|0.0|3.2688832
1509547799907|9.248216|0.0|3.2552629
1509547800038|9.248216|0.0|3.2552629
1509547800172|9.248216|0.013620348|3.2552629
1509547800304|9.248216|0.013620348|3.2552629
1509547800436|9.248216|0.0|3.2552629
1509547800567|9.248216|0.0|3.2552629
1509547800699|9.248216|0.013620348|3.2552629
1509547800832|9.248216|0.0|3.2416425
1509547800964|9.261836|0.013620348|3.2280223
1509547801095|9.261836|0.013620348|3.2280223
1509547801227|9.261836|0.013620348|3.2280223
1509547801359|9.248216|0.0|3.2552629
1509547801491|9.248216|0.0|3.2416425
1509547801624|9.248216|0.0|3.2416425
1509547801756|9.248216|0.0|3.2416425
1509547801887|9.248216|0.0|3.2416425
1509547802019|9.248216|0.0|3.2416425
1509547802152|9.248216|0.0|3.2416425
1509547802284|9.248216|0.013620348|3.2416425
1509547802416|9.248216|0.0|3.2416425
1509547802548|9.248216|0.0|3.2416425
1509547802680|9.248216|0.0|3.2416425
1509547802811|9.248216|0.0|3.2416425
1509547802944|9.248216|0.013620348|3.2416425
1509547803076|9.248216|0.013620348|3.2416425
1509547803207|9.248216|0.0|3.2416425
1509547803339|9.248216|0.013620348|3.2416425
1509547803471|9.248216|0.0|3.2416425
1509547803604|9.248216|0.0|3.2416425
1509547803735|9.248216|0.0|3.2416425
1509547803868|9.248216|0.0|3.2416425
1509547803999|9.248216|0.0|3.2416425
1509547804132|9.248216|0.0|3.2416425
1509547804264|9.248216|0.013620348|3.2552629
1509547804395|9.248216|0.013620348|3.2416425
1509547804528|9.248216|0.013620348|3.2416425
1509547804658|9.248216|0.0|3.2416425
1509547804791|9.248216|0.0|3.2416425
1509547804923|9.248216|0.0|3.2416425
1509547805056|9.248216|-0.013620348|3.2416425
1509547805188|9.248216|0.013620348|3.2416425
1509547805320|9.248216|-0.013620348|3.2416425
1509547805451|9.248216|0.0|3.2416425
1509547805584|9.248216|0.0|3.2416425
1509547805715|9.248216|0.0|3.2416425
1509547805848|9.248216|0.0|3.2416425
1509547805980|9.248216|0.0|3.2416425
1509547806111|9.248216|0.0|3.2416425
1509547806244|9.248216|0.027240695|3.2552629
1509547806375|9.248216|0.013620348|3.2416425
1509547806508|9.248216|0.0|3.2416425
1509547806639|9.248216|0.0|3.2416425
1509547806771|9.248216|0.013620348|3.2552629
1509547806904|9.248216|0.0|3.2552629
1509547807036|9.248216|0.0|3.2552629
1509547807167|9.248216|0.013620348|3.2552629
1509547807299|9.248216|0.027240695|3.2552629
1509547807432|9.248216|0.027240695|3.2552629
1509547807564|9.248216|0.027240695|3.2552629
1509547807695|9.234595|0.027240695|3.2688832
1509547807828|9.234595|0.027240695|3.2688832
1509547807959|9.234595|0.027240695|3.2688832
1509547808091|9.248216|0.013620348|3.2688832
1509547808223|9.248216|0.013620348|3.2552629
1509547808356|9.248216|0.013620348|3.2552629
1509547808487|9.234595|0.027240695|3.2688832
1509547808619|9.234595|0.027240695|3.2688832
1509547808751|9.248216|0.027240695|3.2688832
1509547808884|9.234595|0.027240695|3.2688832
1509547809015|9.248216|0.027240695|3.2688832
1509547809147|9.248216|0.027240695|3.2552629
1509547809278|9.248216|0.027240695|3.2552629
1509547809411|9.248216|0.027240695|3.2552629
1509547809544|9.248216|0.013620348|3.2552629
1509547809675|9.248216|0.013620348|3.2552629
1509547809807|9.248216|0.013620348|3.2280223
1509547809939|9.261836|0.0|3.2007816
1509547810070|9.261836|0.0|3.2007816
1509547810203|9.261836|0.0|3.2007816
1509547810335|9.261836|0.0|3.214402
1509547810467|9.261836|0.0|3.214402
1509547810599|9.261836|0.0|3.2280223
1509547810735|9.248216|0.0|3.2280223
1509547810863|9.248216|0.0|3.2416425
1509547810995|9.248216|0.0|3.2416425
1509547811128|9.248216|0.0|3.2416425
1509547811259|9.248216|0.0|3.2416425
1509547811391|9.248216|0.0|3.2416425
1509547811524|9.248216|0.0|3.2416425
1509547811656|9.248216|0.0|3.2552629
1509547811787|9.248216|0.013620348|3.2552629
1509547811920|9.248216|0.013620348|3.2552629
1509547812051|9.248216|0.013620348|3.2552629
1509547812184|9.248216|0.013620348|3.2552629
1509547812315|9.248216|0.013620348|3.2552629
