1510206217918|392
1510206218064|447
1510206218218|423
1510206218300|300
1510206218454|365
1510206218604|464
1510206218687|465
1510206218839|660
1510206218979|671
1510206219122|668
1510206219203|672
1510206219354|602
1510206219504|590
1510206219644|577
1510206219797|664
1510206219951|610
1510206220100|604
1510206220257|589
1510206220403|573
1510206220487|577
1510206220641|590
1510206220780|570
1510206220920|512
1510206221005|506
1510206221153|439
1510206221292|496
1510206221445|503
1510206221600|460
1510206221753|479
1510206221900|361
1510206222066|454
1510206222203|602
1510206222342|694
1510206222500|725
1510206222653|564
1510206222806|599
1510206222952|681
1510206223088|500
1510206223173|521
1510206223323|649
1510206223477|676
1510206223632|643
1510206223776|681
1510206223921|624
1510206224061|708
1510206224197|686
1510206224283|628
1510206224420|596
1510206224570|688
1510206224724|678
1510206224877|717
1510206225022|714
1510206225165|546
1510206225308|465
1510206225451|510
1510206225602|677
1510206225752|698
1510206225891|521
1510206226046|495
1510206226199|417
1510206226354|453
1510206226487|424
1510206226640|556
1510206226793|649
1510206226929|689
1510206227082|711
1510206227222|596
1510206227370|473
1510206227524|445
1510206227677|575
1510206227822|637
1510206227964|585
1510206228111|431
1510206228250|429
1510206228401|455
1510206228559|450
1510206228702|470
1510206228845|480
1510206228999|520
1510206229151|502
1510206229301|481
1510206229453|480
1510206229535|505
1510206229688|451
1510206229843|443
1510206229976|421
1510206230121|410
1510206230202|410
1510206230352|403
1510206230492|409
1510206230648|390
1510206230801|356
1510206230951|296
1510206231090|271
1510206231242|373
1510206231391|390
1510206231529|395
1510206231684|441
1510206231823|595
1510206231971|654
1510206232123|545
1510206232279|559
1510206232422|652
1510206232585|603
1510206232719|590
1510206232863|620
1510206233023|681
1510206233179|695
1510206233331|680
1510206233486|604
1510206233640|632
1510206233783|618
1510206233926|574
1510206234079|537
1510206234223|461
1510206234367|411
1510206234520|499
1510206234668|555
1510206234823|517
1510206234981|452
1510206235134|594
1510206235286|535
1510206235424|566
1510206235567|621
1510206235649|619
1510206235804|533
1510206235949|535
1510206236092|535
1510206236245|611
1510206236401|615
1510206236543|583
1510206236624|507
1510206236783|683
1510206236918|680
1510206237051|476
1510206237200|369
1510206237349|367
1510206237493|534
1510206237645|525
1510206237789|659
1510206237933|709
1510206238085|699
1510206238241|619
1510206238383|365
1510206238464|362
1510206238623|407
1510206238776|594
1510206238932|511
1510206239084|276
1510206239235|374
1510206239375|443
1510206239523|437
1510206239679|440
1510206239812|540
1510206239958|503
1510206240101|488
1510206240248|336
1510206240398|372
1510206240482|392
1510206240636|380
1510206240784|445
1510206240923|432
1510206241066|481
1510206241210|486
1510206241350|500
1510206241489|465
1510206241576|450
1510206241728|417
1510206241809|418
1510206241960|415
1510206242106|417
1510206242245|408
1510206242399|407
1510206242536|415
1510206242669|418
1510206242812|478
1510206242897|481
1510206243053|456
1510206243203|425
1510206243340|404
1510206243422|414
1510206243568|406
1510206243722|460
1510206243872|461
1510206244025|519
1510206244181|586
1510206244337|558
1510206244490|521
1510206244625|471
1510206244769|452
1510206244929|452
1510206245065|453
1510206245218|460
1510206245371|446
1510206245523|435
1510206245668|434
1510206245814|389
1510206245949|452
1510206246091|430
1510206246179|421
1510206246331|472
1510206246466|536
1510206246616|578
1510206246770|592
1510206246925|529
1510206247067|494
1510206247201|463
1510206247345|483
1510206247498|487
1510206247647|487
1510206247729|485
1510206247885|476
1510206248031|447
1510206248171|463
1510206248326|418
1510206248468|404
1510206248611|425
1510206248766|435
1510206248917|487
1510206249066|562
1510206249226|563
1510206249369|543
1510206249528|479
1510206249666|484
1510206249819|481
1510206249974|489
1510206250125|533
1510206250267|562
