1509586997587|-0.13620347|-0.027240695|-0.13620347
1509586997720|-0.14982383|-0.13620347|0.027240695
1509586997852|-0.2043052|0.027240695|-0.040861044
1509586997983|0.08172209|0.0|-0.19068487
1509586998114|-0.040861044|-0.095342435|0.12258312
1509586998247|0.12258312|-0.12258312|-0.17706451
1509586998379|-0.14982383|0.12258312|-0.12258312
1509586998511|0.25878662|-0.12258312|-0.21792556
1509586998643|0.027240695|0.16344418|-0.17706451
1509586998775|0.08172209|-0.013620348|-0.08172209
1509586998907|0.23154591|0.027240695|-0.17706451
1509586999040|-0.013620348|-0.05448139|0.13620347
1509586999171|-0.027240695|0.068101734|-0.12258312
1509586999305|0.25878662|0.10896278|-0.8036005
1509586999438|0.14982383|0.013620348|0.040861044
1509586999568|0.24516624|0.0|-0.013620348
1509586999700|0.14982383|0.095342435|0.095342435
1509586999831|0.47671217|0.068101734|-0.14982383
1509586999963|0.21792556|-0.31326798|0.24516624
1509587000101|0.08172209|-0.25878662|0.44947144
1509587000226|0.095342435|0.027240695|0.46309182
1509587000359|0.32688835|-0.17706451|0.7627395
1509587000490|0.14982383|0.32688835|0.095342435
1509587000623|0.32688835|0.027240695|0.8580819
1509587000754|0.095342435|0.25878662|0.4086104
1509587000887|-0.17706451|0.61291564|0.027240695
1509587001020|0.49033248|-0.19068487|0.3405087
1509587001152|-0.040861044|0.19068487|0.32688835
1509587001283|0.08172209|0.08172209|0.24516624
1509587001416|0.12258312|0.068101734|0.3949901
1509587001547|0.013620348|0.027240695|0.53119355
1509587001681|0.027240695|0.14982383|0.3405087
1509587001811|-0.19068487|-0.068101734|0.7899802
1509587001943|0.05448139|-0.10896278|0.3405087
1509587002075|-0.27240694|0.068101734|0.53119355
1509587002207|0.095342435|-0.068101734|0.12258312
1509587002338|-0.10896278|0.013620348|0.095342435
1509587002471|-0.040861044|-0.08172209|0.05448139
1509587002604|-0.2043052|0.068101734|0.027240695
1509587002735|-0.10896278|0.05448139|-0.12258312
1509587002868|-0.10896278|0.08172209|-0.095342435
1509587003000|0.05448139|-0.027240695|-0.040861044
1509587003132|0.027240695|0.27240694|-0.50395286
1509587003265|0.14982383|0.13620347|-0.50395286
1509587003395|0.14982383|0.095342435|-0.6946377
1509587003528|0.10896278|0.12258312|-0.6946377
1509587003660|0.19068487|0.05448139|-1.0623871
1509587003792|0.068101734|0.027240695|-0.8989429
1509587003923|0.040861044|0.16344418|-1.0351465
1509587004055|0.10896278|0.0|-0.95342433
1509587004188|0.040861044|0.08172209|-1.0623871
1509587004319|0.08172209|-0.10896278|-0.83084124
1509587004451|-0.013620348|0.013620348|-0.939804
1509587004584|-0.027240695|-0.12258312|-0.6946377
1509587004715|0.0|-0.19068487|-0.7354987
1509587004848|-0.040861044|-0.19068487|-0.6537767
1509587004979|-0.05448139|-0.14982383|-0.8989429
1509587005118|-0.027240695|0.0|-0.98066497
1509587005243|-0.013620348|-0.21792556|-0.6401563
1509587005376|-0.05448139|-0.068101734|-0.61291564
1509587005507|-0.095342435|-0.12258312|-0.49033248
1509587005640|-0.068101734|-0.13620347|-0.29964766
1509587005771|-0.14982383|-0.31326798|-0.068101734
1509587005910|-0.08172209|-0.08172209|-0.3949901
1509587006035|-0.13620347|-0.29964766|0.068101734
1509587006170|-0.16344418|-0.08172209|-0.17706451
1509587006299|0.068101734|-0.31326798|-0.05448139
1509587006431|-0.24516624|0.08172209|-0.17706451
1509587006564|0.068101734|-0.31326798|0.12258312
1509587006694|-0.13620347|0.0|-0.14982383
1509587006827|0.08172209|-0.14982383|-0.14982383
1509587006960|-0.095342435|0.08172209|-0.19068487
1509587007091|0.040861044|-0.12258312|-0.12258312
1509587007223|-0.027240695|-0.08172209|-0.095342435
1509587007355|0.095342435|-0.095342435|-0.23154591
1509587007488|0.040861044|-0.12258312|0.0
1509587007621|0.13620347|-0.12258312|-0.32688835
1509587007751|0.040861044|-0.2043052|0.12258312
1509587007884|0.2043052|0.027240695|-0.70825803
1509587008015|0.08172209|-0.23154591|-0.23154591
1509587008148|0.095342435|-0.16344418|-0.027240695
1509587008279|0.095342435|-0.13620347|-0.21792556
1509587008412|0.027240695|0.0|-0.44947144
1509587008543|0.013620348|-0.4086104|0.25878662
1509587008675|-0.027240695|-0.13620347|-0.16344418
1509587008808|-0.027240695|-0.24516624|0.12258312
1509587008939|0.12258312|-0.24516624|-0.17706451
1509587009072|0.0|-0.12258312|0.05448139
1509587009203|0.21792556|-0.28602728|-0.21792556
1509587009336|-0.17706451|0.08172209|-0.27240694
1509587009469|0.2043052|-0.25878662|-0.27240694
1509587009600|-0.08172209|0.08172209|-0.3949901
1509587009732|0.14982383|-0.040861044|-0.5448139
1509587009871|-0.040861044|-0.17706451|0.12258312
1509587009996|0.027240695|-0.19068487|0.0
1509587010127|-0.08172209|-0.095342435|-0.05448139
1509587010261|0.040861044|-0.12258312|0.027240695
1509587010391|0.095342435|0.0|-0.31326798
1509587010524|-0.068101734|0.095342435|-0.24516624
1509587010656|-0.040861044|-0.027240695|-0.08172209
1509587010787|0.0|0.08172209|-0.21792556
1509587010920|0.0|0.068101734|-0.25878662
1509587011051|-0.040861044|-0.068101734|0.0
1509587011184|0.040861044|-0.21792556|0.16344418
1509587011315|-0.2043052|0.08172209|-0.13620347
1509587011453|0.013620348|-0.10896278|0.040861044
1509587011579|0.027240695|-0.013620348|-0.25878662
1509587011712|-0.23154591|0.068101734|0.23154591
1509587011843|0.05448139|-0.027240695|-0.2043052
1509587011975|0.013620348|0.068101734|-0.28602728
1509587012107|-0.13620347|-0.08172209|0.2043052
1509587012239|-0.05448139|0.13620347|-0.21792556
1509587012371|-0.095342435|-0.08172209|0.21792556
1509587012503|-0.040861044|0.13620347|-0.38136974
1509587012635|-0.12258312|-0.027240695|0.13620347
1509587012767|0.013620348|0.068101734|-0.24516624
1509587012900|0.040861044|-0.05448139|0.013620348
1509587013031|-0.027240695|0.12258312|-0.24516624
1509587013163|0.12258312|-0.095342435|0.0
1509587013295|-0.32688835|0.27240694|-0.47671217
1509587013427|0.068101734|-0.27240694|0.36774936
1509587013559|-0.013620348|0.13620347|-0.28602728
1509587013693|0.10896278|-0.19068487|0.013620348
1509587013823|-0.23154591|0.05448139|0.0
1509587013956|0.013620348|-0.28602728|0.46309182
1509587014087|-0.095342435|0.095342435|-0.32688835
1509587014220|0.095342435|-0.08172209|0.0
1509587014351|0.013620348|-0.040861044|-0.05448139
1509587014483|0.068101734|0.10896278|-0.27240694
1509587014615|0.013620348|-0.05448139|0.10896278
1509587014748|-0.013620348|0.040861044|-0.12258312
1509587014879|-0.027240695|-0.095342435|0.068101734
1509587015011|0.013620348|0.10896278|-0.24516624
1509587015143|0.17706451|-0.068101734|-0.17706451
1509587015275|0.0|0.05448139|-0.027240695
1509587015407|0.3405087|0.013620348|-0.5992953
1509587015540|-0.12258312|0.0|0.25878662
1509587015671|0.068101734|0.095342435|-0.23154591
1509587015804|-0.040861044|-0.08172209|0.2043052
1509587015942|0.040861044|0.08172209|-0.35412902
1509587016068|-0.013620348|-0.13620347|0.2043052
1509587016201|-0.040861044|0.05448139|-0.12258312
1509587016332|0.12258312|0.08172209|-0.23154591
1509587016463|0.040861044|-0.32688835|0.5448139
1509587016595|0.013620348|0.32688835|-0.7899802
1509587016727|0.013620348|-0.27240694|0.3949901
1509587016860|-0.05448139|-0.027240695|0.16344418
1509587016991|0.095342435|-0.05448139|-0.31326798
1509587017123|-0.05448139|0.05448139|-0.095342435
1509587017255|0.027240695|-0.13620347|-0.05448139
1509587017388|0.040861044|-0.10896278|-0.16344418
1509587017520|0.027240695|0.068101734|-0.31326798
1509587017652|0.068101734|-0.08172209|-0.05448139
1509587017784|0.0|0.14982383|-0.16344418
1509587017916|0.013620348|0.13620347|-0.095342435
1509587018048|0.19068487|-0.013620348|-0.16344418
1509587018180|-0.027240695|0.13620347|-0.14982383
1509587018312|-0.027240695|0.05448139|-0.25878662
1509587018444|-0.28602728|-0.095342435|0.19068487
1509587018575|0.08172209|-0.040861044|-0.31326798
1509587018708|0.0|-0.027240695|-0.10896278
1509587018839|-0.040861044|-0.17706451|0.040861044
1509587018972|0.027240695|-0.14982383|0.08172209
1509587019103|-0.08172209|-0.08172209|-0.3949901
1509587019236|0.027240695|-0.31326798|0.19068487
1509587019367|-0.19068487|0.08172209|-0.31326798
1509587019500|0.16344418|-0.27240694|0.27240694
1509587019631|-0.10896278|-0.13620347|0.10896278
1509587019763|-0.095342435|0.040861044|0.10896278
1509587019896|0.013620348|-0.05448139|0.35412902
1509587020027|-0.08172209|-0.027240695|0.57205456
1509587020159|0.0|0.05448139|0.47671217
1509587020291|0.0|-0.095342435|0.57205456
1509587020423|-0.013620348|0.095342435|0.5448139
1509587020556|0.027240695|-0.040861044|0.36774936
1509587020687|0.10896278|0.040861044|0.47671217
1509587020819|-0.08172209|-0.068101734|0.57205456
1509587020958|-0.027240695|0.040861044|0.5448139
1509587021083|0.027240695|0.13620347|0.31326798
1509587021217|-0.08172209|0.040861044|0.667397
1509587021353|0.05448139|0.28602728|0.05448139
1509587021479|0.0|0.027240695|0.7354987
1509587021611|-0.05448139|0.27240694|0.4086104
1509587021743|-0.23154591|-0.040861044|0.92618364
1509587021875|0.068101734|0.068101734|0.5448139
1509587022007|0.05448139|0.013620348|0.3949901
1509587022139|-0.013620348|0.040861044|0.55843425
1509587022272|0.0|0.2043052|-0.08172209
1509587022403|-0.05448139|-0.068101734|0.3405087
1509587022535|-0.08172209|0.13620347|-0.2043052
1509587022667|-0.040861044|-0.2043052|0.4086104
1509587022799|0.2043052|0.14982383|-0.6537767
1509587022931|-0.027240695|-0.14982383|0.25878662
1509587023063|0.16344418|0.0|-0.28602728
1509587023195|-0.027240695|-0.29964766|0.25878662
1509587023327|0.10896278|0.013620348|-0.25878662
1509587023460|-0.095342435|-0.16344418|0.23154591
1509587023592|0.27240694|-0.027240695|-0.36774936
1509587023723|0.027240695|-0.17706451|0.2043052
1509587023856|0.10896278|-0.05448139|-0.16344418
1509587023987|0.21792556|-0.027240695|-0.27240694
1509587024119|0.08172209|-0.068101734|0.0
1509587024251|0.040861044|-0.027240695|-0.013620348
1509587024384|0.0|0.027240695|-0.040861044
1509587024519|0.027240695|0.040861044|-0.19068487
1509587024649|-0.040861044|-0.19068487|0.19068487
1509587024786|0.16344418|0.068101734|-0.17706451
1509587024911|0.16344418|-0.28602728|-0.040861044
1509587025043|-0.14982383|0.14982383|-0.21792556
1509587025175|0.16344418|-0.08172209|-0.28602728
1509587025308|-0.24516624|-0.040861044|0.2043052
1509587025440|0.12258312|0.040861044|-0.2043052
1509587025570|-0.013620348|-0.25878662|0.21792556
1509587025703|-0.095342435|0.095342435|-0.3405087
1509587025835|0.040861044|0.13620347|-0.58567494
1509587025975|-0.027240695|0.095342435|-0.3405087
1509587026100|0.2043052|-0.5448139|0.47671217
1509587026233|0.61291564|-0.50395286|-0.25878662
1509587026364|0.29964766|-0.28602728|-0.12258312
1509587026496|0.3405087|-0.31326798|-0.05448139
1509587026628|0.12258312|-0.14982383|-0.10896278
1509587026759|0.2043052|-0.19068487|-0.068101734
1509587026892|0.12258312|-0.12258312|-0.10896278
1509587027023|0.10896278|-0.095342435|-0.13620347
1509587027155|0.095342435|-0.068101734|-0.05448139
1509587027287|0.027240695|-0.040861044|-0.10896278
