1509145533201|-16.14|111.96|-75.0
1509145533324|-16.859999|111.899994|-73.14
1509145533455|-17.699999|109.619995|-70.32
1509145533588|-18.96|103.32|-66.119995
1509145533720|-20.46|93.42|-61.68
1509145533852|-21.96|80.4|-56.34
1509145533984|-24.06|65.159996|-51.0
1509145534116|-25.859999|50.039997|-45.42
1509145534248|-27.779999|34.62|-39.48
1509145534379|-29.519999|19.08|-33.54
1509145534512|-30.96|5.8799996|-28.08
1509145534645|-31.859999|-3.54|-24.66
1509145534776|-32.399998|-6.96|-23.88
1509145534908|-32.28|-4.38|-26.34
1509145535040|-31.56|2.22|-30.06
1509145535172|-30.48|9.719999|-33.42
1509145535304|-29.64|15.48|-36.18
1509145535436|-28.859999|19.5|-37.44
1509145535567|-28.5|21.0|-38.16
1509145535701|-29.039999|21.359999|-38.16
1509145535831|-29.46|21.779999|-37.44
1509145535963|-29.46|21.3|-37.079998
1509145536096|-29.82|21.0|-36.3
1509145536228|-29.699999|20.279999|-35.579998
1509145536360|-29.46|18.539999|-34.559998
1509145536491|-30.06|16.68|-33.059998
1509145536623|-29.46|13.98|-31.74
1509145536755|-29.76|11.28|-31.08
1509145536887|-29.88|8.04|-30.72
1509145537019|-30.0|4.98|-30.42
1509145537152|-30.539999|2.76|-29.88
1509145537283|-30.779999|0.48|-28.56
1509145537416|-31.619999|-2.22|-26.82
1509145537548|-32.04|-5.7599998|-24.72
1509145537680|-32.94|-9.9|-22.98
1509145537812|-33.6|-14.46|-21.0
1509145537944|-33.54|-17.94|-19.38
1509145538076|-33.36|-20.76|-18.119999
1509145538208|-33.239998|-23.34|-16.859999
1509145538339|-33.239998|-24.96|-16.56
1509145538472|-33.239998|-25.019999|-17.279999
1509145538604|-33.48|-24.42|-17.58
1509145538736|-33.54|-23.039999|-17.46
1509145538867|-33.239998|-22.199999|-16.74
1509145539000|-33.36|-22.68|-15.599999
1509145539132|-32.88|-23.939999|-15.54
1509145539264|-32.88|-25.5|-16.199999
1509145539401|-33.18|-26.82|-17.58
1509145539528|-33.059998|-28.26|-19.199999
1509145539659|-33.18|-29.279999|-20.64
1509145539791|-32.76|-29.46|-21.84
1509145539924|-32.579998|-28.26|-22.439999
1509145540055|-32.52|-25.619999|-22.8
1509145540188|-32.94|-22.68|-23.4
1509145540320|-33.12|-20.22|-23.88
1509145540451|-32.88|-18.72|-24.48
1509145540583|-32.1|-19.619999|-23.88
1509145540716|-31.74|-21.72|-21.6
1509145540848|-31.32|-25.019999|-19.5
1509145540980|-31.619999|-28.74|-17.16
1509145541111|-32.52|-31.32|-17.4
1509145541243|-32.7|-32.34|-19.08
1509145541376|-33.18|-33.12|-19.8
1509145541508|-32.94|-34.079998|-20.699999
1509145541640|-32.88|-35.7|-19.98
1509145541772|-33.12|-37.02|-18.779999
1509145541903|-33.48|-37.44|-18.72
1509145542036|-34.38|-37.38|-18.42
1509145542168|-33.48|-35.94|-17.16
1509145542299|-31.619999|-33.84|-15.48
1509145542432|-30.539999|-31.14|-13.86
1509145542563|-29.039999|-27.539999|-13.679999
1509145542700|-29.34|-24.6|-15.299999
1509145542828|-30.539999|-22.32|-18.42
1509145542960|-30.66|-19.74|-21.84
1509145543091|-30.84|-17.1|-25.68
1509145543224|-30.84|-13.799999|-30.06
1509145543356|-30.96|-9.96|-33.84
1509145543489|-31.38|-6.3599997|-36.54
1509145543620|-31.199999|-3.48|-38.28
1509145543752|-31.439999|-1.74|-38.76
1509145543884|-31.32|-1.1999999|-38.04
1509145544016|-31.08|-2.1599998|-37.739998
1509145544147|-30.9|-3.36|-36.48
1509145544280|-30.24|-4.02|-34.739998
1509145544412|-30.119999|-4.38|-33.6
1509145544543|-29.88|-4.02|-33.059998
1509145544676|-30.24|-3.06|-32.579998
1509145544807|-30.96|-1.8|-32.88
1509145544940|-30.779999|-0.96|-33.66
1509145545072|-31.199999|0.17999999|-34.38
1509145545204|-30.66|1.74|-35.7
1509145545335|-30.48|3.24|-36.96
1509145545468|-30.72|5.22|-37.62
1509145545600|-30.48|7.62|-38.16
1509145545731|-30.779999|10.0199995|-38.579998
1509145545864|-30.119999|12.48|-39.0
1509145545996|-29.22|14.82|-39.36
1509145546129|-28.439999|17.039999|-39.84
1509145546259|-27.96|19.02|-40.14
1509145546392|-27.84|21.84|-40.559998
1509145546524|-28.68|25.56|-41.34
1509145546656|-28.74|28.92|-42.48
