1509425579938|8730
1509425580271|8738
1509425580604|9285
1509425580947|9536
1509425581271|8488
1509425581608|11646
1509425581938|12468
1509425582272|7524
1509425582607|7882
1509425582938|8016
1509425583278|7745
1509425583604|8380
1509425583937|7934
1509425584270|6848
1509425584604|6762
1509425584938|6383
1509425585271|6961
1509425585604|6091
1509425585939|5797
1509425586272|6411
1509425586605|8629
1509425586938|8431
1509425587272|7409
1509425587607|5903
1509425587939|4935
1509425588272|6339
1509425588606|6270
1509425588936|5519
1509425589276|5779
1509425589604|7602
1509425589938|10607
1509425590269|5567
1509425590603|5022
1509425590939|7968
1509425591270|4996
1509425591603|6207
1509425591937|6179
1509425592271|5954
1509425592603|4966
1509425592937|5222
1509425593270|4629
1509425593611|4857
1509425593938|5098
1509425594278|5624
1509425594604|4286
1509425594937|5511
1509425595277|5150
1509425595603|5336
1509425595936|5030
1509425596270|4871
1509425596603|4749
1509425596936|5250
1509425597271|5543
1509425597603|5506
1509425597938|4560
1509425598270|5000
1509425598604|4281
1509425598943|4981
1509425599271|5193
1509425599603|4629
1509425599937|4327
1509425600269|4428
1509425600603|4454
1509425600936|4029
1509425601270|3602
1509425601605|3624
1509425601943|3453
1509425602271|2492
1509425602610|2989
1509425602936|2722
1509425603270|2664
1509425603602|2139
1509425603938|2477
1509425604270|2057
1509425604602|2718
1509425604935|2302
1509425605269|2119
1509425605603|2649
1509425605939|2574
1509425606277|2798
1509425606602|2890
1509425606936|2657
1509425607269|2766
1509425607603|2867
1509425607945|2956
1509425608269|2865
1509425608602|2983
1509425608938|3379
1509425609269|3023
1509425609607|3251
1509425609943|2908
1509425610269|2850
1509425610603|2681
1509425610937|2907
1509425611270|2809
1509425611609|2710
1509425611936|3195
1509425612273|3140
1509425612603|2498
1509425612937|2556
1509425613269|2509
1509425613602|2567
1509425613944|2690
1509425614269|2103
1509425614601|2011
1509425614935|1647
1509425615273|1663
1509425615603|1618
1509425615936|1695
1509425616269|1926
1509425616601|2084
1509425616942|1738
1509425617268|1800
1509425617601|2441
1509425617935|2619
1509425618269|2130
1509425618601|1497
1509425618937|847
1509425619269|351
1509425619602|129
1509425619937|93
1509425620269|168
1509425620600|115
1509425620934|175
1509425621268|245
1509425621601|347
1509425621936|257
1509425622268|218
1509425622602|403
1509425622949|427
1509425623268|240
1509425623601|134
1509425623935|103
1509425624275|99
1509425624602|105
1509425624934|99
1509425625268|111
1509425625601|100
1509425625935|92
1509425626270|98
1509425626601|105
1509425626935|89
1509425627268|91
1509425627603|89
1509425627944|98
1509425628271|89
1509425628601|89
1509425628934|107
