1509422177385|0.05293691|0.06505108|0.028928757
1509422177491|-0.10572839|0.1276691|0.16011047
1509422177619|-0.26781094|0.1424377|0.2966776
1509422177737|0.06567955|-0.6269088|-0.20624542
1509422177853|-2.453094|0.10531807|2.4152126
1509422177978|2.603175|-1.6100793|-2.0648804
1509422178095|1.0716689|-0.030709743|1.8224821
1509422178218|1.0673027|-2.338657|-1.0101156
1509422178335|-4.425969|1.3358293|-1.9589567
1509422178457|-5.222822|-1.3502526|1.6233921
1509422178582|-0.7582755|-3.1556482|-1.133564
1509422178694|6.120994|-3.5195527|0.5447893
1509422178820|5.2506332|-4.217384|0.8948755
1509422178937|-1.2775881|-5.68782|0.55576134
1509422179058|-5.8493767|0.81142473|-3.0892935
1509422179181|-9.290012|0.60973644|5.4102697
1509422179292|-2.2575603|-5.062687|-0.003698349
1509422179414|1.6566615|-4.716452|0.22780514
1509422179539|5.0605865|-5.9538527|0.2945814
1509422179655|5.1997685|-6.577832|0.3098278
1509422179777|-1.3837776|-5.7318435|-0.3532796
1509422179897|-13.207127|7.638565|5.283804
1509422180018|-8.857103|-3.6640887|6.2460527
1509422180137|3.4535847|-8.168146|1.0798502
1509422180259|7.4008102|-7.454149|0.7012634
1509422180378|5.3621864|-8.6414795|-0.67040014
1509422180497|-4.9198866|-7.069115|3.0944347
1509422180622|-13.938938|5.190266|7.465912
1509422180738|-5.9365034|-2.9852784|8.313624
1509422180866|-0.17910218|-6.942801|-1.0193677
1509422180981|4.5334854|-6.712535|0.26952982
1509422181099|6.74845|-6.349256|0.8744178
1509422181217|0.9043529|-7.408904|1.034039
1509422181340|-6.433405|0.07666683|0.9512725
1509422181465|-12.132469|3.546911|13.251672
1509422181576|-1.1482322|-6.3681564|1.284275
1509422181693|1.9121771|-4.6526914|-1.4402957
1509422181821|6.836839|-5.0090246|0.31968832
1509422181940|3.2549915|-4.9459324|0.57390547
1509422182057|-1.5277026|-4.3354163|0.42415714
1509422182181|-6.740067|0.8311453|5.3573537
1509422182294|-7.136486|1.1920962|2.0287724
1509422182418|-3.3685198|-1.3454285|-1.6761947
1509422182533|-1.7398105|-5.2497034|1.1165199
1509422182653|9.80963|-6.541661|1.4621363
1509422182779|2.8357334|-6.1086206|-0.4959855
1509422182897|1.7594275|-7.8485785|-0.58947134
1509422183018|-11.673395|1.7886925|7.394208
1509422183143|-13.165806|1.8826675|3.4675803
1509422183257|-2.0344076|-6.857057|-0.8068199
1509422183388|2.7521439|-6.154401|2.6690612
1509422183498|7.6465387|-6.584051|1.131598
1509422183621|4.6593466|-6.9376163|-0.85476255
1509422183735|-5.1470504|-5.175453|-1.43296
1509422183859|-6.4029446|0.6897702|4.005455
1509422183978|-11.955093|1.1627722|1.3310776
1509422184106|-2.406096|-5.0759006|1.9208827
1509422184217|2.5378225|-6.2368574|-0.087050915
1509422184340|5.1381884|-4.820538|0.5366092
1509422184458|5.874402|-4.799958|-1.5227623
1509422184577|0.0072256327|-8.608774|-0.31360626
1509422184695|-4.470307|-1.2065349|0.8045578
1509422184814|-13.872349|2.7711005|4.65985
1509422184934|-6.0114074|-3.9761543|1.7321963
1509422185053|0.7642753|-6.870019|0.14634895
1509422185175|6.5851026|-6.0116987|0.16345787
1509422185299|5.7198763|-5.1919894|-0.2142744
1509422185418|0.91384435|-5.390659|-0.19671488
1509422185543|-6.1869636|-1.4982061|2.8544292
1509422185654|-10.591557|1.5649846|4.639412
1509422185774|-5.604579|-2.058784|0.33230972
1509422185898|0.516027|-5.918485|-0.18061256
1509422186020|8.238747|-5.3742127|0.9774065
1509422186136|5.518984|-5.473008|-0.91822386
1509422186262|2.325278|-6.8297195|-2.0493698
1509422186378|-8.418965|-2.6473784|6.3726683
1509422186500|-11.265688|0.011209965|7.4846125
1509422186623|-4.342053|-4.610081|-0.6097908
1509422186742|1.0930603|-7.303009|-0.7191696
1509422186855|8.000177|-6.2408085|-0.42843628
1509422186980|4.4064755|-5.9295044|-1.2009792
1509422187107|0.10080099|-7.6321206|-0.9251628
1509422187223|-9.487165|1.4802082|5.6184034
1509422187341|-8.987481|0.5105927|6.458886
1509422187460|-0.7307873|-5.8689594|-1.2171121
1509422187583|4.1548986|-4.6636457|-0.1614294
1509422187700|7.3413663|-4.836706|-1.675816
1509422187823|3.8421817|-6.2372794|-1.3941612
1509422187940|-5.3995686|-3.219564|2.9331856
1509422188060|-8.83205|1.4831352|4.60221
1509422188176|-6.023096|-0.90111685|1.8897324
1509422188297|0.20459366|-4.641293|-0.7183337
1509422188418|4.5397587|-4.218379|0.8662081
1509422188543|6.0118213|-4.0101886|-0.9569969
1509422188662|4.7098866|-5.8536453|-1.4402528
1509422188778|-7.9205065|-5.8739724|-0.4418335
1509422188901|-10.75686|0.45097518|3.8670902
1509422189017|-5.1742053|-2.3617625|0.7904959
1509422189139|0.7614822|-5.3104734|1.4375181
1509422189254|3.4785635|-3.7137284|1.229506
1509422189378|6.2651834|-3.514104|0.7244148
1509422189496|4.2902665|-4.806265|-0.6502743
1509422189622|-1.2247999|-4.46237|-2.6563606
1509422189745|-7.0195312|-0.6141465|4.5919876
1509422189855|-10.77499|0.78514385|-0.29130268
1509422189975|-4.1000967|-4.83993|0.66960573
1509422190104|1.1828415|-7.4533525|-0.41288567
1509422190218|9.0134735|-5.9385586|0.8045449
1509422190348|4.5325217|-6.295154|-0.893178
1509422190457|-3.7916374|-6.758477|2.3185415
1509422190580|-11.23853|2.0754983|5.367424
1509422190696|-6.3445716|-1.3217273|0.68020535
1509422190820|-0.43182468|-5.3433466|0.36741734
1509422190940|7.4037566|-5.357548|0.37350416
1509422191060|6.58865|-4.984594|-0.5143261
1509422191181|-2.1631608|-4.7238503|-0.10614824
1509422191295|-5.273|0.7135587|1.6784902
1509422191423|-9.450746|1.0656986|3.244586
1509422191540|-3.4378135|-4.6698174|0.4169011
1509422191655|6.1141667|-5.674079|0.17602587
1509422191783|7.1948624|-5.891879|-0.73737717
1509422191899|2.8628483|-7.347673|-0.5628662
1509422192019|-8.630343|-2.5503078|3.5674582
1509422192136|-9.166131|1.1176858|5.0709953
1509422192262|-3.3655677|-2.4498963|-0.33225584
1509422192381|1.8595481|-4.333978|0.2388134
1509422192495|7.336522|-4.3042197|0.5199437
1509422192623|6.0615063|-6.028527|-1.1914096
1509422192737|-1.3335268|-6.71881|0.26096344
1509422192867|-10.979576|0.46042252|5.0365877
1509422192987|-6.8960648|-0.6236868|1.1021891
1509422193106|-2.646938|-4.5977173|0.3208065
1509422193219|2.4177265|-6.94321|1.6366572
1509422193343|7.6506248|-4.706208|-0.77508354
1509422193461|4.7830377|-5.4481783|-2.2611012
1509422193581|0.23286277|-8.234065|0.9993057
1509422193699|-11.356545|-0.42260313|6.865206
1509422193817|-8.610143|-0.4779992|0.65026283
1509422193939|-1.2341014|-5.1487937|0.2276907
1509422194059|1.8146842|-5.109859|0.66691494
1509422194178|6.6386566|-4.481654|-0.20872402
1509422194297|5.396937|-5.106745|-1.0587244
1509422194425|0.5741663|-7.5128736|0.5311799
1509422194537|-9.711817|0.48919082|3.2641525
1509422194657|-10.828463|1.3305418|4.2531776
1509422194776|-3.4640326|-5.2812476|0.366889
1509422194903|5.0976486|-4.6277504|-0.112994194
1509422195023|4.767019|-4.613016|-0.38108778
1509422195137|5.231389|-5.268359|-1.8504214
1509422195259|-1.9990802|-4.152238|0.5371132
1509422195391|-6.0708666|-0.32310963|3.005271
1509422195498|-10.130414|1.4872675|3.0181122
1509422195621|-3.1423285|-4.2609754|0.26658297
1509422195740|2.703429|-3.9212432|0.8277154
1509422195861|5.5219493|-4.6652174|-0.17095852
1509422195978|5.8975344|-4.959537|-0.7468996
1509422196106|-0.50915974|-5.4526668|-0.3703475
1509422196225|-6.599322|-0.58554506|1.9363775
1509422196336|-9.052038|0.8358307|1.125145
1509422196459|-4.1292267|-3.1583433|-0.21699476
1509422196591|-1.0994444|-4.8937306|0.89565945
1509422196705|6.4508796|-5.7523675|1.5162482
1509422196820|8.122236|-6.1503253|-2.9448643
1509422196942|2.8653913|-11.323778|-2.4387197
1509422197063|-11.130297|-0.4301958|5.754011
1509422197179|-11.836263|0.40325594|3.5769815
1509422197297|-3.5845726|-5.7029085|0.5759826
1509422197426|1.6929991|-6.746125|1.187376
1509422197543|6.4230223|-5.355669|0.63727236
1509422197658|6.366022|-5.450927|-1.701211
1509422197787|3.2601361|-8.6180935|-1.0487828
1509422197903|-11.136912|-0.9876776|6.091201
1509422198026|-12.00342|0.7903023|2.2907238
1509422198138|-5.38631|-4.3202057|0.17153835
1509422198260|1.3374743|-7.0433164|1.0132961
1509422198382|7.2043967|-5.655395|2.0303025
1509422198498|5.534899|-4.797385|-2.234704
1509422198618|1.6659919|-6.0819125|-1.2593279
1509422198738|-6.3009863|-1.1653528|1.5527525
1509422198860|-4.4381275|0.43560362|0.3166542
1509422198986|-0.23233604|0.10889578|1.0762053
1509422199103|0.28792143|-0.4099717|0.3715582
1509422199223|-6.0455723|0.567472|1.4203501
1509422199340|-4.2705336|-4.141336|0.027327538
1509422199461|2.994818|-4.228344|-0.5756998
1509422199580|6.8699374|-3.8269777|-1.1950274
1509422199700|4.626889|-3.7004523|-1.4643364
1509422199824|-4.007638|-3.1295986|1.0920644
1509422199945|-1.6992072|-0.09396362|0.080254555
1509422200062|-4.3591514|-0.21742654|3.288846
1509422200181|-8.161729|-1.2517266|0.14544868
1509422200304|-1.0445998|-6.0822864|-0.18771744
1509422200425|8.24506|-4.860918|0.3291278
1509422200545|5.7186427|-4.875418|-1.4126239
1509422200658|2.5464916|-6.5933485|-1.4223623
1509422200785|-8.8991375|-2.343883|4.3099794
1509422200900|-11.862467|0.7167802|4.3128557
1509422201021|-4.031803|-4.9610887|0.11500883
1509422201141|4.116022|-5.511077|0.53311586
1509422201273|6.817566|-4.469877|1.2612867
1509422201382|4.9431353|-4.4920163|-0.7241144
1509422201511|0.6081234|-4.648027|-0.14057589
1509422201623|-9.091766|-0.6237936|3.9700556
1509422201742|-8.29002|0.21973372|1.5344563
1509422201865|-3.631441|-3.3115606|-0.3642454
1509422201982|5.3058033|-4.4667196|-0.29921055
1509422202103|7.0205193|-4.0616417|2.0629377
1509422202223|4.029826|-4.7982287|-0.4671831
1509422202350|-6.8962917|-1.5966878|0.59751225
1509422202460|-8.210706|0.4542508|2.27917
1509422202579|-4.13107|-1.4920287|-0.5503645
1509422202703|0.8151674|-3.4936614|0.008232117
1509422202826|4.2763047|-2.8011327|1.031271
1509422202943|4.707556|-2.9430995|-0.960392
1509422203061|-1.0049509|-1.4155297|-0.03856182
1509422203183|-4.848225|1.2996588|0.15647602
1509422203300|-3.6019142|0.15679646|-0.24010372
1509422203427|6.0878286|-4.0968027|0.10867405
1509422203540|7.2762666|-7.2506247|-1.0105414
1509422203658|-3.6483884|-5.7841387|0.1638422
1509422203785|-11.816282|0.51473665|5.58432
1509422203902|-9.327091|-2.73525|0.341547
1509422204022|0.009562969|-7.9704247|1.7118454
1509422204139|6.6294756|-6.558029|0.16119194
1509422204264|8.073126|-6.2753153|-1.3883095
1509422204384|3.809936|-8.440661|-2.2442484
1509422204498|-12.773276|-1.1954472|2.0243979
1509422204622|-13.058921|0.23409486|10.035296
1509422204742|-3.7445395|-9.096336|0.35011768
1509422204862|7.132756|-8.79382|2.3593378
1509422204986|7.184026|-6.580708|-0.877563
1509422205104|-2.0833802|-3.4228082|-1.1263132
1509422205224|-6.552971|1.4613991|3.7115622
1509422205340|-2.0708735|0.842958|-0.27201366
1509422205462|1.0991912|-0.37212896|-0.785758
1509422205581|0.66736764|-0.5209551|0.7241287
1509422205704|0.31019264|-0.045062542|-0.10890055
1509422205826|-0.11863279|-0.2564788|-0.15137148
1509422205939|-0.09190631|0.1883235|0.9008188
