1509425579730|1.1163833|1.5842326|9.6132345
1509425579852|0.94175786|1.4779989|9.648783
1509425579972|0.88136256|2.023433|9.555067
1509425580087|0.55560803|1.4131359|9.688382
1509425580211|-0.12232165|2.2895048|9.534862
1509425580333|0.027280182|2.245333|9.546105
1509425580448|0.46181482|2.3387597|9.512483
1509425580570|-0.1783223|2.0607948|9.586017
1509425580692|-1.8950365|3.1518097|9.090946
1509425580809|-2.1790786|3.915977|8.722794
1509425580936|0.08790195|3.1607645|9.2829
1509425581047|0.84343684|2.6024694|9.417333
1509425581176|0.41476732|2.0876396|9.572884
1509425581293|0.026000857|0.17896368|9.804983
1509425581408|0.17648336|1.3378009|9.713369
1509425581532|-0.062512495|0.7765908|9.775653
1509425581653|-0.5060049|-0.27688998|9.789671
1509425581771|-0.20543802|-0.18755916|9.802704
1509425581889|0.032860264|0.9707287|9.758431
1509425582008|0.66803694|2.2556002|9.520313
1509425582133|0.90374386|3.1185544|9.253552
1509425582252|0.8035188|3.4268696|9.153213
1509425582377|1.1351653|2.308978|9.463108
1509425582495|1.0772628|1.4691763|9.635944
1509425582612|1.2603922|1.4435357|9.617588
1509425582728|0.91415286|1.3531052|9.669737
1509425582849|0.27524412|1.8450494|9.627586
1509425582970|0.879219|2.11609|9.535173
1509425583089|2.0469825|2.8007827|9.17256
1509425583210|2.3335836|2.1053202|9.289371
1509425583333|1.850158|2.5791497|9.278754
1509425583453|1.8284231|2.3352363|9.347403
1509425583570|1.9676429|1.5586125|9.479953
1509425583694|2.0921898|2.867772|9.141609
1509425583808|2.5383635|2.7065737|9.077531
1509425583931|1.6984609|2.705857|9.271676
1509425584048|0.9544801|2.7361362|9.368719
1509425584176|1.9928143|3.028283|9.112001
1509425584292|2.891893|2.643163|8.990052
1509425584409|1.3746352|3.0212798|9.227819
1509425584536|1.0632544|2.6538095|9.38068
1509425584650|2.027369|1.4058114|9.491251
1509425584771|3.0415947|2.0980394|9.083904
1509425584888|2.747069|2.3934155|9.104699
1509425585008|2.4048188|1.9206374|9.311196
1509425585137|1.6396825|2.1336067|9.430246
1509425585250|2.1613076|3.4019265|8.940136
1509425585369|2.5005808|3.1198623|8.954549
1509425585494|2.5867388|4.1688714|8.491153
1509425585608|2.4870932|4.2427077|8.484349
1509425585731|2.6382205|2.628682|9.071946
1509425585849|2.2563052|3.3713923|8.928225
1509425585970|2.5151875|3.8370605|8.667248
1509425586093|2.4788792|3.1859493|8.937297
1509425586212|1.8724831|2.636904|9.258019
1509425586337|1.5443884|3.4159293|9.061826
1509425586451|2.056111|3.5647762|8.901414
1509425586585|1.9906063|3.903606|8.773239
1509425586689|1.1579708|4.119715|8.823686
1509425586809|1.4370664|3.0434878|9.210995
1509425586930|0.91314924|2.285593|9.492766
1509425587049|1.1583147|2.837937|9.3153
1509425587174|1.1552658|2.9122193|9.292724
1509425587290|0.90977865|2.7246654|9.376508
1509425587415|0.95658034|2.8811445|9.324931
1509425587532|1.5854865|3.4028819|9.059637
1509425587650|2.052844|3.616963|8.881092
1509425587771|1.3026437|4.198851|8.766023
1509425587888|0.71440005|3.6698349|9.065998
1509425588010|1.3138814|1.8731861|9.535998
1509425588133|2.0374417|2.8508825|9.159241
1509425588249|2.1513|2.7090607|9.176235
1509425588372|1.5310714|2.4472365|9.372152
1509425588493|0.81053823|2.62572|9.413767
1509425588617|1.3425871|2.746008|9.318116
1509425588732|1.868947|2.5796127|9.27486
1509425588858|1.6613252|2.4571328|9.347346
1509425588971|1.4836601|2.7192492|9.304559
1509425589093|1.777789|1.8327472|9.468415
1509425589218|2.4059265|1.2012565|9.430741
1509425589330|1.7917633|1.9398319|9.444417
1509425589463|1.1067299|1.744421|9.58658
1509425589577|-0.12975751|1.28242|9.721572
1509425589696|-0.56232196|2.1897495|9.542494
1509425589817|0.32861674|3.2303221|9.253509
1509425589930|1.020979|3.1685343|9.224337
1509425590050|0.12302483|3.4985445|9.160537
1509425590170|-0.44277987|3.227216|9.249833
1509425590291|-0.08192389|2.420162|9.502972
1509425590421|0.83676773|3.5641768|9.097629
1509425590538|0.30620617|3.3943443|9.195382
1509425590653|0.3744601|2.705442|9.418638
1509425590782|-0.7893724|2.9336257|9.324223
1509425590892|-1.3421068|4.184552|8.766907
1509425591011|0.16663401|3.735395|9.06584
1509425591137|0.850778|3.5573435|9.099004
1509425591250|0.95728284|3.8727376|8.958566
1509425591374|0.72696346|2.5847769|9.431905
1509425591493|0.3840166|2.2844348|9.529128
1509425591610|0.61967015|2.5148537|9.458431
1509425591731|0.92603743|2.256172|9.498554
1509425591859|0.8263903|2.1606793|9.529897
1509425591970|0.5294567|2.1374586|9.55622
1509425592090|1.6760137|2.8125587|9.243965
1509425592221|1.7067732|2.9485073|9.1958475
1509425592334|1.1800796|3.38868|9.126591
1509425592451|1.8428456|3.2626684|9.062522
1509425592577|2.692988|0.91176105|9.385461
1509425592702|2.3392928|1.2876327|9.436107
1509425592811|2.4834201|1.7510144|9.323999
1509425592930|1.9023905|1.5784813|9.489979
1509425593050|1.7667933|1.3080431|9.557084
1509425593172|2.6722994|1.7700832|9.26801
1509425593300|2.7050695|2.1431952|9.179308
1509425593419|1.8697087|2.5029466|9.295689
1509425593531|1.8984399|2.4916394|9.292903
1509425593656|2.6226556|0.98938626|9.39751
1509425593783|2.3833287|1.7655156|9.347357
1509425593891|2.3610015|1.9811549|9.309731
1509425594016|1.6939241|1.5673708|9.531231
1509425594134|1.5834174|1.6188182|9.541625
1509425594256|2.0114133|2.0135968|9.384563
1509425594371|2.115374|2.5976107|9.216723
1509425594510|0.85694987|3.3303823|9.18393
1509425594612|0.71219534|3.3210893|9.199648
1509425594736|1.3798352|1.3085585|9.620505
1509425594850|1.3510039|2.0117335|9.502532
1509425594972|1.6027976|2.4510965|9.359143
1509425595096|1.4613372|2.1406481|9.457932
1509425595213|1.116858|1.5936649|9.611621
1509425595333|1.3867444|2.5658238|9.362899
1509425595450|2.1100197|2.5730643|9.224833
1509425595572|1.844956|2.7921426|9.217942
1509425595690|1.1780978|2.9927227|9.264237
1509425595810|1.420051|1.8544785|9.524429
1509425595931|1.660079|2.6191947|9.303459
1509425596055|2.2371058|3.3512025|8.940648
1509425596172|2.4687138|2.9188182|9.030854
1509425596298|1.8737859|2.096978|9.394785
1509425596418|1.9349351|2.6455247|9.242706
1509425596551|2.6174796|3.181068|8.899439
1509425596654|2.0776577|3.4591384|8.938013
1509425596773|1.4871851|3.6188319|8.99237
1509425596899|2.0463715|2.4747527|9.265978
1509425597015|2.046619|1.8986945|9.400888
1509425597136|2.910342|2.1966593|9.103569
1509425597256|2.684573|2.0121071|9.214927
1509425597380|2.294429|1.626395|9.394723
1509425597494|2.800422|1.9667925|9.190199
1509425597611|3.4035528|2.2005503|8.929938
1509425597733|3.270445|1.1574315|9.172509
1509425597856|2.242409|1.8131986|9.373062
1509425597972|1.8168023|1.8421963|9.459172
1509425598099|3.0542111|0.21127944|9.31652
1509425598218|3.1249726|2.0786514|9.06003
1509425598336|3.4376013|1.817936|9.002687
1509425598453|2.5922496|1.4904712|9.339654
1509425598576|1.6955519|0.82159054|9.623954
1509425598694|1.3840293|1.5094392|9.590434
1509425598821|1.8975385|2.343823|9.331465
1509425598942|0.23637882|3.4544535|9.175035
1509425599060|-0.3896836|4.1701384|8.86727
1509425599175|0.28211078|3.3632083|9.207585
1509425599296|1.4494301|3.3400443|9.105693
1509425599418|0.60623777|3.450493|9.159529
1509425599531|0.41964233|3.1561992|9.275381
1509425599652|-0.28811333|4.258062|8.829286
1509425599771|-0.14239746|3.642716|9.103886
1509425599897|0.46482694|3.06108|9.3050585
1509425600015|0.3041144|2.4717698|9.48516
1509425600133|-0.53514546|2.7755299|9.390445
1509425600250|0.033564016|1.4363401|9.700834
1509425600376|0.5948119|0.63799536|9.767782
1509425600495|1.1586196|1.6682547|9.594004
1509425600612|1.8926654|1.5078567|9.503398
1509425600733|0.8331928|1.0223055|9.717565
1509425600856|0.677037|0.6723872|9.7601185
1509425600973|1.9016621|2.0663977|9.395961
1509425601096|1.7673203|2.026487|9.430819
1509425601223|1.3676562|2.7671077|9.308224
1509425601336|2.1726243|2.3665574|9.2655
1509425601453|1.4096857|0.14453916|9.703725
1509425601579|1.23787|1.5533264|9.603397
1509425601695|1.833821|1.5003058|9.516122
1509425601812|1.3522216|0.99151534|9.662235
1509425601941|1.817574|0.4953002|9.624005
1509425602052|2.5121515|1.3587866|9.381534
1509425602172|2.3989508|1.2412862|9.427334
1509425602298|1.8911216|1.5879896|9.490645
1509425602417|1.3403978|1.7536067|9.555029
1509425602533|1.9648113|-0.22870353|9.605082
1509425602653|2.2540796|1.0439738|9.486813
1509425602772|2.816185|1.8763691|9.204278
1509425602894|3.0497937|1.9806186|9.107486
1509425603019|2.370019|1.5860866|9.382842
1509425603132|2.4007435|2.089806|9.27575
1509425603254|2.9290004|2.6270204|8.982766
1509425603379|3.2866023|1.9783217|9.025236
1509425603494|2.3653488|2.3420625|9.224439
1509425603614|2.3517704|1.9889891|9.310396
1509425603735|2.6555448|0.8399967|9.402812
1509425603858|3.3753364|1.4254782|9.096456
1509425603972|3.9169552|1.3679261|8.885754
1509425604101|2.692361|0.9906825|9.37764
1509425604215|1.9196932|0.79118836|9.58432
1509425604333|2.5815036|1.6615616|9.313723
1509425604455|3.4727376|1.477399|9.051396
1509425604577|2.6038094|2.0582361|9.227905
1509425604692|2.0477347|2.6369429|9.22083
1509425604813|3.028453|0.88299304|9.285428
1509425604933|3.4636297|1.3282754|9.077959
1509425605055|3.6573308|1.4260876|8.98669
1509425605173|3.2421064|0.93906856|9.2074585
1509425605295|2.5445802|1.2089785|9.393289
1509425605416|2.536039|1.7892858|9.302546
1509425605533|3.2171412|1.7391788|9.099211
1509425605653|3.334342|2.5117545|8.873762
1509425605775|2.2176366|2.8549957|9.116001
1509425605897|2.765259|0.97562575|9.357985
1509425606019|3.2102673|1.079767|9.203189
1509425606142|3.3469071|1.3815225|9.113726
1509425606258|3.2485185|1.4112871|9.144714
1509425606377|3.2374687|1.0493021|9.197181
1509425606493|3.5217419|0.77280957|9.119786
1509425606613|3.9943976|0.8678095|8.91415
1509425606733|3.9344256|1.3301288|8.883775
1509425606857|3.2801294|1.9625273|9.031036
1509425606973|3.7897937|1.611748|8.900007
1509425607093|3.6347477|1.3591896|9.006198
1509425607219|3.7486181|1.6084071|8.91803
1509425607333|3.4430387|1.677653|9.02781
1509425607453|2.3054967|1.4991736|9.413158
1509425607581|2.1268623|2.0430572|9.352688
1509425607696|3.4700823|2.2266517|8.897805
1509425607819|3.4053812|1.6139824|9.053663
1509425607947|2.268447|2.4437156|9.222407
1509425608059|2.734556|2.618854|9.046226
1509425608175|3.3100498|0.87998176|9.189101
1509425608293|2.79112|2.3043165|9.114284
1509425608414|3.040629|2.213143|9.056874
1509425608539|2.6359258|1.7211208|9.287628
1509425608655|2.0866265|1.8938459|9.393067
1509425608773|2.3930526|3.5072768|8.839835
1509425608895|2.8135035|3.5235686|8.708562
1509425609018|2.473214|3.8600054|8.669138
1509425609134|1.8427612|4.2439814|8.646574
1509425609254|2.2876568|3.0647843|9.030178
1509425609381|2.569213|2.458245|9.139286
1509425609510|2.7693336|3.2642984|8.823012
1509425609616|3.3608665|3.0450032|8.694995
1509425609732|2.9766054|1.9415698|9.14005
1509425609854|2.616821|1.9066545|9.256743
1509425609974|3.2741334|3.0801535|8.715681
1509425610094|3.5856004|3.0769167|8.593395
1509425610220|2.9935179|3.6631916|8.590126
1509425610336|2.864532|3.645907|8.641308
1509425610461|3.461415|2.4993603|8.828487
1509425610580|2.9685688|2.5453815|8.993277
1509425610702|3.3337078|2.2468264|8.944749
1509425610815|3.263233|1.8168306|9.067571
1509425610935|2.78759|2.0540268|9.175004
1509425611055|2.8668144|2.689761|8.9842615
1509425611174|3.4843705|2.6477478|8.776046
1509425611303|3.1546652|3.2743275|8.688916
1509425611418|2.6968946|3.787004|8.634567
1509425611535|2.4233453|2.4469845|9.182051
1509425611656|1.6064692|2.2171938|9.416671
1509425611774|2.6409235|2.8120255|9.016009
1509425611894|2.5596678|2.799594|9.043272
1509425612023|1.9805578|2.4049006|9.2986145
1509425612136|2.6246414|3.74969|8.673032
1509425612259|3.190128|4.6090384|8.046752
1509425612379|3.2613611|4.48721|8.086955
1509425612498|2.6798866|4.990526|8.005201
1509425612618|3.1609013|4.2350984|8.260934
1509425612739|3.3109999|2.0456827|9.001269
1509425612854|3.3511784|2.793792|8.782638
1509425612977|3.7974448|2.9578063|8.544073
1509425613094|3.409546|2.3971975|8.876871
1509425613220|2.9245722|2.0120788|9.141598
1509425613336|3.3227592|3.31763|8.609471
1509425613457|3.4193838|2.9578009|8.702276
1509425613574|2.645808|3.5184472|8.763025
1509425613699|2.2355251|3.6661136|8.8166
1509425613819|2.3577454|2.3595471|9.221929
1509425613941|2.469427|3.500401|8.821536
1509425614056|3.4137785|3.7097738|8.411545
1509425614176|3.2488704|3.7325647|8.466593
1509425614297|3.4448867|3.3751922|8.538806
1509425614417|3.451127|4.1341386|8.19567
1509425614536|3.7972434|4.488871|7.8486533
1509425614656|4.086038|4.409877|7.7477527
1509425614776|3.817|4.5720296|7.790857
1509425614898|3.967724|4.9014444|7.51022
1509425615015|3.9066317|4.5207224|7.7763553
1509425615135|4.108524|4.879112|7.4488044
1509425615253|4.5557194|4.1667776|7.6193023
1509425615381|3.5272965|4.152116|8.154048
1509425615496|3.5687153|4.279068|8.069959
1509425615626|3.550197|5.0336404|7.63079
1509425615735|3.8115847|4.5033326|7.833404
1509425615859|3.5314312|4.02836|8.214116
1509425615975|3.663413|2.610429|8.714095
1509425616100|3.1743412|1.763831|9.109492
1509425616217|3.6432755|2.903677|8.629345
1509425616336|3.8272512|3.1382527|8.466044
1509425616454|3.720699|2.5968604|8.693854
1509425616576|3.9326568|2.3961577|8.658119
1509425616695|4.07417|2.7312045|8.491881
1509425616819|4.1803293|2.6624756|8.46206
1509425616940|3.5464857|2.674441|8.743009
1509425617057|3.48799|3.028483|8.650584
1509425617176|3.5712845|2.546102|8.771184
1509425617294|3.0136175|1.8780965|9.141185
1509425617417|1.130118|3.417378|9.122211
1509425617536|1.0906442|3.5738928|9.066872
1509425617658|1.7894529|3.4930422|8.987041
1509425617783|1.5587631|4.0904427|8.775473
1509425617901|1.9468579|4.0859447|8.699722
1509425618019|2.4048598|4.1211815|8.567548
1509425618138|2.355105|4.013595|8.632202
1509425618259|2.48266|3.584302|8.784052
1509425618376|3.0982132|2.7874422|8.8770275
1509425618496|2.7198012|3.2755642|8.834236
1509425618617|2.2973409|3.141661|9.001254
1509425618750|2.4854195|3.846029|8.671859
1509425618860|2.4034727|4.140866|8.558442
1509425618977|2.2751098|3.5521667|8.853044
1509425619098|2.31906|3.5510297|8.84209
1509425619215|2.7919111|2.806688|8.9720745
1509425619339|2.7129426|3.251127|8.8453665
1509425619456|2.4861128|3.302454|8.892886
1509425619578|2.8772435|3.0809984|8.854338
1509425619718|3.1593347|3.0602083|8.764936
1509425619817|3.2437892|2.3331776|8.955696
1509425619938|1.5762248|2.0400224|9.461724
1509425620057|2.128843|3.4041374|8.947081
1509425620178|2.7301593|2.8474648|8.978228
1509425620295|2.5646472|2.3961823|9.157035
1509425620416|1.8475053|1.8585372|9.450024
1509425620537|1.2305601|2.988205|9.258874
1509425620659|3.1857047|3.1845515|8.71093
1509425620778|3.5990598|3.575446|8.392458
1509425620897|3.2820942|3.9013593|8.37721
1509425621023|3.4239337|3.0032346|8.684909
1509425621135|3.2565868|2.9299958|8.773834
1509425621257|3.5142627|3.3252316|8.530133
1509425621381|4.140628|3.147939|8.313607
1509425621499|3.5632324|2.9917169|8.632693
1509425621618|3.096505|3.410134|8.657541
1509425621739|3.0859869|3.9763472|8.416397
1509425621859|3.9127471|3.606986|8.237138
1509425621977|3.2286253|3.4208093|8.604908
1509425622099|2.5841484|3.2543912|8.882651
1509425622218|2.6392875|1.7111195|9.288521
1509425622342|3.0850523|2.1255083|9.0628395
1509425622457|3.4769714|2.2927258|8.878314
1509425622578|3.0081658|2.155919|9.081483
1509425622698|2.9432907|2.1102896|9.113402
1509425622816|3.2827077|3.0346112|8.728422
1509425622952|2.716729|3.1802733|8.869928
1509425623059|0.9010536|3.3518245|9.171901
1509425623185|0.7911736|3.1800628|9.242923
1509425623301|-0.044932246|2.9875896|9.340379
1509425623418|0.7420925|3.423633|9.159609
1509425623545|1.0303904|3.421167|9.132595
1509425623658|0.7627463|3.7701328|9.020793
1509425623780|1.1308794|3.6364777|9.037008
1509425623901|2.1798706|3.3085618|8.970617
1509425624018|2.55968|2.5984473|9.103104
1509425624137|2.5685687|2.6592708|9.083014
1509425624260|1.428786|3.2435648|9.143754
1509425624380|0.80161434|2.5542805|9.434165
1509425624501|1.2521423|2.0560522|9.506586
1509425624624|1.1597446|2.8491504|9.311699
1509425624739|1.337906|3.0928264|9.2094965
1509425624856|1.0190365|3.7835596|8.989807
1509425624982|1.2419038|3.8327248|8.940822
1509425625101|1.3841032|3.5639415|9.030668
1509425625216|1.2299908|3.1338058|9.210688
1509425625339|0.4190414|4.04942|8.921715
1509425625458|0.3727128|4.3909616|8.76076
1509425625576|0.43239716|3.8051229|9.027982
1509425625703|0.5616417|4.303784|8.793884
1509425625824|0.8850517|4.6437964|8.591986
1509425625938|0.95015746|5.019248|8.371066
1509425626060|0.908411|5.619176|7.9856143
1509425626191|1.140135|5.4605446|8.06554
1509425626297|1.0279964|5.196862|8.25265
1509425626416|0.8393518|5.275905|8.223788
1509425626545|0.48280084|5.5291686|8.084899
1509425626662|0.18291187|5.629493|8.027811
1509425626778|0.538607|5.466968|8.123579
1509425626897|0.8186644|5.045643|8.36909
1509425627018|1.0654302|5.3296266|8.162741
1509425627140|1.1961608|5.026944|8.334831
1509425627260|1.1764303|5.142822|8.266668
1509425627395|1.0134206|4.91887|8.423068
1509425627497|1.1046914|4.39053|8.6990385
1509425627631|1.4071327|4.9267645|8.36166
1509425627738|1.1064177|4.6237845|8.577112
1509425627858|1.3491828|4.3404827|8.689667
1509425627978|1.1609938|4.4214525|8.676015
1509425628106|1.0927733|4.213212|8.78778
1509425628220|1.2668781|4.082318|8.826102
1509425628340|1.3302675|3.9454432|8.878865
1509425628459|1.5342551|4.39363|8.63206
1509425628586|1.8489767|4.2839427|8.625514
1509425628701|1.7914634|4.335732|8.611764
1509425628818|1.6469153|4.892277|8.338086
1509425628939|1.5868709|5.084008|8.234385
