1509498952998|-16.5|-26.519999|-17.58
1509498953093|-12.48|-30.119999|-16.56
1509498953225|-11.94|-30.0|-16.8
1509498953356|-10.38|-29.939999|-16.98
1509498953488|-7.7999997|-30.3|-16.74
1509498953620|-4.38|-30.539999|-16.26
1509498953752|-0.96|-31.679998|-15.299999
1509498953884|1.62|-31.619999|-15.12
1509498954016|3.06|-30.3|-16.68
1509498954148|4.98|-28.859999|-18.3
1509498954280|6.6|-27.42|-19.38
1509498954412|7.2|-27.779999|-19.56
1509498954544|7.2|-28.38|-18.359999
1509498954677|6.42|-30.06|-16.8
1509498954809|5.7|-31.26|-15.839999
1509498954941|6.66|-31.8|-14.94
1509498955073|7.62|-32.7|-14.759999
1509498955205|4.68|-28.74|-17.76
1509498955336|-3.24|-15.66|-18.66
1509498955469|-11.88|1.74|-15.24
1509498955601|-21.0|18.779999|-12.54
1509498955733|-28.74|26.58|-5.8799996
1509498955865|-32.82|18.84|0.53999996
1509498955997|-33.899998|2.34|4.2
1509498956129|-34.92|-12.84|9.3
1509498956261|-35.399998|-18.3|11.16
1509498956393|-34.559998|-10.86|8.76
1509498956525|-35.7|4.2|4.62
1509498956657|-36.0|17.94|0.12
1509498956789|-36.42|21.96|1.56
1509498956924|-36.36|13.799999|6.8399997
1509498957053|-34.739998|-1.56|12.0
1509498957185|-31.439999|-17.1|19.08
1509498957319|-30.06|-23.76|19.8
1509498957450|-31.439999|-16.859999|17.16
1509498957581|-33.78|-1.8|13.679999
1509498957713|-37.8|13.98|7.9199996
1509498957844|-38.28|23.4|6.7799997
1509498957976|-37.2|19.02|10.139999
1509498958109|-36.12|6.0|14.94
1509498958241|-32.04|-10.08|21.18
1509498958373|-26.76|-22.74|26.16
1509498958505|-26.76|-24.3|23.64
1509498958637|-29.46|-14.639999|17.58
1509498958783|-33.42|-5.2799997|-1.92
1509498958901|-35.399998|1.4399999|-13.679999
1509498959033|-29.039999|-4.2599998|-20.22
1509498959165|-19.98|-18.06|-20.52
1509498959297|-13.679999|-31.679998|-19.56
1509498959429|-8.58|-38.94|-17.52
1509498959561|-7.44|-40.02|-16.74
1509498959693|-9.42|-39.12|-19.02
1509498959825|-8.94|-39.48|-19.199999
1509498959957|-2.8799999|-39.84|-16.38
1509498960092|7.3799996|-36.66|-13.44
1509498960220|20.82|-31.5|-9.96
1509498960353|29.939999|-28.74|-8.34
1509498960485|29.64|-28.26|-7.3799996
1509498960618|24.72|-31.5|-4.08
1509498960751|18.6|-35.16|2.28
1509498960881|11.58|-34.44|12.48
1509498961013|5.4|-29.039999|23.34
1509498961145|-0.65999997|-24.84|28.98
1509498961277|-5.7|-22.08|32.94
1509498961409|0.59999996|-19.439999|32.76
1509498961541|11.82|-17.16|29.46
1509498961674|23.64|-11.099999|26.76
1509498961805|34.98|-3.3|22.619999
1509498961937|38.04|0.96|19.859999
1509498962069|36.36|-1.38|18.96
1509498962201|31.439999|-9.0|15.78
1509498962333|23.22|-19.26|12.84
1509498962465|16.98|-27.359999|8.88
1509498962598|16.74|-27.96|4.2599998
1509498962729|21.359999|-20.16|2.22
1509498962861|27.72|-8.76|0.65999997
1509498962993|33.12|0.96|-1.68
1509498963125|34.32|3.9599998|-1.62
1509498963257|31.74|-2.82|1.74
1509498963389|24.359999|-14.88|5.52
1509498963521|15.48|-25.68|10.0199995
1509498963653|10.08|-32.1|14.58
1509498963785|13.0199995|-27.779999|14.34
1509498963917|20.82|-17.46|10.92
1509498964051|29.64|-5.2799997|5.94
1509498964181|37.02|4.38|0.06
1509498964313|37.5|3.54|0.9
1509498964445|34.68|-5.64|6.6
1509498964577|27.0|-18.06|13.559999
1509498964709|18.72|-29.099998|19.439999
1509498964841|16.38|-32.88|21.18
1509498964973|21.66|-23.58|19.439999
1509498965105|30.9|-8.94|16.14
1509498965237|39.12|5.64|12.36
1509498965370|43.2|12.48|10.38
1509498965500|39.899998|5.1|12.719999
1509498965633|32.52|-8.82|16.68
1509498965765|23.039999|-23.519999|20.88
1509498965897|16.199999|-31.38|23.82
1509498966029|18.6|-25.92|23.58
1509498966161|25.019999|-11.88|22.08
1509498966293|32.94|4.98|19.74
1509498966425|37.98|16.56|18.0
1509498966557|36.54|15.059999|18.119999
1509498966689|32.88|2.76|19.98
1509498966821|24.779999|-14.16|22.02
1509498966953|17.1|-26.76|22.619999
1509498967085|16.619999|-29.519999|22.08
1509498967217|21.24|-18.18|19.08
1509498967349|29.22|-1.86|15.599999
1509498967481|36.3|14.04|10.44
1509498967613|39.239998|19.619999|7.2599998
1509498967745|37.559998|9.42|5.8799996
1509498967877|32.64|-7.2|5.94
1509498968009|26.88|-24.359999|3.6
1509498968141|24.84|-26.939999|-0.48
1509498968273|20.76|-11.04|-1.9799999
1509498968405|16.68|9.599999|-5.8199997
1509498968536|8.94|28.5|-4.92
1509498968669|-8.28|37.079998|-1.0799999
1509498968801|-16.8|36.54|0.9
1509498968932|-15.059999|36.3|6.6
1509498969065|-4.02|35.88|11.7
1509498969196|12.48|35.16|14.7
1509498969328|22.38|34.079998|17.16
1509498969461|20.64|33.12|19.02
1509498969593|8.4|32.46|18.6
1509498969725|-6.12|33.6|17.76
1509498969857|-17.1|33.719997|15.599999
1509498969989|-20.58|33.78|10.74
1509498970123|-13.559999|35.04|8.46
1509498970253|0.96|33.96|9.3
1509498970384|16.199999|29.279999|11.28
1509498970518|26.519999|26.88|13.5
1509498970648|24.24|27.66|12.66
1509498970781|8.34|29.16|8.58
1509498970913|-9.42|32.1|3.8999999
1509498971045|-22.32|32.7|-0.42
1509498971177|-20.22|31.859999|-0.78
1509498971309|-4.5|30.0|2.28
1509498971440|13.44|24.779999|6.8399997
1509498971572|28.38|20.64|10.86
1509498971705|28.56|19.199999|11.219999
1509498971837|15.0|21.24|8.88
1509498971969|-2.58|26.22|6.12
1509498972101|-17.82|28.92|4.56
1509498972233|-19.439999|28.08|4.62
1509498972365|-8.94|25.5|5.8799996
1509498972497|5.7599998|21.42|7.9199996
1509498972629|17.82|18.18|9.719999
1509498972761|17.76|16.56|10.679999
1509498972893|8.4|16.619999|9.36
1509498973025|-4.02|17.699999|5.7599998
1509498973157|-14.34|18.96|3.0
1509498973289|-16.98|20.22|1.1999999
1509498973421|-6.12|21.0|2.46
1509498973558|8.34|20.039999|5.52
1509498973685|21.42|20.039999|8.28
1509498973817|25.26|20.82|10.5
1509498973950|18.18|22.439999|12.36
1509498974081|9.0|26.88|15.66
1509498974213|1.62|29.4|18.24
1509498974345|4.7999997|28.5|20.1
1509498974477|11.759999|28.26|19.199999
1509498974609|14.94|30.119999|17.699999
1509498974741|11.46|27.42|19.68
1509498974873|2.8799999|19.92|24.0
1509498975006|-5.1|11.099999|30.3
1509498975137|-7.98|0.78|35.82
1509498975271|-5.3399997|-4.62|38.219997
1509498975401|-2.34|-4.62|39.3
1509498975533|-1.14|-3.12|39.6
1509498975665|-1.62|-2.04|39.66
1509498975797|-2.6399999|-1.26|39.84
1509498975929|-3.06|-1.02|39.84
1509498976061|-3.24|-1.0799999|39.84
1509498976193|-3.0|-0.29999998|39.78
1509498976325|-1.9799999|0.0|40.02
1509498976457|-0.96|1.0799999|40.5
1509498976589|-0.9|3.12|40.68
1509498976721|-1.0799999|4.38|40.559998
1509498976854|-2.3999999|4.8599997|40.739998
1509498976985|-4.08|5.52|40.14
1509498977117|-4.98|5.16|39.78
1509498977249|-6.7799997|5.4|39.42
1509498977381|-9.3|6.7799997|38.1
1509498977513|-9.059999|9.96|37.079998
1509498977644|-3.9599998|13.62|36.3
1509498977777|7.3799996|13.259999|32.52
1509498977909|21.66|10.92|25.859999
1509498978041|33.719997|4.2599998|16.02
1509498978173|40.379997|-1.92|4.3199997
1509498978305|41.52|-3.6|-6.24
1509498978437|39.96|-2.28|-14.16
1509498978569|37.079998|0.48|-19.199999
1509498978702|34.62|2.9399998|-22.98
1509498978833|32.219997|6.0|-25.199999
1509498978966|30.66|7.7999997|-26.64
1509498979097|29.519999|10.139999|-27.599998
1509498979229|28.08|11.759999|-28.56
1509498979361|27.119999|12.719999|-29.099998
