1509145557356|0.51757324|0.8172208|9.765789
1509145557481|0.55843425|0.7627395|9.765789
1509145557614|0.5992953|0.7218784|9.765789
1509145557746|0.6401563|0.6946377|9.765789
1509145557879|0.6537767|0.6810174|9.765789
1509145558010|0.667397|0.6401563|9.765789
1509145558142|0.6810174|0.5992953|9.765789
1509145558274|0.667397|0.55843425|9.779409
1509145558414|0.61291564|0.53119355|9.779409
1509145558537|0.57205456|0.51757324|9.779409
1509145558669|0.5448139|0.51757324|9.779409
1509145558801|0.53119355|0.51757324|9.779409
1509145558933|0.50395286|0.51757324|9.79303
1509145559066|0.47671217|0.51757324|9.79303
1509145559198|0.43585113|0.49033248|9.79303
1509145559330|0.42223078|0.49033248|9.79303
1509145559463|0.42223078|0.49033248|9.79303
1509145559593|0.42223078|0.49033248|9.79303
1509145559726|0.42223078|0.49033248|9.79303
1509145559857|0.42223078|0.49033248|9.79303
1509145559989|0.42223078|0.49033248|9.79303
1509145560122|0.42223078|0.49033248|9.79303
1509145560253|0.42223078|0.49033248|9.79303
1509145560386|0.42223078|0.49033248|9.79303
1509145560518|0.42223078|0.49033248|9.79303
1509145560649|0.42223078|0.49033248|9.79303
1509145560782|0.42223078|0.49033248|9.79303
1509145560914|0.42223078|0.49033248|9.79303
1509145561045|0.42223078|0.49033248|9.79303
1509145561178|0.42223078|0.49033248|9.79303
1509145561310|0.42223078|0.49033248|9.79303
1509145561441|0.42223078|0.49033248|9.79303
1509145561574|0.42223078|0.49033248|9.79303
1509145561705|0.42223078|0.49033248|9.79303
1509145561838|0.42223078|0.49033248|9.79303
1509145561969|0.42223078|0.49033248|9.79303
1509145562102|0.42223078|0.49033248|9.79303
1509145562234|0.42223078|0.49033248|9.79303
1509145562368|0.42223078|0.49033248|9.79303
1509145562497|0.42223078|0.49033248|9.79303
1509145562630|0.42223078|0.49033248|9.79303
1509145562762|0.42223078|0.49033248|9.79303
1509145562896|0.42223078|0.49033248|9.79303
1509145563026|0.42223078|0.49033248|9.79303
1509145563157|0.42223078|0.49033248|9.79303
1509145563290|0.42223078|0.49033248|9.79303
1509145563428|0.42223078|0.49033248|9.79303
1509145563553|0.42223078|0.49033248|9.79303
1509145563686|0.42223078|0.49033248|9.79303
1509145563817|0.42223078|0.49033248|9.79303
1509145563950|0.42223078|0.49033248|9.79303
1509145564092|0.42223078|0.49033248|9.79303
1509145564212|0.42223078|0.49033248|9.79303
1509145564345|0.42223078|0.49033248|9.79303
1509145564479|0.42223078|0.49033248|9.79303
1509145564610|0.42223078|0.49033248|9.79303
1509145564742|0.42223078|0.49033248|9.79303
1509145564874|0.42223078|0.49033248|9.79303
1509145565006|0.42223078|0.49033248|9.79303
1509145565138|0.42223078|0.49033248|9.79303
1509145565270|0.42223078|0.49033248|9.79303
1509145565402|0.42223078|0.49033248|9.79303
1509145565534|0.42223078|0.49033248|9.79303
