1509149397550|0.05448139|-0.040861044|0.040861044
1509149397674|0.08172209|-0.013620348|-0.040861044
1509149397806|-0.013620348|-0.027240695|0.05448139
1509149397937|0.0|-0.013620348|-0.05448139
1509149398070|-0.068101734|0.0|-0.14982383
1509149398202|-0.13620347|0.0|-0.10896278
1509149398334|-0.24516624|-0.013620348|-0.013620348
1509149398466|-0.068101734|-0.013620348|0.040861044
1509149398598|0.05448139|0.0|-0.040861044
1509149398729|-0.05448139|0.013620348|-0.040861044
1509149398862|-0.19068487|-0.013620348|0.10896278
1509149398995|-0.05448139|0.0|0.068101734
1509149399126|0.027240695|0.0|-0.05448139
1509149399257|-0.040861044|0.0|-0.13620347
1509149399389|-0.21792556|0.013620348|-0.08172209
1509149399521|-0.05448139|0.013620348|-0.013620348
1509149399654|-0.13620347|-0.013620348|0.05448139
1509149399786|-0.05448139|-0.013620348|-0.013620348
1509149399918|-0.027240695|0.013620348|-0.040861044
1509149400052|-0.095342435|0.0|0.013620348
1509149400181|-0.10896278|-0.013620348|0.068101734
1509149400314|-0.068101734|0.013620348|-0.05448139
1509149400445|0.0|0.040861044|-0.10896278
1509149400578|-0.05448139|0.027240695|-0.08172209
1509149400710|0.0|0.013620348|0.013620348
1509149400842|-0.027240695|0.0|0.12258312
1509149400974|-0.027240695|-0.013620348|0.10896278
1509149401106|-0.040861044|0.013620348|-0.05448139
1509149401238|-0.013620348|0.013620348|-0.040861044
1509149401370|0.013620348|0.0|0.013620348
1509149401502|-0.027240695|-0.013620348|-0.013620348
1509149401635|-0.068101734|-0.013620348|-0.040861044
1509149401765|0.095342435|-0.027240695|-0.05448139
1509149401898|0.095342435|0.0|-0.013620348
1509149402030|0.013620348|-0.013620348|0.027240695
1509149402162|0.040861044|-0.013620348|0.0
1509149402294|0.040861044|0.0|0.027240695
1509149402426|-0.027240695|-0.013620348|-0.013620348
1509149402557|0.08172209|0.0|0.013620348
1509149402690|0.08172209|0.0|0.013620348
1509149402822|-0.027240695|-0.027240695|-0.013620348
1509149402954|-0.10896278|-0.013620348|-0.013620348
1509149403086|0.040861044|-0.013620348|0.0
1509149403218|0.027240695|-0.013620348|0.0
1509149403350|-0.10896278|-0.027240695|-0.068101734
1509149403481|-0.013620348|-0.013620348|-0.040861044
1509149403613|0.12258312|0.0|0.027240695
1509149403746|0.08172209|-0.013620348|0.013620348
1509149403877|-0.027240695|-0.027240695|-0.013620348
1509149404010|-0.013620348|-0.013620348|-0.05448139
1509149404141|-0.013620348|0.0|0.05448139
1509149404274|0.027240695|0.0|0.013620348
1509149404406|0.068101734|0.0|-0.05448139
1509149404538|0.040861044|-0.027240695|-0.013620348
1509149404670|-0.068101734|-0.027240695|0.013620348
1509149404802|-0.027240695|-0.027240695|0.05448139
1509149404934|0.08172209|-0.013620348|0.013620348
1509149405067|0.027240695|-0.013620348|-0.040861044
1509149405198|-0.040861044|-0.027240695|-0.068101734
1509149405331|0.040861044|-0.027240695|-0.013620348
