1509262313459|-1.3075534|4.0861044|8.825985
1509262313593|-1.3075534|4.0861044|8.825985
1509262313726|-1.3075534|4.0861044|8.825985
1509262313857|-1.3075534|4.0861044|8.825985
1509262313989|-1.3075534|4.0861044|8.825985
1509262314121|-1.3075534|4.0861044|8.825985
1509262314253|-1.3075534|4.0861044|8.825985
1509262314399|-1.3075534|4.0861044|8.825985
1509262314516|-1.3075534|4.0861044|8.825985
1509262314649|-1.3075534|4.0861044|8.825985
1509262314781|-1.3075534|4.0861044|8.825985
1509262314912|-1.3075534|4.0861044|8.825985
