1509425527999|1023.3382
1509425528131|1023.33075
1509425528267|1023.32513
1509425528397|1023.3311
1509425528531|1023.3304
1509425528672|1023.3282
1509425528803|1023.3282
1509425528931|1023.3223
1509425529065|1023.3233
1509425529203|1023.35675
1509425529332|1023.33466
1509425529465|1023.34406
1509425529597|1023.33136
1509425529731|1023.367
1509425529864|1023.33527
1509425529997|1023.3226
1509425530131|1023.33234
1509425530265|1023.3366
1509425530398|1023.3366
1509425530537|1023.31964
1509425530665|1023.3223
1509425530798|1023.3201
1509425530931|1023.33124
1509425531065|1023.31085
1509425531197|1023.30194
1509425531331|1023.3106
1509425531465|1023.30597
1509425531606|1023.3084
1509425531738|1023.30084
1509425531865|1023.30084
1509425531998|1023.3077
1509425532138|1023.3272
1509425532267|1023.30853
1509425532402|1023.30304
1509425532533|1023.31744
1509425532664|1023.2963
1509425532806|1023.29474
1509425532932|1023.3078
1509425533069|1023.315
1509425533198|1023.29767
1509425533332|1023.29425
1509425533466|1023.2901
1509425533598|1023.3138
1509425533739|1023.3057
1509425533867|1023.2846
1509425534003|1023.2839
1509425534136|1023.2952
1509425534266|1023.3038
1509425534398|1023.28595
1509425534532|1023.28265
1509425534665|1023.30634
1509425534798|1023.3199
1509425534933|1023.3199
1509425535064|1023.3216
1509425535198|1023.32587
1509425535332|1023.3276
1509425535466|1023.32635
1509425535598|1023.31573
1509425535731|1023.3068
1509425535869|1023.32635
1509425535998|1023.33307
1509425536131|1023.33307
1509425536265|1023.3234
1509425536398|1023.3234
1509425536532|1023.3361
1509425536665|1023.34467
1509425536799|1023.33954
1509425536932|1023.3531
1509425537065|1023.3599
1509425537199|1023.3377
1509425537332|1023.3293
1509425537466|1023.3343
1509425537599|1023.34406
1509425537732|1023.31866
1509425537865|1023.3317
1509425537999|1023.3317
1509425538132|1023.33856
1509425538266|1023.35455
1509425538399|1023.3398
1509425538532|1023.34515
1509425538665|1023.3409
1509425538799|1023.3421
1509425538933|1023.31573
1509425539066|1023.30133
1509425539200|1023.31696
1509425539333|1023.3212
1509425539467|1023.3212
1509425539599|1023.3254
1509425539733|1023.34015
1509425539867|1023.3443
1509425540001|1023.35065
1509425540139|1023.3409
1509425540270|1023.34247
1509425540401|1023.3709
1509425540534|1023.35126
1509425540666|1023.34283
1509425540802|1023.34674
1509425540937|1023.34674
1509425541067|1023.3555
1509425541202|1023.341
1509425541337|1023.32404
1509425541468|1023.3372
1509425541604|1023.3431
1509425541733|1023.3311
1509425541868|1023.32513
1509425542001|1023.3298
1509425542133|1023.34406
1509425542268|1023.33014
1509425542403|1023.32623
1509425542540|1023.32623
1509425542667|1023.3365
1509425542806|1023.3444
1509425542933|1023.3394
1509425543070|1023.34015
1509425543201|1023.346
1509425543334|1023.3647
1509425543467|1023.3414
1509425543603|1023.3354
1509425543735|1023.3472
1509425543868|1023.3361
1509425544001|1023.3361
1509425544134|1023.3328
1509425544268|1023.34
1509425544402|1023.3464
1509425544534|1023.36664
1509425544667|1023.3536
1509425544801|1023.3553
1509425544939|1023.37054
1509425545068|1023.35187
1509425545202|1023.3509
1509425545334|1023.356
1509425545469|1023.356
1509425545605|1023.3636
1509425545735|1023.3754
1509425545867|1023.36237
1509425546010|1023.35345
1509425546136|1023.35516
1509425546269|1023.3365
1509425546402|1023.3416
1509425546535|1023.3466
1509425546671|1023.3493
1509425546803|1023.33405
1509425546934|1023.33234
1509425547067|1023.33234
1509425547210|1023.3459
1509425547335|1023.3569
1509425547469|1023.33527
1509425547601|1023.33356
1509425547734|1023.3471
1509425547872|1023.35394
1509425548003|1023.3387
1509425548140|1023.3178
1509425548268|1023.3387
1509425548409|1023.3382
1509425548540|1023.3382
1509425548668|1023.3162
1509425548802|1023.3195
1509425548936|1023.3267
1509425549075|1023.33185
1509425549202|1023.3166
1509425549336|1023.31744
1509425549468|1023.32587
1509425549603|1023.3266
1509425549738|1023.3233
1509425549868|1023.3221
1509425550004|1023.3221
1509425550138|1023.33466
1509425550273|1023.34576
1509425550404|1023.3288
1509425550536|1023.3322
1509425550668|1023.35333
1509425550811|1023.3415
1509425550939|1023.33636
1509425551074|1023.33636
1509425551203|1023.3465
1509425551336|1023.36005
1509425551470|1023.34064
1509425551603|1023.34064
1509425551736|1023.3499
1509425551868|1023.36774
1509425552010|1023.3593
1509425552139|1023.34406
1509425552269|1023.3492
1509425552405|1023.3576
1509425552536|1023.3355
1509425552669|1023.3415
1509425552804|1023.3475
1509425552937|1023.36224
1509425553070|1023.36224
1509425553217|1023.34454
1509425553338|1023.33356
1509425553470|1023.3387
1509425553605|1023.35223
1509425553736|1023.3471
1509425553870|1023.3365
1509425554009|1023.3569
1509425554137|1023.36017
1509425554270|1023.3442
1509425554410|1023.33905
1509425554535|1023.33905
1509425554670|1023.34076
1509425554803|1023.34467
1509425554937|1023.3243
1509425555071|1023.31964
1509425555203|1023.3459
1509425555337|1023.3637
1509425555470|1023.34503
1509425555610|1023.3378
1509425555740|1023.35016
1509425555870|1023.36664
1509425556004|1023.34894
1509425556138|1023.34894
1509425556271|1023.3497
1509425556404|1023.3642
1509425556537|1023.3693
1509425556671|1023.3591
1509425556809|1023.3566
1509425556937|1023.36005
1509425557071|1023.363
1509425557205|1023.346
1509425557341|1023.33844
1509425557472|1023.3537
1509425557607|1023.3537
1509425557737|1023.3343
1509425557870|1023.32416
1509425558006|1023.32025
1509425558137|1023.3304
1509425558271|1023.34906
1509425558404|1023.3221
1509425558538|1023.33563
1509425558671|1023.3437
1509425558805|1023.31537
1509425558938|1023.31866
1509425559070|1023.31866
1509425559153|1023.3289
1509425559280|1023.3366
1509425559412|1023.33575
1509425559538|1023.32513
1509425559671|1023.32513
1509425559806|1023.32513
1509425559937|1023.3641
1509425560072|1023.33527
1509425560205|1023.33966
1509425560337|1023.3464
1509425560473|1023.34906
1509425560605|1023.35065
1509425560738|1023.34515
1509425560871|1023.3359
1509425561008|1023.33685
1509425561147|1023.30927
1509425561273|1023.30756
1509425561404|1023.30756
1509425561539|1023.30927
1509425561671|1023.3101
1509425561807|1023.284
1509425561941|1023.26996
1509425562071|1023.2828
1509425562213|1023.2963
1509425562342|1023.2752
1509425562472|1023.2786
1509425562606|1023.28326
1509425562739|1023.28925
1509425562872|1023.28925
1509425563005|1023.26886
1509425563142|1023.263
1509425563272|1023.2884
1509425563412|1023.2795
1509425563539|1023.27875
1509425563672|1023.27655
1509425563805|1023.27655
1509425563943|1023.2902
1509425564074|1023.2707
1509425564205|1023.253
1509425564338|1023.253
1509425564472|1023.26434
1509425564614|1023.2762
1509425564747|1023.2712
1509425564874|1023.2653
1509425565008|1023.27203
1509425565139|1023.295
1509425565274|1023.27423
1509425565405|1023.2708
1509425565539|1023.2972
1509425565673|1023.28864
1509425565807|1023.2845
1509425565940|1023.2845
1509425566076|1023.29474
1509425566206|1023.31964
1509425566344|1023.34174
1509425566473|1023.3311
1509425566606|1023.32355
1509425566739|1023.3516
1509425566873|1023.3415
1509425567012|1023.35333
1509425567140|1023.3499
1509425567273|1023.3681
1509425567407|1023.3681
1509425567539|1023.3758
1509425567672|1023.3758
1509425567808|1023.361
1509425567941|1023.37714
1509425568074|1023.35297
1509425568208|1023.3581
1509425568340|1023.35895
1509425568472|1023.3582
1509425568605|1023.33575
1509425568739|1023.32477
1509425568883|1023.32477
1509425569010|1023.33075
1509425569139|1023.3354
1509425569274|1023.32355
1509425569415|1023.32855
1509425569541|1023.33026
1509425569674|1023.3431
1509425569806|1023.3254
1509425569943|1023.3304
1509425570079|1023.3389
1509425570207|1023.3566
1509425570340|1023.3271
1509425570473|1023.3271
1509425570613|1023.3254
1509425570740|1023.31525
1509425570873|1023.33
1509425571006|1023.2835
1509425571140|1023.27765
1509425571275|1023.2856
1509425571407|1023.30084
1509425571540|1023.2806
1509425571675|1023.27716
1509425571812|1023.294
1509425571948|1023.294
1509425572074|1023.31024
1509425572208|1023.27216
1509425572340|1023.2642
1509425572473|1023.2785
1509425572608|1023.2972
1509425572740|1023.27264
1509425572874|1023.2735
1509425573009|1023.28326
1509425573145|1023.3011
1509425573279|1023.2735
1509425573407|1023.2735
1509425573542|1023.2685
1509425573678|1023.2846
1509425573808|1023.2872
1509425573940|1023.2952
1509425574074|1023.30536
1509425574210|1023.3206
1509425574341|1023.3461
1509425574476|1023.3271
1509425574608|1023.3338
1509425574742|1023.3483
1509425574887|1023.3476
1509425575007|1023.3476
1509425575141|1023.34296
1509425575276|1023.34894
1509425575413|1023.3536
1509425575545|1023.352
1509425575675|1023.3422
1509425575808|1023.3432
1509425575941|1023.34357
1509425576075|1023.33636
1509425576208|1023.3389
1509425576341|1023.3365
1509425576475|1023.3365
1509425576613|1023.3421
1509425576750|1023.33527
1509425576877|1023.326
1509425577008|1023.3306
1509425577142|1023.33246
1509425577278|1023.32733
1509425577408|1023.32184
1509425577541|1023.32196
1509425577676|1023.335
1509425577812|1023.32574
1509425577941|1023.32574
1509425578076|1023.32245
1509425578208|1023.33514
