1509508565535|-0.6799533|3.5913026|8.743625
1509508565666|-0.60333884|3.3901896|9.11712
1509508565798|-0.19153613|3.217807|9.021352
1509508565930|-0.39264908|3.3806129|8.676587
1509508566062|-0.545878|3.620033|8.475474
1509508566194|-1.2162545|3.7253778|8.236053
1509508566328|0.18195933|1.5897499|1.7621324
1509508566458|-7.603985|-7.28795|-5.9567738
1509508566590|-15.198392|-17.496826|-0.9576807
1509508566722|-15.935806|-7.240066|-2.0590134
1509508566856|-7.249643|-6.9719152|-4.414908
1509508566986|-9.605537|-6.2728086|-3.821146
1509508567129|-6.4260373|-8.494628|-2.3654714
1509508567250|-4.4915223|-7.192182|-3.466804
1509508567382|-3.7253778|-7.1730285|-3.8402996
1509508567514|-4.2999864|-6.991069|-2.9017725
1509508567646|-7.7572136|-6.5601125|-2.5953147
1509508567778|-7.7093296|-5.8226986|-2.7964275
1509508567910|-7.201759|-5.592855|-3.083732
1509508568042|-7.1826053|-5.9184666|-3.466804
1509508568174|-6.301539|-6.3589997|-2.6048915
1509508568310|-5.0374002|-6.1387334|-3.0358477
1509508568438|-5.8705826|-5.841852|-2.4995465
1509508568573|-6.6079965|-5.7748146|-2.9113493
1509508568702|-7.335834|-5.583278|-2.231396
1509508568834|-7.153875|-5.707777|-2.6144683
1509508568966|-6.5026517|-5.793968|-2.6048915
1509508569098|-6.751649|-5.793968|-2.681506
1509508569230|-6.042965|-5.851429|-2.9113493
1509508569362|-6.579266|-5.899313|-2.9017725
1509508569494|-6.2728086|-5.66947|-3.169923
1509508569626|-6.2632318|-6.0142345|-2.825158
1509508569758|-6.349423|-5.8226986|-3.3135753
1509508569890|-6.8569937|-5.755661|-3.3423057
1509508570022|-6.205771|-6.1387334|-3.2848446
1509508570154|-6.3111157|-6.1866174|-3.5529952
1509508570290|-6.742072|-6.205771|-3.6870706
1509508570428|-6.244078|-6.4643445|-3.5338416
1509508570550|-6.742072|-6.291962|-3.763685
1509508570682|-6.5984197|-6.3206925|-3.821146
1509508570814|-6.2823853|-6.4164605|-3.4093432
1509508570947|-6.3206925|-6.4643445|-3.6104562
1509508571078|-6.349423|-6.4739213|-3.7828386
1509508571210|-6.5026517|-6.3111157|-3.514688
1509508571343|-6.8282633|-6.397307|-3.3423057
1509508571474|-6.4643445|-6.4739213|-3.4284968
1509508571607|-6.5696893|-6.445191|-3.4859576
1509508571739|-6.646304|-6.4068837|-3.3135753
1509508571870|-7.1155677|-6.205771|-3.5338416
1509508572002|-6.4260373|-6.540959|-3.2561142
1509508572134|-6.5122285|-6.4739213|-3.4763808
1509508572266|-6.4260373|-6.4068837|-3.169923
1509508572398|-6.6367273|-6.540959|-3.6008794
1509508572530|-6.6175733|-6.4739213|-3.8786068
1509508572663|-6.483498|-6.540959|-4.050989
1509508572794|-6.1866174|-6.339846|-3.7541082
1509508572926|-6.2823853|-6.3302693|-2.5187001
1509508573058|-6.5601125|-6.3685765|-4.185065
1509508573190|-6.445191|-6.4068837|-3.8786068
1509508573322|-7.067683|-6.0142345|-4.1276035
1509508573463|-5.7269306|-6.6846113|-3.1124623
1509508573590|-6.1866174|-6.215348|-4.050989
1509508573718|-6.157887|-6.5026517|-3.6774938
1509508573850|-6.799533|-6.3302693|-3.6583402
1509508573985|-6.531382|-6.5026517|-3.667917
1509508574114|-6.4547677|-6.579266|-3.514688
1509508574246|-5.8322754|-6.6079965|-3.7349546
1509508574378|-6.3206925|-6.579266|-3.1507695
1509508574510|-6.9527617|-6.3685765|-3.6391866
1509508574642|-6.5122285|-6.3781533|-3.7828386
1509508574774|-6.6175733|-6.588843|-3.371036
1509508574906|-6.531382|-6.6079965|-3.4763808
1509508575044|-6.0525417|-6.7133417|-3.5242648
1509508575174|-6.445191|-6.5122285|-3.7253778
1509508575306|-6.6079965|-6.4260373|-3.514688
1509508575434|-6.579266|-6.445191|-3.6104562
1509508575566|-6.3206925|-6.5218053|-3.6008794
1509508575697|-6.4260373|-6.531382|-3.6104562
1509508575829|-6.38773|-6.483498|-3.715801
1509508575972|-6.3781533|-6.540959|-3.41892
1509508576093|-6.2728086|-6.493075|-3.7062242
1509508576226|-6.5505357|-6.4068837|-3.4380736
1509508576358|-6.694188|-6.3685765|-3.5625722
1509508576490|-6.5505357|-6.4260373|-3.6774938
1509508577090|-6.349423|-6.5122285|-3.5434184
1509508577216|-6.3685765|-6.579266|-3.6296098
1509508577348|-6.6079965|-6.531382|-3.6296098
1509508577479|-6.1770406|-6.6367273|-3.5817258
1509508577612|-6.2728086|-6.703765|-3.3997664
1509508577744|-6.38773|-6.540959|-3.4093432
1509508577876|-6.5026517|-6.579266|-3.620033
1509508578008|-6.38773|-6.5026517|-3.7253778
1509508578140|-6.349423|-6.5218053|-3.4284968
1509508578278|-6.4547677|-6.5026517|-3.4476504
1509508578427|-6.5505357|-6.5505357|-3.6487634
1509508578538|-6.4164605|-6.483498|-3.6774938
1509508578668|-6.397307|-6.5696893|-3.4763808
1509508578799|-6.5505357|-6.445191|-3.6008794
1509508578931|-6.3781533|-6.531382|-3.6583402
1509508579064|-6.4164605|-6.5122285|-3.5434184
1509508579195|-6.4068837|-6.5696893|-3.5913026
1509508579328|-6.435614|-6.5122285|-3.7062242
1509508579460|-6.349423|-6.5505357|-3.3806129
1509508579592|-6.493075|-6.4739213|-3.6008794
1509508579724|-6.4739213|-6.483498|-3.514688
1509508579856|-6.5122285|-6.483498|-3.6296098
1509508579992|-6.4068837|-6.5696893|-3.6487634
1509508580122|-6.3589997|-6.579266|-3.5242648
1509508580252|-6.349423|-6.5984197|-3.6296098
1509508580384|-6.4547677|-6.5122285|-3.5338416
1509508580516|-6.435614|-6.5122285|-3.4859576
1509508580648|-6.349423|-6.6367273|-3.5338416
1509508580779|-6.483498|-6.540959|-3.667917
1509508580912|-6.3781533|-6.588843|-3.5529952
1509508581044|-6.2728086|-6.5696893|-3.5817258
1509508581176|-6.4260373|-6.5218053|-3.5625722
1509508581308|-6.483498|-6.5122285|-3.6391866
1509508581440|-6.4643445|-6.4739213|-3.6870706
1509508581572|-6.4068837|-6.5696893|-3.4380736
1509508581705|-6.3111157|-6.5696893|-3.5529952
1509508581843|-6.339846|-6.5696893|-3.6296098
1509508581969|-6.3685765|-6.5505357|-3.5913026
1509508582101|-6.445191|-6.531382|-3.6008794
1509508582232|-6.4260373|-6.5696893|-3.5817258
1509508582364|-6.445191|-6.5984197|-3.514688
1509508582496|-6.3206925|-6.588843|-3.4572272
1509508582628|-6.4643445|-6.5122285|-3.572149
1509508582760|-6.540959|-6.5984197|-3.5338416
1509508582892|-6.3111157|-6.5026517|-3.4955344
1509508583024|-6.2823853|-6.5601125|-3.7253778
1509508583164|-6.5026517|-6.531382|-3.5529952
1509508583288|-6.339846|-6.588843|-3.5338416
1509508583426|-6.3589997|-6.742072|-3.6774938
1509508583553|-6.5984197|-6.8186865|-3.6583402
1509508583684|-6.703765|-6.9527617|-3.466804
1509508583816|-6.83784|-7.0485296|-3.7828386
1509508583948|-6.9240313|-7.144298|-3.8115692
1509508584080|-6.8665705|-7.2209125|-3.7062242
1509508584211|-7.1059904|-7.019799|-3.5434184
1509508584344|-8.791509|-6.244078|-4.1659107
1509508584476|-14.288596|-5.3725886|-3.0550013
1509508584608|-16.587029|-7.201759|-0.80445176
1509508584740|-11.683704|-5.861006|-1.6472107
1509508584879|-1.9919758|0.9768343|-1.2737153
1509508585010|-0.25857377|5.2002063|3.4955344
1509508585143|-0.076614454|5.133168|9.289502
1509508585268|-0.23942018|4.8841715|9.346964
1509508585400|-0.23942018|4.9895163|9.078813
1509508585532|0.16280572|4.8937483|9.097966
1509508585664|0.0|5.21936|9.088389
1509508585796|0.36391866|5.1235914|8.39886
1509508585928|-0.7661445|5.544971|8.590396
1509508586060|-0.62249243|5.45878|7.97748
1509508586200|-0.7182605|5.6407394|7.9008656
1509508586324|-0.29688102|5.6790466|7.6135616
1509508586456|-0.62249243|5.5258174|8.322245
1509508586596|-1.6950948|5.889736|7.3071036
1509508586726|-1.982399|6.0716953|6.9144545
1509508586853|-2.231396|6.253655|7.1634517
1509508586984|-2.3175871|6.081272|6.7708025
1509508587116|-2.0973208|5.985504|7.0102224
1509508587248|-1.4939818|5.506664|7.642292
1509508587380|-1.3120226|5.48751|7.603985
1509508587512|-1.091756|5.171476|7.97748
1509508587644|-0.5554548|4.9895163|8.264784
1509508587776|-0.18195933|4.7022123|8.619126
1509508587908|-0.06703765|4.4340615|8.408437
1509508588047|-0.17238252|4.4244847|8.542512
1509508588176|-0.076614454|4.280833|8.494628
1509508588313|0.30645782|3.821146|8.829816
1509508588437|0.08619126|3.6296098|9.165004
1509508588568|-0.10534488|3.7445314|8.848969
1509508588700|-0.095768064|3.821146|8.925584
1509508588832|-0.05746084|4.0222588|8.734048
1509508588964|-0.22984336|4.280833|8.523358
1509508589096|-0.24899697|4.3478703|8.599973
1509508589228|-0.24899697|4.3861775|8.571242
1509508589360|-0.32561144|4.4915223|8.485051
1509508589492|-0.2681506|4.510676|8.456321
1509508589624|-0.2873042|4.453215|8.571242
1509508589756|-0.33518824|4.5202527|8.542512
1509508589898|-0.31603462|4.510676|8.523358
1509508590026|-0.22984336|4.4436383|8.293514
1509508590156|-0.2777274|4.5394063|8.456321
1509508590284|-1.2354081|5.45878|4.654328
1509508590416|-2.2409728|2.9017725|1.484405
1509508590548|-5.765238|-3.7349546|-2.5761611
1509508590680|-8.743625|-15.160085|-5.592855
1509508590812|-13.8480625|-11.377247|-1.9919758
1509508590944|-10.25676|-7.374141|-3.4955344
1509508591076|-10.448297|-6.1387334|-4.9224787
1509508591215|-8.734048|-9.14585|-3.0358477
1509508591340|-6.2823853|-10.25676|-1.1109096
1509508591477|-4.414908|-8.283937|-3.016694
1509508591608|-2.3080103|-7.2592196|-3.169923
1509508591747|-4.261679|-8.6095495|-3.1028855
1509508591868|-9.730036|-7.833828|-3.1603463
1509508592000|-9.260772|-6.4643445|-3.074155
1509508592134|-7.479486|-7.3549876|-3.821146
1509508592264|-7.0485296|-8.274361|-2.825158
1509508592396|-4.865018|-7.843405|-2.432509
1509508592528|-4.9416323|-7.422025|-1.6950948
1509508592660|-5.889736|-8.178593|-3.5338416
1509508592792|-6.1770406|-7.0006456|-4.510676
1509508592924|-5.209783|-6.3206925|-4.7979803
1509508593056|-5.104438|-6.38773|-5.2480903
1509508593192|-5.1140146|-6.3781533|-4.232949
1509508593328|-6.1387334|-7.2592196|-3.9935284
1509508593452|-7.0485296|-7.776367|-4.865018
1509508593584|-4.098873|-8.676587|-2.6144683
1509508593717|-2.9783869|-8.226477|-2.1930888
1509508593848|-6.7133417|-8.590396|-1.3790601
1509508593980|-8.293514|-8.303091|-1.5897499
1509508594112|-8.90643|-6.799533|-3.6008794
1509508594244|-7.9966335|-9.825804|-3.7349546
1509508594376|-4.10845|-10.323798|-2.183512
1509508594508|-0.58418524|-8.916007|-3.3806129
1509508594640|-3.2848446|-6.2728086|-3.6391866
1509508594781|-4.3957543|-6.1004257|-5.00867
1509508594913|-5.985504|-8.552089|-3.7541082
1509508595036|-6.646304|-9.299079|-4.4915223
1509508595168|-7.144298|-6.6846113|-5.056554
1509508595300|-5.5737014|-8.868123|-2.882619
1509508595432|-5.3438582|-7.575254|-2.2409728
1509508595564|-4.654328|-7.5848308|-2.6240451
1509508595696|-6.2728086|-8.379706|-5.6982
1509508595828|-6.3111157|-6.9527617|-3.8977604
1509508595960|-5.2385135|-5.391742|-3.514688
1509508596092|-5.45878|-5.315128|-4.1371803
1509508596224|-6.167464|-4.912902|-5.00867
1509508596357|-9.040505|-7.192182|-5.085284
1509508596494|-10.97502|-4.9799395|-4.6255975
1509508596631|-10.28549|-7.632715|-3.6487634
1509508596755|-12.239159|-3.6774938|-0.90021986
1509508596884|-7.8146744|-2.681506|4.405331
1509508597016|0.7469909|1.8483237|4.185065
1509508597148|0.39264908|2.681506|7.536947
1509508597280|0.30645782|3.572149|6.646304
1509508597412|0.35434186|4.9416323|10.25676
1509508597549|1.733402|1.9249382|12.995727
1509508597676|0.7757214|1.2162545|8.082825
1509508597808|0.36391866|2.8921957|8.552089
1509508597940|0.076614454|2.815581|11.530476
1509508598074|-3.0071173|2.327164|8.159439
1509508598210|-0.7757214|2.585738|7.326257
1509508598336|0.45010993|3.1986535|7.785944
1509508598478|2.1547816|3.1890767|10.658986
1509508598600|3.1890767|1.0151415|9.998186
1509508598732|-0.5267244|1.8387469|7.690176
1509508598864|-3.1316159|4.2521024|9.873688
1509508598996|-6.540959|5.0278234|5.401319
1509508599129|-0.92895025|0.49799395|7.038953
1509508599260|1.934515|0.47884035|8.695741
1509508599392|4.2425256|0.93852705|13.081918
1509508599527|1.5993267|-0.06703765|10.390836
1509508599656|0.009576807|0.79487497|8.1402855
1509508599789|-1.283292|2.6240451|6.799533
1509508599927|-2.96881|1.8579005|11.434708
1509508600051|-2.9400797|0.58418524|10.409989
1509508600184|-0.90979666|1.7908629|6.3685765
