1509150315371|0.05448139|-0.068101734|0.05448139
1509150315503|-0.013620348|-0.027240695|-0.040861044
1509150315634|-0.040861044|-0.027240695|0.013620348
1509150315767|-0.013620348|-0.027240695|-0.013620348
1509150315899|0.095342435|-0.05448139|-0.040861044
1509150316031|0.08172209|-0.027240695|-0.08172209
1509150316162|0.068101734|-0.08172209|-0.040861044
1509150316295|0.08172209|-0.068101734|0.013620348
1509150316427|-0.068101734|-0.040861044|0.040861044
1509150316559|0.027240695|-0.05448139|-0.013620348
1509150316691|0.027240695|-0.027240695|-0.08172209
1509150316825|-0.040861044|0.0|0.0
1509150316954|0.0|-0.040861044|0.013620348
1509150317086|0.013620348|-0.027240695|-0.068101734
1509150317218|-0.040861044|-0.027240695|-0.05448139
1509150317351|-0.027240695|-0.013620348|-0.068101734
1509150317485|0.040861044|-0.027240695|0.0
1509150317615|0.027240695|-0.027240695|-0.013620348
1509150317751|0.027240695|0.013620348|0.05448139
1509150317879|0.08172209|-0.040861044|0.0
1509150318011|0.013620348|-0.013620348|-0.013620348
1509150318142|-0.05448139|-0.040861044|0.013620348
1509150318274|0.08172209|-0.040861044|-0.013620348
1509150318406|0.08172209|-0.040861044|-0.08172209
1509150318538|0.027240695|0.013620348|-0.13620347
1509150318670|0.040861044|-0.05448139|0.0
1509150318802|-0.027240695|-0.027240695|0.068101734
1509150318934|0.013620348|-0.027240695|0.08172209
1509150319074|0.05448139|-0.027240695|0.0
1509150319199|0.013620348|-0.027240695|-0.05448139
1509150319332|0.08172209|-0.040861044|0.0
1509150319462|0.068101734|0.0|-0.013620348
1509150319594|0.013620348|0.0|-0.05448139
1509150319726|-0.013620348|-0.013620348|-0.08172209
1509150319859|-0.05448139|0.0|-0.027240695
1509150319991|0.10896278|-0.040861044|0.040861044
1509150320123|0.0|-0.027240695|0.013620348
1509150320255|0.027240695|-0.027240695|0.013620348
1509150320386|0.0|-0.013620348|-0.040861044
1509150320519|0.040861044|-0.05448139|-0.05448139
1509150320651|0.068101734|-0.027240695|-0.095342435
1509150320783|-0.013620348|-0.040861044|-0.05448139
1509150320915|0.0|0.013620348|0.013620348
1509150321048|-0.040861044|0.0|0.08172209
1509150321179|0.0|0.013620348|0.027240695
1509150321311|0.027240695|-0.013620348|-0.05448139
1509150321443|0.068101734|0.013620348|-0.08172209
1509150321575|-0.013620348|0.013620348|0.0
1509150321707|-0.068101734|-0.013620348|-0.013620348
1509150321839|0.013620348|-0.013620348|0.0
1509150321971|0.013620348|-0.013620348|-0.040861044
1509150322103|-0.068101734|-0.013620348|-0.040861044
1509150322252|0.013620348|-0.013620348|-0.040861044
1509150322366|-0.013620348|-0.013620348|-0.013620348
1509150322499|-0.040861044|-0.027240695|-0.05448139
1509150322632|-0.027240695|-0.027240695|-0.027240695
1509150322763|0.05448139|-0.027240695|-0.013620348
1509150322894|0.08172209|-0.05448139|0.0
1509150323027|0.027240695|-0.05448139|0.0
1509150323159|0.027240695|-0.05448139|-0.013620348
1509150323291|0.0|-0.040861044|0.013620348
1509150323421|0.013620348|-0.05448139|-0.013620348
1509150323554|-0.068101734|-0.013620348|-0.027240695
1509150323687|-0.013620348|-0.027240695|-0.013620348
1509150323819|-0.027240695|0.0|-0.013620348
1509150323952|-0.05448139|-0.013620348|0.013620348
1509150324083|-0.08172209|-0.027240695|0.027240695
1509150324216|0.040861044|-0.027240695|-0.05448139
1509150324347|-0.08172209|-0.027240695|-0.10896278
1509150324478|-0.05448139|-0.013620348|-0.08172209
1509150324609|-0.10896278|-0.027240695|-0.14982383
1509150324742|-0.068101734|-0.013620348|-0.12258312
1509150324875|0.013620348|-0.027240695|-0.027240695
1509150325006|0.040861044|-0.027240695|0.05448139
1509150325138|0.095342435|-0.013620348|-0.05448139
1509150325271|0.05448139|0.013620348|-0.068101734
1509150325403|-0.068101734|0.040861044|0.0
1509150325535|-0.013620348|-0.013620348|0.013620348
1509150325666|0.13620347|-0.027240695|-0.027240695
1509150325798|0.095342435|0.013620348|-0.040861044
1509150325932|0.027240695|-0.040861044|-0.013620348
1509150326063|0.027240695|-0.013620348|-0.027240695
1509150326195|-0.013620348|-0.027240695|0.013620348
1509150326327|0.0|-0.013620348|-0.05448139
1509150326459|-0.027240695|0.013620348|-0.05448139
1509150326591|0.0|-0.040861044|-0.013620348
1509150326725|0.027240695|-0.013620348|-0.013620348
1509150326854|0.05448139|0.013620348|-0.05448139
1509150326987|0.0|-0.013620348|-0.10896278
1509150327124|-0.040861044|-0.040861044|-0.027240695
1509150327251|0.013620348|-0.013620348|-0.05448139
1509150327383|0.027240695|-0.027240695|-0.013620348
1509150327515|0.013620348|-0.013620348|-0.027240695
1509150327648|0.0|-0.013620348|-0.10896278
1509150327779|-0.027240695|-0.013620348|-0.05448139
1509150327911|-0.08172209|-0.013620348|0.0
1509150328042|0.0|0.0|-0.08172209
1509150328175|-0.040861044|-0.013620348|-0.040861044
1509150328306|-0.068101734|-0.013620348|-0.05448139
1509150328438|-0.040861044|0.013620348|-0.027240695
1509150328569|-0.013620348|0.040861044|0.013620348
1509150328703|-0.013620348|-0.013620348|-0.14982383
1509150328835|0.013620348|0.013620348|-0.068101734
1509150328967|0.027240695|0.013620348|-0.095342435
1509150329099|0.10896278|0.013620348|-0.040861044
1509150329231|0.013620348|-0.013620348|0.0
1509150329363|-0.040861044|-0.013620348|-0.027240695
1509150329494|0.040861044|0.0|0.0
1509150329627|-0.040861044|0.05448139|-0.05448139
1509150329759|-0.05448139|0.040861044|-0.05448139
1509150329892|0.013620348|-0.013620348|-0.095342435
1509150330023|-0.095342435|0.040861044|0.027240695
1509150330154|-0.14982383|0.013620348|0.068101734
1509150330287|0.095342435|0.040861044|0.027240695
1509150330423|0.17706451|-0.040861044|0.013620348
1509150330551|0.013620348|-0.013620348|0.027240695
1509150330683|0.095342435|-0.013620348|-0.013620348
1509150330814|0.13620347|0.013620348|0.013620348
