1509508544146|-0.3949901|0.7899802|-0.74911916
1509508544278|0.27240694|0.58567494|-0.47671217
1509508544411|0.16344418|0.42223078|0.05448139
1509508544542|0.19068487|-0.013620348|0.3405087
1509508544675|-1.607201|0.58567494|-2.9556153
1509508544808|1.1713499|-5.652444|-10.61025
1509508544938|-6.8782754|-18.78246|-12.108489
1509508545071|-12.081248|-19.218311|-5.407278
1509508545202|-5.2438335|-12.626062|-8.430995
1509508545334|-6.6194887|-4.385752|-6.7965536
1509508545467|-7.7772183|-9.261836|-8.090487
1509508545597|-4.154206|-13.361562|-6.0474343
1509508545730|-1.4982383|-11.931425|-5.0531487
1509508545862|5.5434813|-2.75131|-3.7319753
1509508545994|7.518432|0.19068487|-4.739881
1509508546127|1.1304889|-6.551387|-4.562816
1509508546259|-6.0065737|-8.744264|0.095342435
1509508546390|-6.2926006|-1.6208212|-1.334794
1509508546526|-7.722737|1.0760074|-3.405087
1509508546655|-6.142777|-5.448139|-0.027240695
1509508546787|-3.010097|-7.736357|1.0351465
1509508546918|2.2882183|-1.1577295|0.95342433
1509508547051|2.3699405|1.334794|0.38136974
1509508547183|1.375655|-0.8853226|-0.99428535
1509508547314|-4.358511|-6.6331096|0.44947144
1509508547446|-10.378705|-2.4244218|-0.27240694
1509508547579|-7.600154|-0.2043052|-0.667397
1509508547711|-4.31765|-1.3620348|1.293933
1509508547842|-2.3971813|-4.2223077|1.9068487
1509508547975|1.2258313|-1.4028958|2.6832085
1509508548107|2.628727|-0.5992953|2.587866
1509508548241|0.068101734|-1.4028958|-2.233737
1509508548371|0.8580819|-0.19068487|-13.266219
1509508548503|0.44947144|-0.05448139|-4.4947147
1509508548635|-0.28602728|-0.47671217|-0.58567494
1509508548767|-1.7297841|-0.31326798|-1.1304889
1509508548898|-1.3075534|-0.49033248|-0.6401563
1509508549030|2.2201166|-0.7899802|-2.2201166
1509508549162|2.383561|-1.5118586|-0.7218784
1509508549294|-0.38136974|0.3949901|-1.2530719
1509508549426|-2.4516625|0.51757324|-1.1441091
1509508549559|-2.192876|1.3892754|-0.040861044
1509508549690|-0.027240695|-0.013620348|-1.56634
1509508549822|2.6151068|-0.44947144|-0.46309182
1509508549955|0.8989429|-0.6537767|0.55843425
1509508550090|-1.2803127|-1.9068487|2.5742457
1509508550219|-5.448139|1.2530719|2.860273
1509508550351|0.35412902|0.50395286|-0.7627395
1509508550484|-0.7218784|0.31326798|0.35412902
1509508550615|-2.7921712|2.1792555|-1.838747
1509508550747|-0.36774936|1.1849703|-2.0566726
1509508550880|0.35412902|-0.44947144|0.068101734
1509508551011|-1.8659877|-0.96704465|2.901134
1509508551143|-1.1849703|0.013620348|1.9340893
1509508551275|-0.58567494|1.1985906|1.3075534
1509508551407|-1.1304889|2.192876|0.74911916
1509508551545|-1.3620348|2.6423473|1.6208212
1509508551670|-1.7297841|2.860273|1.1849703
1509508551802|-1.2666924|1.9749503|1.0351465
1509508551934|-0.19068487|0.939804|1.3620348
1509508552066|-0.24516624|0.55843425|1.5118586
1509508552199|-0.7899802|0.50395286|2.2882183
1509508552331|1.0351465|0.5448139|-0.87170225
1509508552462|2.6423473|1.1441091|-0.5992953
1509508552595|0.49033248|-7.1234417|4.6172976
1509508552727|-2.9828563|-13.456903|2.3971813
1509508552859|-4.33127|-13.552246|-5.611583
1509508552991|10.18802|-3.2688832|-4.8760843
1509508553123|5.5571017|-9.152873|-1.6344416
1509508553254|-5.4208984|-11.863323|1.4437568
1509508553386|-11.195926|-9.479762|-0.62653595
1509508553519|-12.13573|-0.6537767|7.9815235
1509508553651|-12.871228|-8.825985|3.759216
1509508553782|-9.833891|-11.509193|-2.070293
1509508553914|0.38136974|-8.403754|1.1168685
1509508554047|9.670446|-7.1643023|-2.3426998
1509508554179|-8.281172|-11.046102|1.3484143
1509508554311|-13.838273|-11.264028|1.6889231
1509508554443|-11.114203|-2.1247742|3.7728362
1509508554575|-12.517099|-8.267551|1.3484143
1509508554706|-7.3686085|-11.468332|-2.3699405
1509508554839|0.7627395|-6.782933|-2.8738933
1509508554970|6.360702|-1.9749503|-1.3892754
1509508555102|2.1792555|-9.0983925|-3.8273177
1509508555235|-11.250407|-11.413851|0.5992953
1509508555368|-10.7192135|-3.0645783|3.6638737
1509508555499|-11.686257|-0.19068487|-0.7763598
1509508555630|-9.112013|-10.7192135|-3.5957716
1509508555762|-1.7297841|-10.787314|-1.5799603
1509508555895|4.8760843|-2.1383946|-0.55843425
1509508556027|5.88399|-4.0861044|-3.0373375
1509508556159|-6.551387|-10.664732|0.61291564
1509508556294|-9.752169|-3.7864566|4.235928
1509508556422|-3.4731886|-1.1304889|0.53119355
1509508556558|-11.059722|1.2258313|1.0760074
1509508556686|-2.73769|-10.119919|-6.428804
1509508556819|3.2552629|-5.50262|-1.8523673
1509508556950|4.562816|-0.16344418|-1.8251265
1509508557083|1.9885707|-9.00305|-0.10896278
1509508557214|-9.00305|-10.010955|4.739881
1509508557346|-5.0395284|0.92618364|4.099725
1509508557479|-6.306221|0.08172209|1.0079057
1509508557611|-9.112013|-3.0237172|0.7354987
1509508557743|-6.020194|-8.499097|-6.360702
1509508557875|-3.5004294|-1.3892754|-3.4595683
1509508558008|2.8466525|6.8782754|-1.8659877
1509508558139|8.64892|11.522814|2.3971813
1509508558270|11.645396|9.575105|9.452521
1509508558403|11.808841|8.022385|9.888372
1509508558535|8.621679|9.547864|7.736357
1509508558667|7.0417194|9.39804|9.112013
1509508558799|6.551387|9.929234|5.434519
1509508558930|6.3334613|9.670446|4.358511
1509508559062|5.2710743|8.499097|2.0430522
1509508559195|3.7455957|7.967903|-0.05448139
1509508559326|1.7297841|5.298315|-0.28602728
