1509323293160|1.091756|6.703765|6.789956
1509323293292|0.9864111|6.6750345|6.9048777
1509323293425|1.283292|6.540959|6.435614
1509323293556|1.091756|6.244078|6.493075
1509323293688|1.1971009|6.397307|7.144298
1509323293823|1.5993267|6.943185|7.326257
1509323293955|1.9919758|7.201759|5.267244
1509323294088|2.480393|7.536947|4.4436383
1509323294228|2.4229321|7.1155677|6.3206925
1509323294349|2.7485435|7.3645644|5.66947
1509323294480|2.2888567|7.240066|6.3206925
1509323294612|2.5091233|7.1155677|5.45878
1509323294744|3.0550013|7.345411|6.244078
1509323294876|2.5474305|6.8569937|5.8322754
1509323295009|2.719813|6.6750345|6.6079965
1509323295146|2.8443117|8.121132|4.721366
1509323295272|2.4612393|6.3781533|7.785944
1509323295404|2.4899697|7.479486|5.439626
1509323295542|2.2026656|6.4643445|6.5696893
1509323295676|2.767697|6.9527617|6.0716953
1509323295806|2.6240451|7.1251445|6.2249246
1509323295932|2.6719291|6.8091097|6.339846
1509323296064|2.6048915|7.0102224|5.4779334
1509323296196|1.9919758|6.895301|6.7803793
1509323296328|2.6240451|7.8146744|5.363012
1509323296463|2.3750482|7.28795|6.0525417
1509323296592|2.566584|7.335834|5.631162
1509323296724|2.6527755|7.52737|5.3247046
1509323296857|2.231396|6.9240313|6.5122285
1509323297028|2.087744|7.4603324|4.9320555
1509323297120|2.4516625|7.297527|5.3821654
1509323297255|2.384625|7.1155677|5.9280434
1509323297388|2.4612393|7.2304893|5.9759274
1509323297516|2.384625|6.991069|6.6175733
1509323297648|2.4133554|7.469909|5.2002063
1509323297780|1.934515|7.2687964|5.793968
1509323297913|1.8387469|7.3549876|5.8801594
1509323298044|2.2218192|7.728483|5.5737014
1509323298176|1.9153614|7.536947|5.3438582
1509323298308|2.1452048|7.067683|5.7748146
1509323298440|1.7238252|7.1826053|5.7843914
1509323298576|2.0207062|7.6710224|5.133168
1509323298704|2.2122424|6.799533|6.531382
1509323298842|2.3558946|7.4986396|5.3438582
1509323298971|2.2409728|7.019799|6.7229185
1509323299104|2.6431987|7.6614456|4.9320555
1509323299232|2.5091233|6.6654577|6.196194
1509323299364|2.9400797|7.2592196|5.5737014
1509323299496|2.767697|6.742072|7.144298
1509323299628|2.8060043|7.192182|5.7843914
1509323299760|2.528277|6.933608|5.90889
1509323299892|3.083732|7.201759|5.7269306
1509323300024|2.5761611|6.579266|6.6846113
1509323300159|3.122039|7.2592196|5.8801594
1509323300288|2.384625|6.5218053|7.07726
1509323300426|2.6240451|6.789956|5.592855
1509323300554|3.074155|6.9240313|5.755661
1509323300684|2.7868507|6.6175733|7.067683
1509323300817|2.5378537|7.2304893|5.813122
1509323300948|2.5474305|6.847417|5.813122
1509323301080|2.72939|7.144298|5.506664
1509323301212|2.8634653|7.441179|5.6982
1509323301344|2.6623523|7.383718|6.0238113
1509323301476|2.4037786|7.2209125|5.602432
1509323301608|2.1739352|7.144298|5.650316
1509323301740|2.3558946|7.1155677|5.7365074
1509323301873|2.3080103|7.2304893|5.889736
1509323302097|2.777274|7.6231384|5.7748146
1509323302204|2.4229321|6.981492|5.7843914
1509323302339|2.432509|7.335834|5.8801594
1509323302466|2.2697031|7.0006456|6.694188
1509323302599|2.5378537|7.153875|5.391742
1509323302730|2.6048915|6.6079965|6.5696893
1509323302862|2.585738|6.6846113|6.579266
1509323302994|2.7868507|6.6079965|6.5601125
1509323303126|2.3942018|6.2345014|7.249643
1509323303258|2.7389667|6.6175733|6.655881
1509323303390|2.3942018|6.2728086|7.2783732
1509323303533|2.6910827|6.4068837|6.9048777
1509323303657|2.882619|6.655881|6.215348
1509323303788|2.6910827|5.90889|7.2592196
1509323303922|2.9113493|6.5122285|6.5601125
1509323304055|2.2888567|6.38773|7.2783732
1509323304182|2.2888567|6.301539|7.0485296
1509323304314|2.5187001|6.8761473|5.7843914
1509323304446|2.231396|6.3781533|7.201759
1509323304578|2.6431987|6.895301|6.0238113
1509323304710|2.2888567|6.14831|7.201759
1509323304842|2.5378537|6.4643445|6.4068837
1509323304974|2.5953147|6.847417|5.6120086
1509323305106|2.873042|6.694188|6.483498
1509323305238|2.4899697|6.799533|6.4643445
1509323305376|2.231396|6.7133417|5.985504
1509323305504|1.934515|6.349423|5.6407394
1509323305636|2.566584|6.7612257|5.449203
1509323305771|2.767697|6.1387334|7.5944076
1509323305898|2.9879637|6.6846113|6.8091097
1509323306030|2.6719291|6.5122285|6.751649
1509323306162|2.6527755|6.215348|6.8186865
1509323306294|2.2218192|6.1770406|6.4164605
1509323306426|2.3750482|5.765238|7.0102224
1509323306558|2.9783869|6.1866174|7.0006456
1509323306690|2.566584|6.3685765|7.441179
1509323306822|2.681506|6.3302693|7.1059904
1509323306955|1.733402|6.042965|6.703765
1509323307159|3.1507695|5.2480903|6.5505357
1509323307294|2.7102363|5.6407394|8.082825
1509323307416|2.8634653|6.3685765|7.1730285
1509323307548|3.1603463|5.707777|6.540959
1509323307680|2.7006595|5.7843914|7.144298
1509323307814|2.7485435|5.717354|6.943185
1509323307944|2.8060043|5.93762|7.1059904
1509323308078|2.5953147|5.947197|6.8665705
1509323308208|2.815581|5.6790466|7.029376
1509323308340|2.7485435|5.8705826|6.83784
1509323308472|2.920926|6.1004257|7.0964136
1509323308625|2.8921957|6.4547677|6.646304
1509323308736|2.5953147|5.506664|7.881712
1509323308871|2.0973208|6.9240313|6.4643445
1509323309008|2.1547816|6.5218053|6.2728086
1509323309132|1.541866|7.1634517|6.196194
1509323309264|1.8483237|7.1155677|5.9280434
1509323309396|2.2409728|6.6079965|6.9144545
1509323309528|2.4708161|6.885724|6.157887
1509323309661|1.9536686|7.0102224|6.2249246
1509323309792|2.1164744|6.895301|6.1387334
1509323309924|2.4899697|7.067683|6.339846
1509323310056|2.2409728|6.445191|6.397307
1509323310188|2.4708161|7.192182|5.3438582
1509323310320|2.834735|7.0964136|5.602432
1509323310456|2.27928|6.7133417|7.431602
1509323310589|2.6623523|7.4603324|5.0182467
1509323310723|2.5187001|6.655881|6.1004257
1509323310848|2.183512|6.397307|6.9048777
1509323310980|2.384625|6.6750345|6.445191
1509323311112|2.1643584|6.655881|6.5601125
1509323311244|2.5761611|6.5601125|6.9144545
1509323311376|2.6431987|6.4260373|6.9144545
1509323311508|2.480393|6.579266|6.167464
1509323311642|2.4133554|6.301539|6.445191
1509323311772|2.1452048|6.483498|6.6271505
1509323311904|2.1260512|7.038953|6.483498
1509323312109|2.2697031|6.7229185|7.393295
1509323312245|1.3311762|6.483498|6.6271505
1509323312366|1.8195933|6.7229185|7.1155677
1509323312498|1.982399|7.067683|5.9280434
1509323312631|2.6240451|7.489063|6.0046577
1509323312762|1.7717092|7.1059904|6.0142345
1509323312895|1.6376339|7.067683|5.9759274
1509323313026|1.4269443|7.2592196|5.6120086
1509323313161|1.6759412|7.5848308|5.085284
1509323313296|2.2505496|7.192182|5.9280434
1509323313422|1.8291701|7.1634517|5.6790466
1509323313563|2.0590134|7.345411|5.947197
1509323313706|2.7389667|7.6231384|6.435614
1509323313824|2.1068976|7.0964136|7.1826053
1509323313959|1.9249382|7.374141|4.807557
1509323314082|2.0973208|6.9623384|5.9759274
1509323314214|1.5801731|6.9623384|6.9048777
1509323314347|1.3503298|6.5122285|5.401319
1509323314478|2.815581|7.3645644|5.631162
1509323314610|2.873042|7.6135616|6.1004257
1509323314742|2.5761611|7.6614456|6.0621185
1509323314874|2.5187001|7.1730285|5.439626
1509323315006|2.135628|6.6750345|7.1634517
1509323315140|2.1643584|7.1347213|5.813122
1509323315275|1.8866309|6.435614|6.042965
1509323315409|1.9632454|6.0525417|7.0964136
1509323315539|2.2409728|6.588843|6.9240313
1509323315666|2.3175871|6.5218053|7.374141
1509323315798|1.8866309|6.7708025|6.2249246
1509323315934|1.8674773|6.8091097|5.9759274
1509323316062|1.9536686|6.9527617|6.445191
