1509418844987|0.019485474|-0.30741882|-0.98646545
1509418845116|-0.07247925|-0.71151733|-0.91082764
1509418845228|0.554245|-1.0829315|-0.78689575
1509418845350|-0.017440796|-0.6000061|-1.5169678
1509418845474|-0.0121154785|-0.30848694|-1.3575287
1509418845589|-0.21025085|-0.5414276|-1.6863403
1509418845714|0.047546387|-0.7232361|-1.872757
1509418845829|0.48394775|-0.63552856|-0.86857605
1509418845953|0.12921143|-0.5566864|-0.64024353
1509418846069|0.17715454|-0.38233948|-0.14419556
1509418846187|-0.16374207|-0.24493408|-0.36114502
1509418846309|-0.3512268|0.00541687|-0.39453125
1509418846433|-0.023834229|-0.14302063|0.18426514
1509418846548|-0.15948486|-0.1131897|0.25990295
1509418846680|0.19454956|0.013931274|0.54255676
1509418846793|-0.08206177|0.4943695|0.53544617
1509418846909|0.38238525|0.3995514|1.230011
1509418847028|-0.18041992|0.6044464|0.9707794
1509418847150|0.21443176|0.15809631|1.4590302
1509418847268|0.09689331|0.8146515|0.7524109
1509418847387|0.15797424|0.16342163|0.23326111
1509418847510|0.2804718|-0.079452515|-0.30682373
1509418847632|0.08163452|0.2039032|-0.8646698
1509418847749|-0.8316498|-0.35075378|-0.7361145
1509418847871|-0.11117554|-0.450531|0.50668335
1509418847993|-0.16481018|0.19467163|0.3149414
1509418848111|0.5066681|-0.15899658|0.612854
1509418848229|0.05429077|0.5937958|0.41862488
1509418848348|0.12423706|-0.62202454|0.21160889
1509418848475|-0.4169159|0.30297852|0.014175415
1509418848593|0.09831238|-0.43348694|-0.32954407
1509418848707|-0.002532959|0.03807068|-1.1125183
1509418848831|-0.66690063|-0.30955505|-1.1778564
1509418848952|0.29716492|-0.47325134|-1.1036377
1509418849070|0.34013367|-0.3333435|-1.2559662
1509418849189|0.6203003|-0.61351013|-1.5631256
1509418849317|-0.2677765|-0.99168396|-2.495575
1509418849430|0.11074829|-1.7437592|-3.0445557
1509418849549|-1.1530151|-1.6833954|-3.5558777
1509418849670|-0.31251526|-1.7210236|-3.0953217
1509418849798|-0.20812988|-0.7338867|-3.0541382
1509418849911|-0.115097046|-0.5187073|-2.413208
1509418850027|0.04434204|-0.46188354|-1.4019165
1509418850151|0.38664246|-0.24598694|0.06851196
1509418850268|-0.15841675|0.041275024|-0.6512604
1509418850389|0.11038208|-0.09188843|-0.013870239
1509418850522|0.11003113|-0.12490845|-0.5014038
1509418850634|-0.34020996|-0.29925537|-1.2140656
1509418850749|-0.5635681|-0.57728577|-1.3564606
1509418850871|-0.27452087|-0.99061584|-0.90052795
1509418850992|-0.66122437|-0.73210144|-1.5187378
1509418851111|-0.059692383|-0.4981079|-1.0372314
1509418851231|-0.034835815|1.2311707|0.029449463
1509418851351|0.5641937|-0.019439697|0.16651917
1509418851479|0.45516968|-0.66108704|-1.50737
1509418851591|-0.5997925|-0.5776367|-2.3610077
1509418851717|-0.50675964|-0.72216797|-1.4953003
1509418851831|0.394104|-0.10644531|-0.46803284
1509418851948|0.17997742|-0.06808472|-0.28622437
1509418852072|0.06175232|0.17585754|-0.18644714
1509418852189|-0.5028534|-0.046432495|0.4786377
1509418852317|0.064941406|-0.47680664|-0.41760254
1509418852433|-0.101242065|-0.06738281|-0.95095825
1509418852550|-0.13284302|0.064712524|-1.013092
1509418852668|-0.07426453|0.3892517|-0.7932892
1509418852787|-0.27772522|0.09524536|-1.362854
1509418852909|0.17430115|0.09347534|-1.4352875
