1509145533248|158
1509145533452|155
1509145533657|150
1509145533867|138
1509145534067|144
1509145534268|130
1509145534879|133
1509145535288|127
1509145535493|133
1509145535698|130
1509145536108|133
1509145536520|136
1509145536723|130
1509145537335|127
1509145537743|133
1509145537947|127
1509145538152|124
1509145538357|130
1509145538565|133
1509145539173|136
1509145539378|138
1509145539584|133
1509145539788|136
1509145539993|133
1509145540199|124
1509145540404|130
1509145540609|136
1509145541017|201
1509145541222|314
1509145541630|308
1509145541835|303
1509145542243|300
1509145542452|291
1509145542650|297
1509145542856|294
1509145543061|291
1509145543469|294
1509145543674|291
1509145544085|289
1509145544302|294
1509145544501|291
1509145545924|294
1509145546338|291
1509145546543|294
