1509323227007|278
1509323227214|258
1509323227428|274
1509323227635|290
1509323227837|294
1509323228040|250
1509323228245|254
1509323228450|253
1509323228656|258
1509323228863|309
1509323229074|274
1509323229476|268
1509323229677|263
1509323229882|267
1509323230085|265
1509323230289|260
1509323230493|299
1509323230697|245
1509323230901|263
1509323231107|260
1509323231311|249
1509323231522|253
1509323231727|260
1509323231924|263
1509323232127|286
1509323232332|293
1509323232537|290
1509323232743|292
1509323232946|300
1509323233154|287
1509323233355|294
1509323233559|297
1509323233766|301
1509323233971|298
1509323234172|301
1509323234375|300
1509323234581|308
1509323234786|310
1509323234991|307
1509323235200|306
1509323235404|318
1509323235605|243
1509323235809|320
1509323236016|329
1509323236221|333
1509323236422|329
1509323236626|321
1509323236832|317
1509323237035|325
1509323237239|331
1509323237444|335
1509323237655|344
1509323237865|338
1509323238058|318
1509323238263|330
1509323238468|332
1509323238674|331
1509323238880|328
1509323239083|331
1509323239491|335
1509323239695|353
1509323239908|343
1509323240104|339
1509323240309|334
1509323240514|339
1509323240719|345
1509323240925|371
1509323241126|421
1509323241330|409
1509323241540|399
1509323241743|408
1509323241949|435
1509323242154|416
1509323242355|432
1509323242561|447
1509323242766|448
1509323242970|433
1509323243175|420
1509323243379|422
1509323243591|424
1509323243787|415
1509323243993|402
1509323244197|397
1509323244410|407
1509323244614|384
1509323244818|380
1509323245022|346
1509323245225|309
1509323245429|364
1509323245635|366
1509323245836|348
1509323246041|354
1509323246246|355
1509323246456|376
1509323246654|365
1509323246859|380
1509323247065|373
1509323247270|384
1509323247476|397
1509323247680|393
1509323247892|411
1509323248089|415
1509323248293|416
1509323248500|414
1509323248907|409
1509323249111|402
1509323249316|399
1509323249522|410
1509323249726|414
1509323249933|424
1509323250138|279
1509323250340|380
1509323250545|370
1509323250750|351
1509323250954|343
1509323251160|330
1509323251364|327
1509323251568|335
1509323251776|343
1509323251977|348
1509323252180|363
1509323252389|357
1509323252589|376
1509323252794|403
1509323252998|422
1509323253201|452
1509323253404|486
1509323253608|452
1509323253812|361
1509323254024|350
1509323254225|386
1509323254428|389
1509323254633|384
1509323254837|387
1509323255246|389
1509323255450|395
