1509499032445|-23.4|0.35999998|-38.879997
1509499032557|-23.64|1.92|-37.38
1509499032689|-25.38|3.72|-36.12
1509499032821|-28.199999|4.8599997|-33.84
1509499032953|-31.14|5.46|-30.96
1509499033085|-33.899998|6.2999997|-28.08
1509499033217|-34.32|9.78|-26.34
1509499033349|-31.32|12.179999|-27.599998
1509499033481|-26.82|14.4|-30.06
1509499033613|-20.82|16.26|-33.3
1509499033745|-15.78|16.74|-35.7
1509499033877|-12.42|16.68|-37.14
1509499034009|-9.48|17.279999|-37.5
1509499034141|-7.2599998|18.0|-38.04
1509499034277|-5.1|18.18|-38.399998
1509499034405|-4.98|19.08|-37.68
1509499034537|-9.42|21.84|-34.32
1509499034669|-7.2|26.279999|-19.56
1509499034802|0.12|29.34|-4.7999997
1509499034933|10.8|29.039999|10.5
1509499035065|24.0|27.06|23.039999
1509499035197|27.24|26.34|23.1
1509499035329|19.859999|29.76|20.88
1509499035461|4.02|31.74|18.96
1509499035593|-11.5199995|30.48|18.24
1509499035725|-23.939999|26.76|19.5
1509499035857|-25.619999|26.279999|20.1
1509499035989|-12.599999|27.119999|20.46
1509499036121|4.2|28.38|19.74
1509499036253|21.359999|29.16|15.66
1509499036386|27.539999|28.439999|13.679999
1509499036517|18.42|31.019999|11.7
1509499036658|0.06|29.76|9.84
1509499036781|-19.26|24.66|11.82
1509499036913|-33.0|18.24|13.38
1509499037045|-30.599998|18.18|13.679999
1509499037177|-14.46|21.539999|15.9
1509499037309|3.8999999|26.16|17.4
1509499037441|21.42|29.82|17.34
1509499037573|24.539999|30.06|15.299999
1509499037706|12.66|32.579998|10.98
1509499037837|-3.4199998|31.199999|11.58
1509499037969|-18.66|25.56|16.98
1509499038101|-27.9|21.06|21.779999
1509499038233|-20.64|20.82|23.46
1509499038365|-5.52|22.74|22.92
1509499038497|10.92|24.48|20.4
1509499038629|24.119999|26.82|19.02
1509499038762|20.34|27.24|17.4
1509499038893|5.8799996|28.8|14.28
1509499039025|-12.84|28.08|12.3
1509499039158|-28.32|23.64|10.98
1509499039289|-31.32|22.619999|10.8
1509499039421|-17.22|21.84|10.44
1509499039553|1.1999999|24.3|9.54
1509499039685|19.859999|25.74|7.9199996
1509499039818|28.019999|26.519999|5.46
1509499039950|16.44|29.64|3.24
1509499040081|-2.1599998|31.14|1.26
1509499040213|-20.039999|29.699999|-4.7999997
1509499040345|-26.22|24.24|-13.44
1509499040478|-19.08|22.38|-20.46
1509499040609|-4.74|24.0|-28.08
1509499040741|9.96|27.66|-29.82
1509499040873|20.16|30.179998|-25.26
1509499041006|27.96|25.5|-19.56
1509499041137|32.88|16.08|-7.14
1509499041269|27.119999|12.24|10.44
1509499041401|16.32|10.44|25.619999
1509499041533|2.34|13.679999|36.48
1509499041665|-5.8199997|25.619999|37.14
1509499041797|1.1999999|32.52|31.019999
1509499041929|14.759999|33.059998|25.5
1509499042061|26.939999|33.719997|21.359999
1509499042193|25.68|33.719997|20.939999
1509499042325|10.44|31.859999|21.539999
1509499042457|-10.0199995|31.859999|21.66
1509499042589|-23.939999|34.98|20.64
1509499042721|-19.38|35.34|19.92
1509499042853|-1.14|32.52|20.4
1509499042988|19.38|31.019999|22.199999
1509499043117|31.859999|29.46|23.1
1509499043249|23.82|29.76|21.72
1509499043381|5.46|33.84|19.56
1509499043513|-14.099999|38.7|15.78
1509499043645|-22.5|41.82|12.36
1509499043777|-13.5|40.079998|12.12
1509499043909|4.2|36.6|12.48
1509499044042|23.64|30.48|14.4
1509499044173|31.74|25.199999|16.8
1509499044305|25.5|26.16|16.08
1509499044437|8.28|29.22|13.2
1509499044570|-9.24|34.559998|9.42
1509499044701|-19.439999|37.14|6.6
1509499044834|-15.66|34.68|9.42
1509499044965|-0.35999998|31.38|13.559999
1509499045097|16.5|25.14|15.839999
1509499045231|28.859999|20.22|17.4
1509499045361|29.519999|19.619999|17.64
1509499045492|20.88|20.82|21.0
1509499045624|12.54|22.68|27.779999
1509499045756|2.22|24.3|34.02
1509499045889|-1.9799999|27.359999|33.42
1509499046020|5.8799996|30.0|29.699999
1509499046153|14.639999|30.9|24.6
1509499046285|25.56|29.46|19.92
1509499046416|29.46|28.68|20.1
1509499046548|16.74|28.74|20.46
1509499046680|-2.1|30.539999|19.02
1509499046812|-20.88|32.34|18.6
1509499046944|-28.8|33.0|17.52
1509499047076|-18.66|35.1|17.279999
1509499047208|-0.84|35.399998|19.98
1509499047341|18.539999|32.88|20.939999
1509499047472|27.779999|32.219997|22.619999
1509499047604|20.039999|30.3|24.9
1509499047737|2.6399999|30.0|25.26
1509499047869|-17.52|32.16|25.5
1509499048001|-27.9|31.5|26.279999
1509499048133|-22.08|31.92|27.18
1509499048265|-5.7599998|29.279999|30.42
1509499048397|11.94|24.84|33.96
1509499048528|23.34|21.119999|37.44
1509499048661|18.9|18.779999|40.079998
1509499048793|4.5|20.939999|39.96
1509499048924|-11.28|25.019999|39.6
1509499049057|-21.9|28.019999|38.1
1509499049189|-20.699999|30.119999|36.66
1509499049321|-12.599999|31.8|37.62
1509499049453|-0.71999997|29.58|40.26
1509499049591|9.42|25.859999|41.579998
1509499049717|11.4|25.019999|41.76
1509499049849|5.94|23.76|41.399998
1509499049981|-3.4199998|26.22|40.14
1509499050113|-13.5|28.08|39.239998
1509499050245|-16.32|28.38|38.28
1509499050377|-11.099999|29.82|37.32
1509499050509|-2.04|28.38|37.44
1509499050641|9.12|26.279999|36.719997
1509499050773|13.259999|25.859999|35.94
1509499050908|8.46|25.74|34.98
1509499051037|-4.2|28.32|28.5
1509499051168|-18.9|31.98|21.96
1509499051302|-26.519999|33.42|16.199999
1509499051433|-22.199999|34.92|13.74
1509499051565|-8.88|33.0|18.0
1509499051697|5.52|27.599998|24.18
1509499051829|13.0199995|24.539999|30.179998
1509499051961|12.059999|18.84|34.38
1509499052094|9.599999|14.219999|37.02
1509499052225|3.48|14.04|38.64
1509499052357|1.62|12.9|39.36
1509499052489|3.54|14.219999|38.64
1509499052621|2.04|12.0|38.76
1509499052753|-0.06|5.46|38.1
1509499052885|-4.2|-5.22|36.059998
1509499053017|-5.52|-17.46|33.6
1509499053150|1.0799999|-17.22|30.24
1509499053281|12.48|-9.42|25.74
1509499053413|24.779999|2.28|21.3
1509499053545|31.199999|17.94|14.219999
1509499053676|31.5|26.039999|3.72
1509499053808|32.399998|25.5|-1.5
1509499053941|33.78|16.26|-1.86
1509499054072|33.96|0.59999996|-1.56
1509499054205|34.14|-13.559999|0.9
1509499054337|34.739998|-19.14|0.24
1509499054469|31.859999|-7.74|-5.7
1509499054601|27.3|9.78|-10.62
1509499054733|19.38|26.76|-14.759999
1509499054865|12.24|37.8|-18.96
1509499054997|15.059999|35.28|-18.24
1509499055129|24.539999|24.24|-13.74
1509499055261|34.86|9.0|-10.139999
1509499055393|41.82|-4.3199997|-6.0
1509499055525|43.26|-7.5|-4.62
1509499055657|36.719997|3.72|-8.04
1509499055790|28.5|20.52|-10.98
1509499055921|18.779999|36.42|-14.16
1509499056053|15.24|43.2|-16.26
1509499056185|21.3|37.26|-13.62
1509499056317|28.98|22.14|-14.34
1509499056449|25.68|2.28|-16.619999
1509499056581|12.66|-15.839999|-17.34
1509499056713|-4.3199997|-28.5|-20.52
1509499056845|-19.98|-33.239998|-19.74
1509499056977|-22.8|-34.2|-17.34
1509499057109|-20.1|-35.219997|-17.279999
1509499057240|-14.94|-36.059998|-5.16
1509499057374|-8.04|-37.98|3.4199998
1509499057505|-2.82|-39.6|6.48
1509499057637|-1.74|-40.8|9.059999
1509499057770|-0.06|-41.64|-1.86
1509499057901|9.66|-36.48|-6.7799997
1509499058033|19.439999|-16.44|-6.8399997
1509499058165|25.859999|6.7799997|-6.3599997
1509499058297|29.58|29.099998|-4.68
1509499058430|30.84|37.86|-1.14
1509499058561|31.14|24.359999|3.3
1509499058694|32.219997|3.24|3.72
1509499058826|31.08|-18.72|5.22
1509499058957|28.439999|-27.359999|3.9599998
1509499059089|29.4|-18.539999|1.14
1509499059221|29.64|1.02|0.96
1509499059353|32.64|21.42|-0.48
1509499059485|34.62|31.32|-0.29999998
1509499059618|32.52|22.14|3.24
1509499059749|32.04|3.1799998|5.94
1509499059881|27.779999|-17.16|8.22
1509499060013|24.06|-28.26|8.5199995
1509499060146|25.019999|-22.26|6.2999997
1509499060276|26.039999|-4.7999997|4.74
1509499060409|28.74|15.36|2.7
1509499060541|28.5|29.939999|-0.59999996
1509499060673|29.4|28.08|-0.06
1509499060805|31.08|13.38|3.3
1509499060937|30.599998|-5.52|7.74
1509499061070|27.779999|-22.38|12.96
1509499061205|24.72|-27.0|15.719999
1509499061333|26.58|-17.699999|15.839999
1509499061465|28.92|-0.06|14.5199995
1509499061597|32.76|16.5|12.3
1509499061730|35.16|23.34|10.5
1509499061861|33.78|14.34|11.639999
1509499061993|30.84|-3.36|14.58
1509499062125|24.119999|-21.42|17.46
1509499062257|19.56|-32.28|21.119999
1509499062389|20.64|-27.84|21.66
1509499062521|25.8|-12.36|20.22
1509499062658|31.8|7.08|18.06
1509499062785|36.059998|20.699999|14.639999
1509499062917|37.44|20.16|14.04
1509499063051|33.48|3.84|14.88
1509499063181|27.599998|-16.26|15.599999
1509499063313|20.46|-32.34|16.68
1509499063445|19.5|-34.98|16.5
1509499063577|24.84|-21.119999|15.599999
1509499063709|32.64|-1.92|14.219999
1509499063841|40.379997|14.4|11.34
1509499063973|41.34|17.1|8.94
1509499064105|37.5|5.64|7.68
1509499064238|29.939999|-12.66|7.74
1509499064369|22.439999|-27.84|8.58
1509499064501|21.48|-29.64|8.4
1509499064633|24.119999|-15.36|6.8399997
1509499064765|30.359999|3.3|5.16
1509499064898|36.059998|20.76|2.1599998
1509499065029|36.84|24.06|2.58
1509499065161|35.88|10.559999|4.62
1509499065293|31.679998|-8.46|5.8199997
1509499065425|24.48|-27.24|7.7999997
1509499065557|21.72|-33.059998|7.2599998
1509499065689|23.88|-21.9|4.02
1509499065821|27.0|-2.1599998|0.65999997
1509499065953|33.0|16.74|-2.76
1509499066090|35.219997|25.439999|-3.8999999
1509499066217|33.66|17.64|0.84
1509499066349|31.199999|0.48|6.2999997
1509499066481|24.18|-17.88|10.32
1509499066614|17.82|-29.099998|12.3
1509499066745|18.06|-28.019999|10.62
1509499066877|21.779999|-12.96|7.8599997
1509499067009|27.72|5.2799997|5.8799996
1509499067141|31.859999|19.619999|4.3199997
1509499067273|32.7|20.34|4.92
1509499067405|30.599998|5.8799996|7.7999997
1509499067537|26.34|-12.12|10.26
1509499067669|23.64|-26.46|10.8
1509499067800|23.1|-25.08|9.3
1509499067932|24.539999|-10.0199995|6.0
1509499068065|28.32|9.36|2.22
1509499068197|30.84|24.0|1.56
1509499068329|31.019999|25.019999|4.74
1509499068461|28.92|10.0199995|9.54
1509499068593|24.72|-8.58|14.16
1509499068725|19.98|-24.3|16.68
1509499068857|19.98|-25.199999|15.719999
1509499068989|21.119999|-9.78|11.88
1509499069122|23.939999|9.179999|7.3799996
1509499069253|28.5|25.98|5.8799996
1509499069385|28.019999|25.619999|7.56
1509499069517|26.4|10.0199995|10.86
1509499069649|20.52|-9.66|14.5199995
1509499069781|13.799999|-26.4|16.14
1509499069913|13.44|-30.0|15.42
1509499070045|16.32|-15.54|13.98
1509499070177|23.34|3.78|12.66
1509499070310|29.88|21.42|11.04
1509499070444|30.48|25.08|11.7
1509499070573|28.5|10.86|13.44
1509499070705|25.32|-8.639999|14.04
1509499070837|17.64|-27.24|9.78
1509499070970|6.8399997|-36.54|1.4399999
1509499071102|-2.22|-38.399998|-7.5
1509499071233|-7.9199996|-36.96|-14.28
1509499071365|-9.78|-35.82|-17.1
1509499071497|-8.58|-35.76|-19.02
1509499071629|-4.74|-36.12|-19.08
1509499071761|-0.42|-37.68|-17.94
1509499071893|1.74|-38.52|-16.5
1509499072025|-0.65999997|-38.04|-16.92
1509499072158|-4.8599997|-37.86|-17.34
1509499072289|-10.559999|-35.76|-18.3
1509499072422|-15.66|-33.96|-19.98
1509499072553|-17.039999|-34.26|-18.539999
1509499072685|-16.32|-35.16|-16.68
1509499072817|-13.2|-37.38|-15.0
1509499072950|-9.48|-38.82|-14.099999
1509499073081|-7.68|-38.52|-15.66
1509499073213|-8.5199995|-37.2|-18.42
1509499073345|-12.24|-34.38|-20.699999
1509499073477|-16.68|-30.06|-23.46
1509499073610|-19.74|-26.88|-25.5
1509499073741|-20.4|-25.019999|-25.92
1509499073873|-18.48|-26.58|-25.26
1509499074005|-15.54|-30.42|-22.5
1509499074137|-11.04|-32.76|-21.66
1509499074270|-7.02|-32.34|-23.46
1509499074402|-5.2799997|-30.119999|-26.279999
1509499074533|-4.8599997|-26.64|-29.82
1509499074665|-6.06|-24.3|-30.84
1509499074797|-7.14|-23.519999|-31.019999
1509499074928|-6.72|-22.68|-30.599998
1509499075061|-4.74|-23.76|-29.4
1509499075193|-2.8799999|-24.18|-28.92
1509499075325|-0.9|-23.939999|-28.74
1509499075459|2.1599998|-25.26|-27.24
1509499075592|5.94|-26.88|-22.32
1509499075721|8.76|-29.22|-16.74
1509499075854|8.04|-32.28|-11.639999
1509499075986|5.3399997|-33.78|-7.14
1509499076117|0.53999996|-34.26|-6.66
1509499076249|-3.78|-33.719997|-7.5
1509499076381|-5.2799997|-33.239998|-7.7999997
1509499076513|-6.12|-32.219997|-9.059999
1509499076645|-7.02|-31.26|-10.38
1509499076777|-7.9199996|-30.42|-11.4
1509499076909|-9.54|-28.92|-11.94
1509499077044|-11.759999|-27.539999|-12.66
1509499077173|-13.139999|-27.0|-12.84
1509499077305|-12.96|-27.0|-12.24
1509499077437|-10.86|-28.08|-11.34
1509499077569|-7.14|-29.4|-10.86
1509499077702|-2.82|-29.76|-10.86
1509499077834|0.42|-30.3|-11.4
1509499077965|3.4199998|-30.3|-11.58
1509499078098|4.56|-30.599998|-11.7
