1509145533202|-0.57205456|-0.14982383|-0.068101734
1509145533325|-0.57205456|-0.14982383|-0.068101734
1509145533457|-0.57205456|-0.14982383|-0.068101734
1509145533589|0.27240694|-0.2043052|-0.040861044
1509145533721|0.31326798|-0.12258312|0.05448139
1509145533853|0.58567494|-0.17706451|-0.19068487
1509145533985|0.47671217|0.10896278|-0.17706451
1509145534117|0.44947144|0.10896278|0.10896278
1509145534250|0.29964766|0.17706451|-0.24516624
1509145534381|0.38136974|0.10896278|-0.21792556
1509145534513|0.3405087|0.13620347|-0.21792556
1509145534650|0.21792556|0.19068487|-0.3949901
1509145534777|0.05448139|0.16344418|-0.068101734
1509145534909|-0.24516624|0.13620347|-0.013620348
1509145535041|-0.3949901|0.08172209|-0.2043052
1509145535173|-0.068101734|-0.027240695|-0.17706451
1509145535305|-0.05448139|0.068101734|-0.35412902
1509145535437|-0.13620347|0.040861044|-0.068101734
1509145535569|0.013620348|0.013620348|0.068101734
1509145535701|-0.05448139|-0.013620348|-0.05448139
1509145535833|0.08172209|-0.05448139|-0.29964766
1509145535964|0.095342435|-0.027240695|-0.19068487
1509145536097|0.13620347|-0.068101734|-0.21792556
1509145536229|0.17706451|-0.068101734|-0.027240695
1509145536361|0.013620348|0.05448139|-0.10896278
1509145536495|0.17706451|0.027240695|-0.24516624
1509145536625|0.2043052|-0.027240695|0.013620348
1509145536757|0.13620347|-0.013620348|-0.27240694
1509145536888|0.12258312|-0.040861044|-0.36774936
1509145537021|0.10896278|0.0|0.0
1509145537153|-0.013620348|0.040861044|0.068101734
1509145537284|0.08172209|0.027240695|-0.17706451
1509145537417|0.0|0.040861044|-0.46309182
1509145537551|-0.013620348|-0.013620348|-0.3949901
1509145537681|0.05448139|0.095342435|-0.10896278
1509145537813|0.013620348|0.040861044|0.17706451
1509145537945|0.040861044|-0.027240695|-0.24516624
1509145538077|0.068101734|-0.10896278|-0.12258312
1509145538209|0.068101734|-0.12258312|-0.21792556
1509145538341|0.068101734|-0.095342435|-0.040861044
1509145538473|0.040861044|-0.013620348|0.095342435
1509145538605|0.027240695|0.040861044|-0.068101734
1509145538737|-0.027240695|0.040861044|-0.013620348
1509145538869|0.08172209|-0.14982383|0.027240695
1509145539001|0.14982383|-0.32688835|-0.10896278
1509145539133|0.013620348|-0.14982383|-0.05448139
1509145539265|-0.068101734|-0.013620348|0.12258312
1509145539402|-0.040861044|0.013620348|0.3405087
1509145539529|0.13620347|-0.2043052|-0.16344418
1509145539660|-0.040861044|-0.19068487|-0.21792556
1509145539792|-0.013620348|0.0|-0.23154591
1509145539925|-0.013620348|0.12258312|0.19068487
1509145540057|-0.08172209|0.095342435|0.24516624
1509145540189|-0.13620347|0.040861044|-0.29964766
1509145540321|-0.08172209|-0.027240695|-0.46309182
1509145540453|-0.095342435|0.0|-0.13620347
1509145540585|-0.10896278|0.013620348|0.32688835
1509145540717|-0.068101734|0.10896278|0.0
1509145540849|0.0|0.05448139|-0.095342435
1509145540981|-0.08172209|0.05448139|-0.35412902
1509145541113|-0.013620348|-0.16344418|-1.0623871
1509145541245|0.19068487|-2.0294318|1.4709975
1509145541378|0.17706451|-2.2745981|0.91256326
1509145541509|0.040861044|-1.9613299|0.29964766
1509145541640|0.2043052|-1.8115062|0.2043052
1509145541773|0.13620347|-1.4573771|0.19068487
1509145541905|0.10896278|-1.0896277|0.17706451
1509145542038|0.14982383|-0.939804|0.46309182
1509145542169|0.19068487|-0.8172208|0.13620347
1509145542301|0.21792556|-0.8036005|0.2043052
1509145542433|0.095342435|-0.55843425|-0.2043052
1509145542565|0.0|-0.2043052|-0.35412902
1509145542701|0.027240695|-0.13620347|0.25878662
1509145542829|-0.10896278|0.12258312|0.17706451
1509145542961|0.013620348|0.08172209|-0.013620348
1509145543093|0.0|0.095342435|-0.28602728
1509145543225|-0.013620348|0.21792556|-0.31326798
1509145543357|-0.14982383|0.16344418|0.14982383
1509145543490|-0.28602728|0.19068487|-0.08172209
1509145543621|-0.05448139|0.05448139|-0.24516624
1509145543753|-0.13620347|0.08172209|-0.068101734
1509145543885|-0.013620348|-0.08172209|0.12258312
1509145544017|-0.040861044|-0.027240695|0.013620348
1509145544149|-0.05448139|0.027240695|-0.027240695
1509145544281|0.040861044|0.013620348|-0.36774936
1509145544413|-0.068101734|0.08172209|0.10896278
1509145544545|0.05448139|-0.040861044|0.25878662
1509145544677|0.05448139|-0.040861044|-0.068101734
1509145544809|0.0|-0.095342435|-0.013620348
1509145544941|-0.068101734|-0.027240695|-0.05448139
1509145545073|0.13620347|-0.05448139|-0.27240694
1509145545205|-0.10896278|0.0|0.3405087
1509145545337|-0.05448139|0.13620347|0.068101734
1509145545469|0.095342435|0.12258312|0.068101734
1509145545601|0.0|0.040861044|-0.068101734
1509145545733|-0.14982383|0.027240695|-0.32688835
1509145545865|-0.05448139|-0.13620347|0.013620348
1509145545997|-0.36774936|-0.17706451|0.3405087
1509145546131|0.2043052|-0.28602728|-0.095342435
1509145546260|-0.19068487|-0.05448139|-0.19068487
1509145546394|-0.16344418|0.08172209|-0.29964766
1509145546525|0.068101734|0.05448139|0.027240695
1509145546658|0.08172209|-0.10896278|0.23154591
