1509323258985|0.9959879|6.5122285|6.8761473
1509323259104|0.9959879|6.588843|6.6654577
1509323259236|1.436521|6.588843|6.6654577
1509323259368|1.8770541|6.9719152|6.3781533
1509323259505|1.7525556|6.6654577|6.8665705
1509323259634|1.9632454|7.2592196|5.1810527
1509323259765|1.982399|7.4028716|6.0046577
1509323259896|1.8291701|7.1155677|7.326257
1509323260028|1.9536686|7.4124484|5.544971
1509323260160|1.9728222|6.9719152|5.5258174
1509323260292|1.5705963|6.751649|6.7229185
1509323260424|1.3311762|6.9048777|7.374141
1509323260556|1.9249382|7.4986396|5.841852
1509323260688|1.5897499|6.5122285|8.178593
1509323260820|1.5801731|7.07726|5.161899
1509323260952|1.8770541|7.201759|5.707777
1509323261090|1.6663644|7.1730285|5.9567738
1509323261224|1.8004397|7.345411|5.9567738
1509323261348|1.6950948|7.2783732|5.6790466
1509323261480|1.4173675|6.991069|6.196194
1509323261612|1.4939818|6.9144545|7.422025
1509323261744|1.7908629|7.5848308|5.544971
1509323261876|1.9153614|7.1347213|6.301539
1509323262009|2.1068976|7.603985|4.367024
1509323262141|1.9440918|6.9623384|5.9759274
1509323262274|2.0111294|6.646304|7.2304893
1509323262405|1.9249382|6.83784|5.8801594
1509323262541|1.8483237|6.5122285|7.699753
1509323262675|2.1643584|7.153875|5.056554
1509323262808|1.8770541|6.291962|7.3645644
1509323262932|2.0207062|6.6846113|7.240066
1509323263064|1.7812861|6.8569937|6.531382
1509323263196|1.5993267|6.8186865|7.0581064
1509323263328|2.5474305|7.565677|4.76925
1509323263460|1.8387469|6.8091097|6.751649
1509323263592|2.2218192|6.5601125|6.9527617
1509323263724|2.4995465|7.489063|4.3861775
1509323263856|2.5474305|6.943185|6.9623384
1509323263988|2.719813|7.642292|5.305551
1509323264120|2.72939|7.536947|5.650316
1509323264252|1.5610195|7.52737|5.995081
1509323264386|1.3790601|7.1826053|5.7748146
1509323264524|2.1164744|7.345411|6.9623384
1509323264649|2.0590134|7.393295|4.999093
1509323264780|2.8443117|6.167464|6.9719152
1509323264916|3.083732|6.033388|7.2304893
1509323265044|3.1603463|6.8282633|5.535394
1509323265176|3.3997664|6.6654577|6.6175733
1509323265308|3.2561142|7.1251445|4.7500963
1509323265440|3.2369606|6.646304|6.3206925
1509323265572|3.169923|7.192182|5.2289367
1509323265705|2.9783869|7.2304893|5.4204726
1509323265842|3.083732|6.646304|6.3781533
1509323265971|3.083732|7.565677|4.3861775
1509323266104|3.074155|6.655881|7.2113357
1509323266232|2.777274|7.3166804|4.7022123
1509323266364|2.815581|7.07726|5.45878
1509323266496|2.9879637|6.3206925|7.153875
1509323266629|2.5953147|6.9240313|5.3438582
1509323266760|2.9017725|6.3206925|7.824251
1509323266896|2.6431987|7.2113357|5.7365074
1509323267025|2.96881|6.6079965|7.517793
1509323267156|2.7006595|7.489063|4.6351743
1509323267290|2.7389667|5.841852|7.680599
1509323267421|2.834735|6.943185|5.793968
1509323267558|2.8634653|7.07726|5.9280434
1509323267691|2.7868507|7.1059904|5.6790466
1509323267823|2.882619|6.9719152|6.1100025
1509323267948|3.1411927|7.249643|5.592855
1509323268080|3.0262709|6.847417|6.244078
1509323268212|3.1316159|6.9719152|5.66947
1509323268344|2.96881|6.7324953|6.8282633
1509323268476|3.1603463|7.1251445|5.535394
1509323268608|3.122039|6.4260373|6.8761473
1509323268740|2.9879637|6.799533|5.4779334
1509323268874|3.169923|5.8705826|7.728483
1509323269004|3.0071173|6.8186865|5.841852
1509323269141|3.1124623|6.5505357|6.157887
1509323269275|2.9783869|6.3781533|6.0046577
1509323269404|3.1986535|6.742072|5.363012
1509323269532|3.2082303|6.6846113|6.157887
1509323269664|3.1507695|6.799533|5.6407394
1509323269796|2.9113493|6.646304|6.244078
1509323269928|3.1124623|6.885724|5.803545
1509323270060|3.0933087|6.6846113|6.215348
1509323270192|2.777274|7.28795|5.209783
1509323270324|2.930503|7.2783732|5.4300494
1509323270456|2.5378537|7.192182|5.5641246
1509323270591|2.6048915|7.4507556|4.55856
1509323270725|3.1603463|6.703765|6.895301
1509323270856|3.0358477|7.4028716|5.00867
1509323270992|3.074155|7.3166804|6.0238113
1509323271125|3.074155|7.431602|5.602432
1509323271250|3.0550013|7.1634517|6.4260373
1509323271380|2.5474305|7.153875|5.995081
1509323271512|1.9632454|6.847417|6.789956
1509323271644|1.2641385|7.192182|6.349423
1509323271776|1.4556746|7.603985|5.4204726
1509323271908|1.4077905|7.575254|5.3438582
1509323272040|1.388637|6.8665705|7.0485296
1509323272172|1.4077905|7.73806|4.7022123
1509323272305|1.3311762|7.029376|6.042965
1509323272440|1.6663644|7.5465236|5.401319
1509323272570|1.4652514|7.0102224|7.0964136
1509323272702|1.8100165|7.73806|4.711789
1509323272832|1.6950948|6.9048777|6.991069
1509323272964|1.8195933|7.374141|5.8226986
1509323273096|1.484405|7.1347213|6.090849
1509323273228|1.934515|7.785944|4.5872903
1509323273360|1.6567876|7.431602|5.5258174
1509323273492|1.733402|7.393295|5.9280434
1509323273624|1.4460979|8.082825|4.0892963
1509323273756|1.2641385|6.8761473|6.253655
1509323273889|1.5035586|7.6231384|4.5872903
1509323274020|1.6759412|8.063671|4.960786
1509323274156|1.934515|7.5561004|6.8761473
1509323274285|1.8866309|8.130709|4.6255975
1509323274416|1.5993267|7.192182|5.497087
1509323274551|1.7238252|7.038953|7.07726
1509323274681|1.4556746|7.9487495|4.357447
1509323274812|1.4173675|7.0964136|6.493075
1509323274944|1.7046716|8.121132|3.8786068
1509323275076|1.541866|7.4124484|6.167464
1509323275208|1.5131354|7.489063|5.7843914
1509323275340|1.6184803|7.469909|5.9567738
1509323275474|1.4460979|7.1826053|7.297527
1509323275606|1.6663644|8.293514|4.10845
1509323275738|1.2354081|6.9623384|6.6367273
1509323275874|1.934515|8.101978|3.964798
1509323276008|1.1492168|6.847417|6.6175733
1509323276132|1.6280571|7.872135|3.6870706
1509323276264|1.3503298|6.847417|7.4124484
1509323276396|2.135628|8.255207|4.8267107
1509323276528|1.8962077|6.531382|7.9870567
1509323276660|1.8004397|7.192182|5.535394
1509323276792|1.7908629|7.1347213|6.5696893
1509323276924|1.7429788|6.742072|6.8282633
1509323277056|1.7525556|6.588843|6.751649
1509323277191|1.982399|6.4260373|6.895301
1509323277325|1.8195933|6.5122285|6.6367273
1509323277455|1.8195933|6.655881|6.847417
1509323277591|1.8004397|6.5218053|6.981492
1509323277724|1.9440918|7.0006456|6.751649
1509323277848|1.733402|6.5026517|6.83784
1509323277980|1.436521|6.7324953|6.157887
1509323278112|1.2737153|6.1004257|7.7093296
1509323278244|1.5610195|7.086837|5.305551
1509323278376|1.8387469|6.3685765|8.283937
1509323278508|1.5131354|7.9008656|3.2944214
1509323278642|1.3024458|6.3111157|7.6614456
1509323278772|1.5801731|7.393295|5.66947
1509323278908|1.685518|6.579266|8.130709
1509323279174|1.1875241|7.0485296|6.655881
1509323279305|1.4173675|7.4124484|6.0621185
1509323279432|1.340753|7.565677|5.0661306
1509323279564|1.2066777|6.799533|6.0621185
1509323279696|1.5610195|6.9048777|6.694188
1509323279828|1.4460979|7.3071036|5.6982
1509323279960|1.4173675|7.326257|5.861006
1509323280096|1.5993267|6.9240313|7.019799
1509323280232|1.4652514|6.7133417|7.2113357
1509323280360|1.5610195|7.240066|5.104438
1509323280488|1.7046716|6.1387334|8.389283
1509323280621|1.8866309|7.240066|4.9799395
1509323280758|1.7908629|6.253655|8.197746
1509323280895|1.7238252|7.1730285|5.6790466
1509323281017|1.9440918|6.0525417|7.8912888
1509323281148|1.436521|6.5505357|5.439626
1509323281280|1.8291701|5.9663506|7.07726
1509323281412|1.9057846|6.6367273|5.9663506
1509323281544|1.5131354|5.9184666|7.565677
1509323281676|1.7429788|6.789956|5.93762
1509323281808|2.030283|6.493075|7.7093296
1509323281941|1.3694834|7.1634517|5.803545
1509323282072|1.2162545|6.540959|7.067683
1509323282208|1.5801731|7.441179|5.1523223
1509323282337|1.388637|7.038953|6.4643445
1509323282470|1.4939818|7.6231384|5.6215854
1509323282605|1.4269443|6.6271505|7.8050976
1509323282732|1.3790601|7.4124484|5.9184666
1509323282864|1.1109096|6.2823853|7.5561004
1509323282996|1.2162545|6.83784|6.1387334
1509323283128|1.5801731|6.943185|6.2823853
1509323283264|1.436521|6.6175733|6.531382
1509323283393|1.2737153|6.4643445|7.019799
1509323283524|1.3982137|6.8186865|6.4164605
1509323283656|1.1971009|6.8665705|5.9280434
1509323283790|1.5227122|6.8186865|6.2823853
1509323283920|1.7717092|6.6654577|7.2592196
1509323284056|1.7238252|7.067683|6.2249246
1509323284196|1.5897499|6.7324953|7.5082164
1509323284316|1.3311762|7.201759|6.0525417
1509323284448|1.7046716|6.8186865|6.83784
1509323284580|1.6663644|7.4507556|5.3438582
1509323284712|1.6567876|7.201759|6.6367273
1509323284844|1.7525556|8.350976|4.1180267
1509323284976|1.7429788|7.4028716|6.540959
1509323285387|1.5131354|8.130709|3.466804
1509323285508|1.7429788|7.833828|5.171476
1509323285636|1.685518|7.7667904|5.2289367
1509323285774|1.5514427|6.9144545|6.38773
1509323285905|1.6089035|7.7189064|4.7788267
1509323286032|1.436521|6.847417|7.431602
1509323286166|1.7812861|8.178593|4.8362875
1509323286316|1.3599066|7.0102224|7.029376
1509323286428|1.2162545|7.565677|4.31914
1509323286560|0.9864111|7.192182|6.435614
1509323286692|1.4269443|7.441179|6.0716953
1509323286824|1.340753|7.3549876|5.93762
1509323286956|1.5035586|6.8569937|6.9144545
1509323287091|1.3790601|7.0581064|6.129156
1509323287220|1.1587936|6.655881|6.2249246
1509323287356|1.6280571|6.9719152|6.5218053
1509323287492|1.436521|7.086837|6.6654577
1509323287618|1.4748282|7.422025|6.339846
1509323287748|0.9768343|7.0581064|6.445191
1509323287880|1.388637|7.1634517|6.6079965
1509323288012|1.3311762|7.0485296|6.3111157
1509323288144|1.3599066|6.8091097|6.3589997
1509323288276|1.7429788|6.847417|6.5122285
1509323288408|1.7908629|6.8761473|6.7708025
