1509145557362|0.5554548|0.641646|9.80665
1509145557489|0.6799533|0.48841715|9.749189
1509145557621|0.5650316|0.48841715|9.672575
1509145557753|0.47884035|0.46926352|9.595961
1509145557885|0.47884035|0.39264908|9.605537
1509145558020|0.31603462|0.4309563|9.825804
1509145558153|0.35434186|0.47884035|9.892841
1509145558287|0.22984336|0.5746084|9.749189
1509145558414|0.4213795|0.545878|9.672575
1509145558548|0.30645782|0.4213795|9.691729
1509145558677|0.50757074|0.39264908|9.720459
1509145558809|0.33518824|0.40222588|9.854534
1509145558942|0.61291564|0.5746084|9.662998
1509145559073|0.4213795|0.4405331|9.662998
1509145559205|0.545878|0.50757074|9.634268
1509145559338|0.47884035|0.45968673|9.758766
1509145559469|0.61291564|0.5363012|9.586384
1509145559601|0.41180268|0.45968673|9.672575
1509145559733|0.5554548|0.5363012|9.710882
1509145559870|0.50757074|0.46926352|9.77792
1509145559997|0.6512229|0.4405331|9.787497
1509145560135|0.545878|0.5267244|9.691729
1509145560264|0.5746084|0.48841715|9.595961
1509145560393|0.545878|0.51714754|9.768343
1509145560525|0.61291564|0.49799395|9.749189
1509145560657|0.5267244|0.51714754|9.80665
1509145560789|0.39264908|0.5363012|9.682152
1509145560921|0.60333884|0.5363012|9.662998
1509145561056|0.49799395|0.51714754|9.710882
1509145561189|0.6512229|0.49799395|9.797073
1509145561319|0.49799395|0.48841715|9.730036
1509145561452|0.6703765|0.41180268|9.615114
1509145561587|0.47884035|0.41180268|9.701305
1509145561716|0.7086837|0.48841715|9.595961
1509145561848|0.31603462|0.47884035|9.950302
1509145561986|0.63206923|0.5554548|9.892841
1509145562109|0.59376204|0.51714754|9.787497
1509145562241|0.61291564|0.39264908|9.490616
1509145562373|0.545878|0.29688102|9.576807
1509145562505|0.59376204|0.40222588|9.720459
1509145562637|0.6703765|0.49799395|9.844957
1509145562769|0.60333884|0.58418524|9.797073
1509145562902|0.6607997|0.5746084|9.701305
1509145563037|0.545878|0.47884035|9.653421
1509145563165|0.78529817|0.4213795|9.595961
1509145563301|0.47884035|0.37349546|9.768343
1509145563437|0.59376204|0.41180268|9.730036
1509145563567|0.48841715|0.4405331|9.691729
1509145563694|0.6895301|0.46926352|9.720459
1509145563825|0.5363012|0.4405331|9.988609
1509145563957|0.7182605|0.48841715|9.701305
1509145564096|0.5650316|0.45968673|9.595961
1509145564221|0.5746084|0.51714754|9.797073
1509145564353|0.5363012|0.40222588|9.864111
1509145564485|0.7565677|0.46926352|9.77792
1509145564621|0.62249243|0.38307226|9.672575
1509145564753|0.61291564|0.33518824|9.624691
1509145564887|0.6607997|0.33518824|9.682152
1509145565020|0.62249243|0.37349546|9.787497
1509145565145|0.7374141|0.4213795|9.835381
1509145565278|0.5746084|0.38307226|9.730036
1509145565409|0.62249243|0.37349546|9.586384
1509145565542|0.51714754|0.37349546|9.605537
