1509425663960|1023.2061
1509425664093|1023.2061
1509425664234|1023.2061
1509425664364|1023.19635
1509425664494|1023.20526
1509425664631|1023.2015
1509425664760|1023.2065
1509425664899|1023.2116
1509425665029|1023.21246
1509425665160|1023.2011
1509425665294|1023.20953
1509425665430|1023.2037
1509425665560|1023.20026
1509425665693|1023.2037
1509425665827|1023.2037
1509425665961|1023.1927
1509425666100|1023.1906
1509425666229|1023.1939
1509425666361|1023.1999
1509425666494|1023.19403
1509425666629|1023.19244
1509425666761|1023.19574
1509425666894|1023.19244
1509425667029|1023.19525
1509425667162|1023.1911
1509425667293|1023.1911
1509425667427|1023.1995
1509425667562|1023.2005
1509425667694|1023.2039
1509425667833|1023.2
1509425667963|1023.2
1509425668094|1023.1967
1509425668228|1023.20013
1509425668361|1023.1945
1509425668494|1023.1972
1509425668627|1023.2
1509425668761|1023.2
1509425668902|1023.195
1509425669029|1023.19257
1509425669165|1023.1976
1509425669294|1023.1951
1509425669428|1023.1934
1509425669561|1023.1895
1509425669698|1023.1878
1509425669828|1023.18536
1509425669962|1023.18365
1509425670094|1023.1888
1509425670232|1023.18964
1509425670368|1023.18964
1509425670500|1023.1993
1509425670627|1023.20526
1509425670762|1023.21295
1509425670900|1023.2198
1509425671029|1023.2265
1509425671162|1023.24176
1509425671295|1023.24457
1509425671437|1023.24554
1509425671561|1023.24884
1509425671705|1023.2531
1509425671828|1023.2531
1509425671961|1023.25653
1509425672097|1023.26324
1509425672228|1023.2701
1509425672363|1023.2713
1509425672495|1023.2756
1509425672628|1023.2756
1509425672762|1023.2714
1509425672896|1023.2646
1509425673029|1023.25323
1509425673162|1023.24896
1509425673295|1023.23883
1509425673429|1023.23883
1509425673563|1023.22784
1509425673697|1023.21185
1509425673834|1023.1988
1509425673962|1023.18146
1509425674097|1023.1684
1509425674230|1023.1514
1509425674363|1023.1358
1509425674444|1023.1358
1509425674563|1023.11884
1509425674697|1023.09735
1509425674835|1023.0699
1509425674962|1023.04364
1509425675105|1023.0158
1509425675232|1022.9766
1509425675363|1022.9406
1509425675496|1022.9102
1509425675628|1022.9102
1509425675762|1022.8853
1509425675897|1022.8608
1509425676029|1022.8279
1509425676164|1022.7945
1509425676297|1022.7725
1509425676429|1022.7564
1509425676563|1022.71594
1509425676696|1022.6923
1509425676833|1022.6572
1509425676963|1022.63434
1509425677097|1022.63434
1509425677229|1022.60565
1509425677363|1022.5744
1509425677500|1022.5411
1509425677631|1022.50305
1509425677766|1022.47943
1509425677899|1022.4465
1509425678034|1022.40546
1509425678169|1022.37335
1509425678297|1022.33124
1509425678430|1022.3008
1509425678565|1022.2704
1509425678705|1022.2704
1509425678830|1022.24335
1509425678965|1022.21075
1509425679097|1022.1922
1509425679237|1022.16437
1509425679371|1022.14655
1509425679498|1022.1238
1509425679631|1022.10516
1509425679765|1022.0892
1509425679900|1022.0732
1509425680030|1022.0563
1509425680164|1022.0563
1509425680297|1022.033
1509425680429|1022.01953
1509425680564|1022.0154
1509425680705|1022.0103
1509425680830|1022.00616
1509425680965|1022.0078
1509425681098|1021.9989
1509425681230|1022.0006
1509425681365|1021.99133
1509425681497|1021.99567
1509425681635|1021.9973
1509425681764|1021.9973
1509425681899|1021.9969
1509425682031|1021.9969
1509425682164|1021.9944
1509425682304|1021.9885
1509425682431|1021.9944
1509425682565|1021.9885
1509425682697|1021.983
1509425682830|1021.99146
1509425682964|1021.98975
1509425683098|1021.9847
1509425683232|1021.9847
1509425683363|1021.98724
1509425683497|1021.9831
1509425683632|1021.98645
1509425683764|1021.9848
1509425683898|1021.9725
1509425684034|1021.96234
1509425684170|1021.959
1509425684298|1021.9539
1509425684430|1021.9413
1509425684565|1021.93115
1509425684698|1021.93115
1509425684831|1021.9168
1509425684965|1021.9164
1509425685099|1021.9236
1509425685236|1021.9164
1509425685373|1021.9071
1509425685499|1021.9122
1509425685631|1021.92816
1509425685766|1021.91895
1509425685909|1021.9257
1509425686034|1021.9143
1509425686165|1021.9194
1509425686299|1021.9194
1509425686431|1021.9312
1509425686566|1021.9295
1509425686700|1021.9266
1509425686833|1021.93164
1509425686968|1021.91736
1509425687098|1021.9098
1509425687231|1021.91565
1509425687365|1021.91486
1509425687499|1021.92114
1509425687631|1021.92883
1509425687769|1021.92883
1509425687899|1021.92975
1509425688032|1021.92975
1509425688165|1021.93475
1509425688298|1021.93646
1509425688431|1021.9394
1509425688566|1021.92
1509425688698|1021.9294
1509425688832|1021.9209
1509425688966|1021.9226
1509425689099|1021.91754
1509425689233|1021.91754
1509425689366|1021.9221
1509425689498|1021.91876
1509425689632|1021.91034
1509425689765|1021.90106
1509425689898|1021.9112
1509425690036|1021.9146
1509425690174|1021.90704
1509425690300|1021.91376
1509425690432|1021.92053
1509425690567|1021.929
1509425690699|1021.9311
1509425690833|1021.9311
1509425690967|1021.93207
1509425691100|1021.9299
1509425691235|1021.94
1509425691376|1021.95184
1509425691499|1021.95856
1509425691633|1021.96704
1509425691767|1021.973
1509425691899|1021.9793
1509425692033|1021.98773
1509425692167|1021.9861
1509425692300|1021.9861
1509425692432|1021.9962
1509425692566|1021.9937
1509425692700|1021.9913
1509425692834|1021.9997
1509425692968|1021.9992
1509425693101|1021.99414
1509425693232|1021.9975
1509425693368|1021.99506
1509425693500|1021.99677
1509425693632|1021.9883
1509425693776|1021.9883
1509425693900|1021.9891
1509425694039|1021.9765
1509425694168|1021.96387
1509425694303|1021.9571
1509425694434|1021.9482
1509425694566|1021.9368
1509425694701|1021.91943
1509425694833|1021.89746
1509425694970|1021.8697
1509425695100|1021.8528
1509425695234|1021.8308
1509425695368|1021.8308
1509425695516|1021.80634
1509425695634|1021.77716
1509425695770|1021.7409
1509425695899|1021.71387
1509425696037|1021.68604
1509425696169|1021.6556
1509425696303|1021.63104
1509425696434|1021.60156
1509425696569|1021.5711
1509425696701|1021.5424
1509425696834|1021.5424
1509425696968|1021.5103
1509425697101|1021.4777
1509425697237|1021.44904
1509425697369|1021.42194
1509425697505|1021.39075
1509425697634|1021.35236
1509425697767|1021.32196
1509425697904|1021.2924
1509425698035|1021.2612
1509425698167|1021.2308
1509425698300|1021.19867
1509425698433|1021.19867
1509425698570|1021.1695
1509425698700|1021.1391
1509425698833|1021.11206
1509425698971|1021.0833
1509425699104|1021.05554
1509425699235|1021.03186
1509425699367|1021.0099
1509425699501|1020.9812
1509425699635|1020.9385
1509425699768|1020.91235
1509425699901|1020.91235
1509425700036|1020.8659
1509425700168|1020.8355
1509425700310|1020.78265
1509425700434|1020.75446
1509425700568|1020.7173
1509425700702|1020.683
1509425700835|1020.64246
1509425700971|1020.61206
1509425701101|1020.57574
1509425701236|1020.54785
1509425701369|1020.54785
1509425701501|1020.51666
1509425701635|1020.493
1509425701771|1020.4643
1509425701902|1020.4314
1509425702037|1020.39545
1509425702168|1020.3667
1509425702304|1020.33044
1509425702435|1020.30005
1509425702576|1020.2747
1509425702702|1020.2452
1509425702836|1020.21893
1509425702967|1020.21893
1509425703103|1020.18945
1509425703238|1020.15686
1509425703373|1020.1223
1509425703504|1020.10034
1509425703637|1020.07916
1509425703771|1020.0589
1509425703902|1020.0328
1509425704035|1020.02094
1509425704170|1019.99725
1509425704302|1019.97626
1509425704436|1019.97626
1509425704572|1019.95935
1509425704701|1019.9487
1509425704836|1019.9226
1509425704976|1019.8973
1509425705110|1019.88544
1509425705236|1019.8787
1509425705369|1019.877
1509425705501|1019.8796
1509425705635|1019.8804
1509425705772|1019.8804
1509425705907|1019.8804
1509425706037|1019.8787
1509425706172|1019.8821
1509425706306|1019.8762
1509425706436|1019.8673
1509425706570|1019.86316
1509425706703|1019.86316
1509425706836|1019.86316
1509425706970|1019.86316
1509425707103|1019.87744
1509425707236|1019.87067
1509425707376|1019.8762
1509425707503|1019.8762
1509425707637|1019.8741
1509425707769|1019.87286
1509425707903|1019.861
1509425708039|1019.86774
1509425708172|1019.87115
1509425708303|1019.8593
1509425708437|1019.87067
1509425708589|1019.87067
1509425708704|1019.8644
1509425708837|1019.86346
1509425708969|1019.86346
1509425709104|1019.85504
1509425709249|1019.8592
1509425709377|1019.844
1509425709503|1019.8428
1509425709636|1019.8444
1509425709774|1019.84106
1509425709902|1019.8512
1509425710037|1019.852
1509425710170|1019.8461
1509425710302|1019.8394
1509425710439|1019.8394
1509425710573|1019.8365
1509425710704|1019.8466
1509425710836|1019.8389
1509425710971|1019.8457
1509425711107|1019.85706
1509425711237|1019.85626
1509425711370|1019.852
1509425711503|1019.85706
1509425711638|1019.8529
1509425711769|1019.8597
1509425711905|1019.87225
1509425712037|1019.87225
1509425712172|1019.8757
1509425712308|1019.8749
1509425712437|1019.87396
1509425712570|1019.87225
1509425712704|1019.87396
1509425712856|1019.8757
1509425712971|1019.8689
1509425713104|1019.846
1509425713239|1019.846
1509425713380|1019.8617
1509425713504|1019.8617
1509425713638|1019.86505
1509425713771|1019.8566
1509425713904|1019.854
1509425714037|1019.88354
1509425714170|1019.87213
1509425714305|1019.86707
1509425714437|1019.862
1509425714576|1019.86035
1509425714704|1019.8464
1509425714837|1019.83624
1509425714970|1019.8396
1509425715104|1019.8396
1509425715239|1019.83453
1509425715374|1019.83453
1509425715504|1019.82825
1509425715637|1019.8299
1509425715776|1019.8333
1509425715905|1019.8408
