1509425348951|7713
1509425349289|7660
1509425349619|7883
1509425349959|8308
1509425350285|10159
1509425350619|8946
1509425350952|10596
1509425351289|8542
1509425351619|8774
1509425351953|7859
1509425352293|6317
1509425352618|4906
1509425352959|8447
1509425353284|18352
1509425353620|12192
1509425353952|13393
1509425354286|15679
1509425354617|14338
1509425354951|14904
1509425355286|16705
1509425355618|18064
1509425355952|21722
1509425356285|11775
1509425356618|9829
1509425356952|9645
1509425357285|9593
1509425357621|9897
1509425357953|9185
1509425358289|8478
1509425358618|7311
1509425358953|13857
1509425359286|13517
1509425359621|7704
1509425359953|6737
1509425360289|7052
1509425360617|5691
1509425360951|7170
1509425361287|10922
1509425361618|12780
1509425361953|12800
1509425362285|14719
1509425362618|18391
1509425362951|14882
1509425363284|17125
1509425363622|20733
1509425363950|27798
1509425364290|16614
1509425364617|15470
1509425364953|9795
1509425365285|11035
1509425365619|12624
1509425365951|16689
1509425366284|11815
1509425366626|10564
1509425366951|8823
1509425367290|7618
1509425367617|6680
1509425367951|5418
1509425368283|4352
1509425368616|20509
1509425368951|5356
1509425369288|4274
1509425369619|4656
1509425369951|5405
1509425370291|7037
1509425370618|5193
1509425370952|5693
1509425371283|11545
1509425371620|15579
1509425371951|14341
1509425372293|13711
1509425372618|16058
1509425372954|14777
1509425373288|7198
1509425373616|7746
1509425373952|7330
1509425374284|7778
1509425374620|7503
1509425374952|7644
1509425375283|7445
1509425375617|6547
1509425375952|6171
1509425376288|6042
1509425376622|6132
1509425376956|5441
1509425377284|5140
1509425377623|4985
1509425377950|4091
1509425378285|3920
1509425378619|3712
1509425378950|4446
1509425379283|6891
1509425379616|32768
1509425379963|32768
1509425380282|32768
1509425380619|32768
1509425380951|32768
1509425381289|23032
1509425381616|24341
1509425381949|19667
1509425382283|19249
1509425382618|16756
1509425382957|17071
1509425383284|17099
1509425383616|15426
1509425383952|16826
1509425384283|9841
1509425384617|8963
1509425384948|6770
