1509247166418|7.857052|2.358441|-5.373535
1509247166538|7.8932853|2.6872048|-5.161915
1509247166659|7.9474115|3.2699385|-4.7240386
1509247166778|6.8823357|5.120542|-4.7522516
1509247166900|8.136174|2.6716583|-4.7786283
1509247167018|9.31719|0.13755992|-3.0563774
1509247167138|6.919149|4.7155366|-5.104849
1509247167258|8.206491|2.9167295|-4.5073915
1509247167379|8.082563|3.6717238|-4.1666536
1509247167499|7.47118|4.5713453|-4.410745
1509247167624|8.107135|3.6385312|-4.1479936
1509247167740|7.5466347|4.2585506|-4.591669
1509247167859|9.00412|1.7937255|-3.4465582
1509247167979|7.762034|4.059856|-4.408943
1509247168100|8.916703|2.04815|-3.5309865
1509247168220|9.07468|1.9282458|-3.1784317
1509247168338|8.760059|2.6103735|-3.5521379
1509247168459|9.090363|1.7378265|-3.2427866
1509247168579|8.492449|2.8487647|-3.991645
1509247168700|9.572221|0.37071466|-2.0989375
1509247168819|8.850438|2.565758|-3.3551466
1509247168939|9.52007|0.5772788|-2.2815337
1509247169059|8.80751|2.6758902|-3.381975
1509247169179|9.384239|0.89612085|-2.702482
1509247169301|9.443127|1.014813|-2.4429274
1509247169419|9.444587|0.99172634|-2.4467657
1509247169540|9.51815|0.65639156|-2.2681143
1509247169659|8.996685|2.1645951|-3.2472436
1509247169778|9.543762|0.23550005|-2.2431061
1509247169899|9.099753|1.7893654|-3.187955
1509247170019|9.517519|0.16198392|-2.3581743
1509247170140|9.094463|1.5082347|-3.3445985
1509247170260|9.570164|-0.6995477|-2.0231118
1509247170379|9.17932|1.1352729|-3.2590833
1509247170499|9.624346|-0.26164964|-1.8638407
1509247170625|9.059732|1.8538803|-3.2641647
1509247170742|9.717247|-0.70156795|-1.1195122
1509247170860|9.22345|1.5175056|-2.9657266
1509247170980|9.675928|-1.3460208|-0.8573384
1509247171099|9.347996|0.6165956|-2.8991678
1509247171220|9.574426|-0.28127256|-2.1027708
1509247171339|9.653687|-0.47567657|-1.6584449
1509247171461|9.272544|1.2063061|-2.9555273
1509247171582|9.619278|0.09512717|-1.9054732
1509247171699|9.02864|1.8331383|-3.3606024
1509247171819|9.760742|-0.513968|-0.79632956
1509247171941|8.623742|2.924228|-3.640103
1509247172060|9.791055|-0.2260304|-0.5045245
1509247172179|8.520168|3.2944427|-3.5670395
1509247172299|9.724117|0.33921918|-1.2234597
1509247172419|9.243257|2.161602|-2.46172
1509247172540|9.474263|1.0334266|-2.3110065
1509247172659|9.789175|0.08650807|-0.578751
1509247172781|9.485197|1.3110563|-2.1172051
1509247172901|9.7980175|-0.40674573|-0.061614245
1509247173020|9.414674|1.7749755|-2.0937433
1509247173140|9.795331|0.18245213|-0.43425804
1509247173261|8.893732|2.8230577|-3.016996
1509247173381|9.717832|0.93132734|-0.9310008
1509247173500|9.145245|2.8544443|-2.0945256
1509247173623|9.678705|1.4642371|-0.5908134
1509247173740|8.76595|3.4308438|-2.749148
1509247173860|9.089375|3.0092838|-2.120817
1509247173980|9.082027|3.164038|-1.917298
1509247174102|8.762505|3.620319|-2.5064323
1509247174221|9.628454|1.8570222|-0.12127728
1509247174340|9.294186|2.2522237|-2.1716325
1509247174460|9.793122|0.49622583|-0.13747875
1509247174580|9.430169|1.5049341|-2.2310238
1509247174700|9.76312|-0.08322173|-0.91921026
1509247174820|9.407735|1.7570015|-2.1395972
1509247174941|9.575188|0.83902895|-1.9447838
1509247175061|9.667683|0.6708814|-1.5020697
1509247175181|9.206904|1.0283662|-3.2164826
1509247175300|9.775435|-0.75331646|0.20921203
1509247175420|9.20943|1.755382|-2.876705
1509247175540|9.7633095|0.18569629|-0.90205634
1509247175660|8.98755|2.105477|-3.310786
1509247175780|9.660727|0.7283136|-1.5199682
1509247175902|8.923631|2.698022|-3.0430079
1509247176021|9.537909|1.3566699|-1.8325218
1509247176140|9.008536|2.7391946|-2.7410707
1509247176262|9.362847|1.7843494|-2.3072896
1509247176381|9.02015|2.5021362|-2.923457
1509247176502|8.795129|2.7083259|-3.3883731
1509247176623|9.409335|1.6718752|-2.1999168
1509247176742|9.071622|2.3248792|-2.9104984
1509247176861|9.659279|1.0003362|-1.3667676
1509247176980|8.917476|2.7970345|-2.9707937
1509247177101|9.766223|0.62551975|-0.6324405
1509247177220|9.335164|2.0718338|-2.1754513
1509247177341|9.754541|0.64808106|-0.77415055
1509247177462|9.448105|1.8096027|-1.9050058
1509247177581|9.679467|1.0316203|-1.189149
1509247177701|9.762244|0.69535184|-0.6208494
1509247177821|9.46937|1.7019534|-1.8986247
1509247177941|9.742869|0.44618422|-1.0236244
1509247178062|9.492712|1.1642187|-2.1687322
1509247178182|9.553057|0.83107615|-2.0539694
1509247178300|9.361855|1.6047578|-2.43943
1509247178422|9.274618|1.4641137|-2.8298793
1509247178543|9.384063|0.89933527|-2.702029
1509247178661|9.329023|1.1576623|-2.7927628
1509247178811|9.317365|1.2187889|-2.8056452
1509247178902|9.327289|1.1655799|-2.795265
1509247179022|9.027512|1.993469|-3.2711604
1509247179142|8.705853|2.77856|-3.5578225
1509247179263|8.573769|3.0929065|-3.618673
1509247179381|8.482622|3.232242|-3.7105408
1509247179502|8.489883|3.218312|-3.70604
1509247179626|8.5673485|3.1785252|-3.5592008
1509247179743|8.568714|3.2281182|-3.5109532
1509247179861|8.596704|3.195399|-3.4722478
1509247179982|8.575996|3.2746797|-3.4495134
1509247180103|8.57155|3.267739|-3.4671016
1509247180221|8.59365|3.2255392|-3.4518805
1509247180343|8.606732|3.2102685|-3.4334707
