1509508604676|-3.4476504|3.6391866|5.6215854
1509508604808|-3.9456444|4.414908|8.820239
1509508604945|-4.1659107|3.3901896|9.931149
1509508605068|-3.1028855|2.3463178|6.9240313
1509508605200|-1.8291701|3.1316159|5.3725886
1509508605332|-1.0726024|8.456321|9.193734
1509508605464|-5.1906295|5.391742|8.283937
1509508605596|0.076614454|1.3790601|-2.9017725
1509508605728|2.5761611|-3.1603463|-4.156334
1509508605865|-11.18571|-17.630901|0.095768064
1509508605992|-18.760965|-15.95496|-1.3982137
1509508606124|-6.397307|-10.055647|-4.3766007
1509508606265|-14.010868|-7.019799|-4.3478703
1509508606389|-13.876793|-12.162544|-4.050989
1509508606524|-12.660539|-16.874334|1.2545617
1509508606652|-8.504205|-15.255854|-0.31603462
1509508606794|-3.6966474|-9.404425|1.4939818
1509508606916|1.5227122|-12.545617|-0.8523358
1509508607050|-12.277467|-18.751389|-1.5993267
1509508607180|-15.811308|-16.021997|-8.178593
1509508607312|-11.377247|-10.496181|-9.682152
1509508607444|-12.995727|-14.805743|-3.7062242
1509508607576|-12.239159|-18.799273|3.7445314
1509508607708|-3.9552212|-11.827356|2.0973208
1509508607840|1.3503298|-8.868123|-0.7086837
1509508607976|-8.801085|-18.119318|0.39264908
1509508608112|-13.40753|-17.84159|1.2354081
1509508608236|-18.387468|-9.040505|2.27928
1509508608368|-15.361198|-11.386824|-0.63206923
1509508608500|-13.254301|-17.803284|-0.48841715
1509508608632|-5.717354|-15.131354|-1.1300632
1509508608764|2.0685902|-11.942278|-2.4133554
1509508608896|-4.2425256|-17.00841|-0.6895301
1509508609028|-15.150508|-18.693928|0.51714754
1509508609160|-18.703505|-10.093954|-0.94810385
1509508609298|-17.870321|-13.857639|-4.596867
1509508609425|-13.541605|-19.029116|-0.63206923
1509508609556|-6.129156|-15.974113|-1.283292
1509508609693|3.86903|-10.994174|0.89064306
1509508609820|-8.159439|-17.870321|-1.5993267
1509508609952|-14.729129|-19.258959|-1.0342951
1509508610084|-16.290148|-9.078813|-1.2066777
1509508610216|-16.443377|-8.561666|-5.544971
1509508610348|-12.0093155|-18.301277|0.8331822
1509508610480|-8.236053|-16.654066|-1.2162545
1509508610612|-3.265691|-10.46745|-0.31603462
1509508610744|-1.5131354|-13.67568|-0.51714754
1509508610876|-11.549629|-15.907076|-1.1013328
1509508611008|-17.448942|-13.8959465|-1.9249382
1509508611151|-18.607735|-6.0716953|-4.8267107
1509508611276|-15.629349|-14.958972|2.873042
1509508611413|-8.255207|-16.539145|8.781932
1509508611537|-3.6104562|-14.920665|2.815581
1509508611668|-0.12449849|-15.619772|-2.6527755
1509508611807|-11.051635|-18.253393|0.58418524
1509508611932|-18.195932|-8.379706|0.11492168
1509508612064|-11.731588|-10.113108|-1.982399
1509508612196|-12.124237|-12.277467|2.719813
1509508612332|-9.77792|-12.813767|8.178593
1509508612460|-5.813122|-11.702858|-2.6623523
1509508612592|0.18195933|-13.474567|-1.5897499
1509508612725|-3.6487634|-10.831368|-2.1739352
1509508612856|-10.055647|-11.731588|1.5514427
1509508612991|-11.434708|-7.52737|-3.217807
1509508613119|-15.294161|-10.5919485|-2.920926
1509508613252|-12.564771|-16.711529|-0.25857377
1509508613385|-6.1100025|-14.882358|0.29688102
1509508613516|0.63206923|-8.944737|-0.12449849
1509508613648|-2.9879637|-15.753847|-2.767697
1509508613780|-12.229582|-16.452953|-1.3790601
1509508613912|-12.650962|-8.513782|-0.31603462
1509508614044|-9.873688|-6.0142345|-1.8004397
1509508614177|-11.587936|-12.430696|-3.86903
1509508614308|-6.2823853|-15.868769|-1.8962077
1509508614441|-2.9783869|-11.348516|-0.25857377
1509508614576|-1.6950948|-7.3071036|-1.2162545
1509508614713|-5.2002063|-10.25676|-0.4405331
1509508614836|-10.821792|-13.579912|0.6799533
1509508614968|-9.768343|-6.5984197|-4.5394063
1509508615100|-5.449203|-8.2169|-3.5338416
1509508615232|-5.7365074|-8.743625|-1.0055647
1509508615364|-5.1906295|-9.969456|2.078167
1509508615496|-11.3964|-10.994174|-1.0151415
1509508615628|1.6089035|-9.030929|-1.13964
1509508615760|-1.7238252|-9.662998|-2.6431987
1509508615894|-5.66947|-14.231135|-1.3694834
1509508616025|-7.565677|-11.195287|-0.6703765
1509508616164|-6.253655|-4.462792|-6.5505357
1509508616296|-10.160992|-8.7053175|0.79487497
1509508616420|-14.106636|-16.40507|0.50757074
1509508616552|-15.543158|-19.28769|2.9879637
1509508616684|-5.9759274|-15.361198|1.1204864
1509508616816|-6.694188|-6.933608|-1.2066777
1509508616948|-10.007763|3.7828386|-3.064578
1509508617080|8.848969|2.135628|11.386824
1509508617212|8.8777|1.0821792|7.28795
1509508617346|5.0374002|0.37349546|11.856087
1509508617476|2.480393|0.6799533|6.5218053
1509508617614|-7.565677|-4.1946416|10.390836
1509508617740|-6.4260373|-3.2561142|12.852075
1509508617876|2.1260512|1.7621324|7.872135
1509508617957|1.8291701|2.873042|5.899313
1509508618075|2.6527755|5.3821654|5.6982
1509508618203|1.6950948|6.253655|10.419566
1509508618334|0.9959879|4.663905|7.029376
1509508618466|-0.10534488|5.3725886|6.0142345
1509508618598|-0.8523358|6.8761473|5.1235914
1509508618730|-8.887277|-3.2273839|15.763424
1509508618862|-5.48751|-6.8761473|7.7572136
1509508618994|-0.18195933|-10.0269165|-11.195287
1509508619126|10.7356|-18.013973|-11.022904
1509508619258|18.20551|-15.05474|-4.0414124
1509508619390|13.254301|-8.073248|-3.1890767
1509508619530|14.211981|-4.0222588|-0.59376204
1509508619663|18.454506|-16.4338|-4.999093
1509508619786|11.549629|-19.28769|-6.0046577
1509508619918|5.90889|-13.053187|-5.133168
1509508620050|-1.8100165|-11.281479|-3.667917
1509508620182|9.126697|-16.16565|-4.76925
1509508620314|18.195932|-16.299725|-3.7062242
1509508620447|13.311762|-8.791509|-3.0262709
1509508620578|17.918205|-6.1195793|-3.8115692
1509508620710|13.857639|-18.492813|-4.185065
1509508620847|8.6095495|-15.619772|-5.056554
1509508620974|2.9496565|-11.042058|-2.4420857
1509508621106|3.6104562|-15.44739|-5.315128
1509508621238|13.924677|-18.703505|-6.579266
1509508621370|18.732235|-8.619126|-1.9919758
1509508621502|17.27656|-5.046977|-3.217807
1509508621634|18.301277|-16.596605|-4.8745947
1509508621766|10.314221|-17.659632|-4.7405195
1509508621898|5.6407394|-10.840945|-2.3463178
1509508622030|-3.9552212|-12.5264635|-3.3901896
1509508622162|12.229582|-18.952501|-6.3111157
1509508622294|18.65562|-17.975666|-4.1371803
1509508622426|19.16319|-6.895301|2.882619
1509508622567|18.684351|-16.941372|0.12449849
1509508622690|14.106636|-19.335573|-2.6719291
1509508622826|5.813122|-13.024457|-1.3024458
1509508622957|-3.0262709|-12.105083|-4.261679
1509508623086|7.249643|-18.090588|-5.2289367
1509508623218|18.684351|-18.579004|-5.6120086
1509508623350|18.358738|-7.431602|-1.1587936
1509508623482|19.517532|-15.811308|1.4077905
1509508623614|14.642938|-19.220652|-2.8538885
1509508623746|8.197746|-17.123331|-2.4516625
1509508623878|-3.4572272|-13.043611|-2.8060043
1509508624010|6.3206925|-17.793707|-4.1659107
1509508624142|17.075447|-19.421764|-4.3861775
1509508624274|15.916653|-9.643845|-0.095768064
1509508624414|18.368315|-10.668563|4.1371803
1509508624546|13.120225|-19.096153|-3.2273839
1509508624670|8.226477|-16.587029|-2.8634653
1509508624802|3.2369606|-12.095507|-3.3327289
1509508624934|2.2601264|-15.95496|-6.196194
1509508625067|14.4609785|-19.239805|-3.7732618
1509508625198|18.952501|-16.74026|1.3790601
1509508625330|16.721106|-8.513782|3.9264908
1509508625462|18.358738|-17.353174|-0.94810385
1509508625594|9.375694|-18.349161|-4.146757
1509508625726|1.4077905|-13.321339|-4.0222588
1509508625858|-0.047884032|-16.97968|-6.244078
1509508625990|14.623784|-19.479225|-4.0414124
1509508626130|18.990808|-14.796166|0.047884032
1509508626262|18.013973|-7.747637|3.7349546
1509508626386|17.238253|-18.253393|-0.40222588
1509508626518|11.032481|-19.469648|-3.7828386
1509508626650|3.3997664|-12.50731|-1.2354081
1509508626782|-3.7062242|-13.283031|-5.209783
1509508626914|9.528923|-18.636467|-5.506664
1509508627046|18.981232|-15.648502|-4.146757
1509508627146|17.84159|-12.11466|-1.3982137
1509508627244|17.851168|-8.054094|1.2737153
1509508627376|17.448942|-18.013973|-2.1643584
1509508627508|10.898406|-19.249382|-3.1124623
1509508627640|4.156334|-12.0571995|-0.9672575
1509508627776|-1.8770541|-12.421119|-4.9320555
1509508627914|10.840945|-17.81286|-4.3478703
1509508628036|18.253393|-17.381905|-2.6623523
1509508628168|17.51598|-7.517793|-0.095768064
1509508628300|17.985243|-16.673222|0.41180268
1509508628432|12.53604|-19.306843|-3.667917
1509508628564|6.6175733|-14.78659|-2.9975405
1509508628707|-2.7485435|-14.288596|-2.4420857
1509508628828|9.998186|-18.713081|-4.405331
1509508628962|18.636467|-15.658079|-4.2042184
1509508629092|17.54471|-6.8186865|-2.7485435
1509508629224|19.038692|-11.884817|-2.585738
1509508629363|12.401965|-19.239805|-3.1411927
1509508629494|6.3781533|-15.08347|-1.8866309
1509508629620|-4.3478703|-13.340492|-2.815581
1509508629752|10.965444|-19.086576|-3.0454245
1509508629884|17.54471|-19.34515|-4.3287168
1509508630016|18.92377|-7.9966335|1.0247183
1509508630148|19.431341|-14.058752|-1.9057846
1509508630280|14.116213|-19.04827|-4.414908
1509508630412|5.353435|-14.480132|-3.1028855
1509508630544|-4.146757|-11.444284|-1.6567876
1509508630676|11.473015|-18.703505|-3.6774938
1509508630808|18.32043|-17.429789|-4.7405195
1509508630944|15.50485|-9.414001|-4.232949
1509508631076|18.751389|-12.076353|-3.3997664
1509508631204|12.708423|-18.598158|-3.8307228
1509508631336|7.28795|-15.514427|-2.4995465
1509508631468|-3.6008794|-13.819332|-1.13964
1509508631600|8.236053|-17.286137|-2.5187001
1509508631732|17.468096|-17.525557|-5.4779334
1509508631864|19.000385|-7.565677|-3.323152
1509508631997|18.962078|-12.047623|-4.405331
1509508632128|10.716447|-18.722658|-4.012682
1509508632260|2.327164|-13.464991|-2.135628
1509508632394|-1.1013328|-12.612655|-2.0494366
1509508632524|11.473015|-17.851168|-2.8538885
1509508632664|16.347609|-17.295713|-5.439626
1509508632788|18.492813|-6.157887|-1.8483237
1509508632920|18.952501|-13.733141|-5.133168
1509508633052|12.545617|-18.847157|-4.3957543
1509508633184|3.7349546|-14.480132|-2.3942018
1509508633316|-2.030283|-15.198392|-4.003105
1509508633451|9.816227|-19.115307|-1.6472107
1509508633580|18.540697|-16.127342|-4.711789
1509508633712|17.650055|-6.588843|-3.4859576
1509508633849|18.50239|-16.615759|-4.405331
1509508633976|10.496181|-18.521544|-2.4899697
1509508634108|4.8267107|-13.781025|-3.169923
1509508634246|-0.1436521|-17.324444|-0.45968673
1509508634381|12.98615|-19.37388|-4.462792
1509508634514|18.253393|-16.634912|-4.999093
1509508634636|15.993267|-5.1235914|-4.2521024
1509508634769|19.000385|-15.648502|-7.6135616
1509508634900|10.228029|-18.856733|-3.4380736
1509508635032|-0.15322891|-14.84405|-1.4077905
1509508635167|-1.5897499|-15.677233|-0.82360536
1509508635297|17.525557|-19.421764|-5.813122
1509508635428|19.393034|-13.129802|-5.1235914
1509508635560|18.033127|-6.1866174|-2.1739352
1509508635692|18.665197|-17.879898|-3.7924154
1509508635824|9.749189|-19.077|-3.1603463
1509508635966|-4.146757|-15.284584|0.23942018
1509508636094|5.583278|-18.349161|-2.633622
1509508636223|16.625336|-19.479225|-5.535394
1509508636352|18.751389|-10.70687|-2.5187001
1509508636484|19.364304|-8.513782|1.0821792
1509508636616|18.272547|-18.2917|-1.5610195
1509508636748|11.923124|-18.770542|-3.6296098
1509508636880|8.916007|-8.734048|-2.8921957
1509508637012|1.7908629|1.1779473|1.4460979
1509508637144|-3.1986535|2.7868507|7.2783732
1509508637276|-4.213795|3.0550013|11.099519
1509508637408|-4.5872903|2.2697031|10.658986
1509508637540|0.5746084|2.2218192|5.6215854
1509508637677|1.9632454|4.76925|6.1387334
1509508637804|2.834735|6.339846|8.264784
1509508637936|3.5625722|5.793968|5.544971
1509508638068|-0.8810662|3.1507695|8.1402855
1509508638200|-1.8579005|5.90889|9.557653
1509508638332|-3.1124623|5.9280434|9.959879
1509508638464|-0.35434186|3.6870706|5.659893
1509508638596|1.283292|3.8019924|8.6574335
1509508638729|1.340753|4.8458643|10.180145
1509508638860|0.8714894|4.0701427|7.575254
1509508638992|-1.0151415|3.8498764|6.4164605
1509508639126|-3.6104562|5.5258174|8.781932
1509508639264|-3.6870706|3.7253778|10.649409
1509508639396|-1.541866|2.920926|7.1347213
1509508639520|-0.39264908|4.606444|7.2304893
1509508639652|0.842759|5.4683566|10.888829
1509508639784|1.2641385|3.667917|7.603985
1509508639917|-1.7812861|3.3997664|6.445191
1509508640049|-3.217807|5.3342814|8.8777
1509508640180|-3.3901896|3.4572272|9.9790325
1509508640321|-1.4173675|2.930503|6.847417
1509508640444|-1.5610195|3.6296098|6.435614
1509508640576|0.06703765|4.807557|11.425131
1509508640708|1.292869|3.6104562|9.9790325
1509508640840|-1.5993267|3.122039|6.349423
1509508640978|-3.4284968|4.711789|9.672575
1509508641104|-4.4819455|4.3478703|11.501745
1509508641236|-0.9672575|3.4763808|5.5641246
1509508641368|-1.2162545|3.9360676|6.2728086
1509508641500|-0.25857377|5.401319|10.314221
