1509425724795|0.93653655|-0.8664224|0.7162552
1509425724894|0.90341055|-0.53724|-1.4517126
1509425725016|-0.15531227|-0.18196583|-0.49083138
1509425725141|-0.7736634|0.07510042|-0.18590355
1509425725254|0.6281575|0.92841744|0.69579506
1509425725381|-1.511127|-2.2715845|1.3534889
1509425725499|-2.4363444|-0.27501452|-1.4108696
1509425725614|-1.339013|1.2452668|-0.23673058
1509425725739|1.8512045|0.6786343|1.1042805
1509425725862|-0.092227295|-0.50276244|1.7258005
1509425725980|0.15704489|-0.20569825|-1.1318302
1509425726097|-0.05250603|-0.23956108|-0.7294836
1509425726221|-0.78829|0.4389956|-0.5759115
1509425726337|2.4177864|1.1010501|1.3909311
1509425726456|-0.58496845|-3.0977888|2.090167
1509425726579|-2.970685|-0.0073227882|-0.96019936
1509425726697|1.4111791|1.6373864|-0.5875826
1509425726821|2.8680139|0.49896574|2.642232
1509425726940|-0.2998141|-2.6545494|0.12495613
1509425727054|-2.7942877|-1.1119142|-0.9652872
1509425727178|-2.9959416|-0.6368005|-0.061196327
1509425727300|-0.07719082|0.103786945|0.3450966
1509425727414|-0.016875714|-1.1133556|-0.4216547
1509425727537|-1.0698328|-1.6790277|0.1289978
1509425727666|0.13243645|-0.33398783|-0.8220835
1509425727781|2.1834674|2.3111887|1.2885036
1509425727895|1.9955108|0.3445549|1.5500717
1509425728015|1.6839027|-1.2230623|0.12694645
1509425728142|0.09175706|-1.013741|-0.31916142
1509425728254|-0.819495|-1.189491|-1.4761791
1509425728374|-0.6490299|0.58644176|-1.2174826
1509425728494|0.5638969|-3.0053506|2.3577385
1509425728624|-0.5782595|-0.4283793|0.07333183
1509425728743|1.4435729|2.1906037|-2.23555
1509425728856|5.6132846|1.9871184|2.0650835
1509425728975|1.4974174|-2.4064763|5.02765
1509425729096|-0.33547306|-1.1960566|-2.545474
1509425729214|-0.029189453|-1.2369938|-0.30007172
1509425729336|-0.45553416|-0.4531107|0.40429592
1509425729455|0.12166089|0.15137053|-2.1340828
1509425729583|1.2593204|-2.3154693|3.8754244
1509425729695|-0.67937076|-0.55948114|-3.1550798
1509425729813|1.9228476|2.0482419|-1.8400955
1509425729935|0.25477174|-0.3760668|4.4846334
1509425730053|0.84234226|-1.1609266|-0.7010679
1509425730173|0.22052741|-0.6868408|-1.3901062
1509425730293|-0.7137331|-0.2564845|-0.69372845
1509425730417|0.70325404|-0.58378696|-0.98500824
1509425730532|-0.5875849|-1.6921549|3.974928
1509425730655|-1.5824461|0.1588018|-1.0994625
1509425730775|0.5504744|0.40770626|-2.5196276
1509425730893|1.6024334|1.525538|0.7107706
1509425731016|-0.2564675|0.42247868|3.440384
1509425731135|-0.14319915|-0.2329917|-1.1563339
1509425731255|-0.23339945|-1.2000074|-0.93778896
1509425731374|-1.4169656|-1.2355239|-1.7915373
1509425731493|-0.51025295|0.31115627|0.06690788
1509425731613|0.253898|-0.6220708|2.2616873
1509425731738|-3.153021|-0.38693845|-0.6013956
1509425731908|-0.4124025|0.050439715|-1.5006866
1509425732034|4.664748|1.3386657|0.66266537
1509425732153|1.1416701|-1.1538156|4.25086
1509425732273|-0.51386976|-0.4000374|-1.8893166
1509425732393|-0.89853275|-1.1814469|-0.11043835
1509425732514|-2.7727375|-0.55486774|-1.7711916
1509425732634|-0.9210731|-1.2117009|-0.77423096
1509425732754|1.3921615|-3.125566|3.0689764
1509425732873|-1.8933854|0.39819512|-0.7088709
1509425732993|1.3184667|2.700775|-1.1602955
1509425733114|3.722652|0.67158306|3.4576092
1509425733234|-0.6177127|-0.3410007|2.7217312
1509425733353|0.20164344|-1.1082116|-1.2635517
1509425733473|-0.30135536|-1.1239061|-0.7599449
1509425733594|-2.4811287|-0.60679376|-0.7805538
1509425733716|-1.5923944|-0.53301847|0.2808981
1509425733835|-0.711692|-1.8978536|1.2602358
1509425733954|-1.9341972|-0.5554733|-1.58041
1509425734073|1.1524527|0.8613171|-1.1510344
1509425734194|3.908121|2.654955|0.5979681
1509425734315|2.2199743|0.524263|2.986311
1509425734434|0.58385575|-2.230442|0.6379461
1509425734555|-0.40392986|-0.950032|-2.363593
1509425734674|0.06315145|-0.86105406|-0.99392986
1509425734795|1.0603626|-0.72407806|0.8596134
1509425734916|1.3105246|-2.0220106|1.1522102
1509425735034|-1.4018457|0.7424472|0.40085125
1509425735154|0.8136899|1.8147123|-1.5111685
1509425735276|3.4832387|-0.17712837|0.6010027
1509425735396|-0.52157575|-3.3299243|3.8561964
1509425735513|-1.7210863|-0.93138707|-2.2042265
1509425735634|-0.2227318|-1.7299417|0.40478897
1509425735754|-1.9979267|-0.111261725|-0.8865013
1509425735875|-0.30334502|-2.0219746|1.0149078
1509425735995|1.0766323|-0.09347439|-0.31561756
1509425736114|0.42533523|-0.29427278|-0.6330633
1509425736234|-0.0516479|-0.37661526|0.62816715
1509425736354|-1.1670259|-0.61488354|0.95013905
1509425736475|-1.8879834|-0.63983005|0.39765167
1509425736594|-0.19297469|0.27009186|-1.3176813
1509425736715|0.10830045|0.38185167|0.021814346
1509425736835|-0.6293478|-0.37071878|1.1733751
1509425736954|-0.3782724|0.17112893|-0.32190418
1509425737076|-0.7573328|-0.18747607|0.18387032
1509425737195|-1.6925237|-1.1482092|0.12959766
1509425737314|-1.6123511|0.90659416|-0.12559891
1509425737434|1.8471267|-1.0810912|-1.5990915
1509425737555|2.8563776|0.7033127|1.4520388
1509425737675|1.5374398|-1.006132|3.7188168
1509425737795|1.9911528|0.27385575|2.648664
1509425737914|2.7261806|0.21971047|-0.73091125
1509425738034|5.5500064|-0.56886214|-3.2707014
1509425738155|5.8016257|-1.2920985|0.43513775
1509425738274|-2.5545697|-4.737179|4.4263697
1509425738395|-2.136885|-3.9878933|2.0375109
1509425738514|-3.8494096|-4.2130127|1.4499369
1509425738635|0.13603902|-1.052686|-0.70438576
1509425738755|1.6926047|-2.171657|-0.9285393
1509425738877|-1.8797383|-1.5793172|-0.7845249
1509425738995|-0.19561768|-0.22565383|0.40111256
1509425739115|0.22728443|-0.1501697|0.52062416
1509425739234|0.23355997|0.016631283|-0.07946396
1509425739355|0.08858609|-0.054320395|-1.5498419
1509425739474|-0.028668031|-0.064646855|0.071992874
1509425739595|-0.027554497|-0.05958648|0.09199333
1509425739716|-0.021359608|-0.05116295|0.07118416
1509425739835|-0.014548957|-0.03987068|0.056079865
1509425739955|-0.0076364875|-0.033872586|0.045409203
1509425740075|-0.016975507|-0.019768089|0.036197662
1509425740196|-0.008684352|-0.01911784|0.021899223
1509425740315|-0.0025249124|-0.0076902937|0.03734684
1509425740435|-0.010499857|-0.011858584|0.014451027
1509425740555|-0.0046721846|-0.009519052|0.017017365
1509425740676|-0.0022627115|-0.004698176|0.015175819
1509425740795|-0.0033484697|-0.007730538|9.059906E-5
1509425740917|-0.0017871335|-0.011743974|0.005419731
1509425741037|-0.0062907636|-0.0029857233|0.0076007843
1509425741155|7.168576E-4|0.0013686754|0.0027770996
1509425741275|-0.0011639819|-0.0013794899|0.0028238297
1509425741404|-0.008790925|0.0019549057|7.324219E-4
1509425741537|-0.0015874505|0.0017036088|-0.005809784
1509425741669|0.0017381012|0.0029244572|-0.0074300766
1509425741804|8.1810355E-4|-0.0017895438|-0.02147293
1509425741937|-0.0058254376|-0.0059873387|-0.022170067
1509425742073|-0.001372315|0.001962021|-0.008062363
1509425742207|0.0026058555|-0.0051524676|0.008047104
1509425742339|8.044988E-4|-0.007697895|-0.0014410019
1509425742474|-0.01009503|-8.094311E-4|-0.0016126633
1509425742608|0.014169566|-0.008134477|0.032061577
1509425742741|0.0061419904|-0.009342898|-0.017230034
1509425742876|-0.008864708|-0.0058035105|0.049284935
1509425743010|-5.537644E-4|-0.010341883|0.021671295
1509425743144|0.004656613|-0.0063563734|-0.006067276
1509425743279|-0.011533402|0.010724902|-0.014490128
1509425743413|-0.01369033|-0.008862689|-0.040301323
1509425743546|-0.01208207|0.002147112|-0.014110565
1509425743681|-0.010811329|4.2142347E-4|-0.012563705
1509425743818|-0.012883194|4.9309805E-4|-0.020809174
1509425743956|-0.0015069097|-3.2121688E-4|-0.0065021515
1509425744089|0.008176513|3.7817284E-4|-0.02594471
1509425744222|0.019938797|-0.00625832|0.0010156631
1509425744357|-0.0011141077|0.00523543|0.0012769699
1509425744491|2.1925569E-4|-0.011793725|0.015428543
1509425744623|-0.0022763312|-0.0098682195|-0.008383751
1509425744759|0.0014319047|-0.009057984|0.0051908493
1509425744891|-0.0065219626|-0.015515871|0.010958672
1509425745029|2.0682067E-4|-0.009115767|0.026403427
1509425745156|-0.002757825|-4.188046E-4|0.010448456
1509425745289|-0.006521404|7.7437237E-4|0.0023508072
1509425745430|0.0011521801|-0.0025416128|0.008230209
1509425745570|0.00836689|0.0018407591|-0.0020036697
1509425745694|0.007911891|-0.0016694143|-0.012467384
1509425745829|-4.0201098E-4|0.0039149486|-0.02758503
1509425745965|2.7510524E-4|-0.0029609166|-0.002875328
1509425746101|0.0057667345|0.007222157|-3.7670135E-4
1509425746230|-0.005957745|-0.0019129068|-0.0066862106
1509425746362|0.0077020973|0.0022264011|-0.013325691
1509425746499|0.007060252|0.004550498|-0.004146576
1509425746635|0.004895404|-0.0033140182|0.0123205185
1509425746767|-0.0015335009|0.014119014|0.012565613
1509425746900|0.0015104935|-0.008280326|0.010399818
1509425747032|0.0036654547|-8.351393E-4|0.01862812
1509425747175|-0.011800021|-0.008277718|0.0128183365
1509425747304|0.009001039|-0.012503613|0.0023317337
1509425747435|-0.011920065|7.1984157E-4|-0.005730629
1509425747568|-0.005038373|-0.009179909|-0.0021619797
1509425747707|-0.0074090064|0.0029494613|-0.005727768
1509425747842|-0.0076258406|0.007961098|-0.0031061172
1509425747969|-0.0035382584|0.009304687|-0.011681557
1509425748113|0.0034620836|0.0058964677|-0.012540817
1509425748244|-0.0041546|-0.0032116808|-0.002811432
1509425748375|-0.0015069023|0.0030929632|-0.006242752
1509425748509|0.0035007969|-9.3117356E-4|-0.009901047
1509425748644|0.005947858|0.0014912114|-0.0042715073
1509425748775|0.0050541237|-0.0054179765|0.012467384
1509425748914|0.0069506317|-0.008747492|0.011271477
1509425749044|0.012707964|0.0065268576|0.0169487
1509425749180|0.0018024296|-0.010499105|0.01740551
1509425749312|0.009811185|-0.0120523125|0.013043404
1509425749454|0.0047941133|-6.4876676E-4|0.0029697418
1509425749582|0.006822102|0.0018053576|0.0099105835
1509425749721|-0.05123186|0.01854448|0.012800217
1509425749847|-0.017430402|0.0032593533|0.008930206
1509425749989|-0.012322359|-0.0024416037|-0.0031118393
1509425750117|-0.009615257|0.00259519|-0.0036382675
1509425750257|0.0048121214|-0.004149355|-0.006658554
1509425750392|0.0075462386|0.006451197|-0.01662159
1509425750516|-7.676482E-4|0.0044163354|-0.013365746
1509425750652|0.007780485|0.0062805153|-0.015291214
1509425750787|0.0060288683|0.0027848221|0.002811432
1509425750936|-0.0030724555|-0.004159078|-0.0022649765
1509425751056|0.0019506812|-0.008697674|-8.5258484E-4
1509425751190|-0.0068570897|-0.0062105656|0.0016908646
1509425751331|-0.0038789064|0.0050593354|0.006303787
1509425751456|-0.007914089|-0.006934453|0.017756462
1509425751590|0.0012011155|1.388751E-4|0.010721207
1509425751725|5.952418E-4|-0.0044339113|0.016277313
1509425751862|-0.0020129383|0.013379797|0.002688408
1509425751992|0.008926034|0.0016903803|0.006383896
1509425752129|0.019710705|-1.3210252E-4|-8.583069E-4
1509425752260|0.002455458|0.0038560964|4.97818E-4
1509425752402|-0.0012529641|0.002052199|-0.014972687
1509425752532|-0.009861574|0.0013229065|-0.017029762
1509425752671|0.001083456|0.0036012903|-0.0039901733
1509425752803|-0.001862295|4.3122843E-4|-0.009303093
1509425752933|-0.007029034|5.5979937E-5|0.0068330765
1509425753067|-4.6420842E-4|-0.0063923784|-0.0024089813
1509425753198|-0.006635748|0.015618142|0.011111259
1509425753352|0.006221324|-0.0074247234|0.008543968
1509425753469|0.0029055774|9.46898E-4|1.2493134E-4
1509425753601|-0.0060905665|-0.00758126|0.003645897
1509425753736|-0.014157109|-0.007457979|0.016839027
1509425753873|0.0012385547|-7.3558465E-4|0.002655983
1509425754017|0.004237555|-0.004415147|-0.0045194626
1509425754140|-0.0024355128|0.0064006597|-3.4332275E-5
1509425754274|-0.0020415485|0.0019332506|-4.9972534E-4
1509425754406|0.006537318|0.003135465|-0.007716179
1509425754537|0.012854539|-0.0029354952|-0.003030777
1509425754679|0.0062522367|0.0018911958|-0.0019216537
1509425754820|0.0050594136|0.0054667965|0.008182526
1509425754942|-0.006516792|-0.0011708587|-0.0034723282
1509425755083|-0.0057395548|-0.009254679|-0.0032167435
1509425755216|0.001341641|0.0021808147|0.013542175
1509425755346|-0.0016583577|-0.0036896877|-0.0011291504
1509425755480|0.002511695|-0.0048564523|-0.0030145645
1509425755616|-7.2328746E-4|0.00636594|-1.5258789E-5
1509425755746|0.0045030117|0.006310802|-0.0011930466
1509425755882|0.0025062934|0.0037549883|0.008995056
1509425756013|-0.008074433|0.0033917874|9.536743E-6
1509425756151|-0.0049312785|-0.0070824362|0.0056819916
1509425756280|-0.0011728182|0.006186001|0.0037784576
1509425756423|0.003451556|-0.0021814182|0.006772995
1509425756561|0.004962392|-0.0015484653|-0.004108429
1509425756681|0.0042753294|-0.0026914217|-0.00843811
1509425756819|0.003495872|0.0060159005|-0.003364563
1509425756951|-0.012247674|-0.0027201958|0.009410858
1509425757088|-0.011922389|0.006160781|-6.0653687E-4
1509425757223|0.0117449835|-0.0047350936|-0.0030794144
1509425757353|-0.005417332|7.058494E-4|0.0018196106
1509425757499|0.009311937|0.00405851|-0.0028209686
1509425757623|0.0013387427|0.011899222|0.008182526
1509425757759|-0.002608575|0.0026502758|0.010016441
1509425757890|-0.005489327|0.0059089325|-0.0017843246
1509425758029|-0.0013771504|0.005803436|0.013496399
1509425758161|-0.0016771257|0.0014485419|-4.5204163E-4
1509425758295|-0.001205802|-0.0010332614|-0.0020132065
1509425758426|1.14522874E-4|-0.006070107|-0.0013542175
1509425758557|0.0031129867|0.0016212985|-0.010997772
1509425758692|0.006601244|-0.002712179|-0.0070438385
1509425758831|-3.3134222E-4|0.008602332|-0.0022506714
1509425758962|-0.006530836|-0.0100504905|0.0022439957
1509425759099|-0.0064589977|0.0024986342|-0.0053224564
1509425759229|-0.001906693|9.794496E-4|-0.006808281
1509425759366|-0.009758629|-3.1116977E-4|0.0024232864
1509425759503|0.0061183423|0.0026913434|0.0052280426
1509425759641|-0.0028423294|-0.008805659|0.0076789856
1509425759765|-0.0061487854|-0.0013274103|0.012928963
1509425759909|-0.0016606376|0.0050616153|0.004535675
1509425760038|-0.004267134|0.016386945|0.009500504
1509425760166|-0.004433766|0.001554314|-0.002193451
1509425760304|0.0037021935|-0.01050413|0.0013456345
1509425760441|0.0051724166|0.001667045|-5.912781E-4
1509425760576|-0.005719222|0.0015053935|-0.018672943
1509425760705|0.009783179|4.2000413E-4|-0.010015488
1509425760840|-0.00822787|0.0076182485|-0.008148193
1509425760972|-2.2993237E-4|3.6998466E-4|-0.008327484
1509425761104|0.0011221915|0.0048169345|2.7179718E-4
1509425761239|0.0010059923|-0.008162901|-2.5558472E-4
1509425761382|0.0021747798|-0.01115258|0.0021600723
1509425761507|0.0037169233|0.0024065226|0.0021829605
1509425761643|0.007550128|-1.29994E-4|0.014504433
1509425761783|-0.0036039576|-0.013323415|0.002234459
1509425761912|8.230433E-4|0.00859591|0.0055503845
1509425762051|0.0028854832|-0.0065065213|0.0029659271
1509425762194|-0.010128863|0.0011088476|0.010863304
1509425762311|-0.0024418384|0.0010517687|0.005748749
1509425762454|-3.9047003E-4|0.004095003|-0.004921913
1509425762581|-0.0026929677|-9.040199E-4|-0.010257721
1509425762718|0.0076803043|0.0053891093|-0.013309479
1509425762851|-0.004209377|0.011204079|0.020692825
1509425762984|-0.008883685|-0.0016067587|-0.0051641464
1509425763118|-0.013998084|0.0038873404|-0.004078865
1509425763258|6.526932E-4|-0.0023412332|-0.011027336
1509425763385|0.011032015|-0.011925716|-0.017687798
1509425763519|0.007414803|-0.0013473779|0.00849247
1509425763655|0.0021906793|-2.5672466E-4|0.008368492
1509425763792|-0.0028683841|0.0049416423|0.004486084
1509425763922|-4.9087405E-4|0.0010042936|0.020806313
1509425764059|0.0039767623|0.005950384|0.0032014847
1509425764191|0.0025515556|7.7589974E-4|-0.017329216
1509425764325|0.0052096546|0.0038646795|0.006412506
1509425764460|-0.005216621|0.009944167|3.3664703E-4
1509425764588|0.0023722649|-0.0037850253|-0.008725166
1509425764723|-0.002963014|0.010447409|-0.00854969
1509425764857|0.00864844|0.00773314|-0.0027332306
1509425764991|-0.0029727742|0.0067592114|0.023623466
1509425765131|-0.0012817234|-0.0015695989|-0.010896683
1509425765258|-0.0023131222|9.187199E-4|-0.007660866
1509425765395|-0.001708433|0.0010607541|-0.01291275
1509425765531|4.2559206E-4|0.002919022|-7.381439E-4
1509425765664|-0.0075875446|7.4815005E-4|-0.0012903214
1509425765803|2.758801E-4|0.006367795|1.6593933E-4
1509425765935|8.1045926E-4|0.0031678043|0.012198448
1509425766065|0.011866525|-0.004419334|0.008221626
1509425766202|-0.003742516|-0.012056515|0.011226654
1509425766333|0.004720032|-0.0012934022|0.011234283
1509425766468|0.009052493|7.32366E-4|-0.0043706894
1509425766603|0.0058507547|1.344718E-4|0.0010442734
1509425766741|-0.0051832646|0.0014774203|-0.02163887
1509425766868|2.842769E-4|0.0056143925|-0.013782501
1509425767002|-0.007225953|0.008173302|-0.010426521
1509425767137|-3.8329512E-4|0.009312823|-0.010365486
1509425767276|-0.0016032085|-0.00427185|-0.0060606003
1509425767408|0.002624683|-0.0035826266|-0.0054950714
1509425767540|0.005030833|-0.012106892|-0.0048151016
1509425767678|-0.0022805482|-0.006391976|0.0030593872
1509425767810|-0.001209423|-0.0012354478|0.010936737
1509425767943|-3.631562E-4|0.0024344884|0.012179375
1509425768080|0.0021983385|-0.001359541|0.011528969
1509425768208|0.0042086914|-0.0051435083|-0.007454872
1509425768346|-5.655587E-4|0.0050250627|0.009726524
1509425768487|-0.0060046166|0.007695213|0.0048503876
1509425768617|-0.005571559|-0.0012253933|2.861023E-4
1509425768746|-0.0016787872|0.015046384|-0.0052108765
1509425768882|0.007297024|0.0016780049|-0.008610725
1509425769015|-0.009007789|0.011292476|-0.03186798
1509425769153|-0.01882822|0.025422905|-0.030133247
1509425769282|0.0015700087|0.006327875|-0.0060739517
1509425769421|-0.0055002123|-0.008861955|-0.0071611404
1509425769551|-0.0030434653|-0.0025548302|4.8160553E-4
1509425769687|0.0012636706|2.9901043E-4|0.011500359
1509425769819|-0.003849484|-0.013221044|0.013807297
1509425769953|-0.002922289|0.0015736669|9.822845E-4
1509425770090|8.876696E-4|-3.1473488E-4|0.02016735
1509425770218|-0.0013088286|-0.001953464|0.017825127
1509425770359|-0.0051737577|0.0026684478|0.0091257095
1509425770500|0.00335408|-0.0036186539|0.0072107315
1509425770621|-0.012124687|8.779615E-4|0.008536339
1509425770753|0.0021329373|-0.0012476481|-0.0012998581
1509425770890|0.006049864|-0.0024539754|0.0044145584
1509425771022|0.0032416359|0.0068447515|4.1484833E-4
1509425771165|-0.012448609|3.9101765E-4|-0.010556221
1509425771295|-7.234886E-4|-2.9634684E-4|4.15802E-4
1509425771430|2.5891513E-4|-0.0031340308|-0.017871857
1509425771562|-0.009513438|-2.4859235E-4|-0.0034742355
1509425771698|4.1042268E-4|-0.010655597|0.0062475204
1509425771829|0.0089477|0.0012329482|0.008249283
1509425771963|-0.004392639|4.523173E-4|0.0034418106
1509425772095|-0.0033515021|-0.0020572245|0.007212639
1509425772229|-0.0032387078|-0.0042767115|0.013729095
1509425772367|-0.002439782|0.008639138|0.008730888
1509425772497|0.0022137985|-0.011914391|0.0064258575
1509425772632|0.003984265|0.0011847913|0.017130852
1509425772766|0.0016230717|0.0068026073|0.007159233
1509425772900|6.9333613E-4|0.0063505396|0.0023460388
1509425773037|0.004440643|0.0012614243|0.0020923615
1509425773173|-0.001090698|-0.002837725|-0.007572174
1509425773306|-0.005946398|0.007320486|-0.005505562
1509425773437|-0.016407989|-0.0027043186|-0.00789547
1509425773570|4.04723E-4|0.009082079|-0.018289566
1509425773706|0.0030280799|0.008073773|-0.004289627
1509425773840|-0.002443403|4.9352273E-4|-0.004096985
1509425773973|-0.004414037|3.4279376E-4|-8.716583E-4
1509425774106|-0.005734436|-0.012554418|0.0016775131
1509425774240|0.008114837|-0.006814301|0.0062971115
1509425774378|0.010789834|-0.0041028596|0.014192581
1509425774516|-0.00553824|-0.0018707477|0.011921883
1509425774643|0.0030660257|-1.071617E-4|-7.429123E-4
1509425774780|-0.0028881133|0.0067164972|0.014546394
1509425774917|-0.009259388|0.0023292862|0.0077228546
1509425775049|0.0024904013|-0.0051594824|0.011769295
1509425775180|0.006580904|0.0046290867|-0.004175186
1509425775312|-0.0027135834|0.0040821433|-0.006137848
1509425775454|5.778E-4|0.0017571077|-0.0034294128
1509425775581|1.0403991E-4|-0.0074147284|0.002732277
1509425775717|-0.006186925|-0.00921965|0.007824898
1509425775848|-0.008080237|-0.0016548708|0.0066547394
1509425775984|0.0053148717|-0.0034075081|0.0043258667
1509425776117|-0.0034773424|-0.0012434274|-1.2874603E-4
1509425776250|0.0058758557|-0.0012678057|0.0069828033
1509425776389|-0.0068182945|-0.0041263513|0.006462097
1509425776528|-0.011181742|-0.002125997|0.0044078827
1509425776652|7.484257E-4|0.007882774|-0.0036125183
1509425776789|0.0016449019|-0.010619316|0.0025873184
1509425776921|0.00898876|9.353906E-4|0.0025205612
1509425777061|-8.096099E-4|0.0047126673|0.0017547607
1509425777191|-0.0092749|-0.001767043|-2.6988983E-4
1509425777321|-0.007445708|-0.0016814135|0.0038089752
1509425777460|-8.532405E-5|0.0012269318|-0.014263153
1509425777596|0.0066631734|-0.012565747|-0.0041713715
1509425777728|-0.0017006397|-0.01084546|0.002620697
1509425777863|-3.9987266E-5|-0.0019148886|0.0013628006
1509425777998|-8.5733086E-4|0.006087713|0.0024986267
1509425778137|0.001794301|-0.008251864|-0.00157547
1509425778264|-0.010754518|0.0010027252|-0.0029010773
1509425778399|-0.0074317753|0.0067367703|0.008358002
1509425778537|1.6233325E-4|0.0019618385|0.001162529
1509425778666|-0.0030635223|-0.0051235147|0.010607719
1509425778800|-0.004904069|-0.005279973|-0.006511688
1509425778936|-0.0028077066|0.009412851|-0.007982254
1509425779070|-0.004938543|-0.004363537|-0.0013360977
1509425779209|0.006377563|-4.20589E-4|-0.010518074
1509425779338|0.0025556013|0.0012752749|0.0011539459
1509425779469|0.0014285967|0.002929896|0.0011501312
1509425779607|-0.005363442|-0.00191449|0.0035133362
1509425779741|-0.010506913|-8.515157E-4|0.0015926361
1509425779874|0.0010450408|-0.0016679317|0.0052804947
1509425780006|-0.0061517656|0.0013830885|0.0060682297
1509425780144|-0.009473547|-0.005580783|0.005504608
1509425780273|-0.004998535|-0.0025653802|0.0031661987
1509425780411|-0.0021740422|-0.015873287|0.0015583038
1509425780541|0.0019505173|-0.0076338425|-0.0037355423
1509425780681|0.0037762|-0.002767913|-0.011706352
1509425780814|-0.0023270324|0.006743852|-0.0030918121
1509425780940|0.001594536|0.0017307736|-0.0069389343
1509425781081|-0.0040628687|0.00707544|-0.0050058365
1509425781211|-0.0068751797|0.009090874|-0.015312195
1509425781348|0.0015500411|0.0043730773|0.011314392
1509425781480|0.0011072904|0.0055360124|-9.860992E-4
1509425781616|7.574633E-4|-0.012000356|0.017899513
1509425781752|-0.0037778467|-0.004246857|0.010594368
1509425781884|0.0032723546|6.0680136E-4|3.4332275E-4
1509425782020|0.0050692633|-0.002645176|-0.00233078
1509425782152|-0.0043797046|0.0016469993|0.0028905869
1509425782284|-0.0019217059|-0.003479503|0.0053596497
1509425782421|2.5702268E-4|-0.0035077818|0.0011587143
1509425782548|0.0026747733|-0.0058961064|9.1552734E-4
1509425782694|-0.003197305|-0.0012477525|-0.0066070557
1509425782821|-0.0033520237|0.01055903|-0.009477615
1509425782960|-0.001581423|9.0982765E-5|-0.02143097
1509425783085|-0.00799194|-9.2332065E-4|-0.010318756
1509425783220|0.0049129203|0.005846642|-0.011228561
1509425783355|-0.0019020885|0.006847512|-0.006975174
1509425783489|0.0030982047|0.0018125363|-5.4073334E-4
1509425783621|0.0035135373|0.0073767453|0.0019407272
1509425783757|3.0471385E-4|-0.005340632|-5.9604645E-4
1509425783890|0.0076811463|-0.008289296|0.008979797
1509425784026|-0.0037371367|0.0021447502|0.012775421
1509425784164|0.010166138|-0.0075816475|0.0032453537
1509425784292|1.206696E-4|-0.0073117763|0.021245003
1509425784428|0.0019555762|9.460859E-4|0.01584816
1509425784564|-0.0035274327|-0.0052163154|0.004962921
1509425784694|-0.009529509|0.0045728236|0.0069885254
1509425784831|0.004642993|-0.0023507476|-0.0010890961
1509425784961|-0.007793933|0.0032097697|-0.0074825287
1509425785096|0.0055410564|0.016196892|-0.009696007
1509425785230|4.870221E-4|0.008816764|-0.011679649
1509425785363|-4.4094026E-4|0.0015536398|-0.010170937
1509425785497|-0.0056711957|0.015035618|-0.008504868
1509425785635|-0.0048349947|0.009950474|-0.012869835
1509425785768|0.0010325089|-0.0052110404|2.4795532E-4
1509425785903|2.2662431E-4|-0.004561059|-0.004532814
1509425786039|0.0028873086|-0.0061768442|0.0077638626
1509425786168|-0.0020814762|-0.0043777153|0.0044927597
1509425786310|0.004376106|-0.0030344576|0.012290955
1509425786439|-0.0056386963|-0.009069696|0.012311935
1509425786572|-7.7195466E-5|-0.0020991229|0.01824665
1509425786707|-0.007038489|0.003261391|0.012760162
1509425786837|0.0070844293|-0.0029137284|0.010081291
1509425786971|-1.8635392E-4|-0.010395564|-0.004798889
1509425787110|0.003980629|4.9186125E-4|-0.005209923
1509425787247|-0.002402112|0.0072014704|-0.022792816
1509425787375|-0.0020154044|-0.0035862997|-0.026287079
1509425787512|-0.0059672594|0.004687518|-0.017941475
1509425787643|-0.005305521|-0.0020235032|-0.01819706
1509425787781|-0.004780352|0.010898933|0.0017118454
1509425787910|0.0017840415|0.0038322136|0.0039548874
1509425788045|-0.0013089254|-0.007904563|0.010210037
1509425788179|-0.003044486|-0.0048746765|0.019895554
1509425788318|0.0024457723|-0.008632407|0.019031525
1509425788447|0.0126852915|-0.005923014|0.021658897
1509425788584|0.005171865|-0.0010324344|0.020663261
1509425788717|0.009409383|-0.005044993|0.007335663
1509425788848|4.676059E-4|0.0011703633|0.008633614
1509425788987|0.0070999935|0.007815786|0.008006096
1509425789120|5.3577125E-4|0.007220093|6.6185E-4
1509425789257|-0.0060824826|0.007785406|-0.010124207
1509425789389|-0.0030305237|0.011530988|-0.015568733
1509425789520|-0.0077157393|0.0052885003|-0.02979374
1509425789656|0.0034734234|0.009321522|-0.013140678
1509425789790|-0.0018549487|-0.00876075|-0.018427849
1509425789924|0.0036087185|-0.010283235|0.0017662048
1509425790053|6.180033E-4|-0.01078758|0.005173683
1509425790190|6.074384E-4|-0.010465164|0.0010242462
1509425790325|-0.0043680966|0.0017671213|0.0015211105
1509425790456|6.900951E-4|-0.009063169|0.012309074
1509425790589|0.002084054|0.0013080537|0.014219284
1509425790741|0.0010574982|-0.0039839745|0.010523796
1509425790859|-0.0025943741|0.004995119|0.017306328
1509425790991|-7.4616075E-4|0.0028618723|0.008943558
1509425791125|0.001185827|-0.0037026778|0.001162529
1509425791266|0.0029353648|0.009880614|-0.008068085
1509425791400|-0.005830668|0.004682295|-0.008739471
1509425791534|-0.0033047944|0.0051487014|-0.011870384
1509425791666|-0.006750971|0.01070901|-0.014107704
1509425791795|0.004000619|8.5335225E-4|-0.014221191
1509425791938|0.0013993308|0.003228061|-0.014783859
1509425792069|-0.0065817013|8.454658E-4|-0.006000519
1509425792198|-0.0055544227|-0.0026150793|9.393692E-4
1509425792331|0.0016455725|-0.007320419|-0.0016222
1509425792466|0.007794112|-0.006779298|0.01479435
1509425792603|0.003200084|-0.009427566|0.016893387
1509425792736|-8.8944286E-4|-0.013412934|0.010271072
1509425792871|-3.4549832E-4|-0.008370232|0.03058052
1509425793001|-0.003939569|0.004458055|0.011869431
1509425793143|0.0038543567|-0.0085933395|-0.0057525635
1509425793273|0.014520153|-0.0056539513|-0.017074585
1509425793410|-0.0018825233|-0.0023879968|-0.002146721
1509425793542|9.97819E-4|0.0075287707|-0.0035877228
1509425793682|-0.0028780773|-0.009007607|-0.0054359436
1509425793811|-0.00830511|-0.0031435639|-0.010918617
1509425793944|-0.0031304285|0.0036192052|-0.012647629
1509425794075|-0.0016429126|-9.7472593E-4|-0.010228157
1509425794216|-0.005911045|-0.009809896|-0.0068969727
1509425794348|-5.290061E-4|0.015373994|0.0021219254
1509425794484|0.0015940666|-0.0070543103|0.008997917
1509425794610|-0.0021704063|0.0066824555|0.014678955
1509425794749|0.005252272|-0.025513943|0.012542725
1509425794883|0.0045042112|-0.0020013116|0.006122589
1509425795020|0.0013255551|-0.012987103|0.010751724
1509425795154|0.0016397387|-0.002738744|0.0058908463
1509425795286|-7.1469694E-4|-0.0036323369|-0.004087448
1509425795421|0.002157122|0.0028379858|0.0045804977
1509425795554|-3.0587614E-4|-0.008138735|-0.0070257187
1509425795685|8.276552E-4|0.0061452948|-0.009097099
1509425795833|-0.0025393963|0.006304592|-0.008366585
1509425795957|-2.3103505E-4|0.009428188|-0.016311646
1509425796090|0.003945343|0.001800336|-0.00980854
1509425796227|-0.009291559|0.005148232|-0.011294365
1509425796355|0.0067238733|-0.003315691|-0.006084442
1509425796494|-0.008989029|-0.007164046|-0.0026760101
1509425796626|-1.20192766E-4|-7.40435E-4|0.013014793
1509425796763|-9.2072785E-4|-0.0072587356|0.009334564
1509425796891|0.0029286817|-0.011225965|0.004784584
1509425797024|-0.003943108|-0.002925232|0.017018318
1509425797158|0.0026685372|0.003318429|0.009185791
1509425797296|0.0029359013|-0.0039734095|0.009860992
1509425797430|-1.5172362E-4|-0.011941098|0.007789612
1509425797564|4.7246367E-4|-0.004751619|-0.0032978058
1509425797700|-0.0016370043|0.005424481|-0.0030784607
1509425797830|1.02594495E-5|-0.0016778558|0.00182724
1509425797963|-3.4599006E-4|0.009261832|-0.013457298
1509425798101|0.0017385855|0.003956709|-0.008738518
1509425798233|0.0050283745|9.481013E-4|-0.008559227
1509425798363|-0.0058331937|-0.0016657263|-0.003686905
1509425798509|-0.0016489998|-0.009882636|-0.010011673
1509425798632|0.005191013|-2.8587133E-4|-0.0019950867
1509425798770|-0.0019189864|-0.0045334846|0.009531021
1509425798900|0.004032813|-0.0043404885|0.017703056
1509425799040|0.004725188|0.0071689487|0.010437012
1509425799178|-0.011276573|0.006403677|0.0032920837
1509425799307|-0.00334879|-0.002797|0.0018911362
1509425799434|-0.0015788898|-0.009830128|-0.0011072159
1509425799570|0.0017108768|-0.0040301196|5.455017E-4
1509425799705|9.99257E-4|0.005757984|-0.007376671
1509425799840|0.0030245706|0.0033177286|-0.0067749023
1509425799973|-0.0057601705|-0.0033424161|-0.0032224655
1509425800108|0.0028906018|-5.602613E-4|-0.0015983582
1509425800239|-0.00468155|-4.9149245E-4|0.0020513535
1509425800388|-0.009020284|0.011471529|0.0016231537
1509425800516|0.0055185035|-0.004708037|0.001282692
1509425800641|-0.0033165142|-0.0075544715|0.0033664703
1509425800778|-1.3526529E-4|5.961023E-4|0.005739212
1509425800913|-0.013001077|-0.0032850988|-6.5612793E-4
1509425801051|2.219528E-5|-0.01753553|0.003490448
1509425801182|0.003908783|0.0065808706|0.0011167526
1509425801316|-5.660951E-4|-0.0052597746|0.012699127
1509425801446|0.008412689|0.011883043|0.0074281693
1509425801583|0.0020461455|-0.0053292587|0.0032787323
1509425801716|0.00408832|0.008043896|-0.009238243
1509425801854|-0.0042098835|-0.009309031|-0.010847092
1509425801983|-0.0017875731|0.009147253|-0.0035972595
1509425802118|-0.0012932643|-0.0028481148|-0.0033130646
1509425802255|-0.0013758838|-0.0121567175|-0.005926132
1509425802388|0.0025810897|0.0057252385|-0.013671875
1509425802522|-0.0035200194|0.0047114454|-0.015295982
1509425802654|-0.0064462572|-0.0038974583|-0.018001556
1509425802788|0.003768161|0.0021552593|0.0013961792
1509425802922|0.010902919|0.0026005693|0.0032320023
1509425803061|0.012044787|-0.0032886602|0.018158913
1509425803193|0.009871088|-0.009430423|0.011035919
1509425803331|-0.0062657744|-0.004040271|0.012979507
1509425803462|-0.016660362|-0.0041875094|0.0069408417
1509425803597|-0.00902082|-0.009744298|-0.012248993
1509425803727|-0.004877433|-4.131049E-4|0.0042819977
1509425803859|-0.0053893626|-0.007946543|0.0012540817
1509425803992|-0.0017730743|0.007632181|-0.014623642
1509425804129|-0.00104516|-0.012473546|-0.009188652
1509425804268|7.1296096E-4|0.006184779|-0.0032367706
1509425804401|4.4585764E-4|0.0076772273|-0.0079984665
1509425804529|-0.0023663193|-7.66322E-4|-0.0044231415
1509425804664|-0.0022237822|0.0028932616|-0.007279396
1509425804796|-4.5338273E-4|0.00791581|-0.0045681
1509425804936|0.0035330355|-0.0037317537|0.0032520294
1509425805066|-0.0010995492|-0.0014305487|0.017228127
1509425805202|-0.005245112|-0.0040182993|0.013847351
1509425805335|0.003532663|-0.008429091|0.008810043
1509425805471|0.0055115223|0.0048848167|0.010982513
1509425805604|-0.0020215064|0.0019857362|0.004179001
1509425805734|-0.0053829253|-0.001577314|0.0028419495
1509425805871|-0.0011757985|0.0049244203|0.0050697327
1509425806003|-4.5581907E-4|-0.008157004|-0.0073394775
1509425806142|0.0010609925|0.008953236|-0.0027236938
1509425806271|0.012418412|0.009694271|-0.02084446
1509425806404|0.005719349|0.007678587|-0.02733326
1509425806540|-0.003748633|4.8422068E-4|-0.027507782
1509425806683|5.887076E-4|-0.001886256|-0.010623932
1509425806820|-0.0037937462|-0.0059668794|-0.004371643
1509425806947|-0.00891266|0.0065030754|5.6934357E-4
1509425807077|0.013765611|-0.010222059|-7.352829E-4
1509425807212|4.7385693E-6|0.0070851|0.0133628845
1509425807341|0.00685174|-0.0033738762|0.014813423
1509425807475|-0.0021455958|-0.004934836|0.018328667
1509425807612|0.0049161017|-0.0053878576|0.017082214
1509425807877|0.00436987|-0.0049044117|0.015183449
1509425809227|0.0013841093|-2.849847E-5|-0.0018730164
1509425809361|0.0039876327|-9.281114E-4|0.012770653
1509425809498|9.552017E-4|-0.00265494|0.0047826767
1509425809629|-3.335178E-4|0.008851331|0.009230614
1509425809758|5.3914636E-4|-0.0079717|0.022614479
1509425809897|0.007037379|-0.0058065504|0.002248764
1509425810030|0.0069785267|-0.009863477|-0.0015230179
1509425810165|0.0036210567|-0.002332531|-0.0049905777
1509425810296|-0.00530988|3.053993E-4|-0.0020446777
1509425810434|-0.004195459|0.0054656044|-0.010843277
1509425810566|-0.0073372275|0.0013398565|-0.005252838
1509425810697|8.2913786E-4|0.0048632473|-0.014560699
1509425810835|6.551221E-4|0.011419345|-0.0072460175
1509425810969|-0.008471876|0.018178537|-0.016842842
1509425855559|-0.008142203|0.016043462|-0.014965057
1509425855646|-0.0011489913|-0.00539089|7.724762E-5
1509425855792|0.008997545|0.0027581044|0.015624046
1509425855924|3.586337E-4|-0.004427001|0.019670486
1509425856059|0.0052385107|3.0646473E-4|0.015551567
1509425856192|-0.0015252233|5.0391257E-4|0.013467789
1509425856464|-0.0013557523|3.325306E-4|0.01197052
1509425856601|-0.0045643225|5.563721E-5|-0.012983322
1509425875021|0.011524312|-0.005852543|0.008655548
1509425875124|-0.0032306015|0.006973788|-0.0010032654
1509425875223|-11.154311|-2.971415|-4.356269
1509425875362|-6.0644197|3.068594|-3.4002972
1509425875502|-2.7776613|1.3127856|-4.5074377
1509425875629|0.46467936|0.6967201|-4.969379
1509425875741|1.9865779|-4.154038|-8.047901
1509425875859|1.9864271|-5.112076|-6.519637
1509425875979|1.6682675|-9.855988|11.424841
1509425876098|1.471719|-5.690708|-0.6747289
1509425876219|-0.75708425|-8.215804|-10.029631
1509425876338|6.7315254|-0.44172537|-7.5590897
1509425876461|4.7678194|-3.0069563|-1.5650148
1509425876584|1.5455018|-4.0445976|-2.6384544
1509425876705|-0.14922512|0.82696426|-0.022833824
1509425876820|-1.2694542|-1.2094675|0.21068859
1509425876945|-0.17807762|-0.13754359|0.17246151
1509425877063|-0.16317788|-0.13188648|0.16454983
1509425877184|-0.124607995|-0.10114588|0.1286745
1509425877312|-0.10569623|-0.07721177|0.10671902
1509425877420|-0.08193758|-0.06370956|0.08196545
1509425877550|-0.07162298|-0.04734716|0.0660944
1509425877669|-0.05241675|-0.033663817|0.04559517
1509425877786|-0.034145564|-0.028279826|0.042806625
1509425877901|-0.027819231|-0.024006568|0.03485775
1509425878023|-0.024986528|-0.016976587|0.02824688
1509425878140|-0.020273715|-0.014749736|0.020266533
1509425892176|-0.012936905|-0.010933086|0.019159317
1509425892265|0.010009689|-0.0038788617|0.0010576248
1509425892360|-0.42917156|-0.4542284|0.14803183
1509425892483|-0.013674855|0.5289469|-0.06812304
1509425892613|-0.32940304|0.06086731|-1.3985175
1509425892726|-0.15962791|0.11532116|-0.8426204
1509425892845|-0.19892335|-0.06148815|-0.41570485
1509425892971|-0.18848789|0.07811165|-0.8696718
1509425893210|-0.20502293|0.15692997|-1.1593217
1509425893342|-0.22802234|0.002038002|-0.93572354
1509425893461|-0.15927374|-0.048072815|-0.29454875
1509425893581|-0.13308513|-0.083753586|-0.502774
1509425893701|-0.19020641|-0.0011301041|-0.51648116
1509425893821|-0.08024472|0.020088196|-0.70837545
1509425893949|-0.09361422|0.05925846|-0.47403848
1509425894060|0.025601506|0.16862488|-0.51785326
1509425894181|-0.47062874|-0.26723766|-0.8119954
1509425894317|-0.1650539|0.08605671|-0.5499391
1509425894422|-0.1695996|-0.025979996|-0.22169048
1509425894542|0.074121416|0.14323139|-0.41310602
1509425894662|-0.090583265|0.078660965|-0.42557174
1509425894785|-0.07615793|0.0613966|-0.33729148
1509425894901|-0.0948149|-0.0128211975|-0.22460711
1509425895021|-0.044227898|0.13933086|-0.20007241
1509425895142|-0.089375496|0.04161167|-0.13794178
1509425895263|-0.06439257|0.032122612|-0.21185517
1509425895387|-0.0630731|0.018415451|-0.16687906
1509425895507|-0.078851104|0.047288895|-0.18685102
1509425895629|-0.033258677|-0.02277565|-0.06325662
1509425895743|-0.030315101|0.024851799|-0.20461166
