1509515742713|-0.013620348|-0.17706451|-0.53119355
1509515743011|-0.61291564|1.334794|-0.21792556
1509515743141|-1.6344416|0.17706451|-0.7627395
1509515743274|-0.3949901|1.0079057|-2.0975335
1509515743405|-0.068101734|1.5935806|-0.29964766
1509515743790|1.56634|1.3892754|1.1577295
1509515743934|-0.2043052|1.7161638|-0.46309182
1509515744263|-1.9613299|0.51757324|2.4516625
1509515744707|-0.10896278|0.38136974|-1.2122109
1509515744793|0.939804|-0.83084124|-1.7706451
1509515744923|0.0|0.040861044|-1.2122109
1509515745056|-1.0351465|0.51757324|0.19068487
1509515745187|-2.5606253|-1.1304889|2.1111538
1509515745475|-2.7240696|-1.2394516|0.5448139
1509515745583|-1.5118586|-0.939804|-1.4301364
1509515745716|0.99428535|0.32688835|2.233737
1509515745847|0.8989429|-0.95342433|-0.013620348
1509515745979|0.19068487|0.16344418|-1.9749503
1509515746113|-0.47671217|0.61291564|-0.38136974
1509515746243|-2.9964767|-0.17706451|1.7025435
1509515746375|-2.233737|-0.98066497|-0.7899802
1509515746508|0.068101734|-0.32688835|-2.070293
1509515746648|1.334794|1.2666924|-0.98066497
1509515746844|1.9749503|1.4573771|1.8523673
1509515746969|1.8251265|-0.8580819|-1.0623871
1509515747102|0.53119355|0.24516624|-1.8251265
1509515747235|-5.8431287|1.3075534|-7.06896
1509515747365|-6.3334613|-12.666923|-11.645396
1509515747497|-10.841797|-21.247742|-4.440233
1509515747629|-8.444615|-18.01972|-6.142777
1509515747762|-10.732834|-10.051816|-4.154206
1509515747893|-12.476238|-7.1779227|-6.9872384
1509515748026|-6.0474343|-14.778077|-4.426613
1509515748157|-2.5197642|-13.30708|-4.9986672
1509515748289|2.6559677|-6.115536|-2.383561
1509515748422|9.425281|-3.2280223|-5.4617596
1509515748553|-2.3018386|-10.855417|-2.002191
1509515748685|-9.057531|-12.108489|1.7842655
1509515748818|-11.904184|-2.819412|3.5957716
1509515748949|-10.96438|-4.0452433|-0.05448139
1509515749082|-7.8725605|-11.168685|0.96704465
1509515749213|-1.5935806|-10.9371395|-0.7354987
1509515749345|6.1291566|-3.5957716|0.25878662
1509515749478|8.076866|-3.840938|-1.920469
1509515749609|-4.385752|-10.310603|-1.1713499
1509515749741|-10.174399|-9.207355|-0.068101734
1509515749873|-13.184496|-1.0351465|0.7627395
1509515750006|-9.030291|-6.701211|1.0760074
1509515750139|-5.9657125|-11.250407|2.8057916
1509515750309|-0.50395286|-9.248216|-0.23154591
1509515750405|6.4151835|-4.6172976|0.55843425
1509515750533|1.1441091|-6.891896|-0.5448139
1509515750666|-4.630918|-9.779409|-0.6537767
1509515750805|-12.830367|-4.767122|2.5333848
1509515750929|-13.620348|-2.083913|1.4301364
1509515751064|-8.104107|-9.915613|3.9226599
1509515751193|-1.7161638|-11.318508|1.1441091
1509515751326|10.446807|-7.5456724|-1.6753027
1509515751457|2.3426998|-8.567199|-1.4437568
1509515751589|-4.385752|-10.800935|4.6445384
1509515751721|-8.64892|-10.337844|3.0918188
1509515751854|-12.026768|-1.5799603|4.807983
1509515751985|-14.001718|-3.9907618|1.1985906
1509515752120|-11.073342|-10.61025|0.040861044
1509515752251|1.7297841|-7.028099|-1.9068487
1509515752381|10.923519|-2.6832085|-1.0215261
1509515752514|-1.1168685|-10.133539|-0.6537767
1509515752645|-11.086963|-10.909899|1.4028958
1509515752777|-11.468332|-7.028099|2.6832085
1509515752909|-13.375182|-0.05448139|1.1985906
1509515753041|-10.664732|-9.166493|0.16344418
1509515753173|-6.524146|-11.468332|-0.12258312
1509515753306|6.020194|-6.4560447|-0.6401563
1509515753438|12.571581|-4.2904096|-0.5448139
1509515753570|-0.19068487|-10.283362|-0.7627395
1509515753703|-9.01667|-11.032481|2.6423473
1509515753834|-11.236787|-4.195067|1.838747
1509515753966|-13.266219|-5.025908|-1.6889231
1509515754098|-9.80665|-10.841797|0.25878662
1509515754230|-0.70825803|-11.318508|-0.27240694
1509515754361|7.8453197|-2.4789033|0.12258312
1509515754494|8.771504|-5.2710743|-1.4982383
1509515754626|-6.3198414|-10.351464|-0.7763598
1509515754757|-12.271934|-8.471856|-1.3620348
1509515754891|-13.061913|-0.47671217|-1.484618
1509515755022|-11.141444|-5.7886477|-1.0623871
1509515755154|-3.3778462|-11.182305|4.2904096
1509515755286|5.88399|-7.0144787|1.9340893
1509515755419|8.526338|-1.8932283|0.36774936
1509515755552|-1.0487667|-8.403754|0.095342435
1509515755682|-9.575105|-8.703402|-1.3892754
1509515755815|-9.289077|1.5935806|-1.9477097
1509515755947|-9.874752|-0.31326798|-2.941995
1509515756079|1.1713499|-9.030291|2.6014864
1509515756210|2.628727|-4.0588636|2.5197642
1509515756343|6.142777|-2.1792555|-3.5140495
1509515756474|0.50395286|-4.1814466|-2.969236
1509515756607|-3.1463003|-1.3075534|-3.010097
1509515756740|-4.903325|2.7240696|-4.372132
1509515756870|-4.167826|2.6151068|-2.4925234
1509515757002|0.013620348|-1.4301364|-2.8738933
1509515757142|8.880466|-3.405087|-2.969236
1509515757268|-1.6753027|-1.8523673|-2.628727
1509515757399|-8.4854765|1.8251265|-2.6559677
1509515757532|-4.3993726|-4.5764365|1.7025435
1509515757664|-2.3426998|-6.687591|6.469665
1509515757795|0.38136974|-3.405087|3.4595683
1509515757927|0.027240695|0.6946377|0.040861044
1509515758059|-1.7978858|1.8932283|-3.0237172
1509515758190|-1.1032481|2.2201166|-2.628727
1509515758322|-2.5197642|-0.92618364|-0.62653595
1509515758455|-3.8681786|0.8989429|-0.38136974
1509515758587|-1.2258313|2.4516625|0.7354987
1509515758718|-1.2530719|0.91256326|0.53119355
1509515758851|-0.095342435|-0.53119355|-1.525479
1509515758982|2.2473574|-1.8659877|-1.7297841
1509515759114|-0.83084124|-0.7627395|-0.5448139
1509515759247|-2.2882183|0.19068487|-1.1032481
1509515759379|-1.0215261|0.29964766|1.1032481
1509515759511|-0.13620347|-1.0487667|-0.10896278
1509515759643|1.8523673|-1.5799603|-1.8251265
1509515759775|4.140586|-1.0760074|-1.7570248
1509515759907|3.568531|-1.5390993|-0.040861044
1509515760038|0.49033248|-1.1032481|0.24516624
1509515760170|-5.938472|-0.29964766|-0.7627395
1509515760302|-5.2302136|-1.5527196|0.99428535
1509515760435|-0.43585113|-2.0975335|1.2122109
1509515760567|0.08172209|-3.2552629|-0.83084124
1509515760700|2.8466525|-1.2803127|2.6832085
1509515760832|1.5799603|1.1304889|-0.6401563
1509515760964|-1.9477097|-0.83084124|-2.1383946
1509515761095|1.7842655|-0.05448139|-3.1463003
1509515761227|-0.05448139|0.32688835|-1.9885707
1509515761359|0.8853226|1.0623871|-0.7763598
1509515761491|0.040861044|0.939804|-0.98066497
1509515761623|0.92618364|0.28602728|-2.165635
1509515761759|-1.9068487|-0.7627395|-2.233737
1509515761886|-1.4573771|-0.25878662|-4.167826
1509515762018|0.6537767|-0.61291564|0.31326798
1509515762150|1.1577295|-0.96704465|3.718355
1509515762282|0.027240695|-5.1893525|6.115536
1509515762415|-2.6423473|-9.030291|7.43671
1509515762548|-7.0417194|-4.69902|4.971427
1509515762678|-5.257454|0.6810174|-3.1735408
1509515762810|-3.9771414|-1.4028958|-2.860273
1509515762942|-6.238119|-5.597963|0.35412902
1509515763075|-1.5935806|-7.3822284|1.2803127
1509515763207|3.1871612|-1.7978858|1.56634
1509515763340|6.7148314|-4.0588636|-1.1304889
1509515763471|-2.1792555|-10.269742|2.8057916
1509515763603|-8.567199|-7.43671|-0.19068487
1509515763735|-10.460427|1.8115062|0.29964766
1509515763868|-12.326415|-5.3527966|-0.31326798
1509515764000|-7.028099|-11.332129|-0.2043052
1509515764131|3.5957716|-7.0144787|0.58567494
1509515764264|7.7772183|2.233737|-1.6344416
1509515764394|3.2825036|-5.89761|-2.9556153
1509515764526|-11.345749|-10.691973|2.8466525
1509515764660|-10.96438|-6.565007|0.068101734
1509515764791|-11.645396|-0.46309182|1.4982383
1509515764923|-9.112013|-8.880466|2.0566726
1509515765055|-5.5162406|-11.509193|2.5606253
1509515765188|-0.08172209|-6.687591|4.113345
1509515765319|1.0760074|0.8989429|0.8172208
1509515765451|-3.3506055|11.849702|3.3642259
1509515765583|2.233737|11.79522|5.5843425
1509515765715|5.938472|12.081248|6.142777
1509515765847|5.652444|12.830367|8.240311
1509515765978|5.7886477|10.446807|6.4560447
1509515766111|6.197258|10.501287|2.9283745
1509515766243|4.985047|9.00305|4.903325
1509515766375|4.590057|7.3686085|5.8295083
1509515766507|5.89761|5.47538|2.7649305
1509515766640|5.8295083|4.562816|-1.0351465
1509515766771|5.393657|3.718355|-1.7842655
1509515766903|4.372132|2.628727|0.8989429
1509515767035|3.2280223|-0.013620348|0.3405087
1509515767170|2.233737|0.068101734|-2.901134
1509515767299|0.3405087|0.23154591|-0.19068487
1509515767430|-1.7434045|-0.10896278|2.002191
1509515767563|-0.5992953|-1.4028958|0.70825803
1509515767695|0.62653595|-1.334794|-2.4789033
1509515767829|2.9147542|-0.3949901|-0.8989429
1509515767959|4.1269655|-1.2666924|4.4810944
1509515768092|1.1577295|-3.1599207|0.2043052
1509515768223|-1.5799603|-2.8057916|-4.7535014
1509515768355|-5.3527966|-2.860273|4.072484
1509515768487|-3.963521|-3.296124|4.6172976
1509515768618|-0.61291564|-3.4731886|-0.61291564
1509515768752|2.3971813|-1.525479|-4.2904096
1509515768883|4.195067|-0.05448139|3.963521
1509515769014|0.38136974|-1.1441091|3.2280223
1509515769147|-2.0158114|-1.7025435|-2.192876
1509515769280|-2.002191|-0.36774936|-6.6194887
1509515769411|-4.276789|1.1441091|2.75131
1509515769543|-3.323365|-0.040861044|5.638824
1509515769674|1.4709975|-0.55843425|-2.233737
1509515769806|4.3040295|0.91256326|-2.2201166
1509515769940|3.759216|2.0294318|-0.8853226
1509515770070|0.6946377|0.74911916|1.6208212
1509515770203|-1.525479|1.2394516|-2.2201166
1509515770334|-1.4165161|1.56634|-0.7763598
1509515770467|-0.8853226|2.1520147|0.50395286
1509515770598|-0.29964766|0.58567494|0.50395286
1509515770731|0.51757324|0.8036005|-1.7025435
1509515770863|1.6344416|1.375655|-1.3211737
1509515770995|1.879608|2.1111538|0.16344418
1509515771129|1.4437568|-0.14982383|0.46309182
1509515771260|0.667397|-0.46309182|-1.3484143
1509515771390|-0.87170225|-0.7354987|-0.4086104
1509515771522|-2.233737|-1.6753027|1.607201
1509515771656|-0.47671217|-1.6208212|-2.1520147
1509515771787|-1.3211737|-2.7104492|0.3405087
1509515771881|0.32688835|-2.5061438|-0.095342435
1509515771986|0.42223078|-1.4573771|1.334794
1509515772118|0.49033248|-3.2007816|1.0896277
1509515772249|0.91256326|-2.860273|0.21792556
1509515772381|1.484618|-1.6889231|-1.293933
1509515772514|-1.6753027|-0.4086104|-0.7899802
1509515772652|-1.7842655|-0.8853226|-0.25878662
1509515772776|-0.28602728|-2.669588|2.1520147
1509515772909|-0.027240695|-1.1577295|1.0487667
1509515773040|1.0079057|0.98066497|-0.05448139
1509515773175|-0.7899802|0.10896278|-0.6810174
1509515773306|-1.5527196|-0.87170225|-0.38136974
1509515773437|-0.38136974|-0.44947144|-0.4086104
1509515773569|1.8115062|1.0215261|-0.17706451
1509515773701|2.8466525|0.35412902|0.35412902
1509515773847|2.0975335|0.29964766|-0.6401563
1509515773963|2.587866|-0.51757324|-0.5448139
1509515774095|2.3563201|-0.19068487|-0.19068487
1509515774228|1.0487667|-0.49033248|-0.31326798
1509515774655|1.0760074|-0.51757324|-0.13620347
1509515774756|-0.62653595|-0.42223078|0.013620348
1509515774888|-0.70825803|-0.36774936|0.013620348
1509515775024|-0.83084124|-0.3405087|0.013620348
1509515775151|-0.91256326|-0.28602728|0.027240695
1509515775410|-1.0487667|-0.2043052|0.040861044
1509515775547|-0.8172208|-0.10896278|0.013620348
1509515775679|-0.61291564|-0.068101734|-0.013620348
1509515775994|-0.4086104|-0.040861044|-0.013620348
1509515776075|-0.16344418|-0.013620348|-0.013620348
1509515776207|-0.095342435|-0.013620348|-0.013620348
1509515776340|-0.08172209|-0.013620348|-0.013620348
1509515776480|-0.08172209|-0.013620348|-0.013620348
1509515776603|-0.05448139|-0.013620348|-0.013620348
1509515776735|-0.040861044|-0.013620348|-0.013620348
1509515776867|-0.027240695|-0.013620348|-0.013620348
1509515776999|-0.027240695|-0.013620348|-0.013620348
1509515777084|-0.040861044|-0.013620348|-0.013620348
1509515777198|-0.040861044|-0.013620348|-0.013620348
1509515777329|-0.027240695|-0.013620348|-0.027240695
1509515777461|-0.013620348|-0.013620348|-0.027240695
1509515777593|-0.013620348|-0.013620348|-0.013620348
1509515777726|0.0|-0.013620348|-0.013620348
1509515777858|0.0|-0.013620348|-0.013620348
1509515777990|-0.013620348|-0.013620348|0.0
1509515778122|-0.013620348|0.0|0.0
1509515778264|-0.027240695|0.027240695|0.013620348
1509515778423|-0.013620348|-0.013620348|-0.013620348
1509515778517|0.0|-0.013620348|-0.013620348
1509515778649|0.0|-0.013620348|-0.013620348
1509515778782|0.0|-0.013620348|-0.013620348
1509515778914|0.0|-0.013620348|-0.013620348
1509515779047|0.0|-0.013620348|-0.013620348
1509515779177|0.0|-0.013620348|-0.013620348
