1509150315394|0.24899697|-0.15322891|9.768343
1509150315526|0.22984336|-0.16280572|9.816227
1509150315658|0.25857377|-0.17238252|9.787497
1509150315790|0.36391866|-0.20111294|9.768343
1509150315922|0.34476504|-0.17238252|9.720459
1509150316054|0.33518824|-0.22026655|9.768343
1509150316186|0.34476504|-0.21068975|9.816227
1509150316318|0.22984336|-0.19153613|9.844957
1509150316450|0.32561144|-0.21068975|9.787497
1509150316582|0.32561144|-0.20111294|9.730036
1509150316716|0.25857377|-0.17238252|9.80665
1509150316846|0.29688102|-0.21068975|9.825804
1509150316977|0.2873042|-0.19153613|9.739613
1509150317109|0.23942018|-0.19153613|9.749189
1509150317241|0.25857377|-0.18195933|9.739613
1509150317373|0.32561144|-0.19153613|9.80665
1509150317506|0.30645782|-0.19153613|9.797073
1509150317638|0.30645782|-0.17238252|9.854534
1509150317770|0.35434186|-0.22984336|9.80665
1509150317901|0.29688102|-0.19153613|9.797073
1509150318034|0.22984336|-0.22026655|9.816227
1509150318165|0.35434186|-0.22984336|9.787497
1509150318297|0.35434186|-0.22026655|9.720459
1509150318430|0.30645782|-0.17238252|9.672575
1509150318562|0.31603462|-0.23942018|9.80665
1509150318694|0.24899697|-0.21068975|9.873688
1509150318826|0.29688102|-0.21068975|9.892841
1509150318958|0.33518824|-0.21068975|9.80665
1509150319090|0.2873042|-0.21068975|9.758766
1509150319222|0.36391866|-0.23942018|9.80665
1509150319354|0.34476504|-0.20111294|9.787497
1509150319485|0.29688102|-0.20111294|9.749189
1509150319618|0.2681506|-0.21068975|9.730036
1509150319750|0.22026655|-0.20111294|9.77792
1509150319882|0.38307226|-0.23942018|9.844957
1509150320014|0.29688102|-0.22026655|9.816227
1509150320146|0.31603462|-0.22984336|9.816227
1509150320278|0.29688102|-0.21068975|9.768343
1509150320410|0.32561144|-0.24899697|9.758766
1509150320542|0.34476504|-0.22026655|9.710882
1509150320674|0.2777274|-0.23942018|9.758766
1509150320806|0.29688102|-0.18195933|9.816227
1509150320938|0.25857377|-0.20111294|9.883265
1509150321070|0.29688102|-0.19153613|9.835381
1509150321203|0.32561144|-0.22026655|9.758766
1509150321334|0.37349546|-0.19153613|9.730036
1509150321466|0.2873042|-0.20111294|9.80665
1509150321597|0.23942018|-0.22026655|9.797073
1509150321730|0.31603462|-0.22026655|9.80665
1509150321862|0.31603462|-0.22026655|9.768343
1509150321994|0.23942018|-0.22026655|9.768343
1509150322126|0.32561144|-0.22026655|9.768343
1509150322258|0.29688102|-0.22984336|9.797073
1509150322390|0.24899697|-0.22026655|9.749189
1509150322523|0.2681506|-0.22026655|9.77792
1509150322655|0.34476504|-0.22984336|9.787497
1509150322786|0.37349546|-0.24899697|9.80665
1509150322918|0.31603462|-0.2681506|9.80665
1509150323049|0.31603462|-0.2681506|9.797073
1509150323182|0.30645782|-0.24899697|9.825804
1509150323313|0.32561144|-0.2777274|9.797073
1509150323445|0.22984336|-0.23942018|9.77792
1509150323578|0.2873042|-0.25857377|9.797073
1509150323710|0.2777274|-0.22984336|9.797073
1509150323842|0.25857377|-0.23942018|9.816227
1509150323974|0.22984336|-0.24899697|9.835381
1509150324106|0.34476504|-0.24899697|9.758766
1509150324238|0.22984336|-0.24899697|9.701305
1509150324370|0.24899697|-0.24899697|9.720459
1509150324501|0.18195933|-0.2681506|9.662998
1509150324633|0.22026655|-0.24899697|9.682152
1509150324765|0.2873042|-0.2681506|9.77792
1509150324898|0.30645782|-0.2681506|9.864111
1509150325030|0.35434186|-0.24899697|9.749189
1509150325162|0.31603462|-0.22984336|9.739613
1509150325294|0.20111294|-0.20111294|9.80665
1509150325426|0.24899697|-0.25857377|9.825804
1509150325558|0.40222588|-0.2681506|9.77792
1509150325690|0.36391866|-0.22984336|9.768343
1509150325824|0.2873042|-0.2777274|9.797073
1509150325957|0.2873042|-0.24899697|9.77792
1509150326086|0.25857377|-0.2681506|9.825804
1509150326221|0.2777274|-0.24899697|9.758766
1509150326350|0.25857377|-0.22026655|9.758766
1509150326482|0.2777274|-0.2777274|9.787497
1509150326614|0.30645782|-0.25857377|9.787497
1509150326746|0.33518824|-0.22984336|9.758766
1509150326878|0.2777274|-0.25857377|9.701305
1509150327010|0.24899697|-0.2777274|9.77792
1509150327141|0.30645782|-0.25857377|9.749189
1509150327274|0.31603462|-0.2681506|9.797073
1509150327407|0.30645782|-0.24899697|9.77792
1509150327542|0.2873042|-0.24899697|9.701305
1509150327672|0.2681506|-0.25857377|9.758766
1509150327802|0.21068975|-0.25857377|9.80665
1509150327934|0.2873042|-0.23942018|9.720459
1509150328066|0.25857377|-0.25857377|9.768343
1509150328199|0.22026655|-0.24899697|9.758766
1509150328330|0.24899697|-0.22984336|9.77792
1509150328462|0.2777274|-0.20111294|9.816227
1509150328593|0.2777274|-0.25857377|9.653421
1509150328725|0.2873042|-0.22984336|9.739613
1509150328858|0.30645782|-0.22984336|9.710882
1509150328990|0.38307226|-0.22984336|9.768343
1509150329122|0.2873042|-0.25857377|9.80665
1509150329256|0.23942018|-0.23942018|9.77792
1509150329386|0.32561144|-0.23942018|9.80665
1509150329518|0.23942018|-0.18195933|9.758766
1509150329650|0.22026655|-0.18195933|9.749189
1509150329782|0.29688102|-0.23942018|9.710882
1509150329914|0.18195933|-0.18195933|9.835381
1509150330046|0.12449849|-0.21068975|9.873688
1509150330178|0.35434186|-0.17238252|9.835381
1509150330310|0.4405331|-0.24899697|9.816227
1509150330442|0.2777274|-0.22026655|9.835381
1509150330574|0.35434186|-0.22026655|9.797073
1509150330706|0.40222588|-0.20111294|9.816227
1509150330837|0.41180268|-0.25857377|9.758766
