1509425580119|64151
1509425581128|64153
1509425582119|64155
1509425583120|64156
1509425584119|64158
1509425585119|64160
1509425586119|64162
1509425587120|64164
1509425588119|64165
1509425589119|64167
1509425590130|64169
1509425591120|64171
1509425592119|64173
1509425593128|64174
1509425594119|64176
1509425595138|64178
1509425596119|64180
1509425597126|64181
1509425598120|64183
1509425599119|64185
1509425600119|64187
1509425601120|64189
1509425602120|64191
1509425603119|64192
1509425604123|64194
1509425605119|64196
1509425606122|64198
1509425607119|64199
1509425608122|64201
1509425609119|64203
1509425610120|64205
1509425611122|64207
1509425612119|64208
1509425613119|64210
1509425614120|64212
1509425615122|64214
1509425616119|64215
1509425617122|64217
1509425618119|64219
1509425619119|64220
1509425620119|64222
1509425621119|64223
1509425622119|64225
1509425623120|64227
1509425624122|64229
1509425625120|64231
1509425626123|64232
1509425627120|64234
1509425628119|64236
