1509323293147|1.5118586|6.7148314|7.000859
1509323293278|1.4709975|6.701211|7.0144787
1509323293411|1.4437568|6.701211|7.028099
1509323293542|1.4165161|6.701211|7.028099
1509323293675|1.3892754|6.7148314|7.0144787
1509323293806|1.3620348|6.7284517|7.0144787
1509323293938|1.3484143|6.7556925|7.000859
1509323294069|1.334794|6.769313|6.973618
1509323294203|1.334794|6.8237944|6.932757
1509323294334|1.3620348|6.891896|6.864655
1509323294465|1.4165161|6.9599977|6.769313
1509323294600|1.5118586|7.028099|6.687591
1509323294729|1.6208212|7.0825806|6.6058683
1509323294865|1.7297841|7.1098213|6.5377665
1509323294995|1.838747|7.1506824|6.4560447
1509323295128|1.9477097|7.191543|6.387943
1509323295259|2.0566726|7.232404|6.3198414
1509323295391|2.1792555|7.259645|6.238119
1509323295523|2.2882183|7.2868857|6.1700177
1509323295654|2.383561|7.314126|6.0882955
1509323295786|2.4244218|7.3277473|6.0610547
1509323295918|2.4516625|7.314126|6.0610547
1509323296050|2.465283|7.2868857|6.0882955
1509323296183|2.465283|7.259645|6.115536
1509323296314|2.4789033|7.218784|6.1700177
1509323296447|2.4925234|7.191543|6.197258
1509323296578|2.5061438|7.1779227|6.197258
1509323296711|2.5197642|7.1779227|6.197258
1509323296842|2.5197642|7.1779227|6.197258
1509323297028|2.5197642|7.191543|6.1836376
1509323297173|2.5061438|7.2051635|6.1836376
1509323297304|2.4789033|7.2460246|6.142777
1509323297436|2.465283|7.2868857|6.0882955
1509323297573|2.465283|7.3277473|6.0474343
1509323297699|2.4516625|7.354988|6.020194
1509323297832|2.4244218|7.3822284|6.0065737
1509323297964|2.3971813|7.409469|5.9657125
1509323298096|2.3699405|7.4503303|5.938472
1509323298227|2.3563201|7.477571|5.89761
1509323298360|2.3290794|7.504812|5.8703694
1509323298493|2.3018386|7.518432|5.856749
1509323298627|2.2745981|7.5456724|5.856749
1509323298757|2.2473574|7.559293|5.8431287
1509323298887|2.2201166|7.559293|5.856749
1509323299020|2.192876|7.559293|5.856749
1509323299153|2.192876|7.5456724|5.8703694
1509323299284|2.1792555|7.559293|5.8703694
1509323299417|2.1792555|7.5456724|5.88399
1509323299547|2.192876|7.5456724|5.88399
1509323299680|2.233737|7.518432|5.89761
1509323299812|2.3018386|7.477571|5.938472
1509323299944|2.3699405|7.409469|5.979333
1509323300076|2.4244218|7.3686085|6.020194
1509323300208|2.465283|7.314126|6.0610547
1509323300341|2.5333848|7.259645|6.101916
1509323300471|2.5742457|7.218784|6.1291566
1509323300604|2.6151068|7.191543|6.1563973
1509323300737|2.669588|7.1506824|6.1700177
1509323300877|2.7104492|7.096201|6.2108784
1509323301000|2.7104492|7.096201|6.2244987
1509323301132|2.73769|7.05534|6.2517395
1509323301265|2.75131|7.0417194|6.26536
1509323301396|2.75131|7.0417194|6.26536
1509323301528|2.73769|7.0417194|6.26536
1509323301660|2.7240696|7.05534|6.2517395
1509323301791|2.7104492|7.096201|6.2108784
1509323301925|2.6832085|7.137062|6.1700177
1509323302096|2.6832085|7.1643023|6.142777
1509323302188|2.6559677|7.232404|6.074675
1509323302320|2.6151068|7.2868857|6.0474343
1509323302452|2.5742457|7.3277473|5.9929533
1509323302584|2.547005|7.354988|5.979333
1509323302716|2.5061438|7.3822284|5.952092
1509323302848|2.4789033|7.409469|5.938472
1509323302980|2.4380422|7.4230895|5.952092
1509323303113|2.4380422|7.409469|5.952092
1509323303244|2.4380422|7.3686085|5.9929533
1509323303376|2.4380422|7.2868857|6.101916
1509323303532|2.4380422|7.2051635|6.197258
1509323303642|2.4244218|7.1234417|6.2926006
1509323303772|2.4244218|7.05534|6.387943
1509323303903|2.4380422|6.973618|6.4560447
1509323304037|2.465283|6.891896|6.5377665
1509323304168|2.4925234|6.810174|6.6058683
1509323304300|2.5061438|6.742072|6.6739707
1509323304432|2.5333848|6.6739707|6.742072
1509323304564|2.547005|6.6331096|6.769313
1509323304697|2.547005|6.592248|6.810174
1509323304828|2.547005|6.5786276|6.8237944
1509323304960|2.547005|6.565007|6.8374147
1509323305092|2.547005|6.551387|6.851035
1509323305225|2.547005|6.551387|6.851035
1509323305357|2.547005|6.565007|6.8374147
1509323305489|2.547005|6.592248|6.810174
1509323305621|2.547005|6.6331096|6.769313
1509323305752|2.547005|6.6603503|6.7284517
1509323305884|2.5606253|6.701211|6.701211
1509323306016|2.5606253|6.7148314|6.687591
1509323306148|2.5606253|6.7284517|6.6739707
1509323306281|2.5742457|6.7148314|6.6739707
1509323306412|2.587866|6.701211|6.6739707
1509323306545|2.6151068|6.687591|6.687591
1509323306676|2.628727|6.64673|6.7148314
1509323306808|2.6559677|6.6058683|6.7556925
1509323306940|2.669588|6.551387|6.810174
1509323307158|2.669588|6.524146|6.8237944
1509323307270|2.7104492|6.401563|6.9191365
1509323307402|2.7240696|6.3198414|6.9872384
1509323307534|2.7240696|6.2517395|7.05534
1509323307666|2.7240696|6.2108784|7.096201
1509323307799|2.7240696|6.1563973|7.1506824
1509323307930|2.7240696|6.115536|7.1779227
1509323308063|2.7240696|6.0882955|7.2051635
1509323308194|2.7240696|6.0610547|7.218784
1509323308327|2.7104492|6.0474343|7.232404
1509323308457|2.7104492|6.033814|7.2460246
1509323308624|2.7104492|6.020194|7.259645
1509323308723|2.6968286|6.020194|7.2732654
1509323308860|2.6832085|6.020194|7.2732654
1509323308987|2.6832085|6.020194|7.2732654
1509323309118|2.6832085|6.033814|7.259645
1509323309251|2.6559677|6.074675|7.232404
1509323309382|2.6559677|6.1563973|7.1779227
1509323309514|2.628727|6.238119|7.1098213
1509323309646|2.5606253|6.3334613|7.0417194
1509323309778|2.5061438|6.4151835|6.9872384
1509323309910|2.4380422|6.5105257|6.932757
1509323310042|2.383561|6.592248|6.864655
1509323310175|2.3426998|6.6739707|6.7965536
1509323310307|2.315459|6.742072|6.742072
1509323310438|2.2882183|6.851035|6.64673
1509323310570|2.2745981|6.9191365|6.5786276
1509323310708|2.233737|6.9872384|6.524146
1509323310834|2.2201166|7.0417194|6.469665
1509323310966|2.2201166|7.06896|6.4424243
1509323311097|2.2201166|7.06896|6.428804
1509323311231|2.2609777|7.06896|6.4151835
1509323311362|2.2882183|7.05534|6.428804
1509323311493|2.315459|7.028099|6.4424243
1509323311627|2.3290794|7.000859|6.483285
1509323311758|2.3426998|6.932757|6.5377665
1509323311891|2.3426998|6.905516|6.5786276
1509323312109|2.3426998|6.851035|6.6194887
1509323312221|2.2882183|6.8237944|6.6739707
1509323312352|2.233737|6.810174|6.701211
1509323312486|2.1792555|6.7965536|6.742072
1509323312616|2.1520147|6.769313|6.769313
1509323312749|2.1111538|6.769313|6.782933
1509323312881|2.083913|6.782933|6.769313
1509323313012|2.0430522|6.8237944|6.7556925
1509323313144|2.002191|6.891896|6.687591
1509323313276|1.9613299|6.973618|6.6194887
1509323313408|1.9340893|7.06896|6.524146
1509323313540|1.920469|7.1643023|6.428804
1509323313704|1.920469|7.2460246|6.3470817
1509323313804|1.920469|7.300506|6.2789803
1509323313937|1.9340893|7.3413677|6.2244987
1509323314069|1.9749503|7.3686085|6.1836376
1509323314201|2.002191|7.3958488|6.1291566
1509323314333|2.0294318|7.4230895|6.101916
1509323314464|2.0430522|7.4230895|6.0882955
1509323314597|2.0430522|7.4230895|6.074675
1509323314728|2.0566726|7.4230895|6.074675
1509323314861|2.0566726|7.4230895|6.074675
1509323314992|2.0975335|7.4230895|6.074675
1509323315124|2.1383946|7.409469|6.0610547
1509323315257|2.165635|7.3958488|6.0882955
1509323315389|2.1792555|7.3686085|6.101916
1509323315521|2.192876|7.3413677|6.142777
1509323315653|2.2064962|7.2868857|6.1836376
1509323315790|2.2064962|7.232404|6.2517395
1509323315922|2.192876|7.191543|6.3198414
1509323316049|2.192876|7.137062|6.360702
