1509251583933|21.66|20.52|-6.8999996
1509251584065|21.24|20.34|-8.94
1509251584197|19.68|19.619999|-11.82
1509251584329|18.18|17.16|-13.92
1509251584461|18.539999|14.099999|-15.719999
1509251584593|18.9|12.54|-16.92
1509251584725|19.439999|10.74|-17.16
1509251584857|20.76|9.36|-18.119999
1509251584989|20.34|8.639999|-19.14
1509251585121|19.08|4.74|-20.46
1509251585253|17.88|0.42|-21.66
1509251585386|18.0|-2.46|-22.08
1509251585518|10.32|-5.4|-23.46
1509251585649|7.2|-6.96|-23.82
1509251585782|7.2|-6.8999996|-23.58
1509251585913|6.18|-7.02|-22.859999
1509251586045|7.2599998|-5.7|-22.199999
1509251586177|7.9199996|-3.78|-21.48
1509251586309|6.8999996|-3.48|-20.699999
1509251586441|5.58|-3.0|-19.92
1509251586573|3.8999999|-3.9599998|-18.9
1509251586716|3.3|-5.22|-17.94
1509251586837|3.6|-5.46|-16.74
1509251586969|4.44|-5.94|-15.9
1509251587101|5.46|-5.3399997|-14.5199995
1509251587233|5.7|-4.92|-13.2
1509251587365|5.22|-5.8799996|-12.3
1509251587498|2.9399998|-6.96|-11.46
1509251587629|1.62|-7.14|-10.98
1509251587761|1.38|-7.56|-9.96
1509251587893|1.62|-6.8399997|-9.0
1509251588028|1.9799999|-6.66|-8.7
1509251588157|1.56|-6.3599997|-8.4
1509251588289|2.22|-4.92|-8.04
1509251588422|0.65999997|-5.94|-8.22
1509251588553|-0.59999996|-7.02|-7.68
1509251588685|-2.7|-9.42|-7.08
1509251588817|-7.9199996|-12.96|-6.96
1509251588949|-9.48|-14.34|-5.7
1509251589081|-10.08|-15.0|-4.38
1509251589218|-9.66|-15.54|-2.52
1509251589345|-8.639999|-15.599999|-0.59999996
1509251589477|-9.48|-15.719999|1.56
1509251589610|-11.759999|-16.68|4.2
1509251589741|-13.86|-16.98|6.24
1509251589873|-14.5199995|-17.4|8.5199995
1509251590005|-15.12|-17.76|10.5
1509251590137|-14.88|-17.46|12.24
1509251590273|-14.5199995|-17.4|13.98
1509251590402|-15.12|-16.02|15.299999
1509251590534|-14.82|-13.799999|16.38
1509251590666|-13.74|-11.219999|16.92
1509251590798|-12.599999|-8.04|17.76
1509251590929|-11.34|-5.4|18.72
1509251591061|-9.48|-3.9599998|19.68
1509251591193|-8.099999|-2.9399998|21.24
1509251591325|-7.14|-3.0|22.92
1509251591457|-7.14|-3.72|23.939999
1509251591589|-7.14|-4.56|25.019999
1509251591721|-7.2|-5.46|25.859999
1509251591855|-7.62|-6.06|26.76
