1509515530233|-0.29688102|3.3423057|9.203311
1509515530368|-1.0726024|3.3039982|8.896853
1509515530499|-1.3311762|3.3806129|8.561666
1509515530629|-0.8810662|4.050989|8.829816
1509515530759|-1.388637|4.4723687|8.121132
1509515530891|-0.545878|4.3957543|7.7093296
1509515531023|0.34476504|3.0933087|10.783484
1509515531155|-1.436521|3.074155|9.921572
1509515531287|-2.9017725|3.4093432|10.113108
1509515531419|1.8100165|4.7405195|2.1068976
1509515531551|7.680599|2.4133554|1.5035586
1509515531688|4.7309427|-11.9135475|-1.3215994
1509515531816|12.306197|-16.64449|-6.167464
1509515531948|9.519346|-19.144037|-8.255207
1509515532085|7.9391727|-11.042058|-6.483498
1509515532220|13.158532|-7.2113357|4.8458643
1509515532343|12.162544|-15.006856|2.873042
1509515532475|3.3997664|-18.483236|-2.2888567
1509515532607|12.430696|-16.663643|-8.724471
1509515532739|4.5872903|-13.005303|-2.3463178
1509515532871|0.8331822|-0.37349546|-4.8937483
1509515533003|6.081272|-0.48841715|5.602432
1509515533135|3.7732618|0.25857377|11.3964
1509515533267|-0.58418524|1.2545617|10.46745
1509515533399|0.50757074|0.8331822|8.130709
1509515533535|3.7828386|0.21068975|2.3654714
1509515533669|16.041151|-6.2249246|3.6391866
1509515533799|5.171476|-4.309563|-9.720459
1509515533929|1.4269443|-4.3861775|-12.717999
1509515534059|2.4133554|-4.5872903|-5.3725886
1509515534191|3.9552212|-10.170568|-0.25857377
1509515534323|10.103531|-10.237606|5.6120086
1509515534455|10.189722|-6.2728086|-0.11492168
1509515534588|12.641385|-6.0238113|-5.602432
1509515534720|16.424223|-3.7253778|-6.5984197
1509515534853|14.748282|-5.5737014|-3.620033
1509515534986|12.880805|-3.2944214|2.7581203
1509515535121|8.178593|-3.3806129|1.5993267
1509515535249|1.0726024|-0.50757074|-2.6719291
1509515535388|6.6079965|1.8291701|-2.2409728
1509515535519|14.144943|2.8443117|1.8674773
1509515535643|11.942278|2.4229321|7.441179
1509515535775|8.207323|0.92895025|4.951209
1509515535907|5.315128|0.92895025|5.7748146
1509515536039|4.4244847|2.0398598|6.991069
1509515536171|4.8841715|2.5570073|6.4260373
1509515536303|4.309563|1.8674773|10.821792
1509515536437|5.9759274|0.81402856|9.203311
1509515536567|3.41892|1.3503298|5.3342814
1509515536699|5.0374002|-0.16280572|5.6215854
1509515536834|7.1826053|-3.3518825|1.2066777
1509515536970|8.90643|-6.4739213|5.21936
1509515537103|11.760319|-10.103531|4.271256
1509515537232|9.3661175|-5.5641246|6.1387334
1509515537359|10.371682|-3.6391866|5.7748146
1509515537491|9.959879|-5.046977|1.7046716
1509515537623|8.207323|-4.9895163|1.1492168
1509515537755|8.6574335|-6.0142345|3.5338416
1509515537887|7.9966335|-5.305551|3.514688
1509515538019|7.6614456|-5.841852|5.631162
1509515538153|7.690176|-6.042965|3.1986535
1509515538286|8.619126|-5.3821654|1.13964
1509515538418|7.7093296|-4.4436383|0.0
1509515538549|8.887277|-4.7979803|2.6623523
1509515538686|8.762778|-5.401319|4.271256
1509515538821|7.431602|-5.0278234|5.3821654
1509515538943|8.379706|-5.3247046|5.094861
1509515539075|10.773908|-5.899313|5.5258174
1509515539207|8.647857|-8.686164|3.2944214
1509515539339|5.851429|-8.90643|-1.5610195
1509515539471|5.861006|-7.6231384|-4.003105
1509515539603|-0.25857377|-9.883265|-3.083732
1509515539737|3.6104562|-13.397953|-0.7278373
1509515539869|9.203311|-13.503298|0.009576807
1509515539999|10.620679|-7.9966335|0.20111294
1509515540134|9.548077|-7.2783732|-1.6376339
1509515540279|11.808203|-11.061212|-1.8483237
1509515540399|9.548077|-15.868769|-1.7238252
1509515540535|4.003105|-12.50731|-2.1643584
1509515540659|0.1340753|-7.0006456|-1.8004397
1509515540798|1.7525556|-9.80665|-3.0358477
1509515540923|5.0661306|-15.868769|0.22984336
1509515541055|13.828909|-12.708423|0.62249243
1509515541187|9.270349|-8.360553|-0.38307226
1509515541319|9.356541|-7.747637|-1.8100165
1509515541452|10.429143|-12.382812|-2.327164
1509515541583|9.165004|-18.061857|-1.3599066
1509515541715|2.2122424|-11.080365|-0.80445176
1509515541849|-0.009576807|-5.765238|-1.8483237
1509515541981|2.2888567|-7.4986396|-3.1028855
1509515542114|9.643845|-12.5264635|-1.6950948
1509515542242|10.25676|-11.042058|1.2641385
1509515542374|6.981492|-9.11712|0.25857377
1509515542507|6.4739213|-9.308656|-0.9672575
1509515542639|11.827356|-8.810662|-0.24899697
1509515542770|11.348516|-11.87524|2.4133554
1509515542903|7.9487495|-17.678785|2.2122424
1509515543036|3.7924154|-11.894394|-0.21068975
1509515543167|4.050989|-9.394848|-0.095768064
1509515543299|-1.5897499|-10.812215|-3.0454245
1509515543431|3.1028855|-14.33648|-1.8387469
1509515543569|9.892841|-17.152061|3.3614593
1509515543699|10.036493|-11.482592|3.7062242
1509515543830|12.430696|-7.9870567|5.305551
1509515543959|12.220005|-16.395493|2.9017725
1509515544091|6.6750345|-18.760965|-1.6280571
1509515544223|3.3806129|-10.381259|-1.7812861
1509515544355|-1.0726024|-8.532935|-1.6567876
1509515544487|0.22984336|-11.473015|-2.9496565
1509515544620|10.362105|-19.000385|-0.4213795
1509515544751|12.152967|-14.623784|4.6926355
1509515544889|9.097966|-8.829816|2.3175871
1509515545019|12.919112|-9.959879|2.681506
1509515545151|11.434708|-17.697939|1.8100165
1509515545284|6.4260373|-16.625336|-0.63206923
1509515545418|3.4380736|-10.170568|0.29688102
1509515545543|-0.009576807|-8.446744|-1.292869
1509515545675|2.0015526|-13.340492|-3.2944214
1509515545807|10.611102|-18.904617|-0.20111294
1509515545940|15.140931|-15.342045|5.765238
1509515546071|11.291056|-8.66701|2.7485435
1509515546203|14.949395|-13.733141|5.353435
1509515546336|9.069236|-18.981232|1.1875241
1509515546471|6.2823853|-14.355634|-0.41180268
1509515546599|3.1986535|-10.362105|0.60333884
1509515546735|-3.7253778|-10.113108|-3.0358477
1509515546871|4.6926355|-17.506403|-2.2505496
1509515547002|13.148955|-19.393034|4.185065
1509515547135|11.099519|-10.275913|4.7022123
1509515547259|14.700398|-10.821792|6.8091097
1509515547391|9.768343|-18.08101|5.3821654
1509515547523|8.724471|-19.13446|2.72939
1509515547655|2.1260512|-13.589489|3.0550013
1509515547787|-2.4229321|-8.207323|-1.0534488
1509515547919|-0.59376204|-11.051635|-4.55856
1509515548053|8.456321|-18.44493|-2.873042
1509515548183|15.667656|-11.492168|1.6376339
1509515548319|10.67814|-6.943185|-0.15322891
1509515548449|11.60709|-10.793061|2.1068976
1509515548582|10.91756|-18.492813|4.9799395
1509515548719|4.501099|-16.615759|4.644751
1509515548843|4.050989|-13.397953|0.21068975
1509515548975|-4.3382936|-12.957419|-3.9839516
1509515549107|4.367024|-18.176779|-2.336741
1509515549239|13.8959465|-17.535133|4.7788267
1509515549371|11.405977|-8.839393|3.5051112
1509515549503|10.5919485|-8.015787|0.51714754
1509515549635|12.919112|-16.146496|1.8100165
1509515549768|9.56723|-19.258959|1.3120226
1509515549899|4.2425256|-14.030022|0.5267244
1509515550030|-1.2162545|-9.050082|-0.8714894
1509515550167|1.1875241|-12.689269|-1.9728222
1509515550297|12.248735|-19.201498|-0.63206923
1509515550427|14.518439|-12.287044|3.8498764
1509515550559|11.511322|-7.8912888|-0.2777274
1509515550691|12.727576|-11.971008|1.3311762
1509515550823|11.089942|-18.588581|1.5993267
1509515550955|5.899313|-16.031574|0.842759
1509515551087|0.9768343|-9.203311|-0.10534488
1509515551220|0.9576807|-9.414001|-3.8498764
1509515551351|4.5202527|-15.1696615|-3.5434184
1509515551483|12.028469|-17.793707|7.632715
1509515551615|9.471462|-10.745177|3.5913026
1509515551751|14.441825|-10.352529|9.260772
1509515551882|9.088389|-17.99482|3.3806129
1509515552013|6.2632318|-17.00841|-0.93852705
1509515552142|4.2425256|-10.429143|-0.4405331
1509515552275|-0.22026655|-9.14585|-2.7868507
1509515552407|2.4037786|-10.658986|-2.7485435
1509515552539|11.089942|-18.693928|3.466804
1509515552671|13.532028|-12.459426|4.7405195
1509515552804|13.120225|-9.260772|3.217807
1509515552937|10.831368|-16.788143|0.82360536
1509515553069|7.5465236|-16.22311|-2.767697
1509515553199|0.9576807|-8.896853|-0.4405331
1509515553337|0.4213795|-8.935161|-3.323152
1509515553469|4.4436383|-14.585477|-0.12449849
1509515553599|10.898406|-17.745823|1.388637
1509515553739|11.358093|-11.980585|5.746084
1509515553859|12.26789|-8.619126|2.777274
1509515553991|13.340492|-15.294161|2.825158
1509515554123|8.734048|-18.454506|-1.2449849
1509515554255|4.185065|-10.668563|0.62249243
1509515554387|6.7229185|-4.912902|0.20111294
1509515554519|9.643845|0.009576807|3.2273839
1509515554651|4.1659107|2.0494366|7.8625584
1509515554783|-4.9224787|0.79487497|9.471462
1509515554918|-4.7979803|1.685518|8.37013
1509515555046|-4.9703627|-0.5650316|7.776367
1509515555179|-2.2697031|-0.08619126|5.5641246
1509515555316|-2.4133554|0.05746084|7.872135
1509515555448|-5.391742|0.2777274|13.206416
1509515555575|-11.099519|-0.5746084|13.311762
1509515555707|-4.855441|1.1013328|-2.135628
1509515555839|0.047884032|-1.5227122|-7.0102224
1509515555971|-7.9008656|-9.165004|-8.580819
1509515556103|-17.458519|-12.26789|-4.1180267
1509515556236|-16.127342|-9.816227|-3.5242648
1509515556367|-15.71554|-1.541866|-8.724471
1509515556499|-13.464991|-1.3790601|-13.560759
1509515556631|-18.435352|-10.802638|-10.275913
1509515556763|-12.172121|-10.984597|-6.1770406
1509515556903|-5.6215854|-7.1251445|-2.0398598
1509515557027|-1.0247183|-7.3645644|-2.4133554
1509515557159|-11.87524|-9.682152|-8.073248
1509515557291|-17.180792|-8.130709|-9.662998
1509515557423|-16.807297|-0.45968673|-7.967903
1509515557555|-14.298173|-1.3215994|-9.548077
1509515557687|-17.219099|-7.9966335|-8.848969
1509515557820|-13.215993|-10.0748005|-5.755661
1509515557951|-4.31914|-6.4739213|-1.541866
1509515558087|-4.271256|-6.703765|-3.6391866
1509515558220|-10.879252|-6.205771|-8.734048
1509515558353|-13.723564|-4.6351743|-7.9104424
1509515558481|-14.12579|0.8810662|-6.2632318
1509515558619|-15.705963|-2.3080103|-7.6710224
1509515558743|-15.035586|-10.065224|-6.483498
1509515558875|-8.7053175|-10.5919485|-5.813122
1509515559007|-3.0358477|-6.2823853|-1.8195933
1509515559140|-8.619126|-4.1276035|-7.603985
1509515559272|-13.426683|-1.3694834|-8.8777
1509515559403|-10.563218|2.4229321|-6.7324953
1509515559535|-12.689269|0.2873042|-7.881712
1509515559669|-9.634268|-4.2042184|-5.602432
1509515559802|-3.4955344|-4.271256|-5.1523223
1509515559931|-2.6910827|-1.9632454|-4.855441
1509515560069|-12.382812|4.1659107|-3.7349546
1509515560199|-9.193734|1.4460979|-3.1794999
1509515560336|-10.381259|-0.8331822|-3.5913026
1509515560459|-10.658986|-0.45010993|-1.5705963
1509515560591|-9.911995|0.63206923|-3.3327289
1509515560723|-8.973468|-0.62249243|-1.982399
1509515560855|-8.66701|-1.5610195|-3.667917
1509515560987|-7.881712|-1.9919758|-4.7500963
1509515561119|-8.39886|-2.0973208|-4.9895163
1509515561251|-7.7667904|-1.8674773|-5.9663506
1509515561387|-7.680599|-2.6048915|-6.38773
1509515561515|-6.205771|-3.4572272|-5.0757074
1509515561647|-6.2728086|-3.371036|-5.535394
1509515561786|-11.109096|0.08619126|-5.8322754
1509515561919|-10.314221|-1.9057846|-5.21936
1509515562043|-7.28795|-5.6886234|-4.4915223
1509515562175|-5.9663506|-4.501099|-6.244078
1509515562307|-4.5394063|-4.2425256|-5.497087
1509515562439|-10.390836|-2.3175871|-10.754754
1509515562571|-8.034941|-1.7046716|-8.66701
1509515562704|-3.9360676|-3.323152|-4.2904096
1509515562835|-2.6240451|-5.5737014|-2.9113493
1509515562966|-13.742718|-9.222465|-4.6160207
1509515563099|-12.899959|-8.0445175|-7.2687964
1509515563237|-11.348516|-4.0892963|-0.94810385
1509515563369|-11.118672|-3.2752678|-4.098873
1509515563495|-7.824251|-3.2273839|-11.137826
1509515563627|-10.936713|-5.267244|-8.101978
1509515563759|-11.769896|-8.197746|-5.3438582
1509515563891|-8.350976|-6.8761473|-4.4723687
1509515564023|-4.3287168|-5.535394|-2.480393
1509515564155|-5.554548|-7.0485296|-5.161899
1509515564287|-10.67814|-7.9583263|-4.596867
1509515564419|-14.403518|-6.14831|-3.4572272
1509515564551|-9.710882|-4.060566|-7.3549876
1509515564687|-9.528923|-4.3478703|-7.8912888
1509515564816|-13.417107|-6.6367273|-5.315128
1509515564947|-16.22311|-11.013328|-6.1004257
1509515565084|-8.916007|-9.241618|-2.27928
1509515565219|-2.9113493|-6.6367273|-3.3806129
1509515565343|-1.4077905|-8.935161|-6.8186865
1509515565475|-17.60217|-14.920665|-5.583278
1509515565607|-16.481684|-9.308656|-0.46926352
1509515565739|-10.927136|-4.9224787|-1.7812861
1509515565871|-11.9614315|-1.5705963|-9.452309
1509515566004|-11.281479|-5.21936|-9.481039
1509515566138|-17.448942|-12.143391|-7.52737
1509515566269|-9.739613|-11.473015|-4.510676
1509515566399|-2.6910827|-7.479486|-2.6527755
1509515566531|-4.510676|-9.069236|-4.185065
1509515566667|-14.298173|-13.311762|-6.4643445
1509515566799|-18.626888|-9.883265|-4.405331
1509515566927|-10.802638|-3.3135753|-8.0924015
1509515567059|-13.311762|-2.6719291|-9.605537
1509515567191|-15.935806|-12.363658|-6.1387334
1509515567323|-12.966996|-12.181698|-5.171476
1509515567455|-8.686164|-8.025364|-1.8962077
1509515567587|-0.842759|-7.8912888|-2.4995465
1509515567719|-6.8282633|-11.473015|-7.795521
1509515567851|-16.989256|-14.240712|-8.1402855
1509515567986|-16.108189|-4.673482|-3.7062242
1509515568115|-12.133814|-1.1971009|-7.9966335
1509515568249|-14.662091|-4.951209|-8.7532015
1509515568386|-15.016433|-13.982138|-7.3549876
1509515568512|-9.433155|-9.911995|-4.6160207
1509515568643|-4.5872903|-6.8091097|-1.685518
1509515568775|-0.46926352|-9.988609|-3.3423057
1509515568907|-11.597513|-12.191275|-9.136273
1509515569039|-18.55985|-7.4986396|-7.335834
1509515569172|-12.53604|-1.4269443|-6.9623384
1509515569304|-13.22557|-1.8866309|-9.452309
1509515569438|-16.970102|-12.919112|-8.389283
1509515569567|-12.095507|-12.469003|-5.9567738
1509515569704|-5.554548|-7.144298|-3.083732
1509515569836|1.934515|-9.816227|-2.633622
1509515569968|-12.765883|-13.694834|-7.651869
1509515570099|-19.000385|-11.415554|-7.3166804
1509515570227|-13.541605|-4.7979803|-4.1371803
1509515570359|-14.987702|-0.641646|-6.6367273
1509515570491|-18.492813|-10.994174|-8.42759
1509515570623|-15.964537|-15.370775|-7.6614456
1509515570755|-11.061212|-10.218452|-4.232949
1509515570887|-1.1109096|-8.389283|-1.5993267
1509515571019|-3.2944214|-11.674128|-5.363012
1509515571153|-18.042704|-17.171215|-9.289502
1509515571283|-19.000385|-8.322245|-5.1810527
1509515571415|-13.206416|-1.5610195|-6.3781533
1509515571549|-16.79772|-6.6271505|-6.83784
1509515571687|-19.019539|-15.658079|-6.9527617
1509515571819|-15.08347|-14.058752|-5.765238
1509515571943|-6.1004257|-8.255207|-0.7469909
1509515572075|3.9264908|-9.835381|-4.6830587
1509515572207|-14.566323|-15.648502|-8.734048
1509515572339|-19.10573|-14.853627|-6.1004257
1509515572471|-13.733141|-6.4739213|-3.7732618
1509515572606|-17.496826|-0.90979666|-8.054094
1509515572736|-18.722658|-12.076353|-7.393295
1509515572869|-17.190369|-16.587029|-7.0581064
1509515572999|-9.509769|-9.260772|-2.6527755
1509515573137|-1.8962077|-8.00621|-2.1452048
1509515573269|-1.043872|-11.836933|-2.6048915
1509515573399|-17.745823|-18.2917|-9.624691
1509515573526|-18.732235|-9.883265|-4.4915223
1509515573659|-13.484144|-1.340753|-9.299079
1509515573791|-15.428236|-6.789956|-8.207323
1509515573923|-19.019539|-15.342045|-6.694188
1509515574055|-13.072341|-14.135366|-4.903325
1509515574187|-4.4436383|-7.603985|-0.50757074
1509515574319|-4.759673|3.1028855|-0.31603462
1509515574451|-6.83784|6.4164605|8.935161
1509515574583|-2.0398598|1.8291701|8.848969
1509515574715|3.1411927|2.0494366|9.481039
1509515574855|2.0973208|4.2999864|10.850522
1509515574988|-1.1875241|3.0358477|11.798626
1509515575119|-1.6950948|1.982399|7.8912888
1509515575243|-1.3311762|3.7828386|7.383718
1509515575375|-4.462792|3.5338416|7.1059904
1509515575507|-5.056554|1.8291701|10.888829
1509515575639|-2.231396|2.5761611|9.289502
1509515575772|1.2354081|3.7062242|7.920019
1509515575903|1.5131354|4.8937483|9.481039
1509515576037|1.2066777|4.3287168|10.553641
1509515576172|-2.3654714|2.681506|7.833828
1509515576299|-2.2888567|3.5625722|6.493075
1509515576433|-3.2848446|4.711789|7.1634517
1509515576567|-3.6296098|4.999093|10.218452
1509515576699|-3.2944214|3.9456444|6.789956
1509515576827|-0.45010993|4.3766007|6.694188
1509515576959|0.0|5.6407394|7.785944
1509515577091|-0.10534488|6.196194|9.691729
1509515577223|0.24899697|4.8937483|9.892841
1509515577355|-1.733402|4.003105|6.435614
1509515577487|-2.2218192|5.1140146|6.1866174
1509515577620|-3.572149|4.5872903|3.5434184
1509515577751|-7.5082164|-1.8674773|0.08619126
1509515577887|-11.57836|-14.690822|-0.25857377
1509515578015|-15.073894|-18.665197|3.6774938
1509515578157|-15.753847|-12.133814|1.8291701
1509515578287|-18.511967|-4.548983|3.9360676
1509515578410|-14.5759|-16.318878|1.9440918
1509515578543|-13.330915|-18.713081|-0.37349546
1509515578675|-7.029376|-11.204864|0.6512229
1509515578807|0.7565677|-8.42759|-2.4899697
1509515578939|-2.3654714|-9.950302|-3.6487634
1509515579071|-15.495274|-18.425776|0.58418524
1509515579203|-18.598158|-12.6222315|1.1779473
1509515579337|-16.960526|-5.5641246|-2.2026656
1509515579469|-15.466543|-11.36767|0.45968673
1509515579599|-14.5759|-18.013973|1.3120226
1509515579737|-8.848969|-14.4130945|0.91937345
1509515579869|-4.0414124|-9.193734|0.90979666
1509515579998|1.2545617|-11.722012|-4.596867
1509515580127|-14.18325|-18.713081|-1.0821792
1509515580259|-16.443377|-14.949395|1.1587936
1509515580391|-13.599066|-7.536947|-3.1316159
1509515580523|-15.437813|-10.28549|-1.7812861
1509515580655|-14.729129|-17.30529|0.842759
1509515580788|-13.64695|-18.579004|1.4460979
1509515580919|-5.3821654|-9.414001|-0.4405331
1509515581051|-6.3781533|3.0454245|0.62249243
1509515581188|-3.8498764|4.9799395|5.046977
1509515581316|-3.016694|4.2999864|5.851429
1509515581454|0.21068975|5.209783|8.523358
1509515581587|-0.35434186|6.981492|7.3166804
1509515581717|-0.38307226|6.5696893|9.021352
1509515581843|-1.2737153|4.6926355|8.00621
1509515581975|-1.9919758|5.449203|5.2385135
1509515582107|-2.5091233|5.803545|6.3685765
1509515582239|-4.405331|4.7022123|3.514688
1509515582371|-10.352529|-9.940725|-3.3327289
1509515582503|-13.905523|-18.511967|2.0207062
1509515582636|-18.013973|-17.266983|2.1068976
1509515582772|-16.366762|-9.509769|3.4284968
1509515582899|-18.981232|-5.2863975|0.5746084
1509515583036|-13.9917145|-18.26297|0.009576807
1509515583169|-11.358093|-16.864758|0.11492168
1509515583299|-5.315128|-10.486604|0.48841715
1509515583427|2.0015526|-8.025364|-4.185065
1509515583559|-8.264784|-15.035586|-1.0630256
1509515583691|-13.723564|-18.607735|0.45010993
1509515583823|-15.428236|-11.109096|1.1683705
1509515583955|-14.614207|-6.751649|-4.8937483
1509515584087|-14.690822|-13.982138|-0.81402856
1509515584219|-14.403518|-19.019539|0.78529817
1509515584354|-8.169016|-14.796166|0.11492168
1509515584486|0.90021986|-7.4986396|-1.9057846
1509515584615|-1.685518|-10.869676|-2.6048915
1509515584749|-14.422671|-18.08101|0.06703765
1509515584887|-17.30529|-11.587936|2.0398598
1509515585011|-12.29662|-6.6750345|-2.087744
1509515585143|-13.876793|-8.475474|-2.5187001
1509515585275|-13.953407|-13.828909|-0.06703765
1509515585407|-12.564771|-15.456966|0.4309563
1509515585539|-3.86903|-8.6574335|-0.641646
1509515585671|-0.25857377|-6.9623384|-1.4556746
1509515585803|-4.7884035|-11.224017|-2.7102363
1509515585937|-14.106636|-18.770542|1.9728222
1509515586069|-16.318878|-11.405977|4.098873
1509515586199|-11.722012|-8.274361|-3.5051112
1509515586338|-16.615759|-9.442732|-2.7102363
1509515586470|-14.432248|-18.310854|-0.31603462
1509515586598|-6.943185|-13.666103|-0.5554548
1509515586727|-0.076614454|-8.264784|-1.7429788
1509515586859|0.61291564|-9.720459|-2.480393
1509515586991|-13.43626|-18.416199|-2.0494366
1509515587123|-17.84159|-14.374787|2.4708161
1509515587255|-11.36767|-8.896853|0.15322891
1509515587387|-16.338032|-7.795521|-1.6950948
1509515587519|-13.962984|-17.06587|1.1779473
1509515587651|-11.84651|-18.2917|0.9959879
1509515587783|-5.085284|-10.869676|0.50757074
1509515587915|1.934515|-8.829816|-1.9632454
1509515588055|-9.797073|-17.51598|-0.6512229
1509515588187|-14.987702|-19.34515|0.8523358
1509515588319|-15.74427|-11.894394|0.33518824
1509515588443|-14.164097|-7.967903|-3.4763808
1509515588575|-14.068329|-13.292608|-0.22984336
1509515588707|-14.077906|-18.847157|1.0726024
1509515588839|-6.588843|-13.752295|0.24899697
1509515588971|-0.10534488|-8.599973|-1.0534488
1509515589103|0.6895301|-14.365211|-2.0973208
1509515589235|-15.629349|-19.077|-1.3599066
1509515589370|-17.171215|-15.907076|0.47884035
1509515589504|-12.612655|-7.2209125|-5.602432
1509515589636|-13.685257|-11.18571|-1.8866309
1509515589769|-14.326903|-17.774553|1.3599066
1509515589899|-9.854534|-16.596605|0.6703765
1509515590027|-4.721366|-10.745177|0.39264908
1509515590159|1.7429788|-8.00621|-2.1260512
1509515590291|-10.879252|-17.554287|-0.90021986
1509515590423|-16.510414|-19.40261|0.90979666
1509515590555|-13.120225|-10.754754|-0.8619126
1509515590687|-14.15452|-7.52737|-5.00867
1509515590819|-14.853627|-14.78659|-0.48841715
1509515590956|-14.173674|-19.383457|1.3024458
1509515591084|-7.7093296|-15.2367|0.90979666
1509515591219|-0.61291564|-10.208876|-1.3120226
1509515591349|-1.484405|-14.5567465|-2.6240451
1509515591483|-16.089035|-19.096153|-0.41180268
1509515591619|-19.191921|-17.219099|3.572149
1509515591743|-11.664551|-8.743625|-4.1180267
1509515591875|-16.615759|-10.113108|-4.309563
1509515592007|-15.696386|-19.029116|1.3503298
1509515592139|-9.586384|-17.889475|-0.009576807
1509515592271|-4.3478703|-10.936713|-0.58418524
1509515592403|3.4859576|-11.760319|-3.8402996
1509515592535|-14.279019|-18.607735|-1.4077905
1509515592667|-18.904617|-19.067423|-0.038307227
1509515592799|-13.330915|-9.643845|-3.86903
1509515592939|-16.481684|-8.00621|-4.6255975
1509515593069|-14.384364|-18.464083|0.17238252
1509515593199|-11.18571|-18.828003|0.30645782
1509515593329|-6.1387334|-12.152967|0.51714754
1509515593459|1.7046716|-8.379706|-1.8674773
1509515593591|-4.261679|-15.418659|-3.9073372
1509515593723|-16.510414|-19.182344|-1.1013328
1509515593855|-16.970102|-12.670115|-0.35434186
1509515593987|-15.121778|-7.422025|-5.583278
1509515594119|-15.370775|-14.480132|-2.7389667
1509515594254|-13.752295|-19.364304|0.8714894
1509515594383|-7.9870567|-14.891934|0.1340753
1509515594519|2.767697|-9.346964|-3.821146
1509515594654|-2.3463178|-14.595054|-4.606444
1509515594788|-16.242264|-19.096153|-0.9864111
1509515594919|-17.563864|-13.551182|1.043872
1509515595043|-11.884817|-8.197746|-3.715801
1509515595175|-15.993267|-10.0269165|-4.405331
1509515595307|-14.805743|-18.875887|0.11492168
1509515595439|-10.180145|-18.176779|-0.1340753
1509515595571|-4.817134|-10.5919485|-0.095768064
1509515595706|4.098873|-8.839393|-4.4340615
1509515595835|-9.279925|-17.219099|-1.9728222
1509515595967|-18.885464|-17.99482|1.982399
1509515596099|-12.172121|-11.21444|-1.9919758
1509515596231|-16.606182|-6.5601125|-4.596867
1509515596369|-14.432248|-17.353174|-0.62249243
1509515596499|-12.287044|-19.191921|0.62249243
1509515596627|-7.3645644|-13.8959465|-0.047884032
1509515596759|1.8387469|-8.66701|-1.0247183
1509515596891|-0.7182605|-12.737153|-3.2369606
1509515597023|-13.244724|-18.751389|-0.62249243
1509515597155|-17.946936|-13.656527|-0.29688102
1509515597288|-13.005303|-8.073248|-5.9567738
1509515597419|-14.346057|-15.006856|-1.388637
1509515597554|-14.54717|-19.13446|1.3120226
1509515597688|-9.32781|-17.132908|0.22984336
1509515597819|-2.1643584|-9.136273|-0.48841715
1509515597949|2.4995465|-10.630256|-4.5394063
1509515598087|-11.81778|-17.937359|-2.5378537
1509515598211|-18.780119|-17.621325|2.7485435
1509515598343|-12.354081|-10.457873|-2.6527755
1509515598475|-16.960526|-10.036493|-3.8115692
1509515598607|-15.2367|-18.406622|-0.32561144
1509515598739|-10.745177|-18.646044|-0.40222588
1509515598871|-3.620033|-9.816227|-0.20111294
1509515599004|2.9975405|-8.255207|-2.767697
1509515599137|-6.3781533|-15.093047|-2.336741
1509515599269|-18.061857|-18.92377|-0.45968673
1509515599399|-15.773001|-10.0269165|-2.6527755
1509515599537|-16.663643|-5.7843914|-4.5394063
1509515599670|-14.930242|-17.458519|-1.5227122
1509515599799|-11.453861|-18.847157|-0.7661445
1509515599927|-1.8866309|-10.582372|-2.1930888
1509515600059|3.4476504|-8.121132|-1.3024458
1509515600191|-4.8362875|-14.4609785|-2.681506
1509515600323|-18.128895|-18.483236|-1.2258313
1509515600455|-14.738706|-10.7356|0.1436521
1509515600587|-16.472107|-4.654328|-2.5474305
1509515600719|-13.924677|-12.890382|-1.7717092
1509515600851|-12.813767|-18.368315|-1.436521
1509515600988|-7.469909|-11.999739|-0.20111294
1509515601120|0.8619126|-8.561666|-1.3599066
1509515601254|0.076614454|-12.373235|-3.715801
1509515601383|-13.733141|-19.153614|-2.2122424
1509515601519|-17.659632|-14.987702|-0.6607997
1509515601643|-15.016433|-5.9280434|-2.6240451
1509515601775|-14.719552|-12.038046|-2.2601264
1509515601907|-14.5759|-18.646044|-0.20111294
1509515602039|-9.643845|-17.410635|-0.40222588
1509515602171|-2.566584|-10.093954|1.3694834
1509515602303|2.5474305|-9.490616|-2.5091233
1509515602438|-9.030929|-15.437813|-4.3287168
1509515602567|-15.246277|-17.669209|-1.8866309
1509515602704|-16.548721|-9.030929|-2.9592333
1509515602838|-15.74427|-8.255207|-3.3997664
1509515602969|-13.857639|-16.098612|-0.78529817
1509515603099|-11.884817|-18.83758|-0.545878
1509515603227|0.095768064|-10.831368|-0.9959879
1509515603359|2.1547816|-10.726024|-4.405331
1509515603491|-10.275913|-18.224663|-2.4899697
1509515603623|-15.725117|-18.042704|0.1340753
1509515603755|-15.08347|-8.101978|1.1492168
1509515603887|-15.935806|-7.4028716|-2.9400797
1509515604019|-14.470555|-16.261417|-0.4405331
1509515604151|-13.081918|-19.009962|-0.009576807
1509515604288|-8.111555|-11.932701|2.3942018
1509515604419|-3.9839516|-5.0374002|0.90021986
1509515604549|-9.011775|3.9073372|4.6160207
1509515604688|-1.8100165|4.3287168|6.6654577
1509515604819|1.1204864|3.323152|9.289502
1509515604943|2.087744|4.098873|8.504205
1509515605075|0.6607997|2.6431987|10.342952
1509515605207|-1.6376339|2.5570073|6.991069
1509515605339|-2.4612393|3.323152|9.011775
1509515605471|-4.1180267|3.3518825|8.963891
1509515605603|-3.1890767|2.1452048|10.04607
1509515605735|-0.6607997|2.4516625|7.833828
1509515605868|-0.08619126|3.3327289|8.935161
1509515606006|-0.37349546|3.7828386|9.184157
