1509508652130|-1.4173675|5.851429|6.0621185
1509508652259|-3.715801|7.422025|8.714894
1509508652390|-1.9057846|5.161899|9.078813
1509508652522|-0.8619126|3.8307228|5.5737014
1509508652663|0.49799395|5.5258174|4.012682
1509508652786|8.39886|-6.167464|-4.0318356
1509508652919|16.912642|-17.96609|0.7182605
1509508653050|19.124884|-17.899052|11.099519
1509508653182|19.55584|-6.244078|7.422025
1509508653314|18.914194|-13.177686|4.817134
1509508653446|10.180145|-19.13446|-2.3558946
1509508653578|4.673482|-16.49126|-0.05746084
1509508653710|1.388637|-18.521544|3.4955344
1509508653842|11.865664|-18.272547|0.6703765
1509508653977|17.669209|-15.562311|0.7565677
1509508654108|19.268536|-6.1100025|5.449203
1509508654243|18.44493|-16.49126|3.6487634
1509508654373|12.411542|-19.28769|0.19153613
1509508654502|5.7843914|-15.725117|1.4460979
1509508654634|-4.0797195|-17.496826|2.231396
1509508654766|14.202404|-19.507956|0.7182605
1509508654898|19.019539|-15.8304615|5.209783
1509508655030|17.286137|-6.5026517|5.353435
1509508655163|18.550274|-17.611748|6.301539
1509508655294|10.333375|-19.096153|0.61291564
1509508655426|7.297527|-15.667656|0.41180268
1509508655567|-1.3024458|-17.468096|0.7565677
1509508655690|13.800179|-19.393034|0.45010993
1509508655826|18.148048|-14.518439|6.033388
1509508655954|17.946936|-6.205771|7.019799
1509508656086|18.167202|-17.027563|5.449203
1509508656218|12.066776|-19.488802|-0.7757214
1509508656350|-0.18195933|-16.711529|0.1340753
1509508656482|-0.9864111|-17.697939|-1.1300632
1509508656617|14.81532|-19.517532|-0.095768064
1509508656746|19.057846|-15.322891|0.59376204
1509508656878|19.58457|-6.0046577|1.2258313
1509508657017|18.425776|-17.621325|0.79487497
1509508657142|10.726024|-18.722658|1.0534488
1509508657274|2.4037786|-15.217546|1.6950948
1509508657414|-0.5363012|-17.870321|-4.4244847
1509508657546|13.541605|-19.431341|1.3503298
1509508657670|17.870321|-12.555194|6.349423
1509508657802|18.339584|-5.4300494|4.453215
1509508657934|17.99482|-18.607735|0.7086837
1509508658068|11.760319|-19.450495|-0.45010993
1509508658198|-3.2465374|-15.045163|-1.4460979
1509508658330|5.3438582|-18.310854|-2.7485435
1509508658462|17.764977|-19.479225|1.6472107
1509508658594|18.885464|-12.277467|4.003105
1509508658726|19.517532|-8.868123|2.7868507
1509508658859|18.904617|-18.330008|-0.095768064
1509508658990|8.590396|-18.693928|0.4213795
1509508659126|-7.422025|-15.98369|-1.7046716
1509508659256|6.3685765|-18.86631|-2.633622
1509508659386|18.828003|-19.565416|0.45968673
1509508659518|18.646044|-9.442732|4.501099
1509508659650|19.507956|-8.465898|5.1140146
1509508659787|16.510414|-18.962078|0.1340753
1509508659914|8.590396|-18.521544|0.22984336
1509508660046|-5.9759274|-16.050728|-2.3463178
1509508660178|11.128249|-19.172768|-1.1875241
1509508660310|18.751389|-19.565416|2.930503
1509508660450|16.82645|-7.8050976|4.405331
1509508660574|19.325996|-10.199299|5.45878
1509508660716|18.138472|-18.65562|-1.982399
1509508660846|8.7532015|-17.171215|-0.095768064
1509508660971|-10.228029|-16.290148|0.79487497
1509508661104|13.694834|-19.393034|-0.90021986
1509508661234|19.009962|-19.13446|-0.35434186
1509508661366|17.448942|-7.680599|0.45010993
1509508661500|19.507956|-13.599066|0.5267244
1509508661630|18.492813|-19.000385|1.1683705
1509508661762|10.572795|-18.684351|1.0342951
1509508661894|-8.532935|-16.242264|2.183512
1509508662026|7.776367|-19.153614|-1.6089035
1509508662158|18.914194|-18.722658|-0.038307227
1509508662290|17.84159|-7.824251|-1.2066777
1509508662426|19.431341|-8.599973|0.1340753
1509508662554|17.286137|-19.038692|1.9536686
1509508662686|9.404425|-18.770542|0.8523358
1509508662818|-8.839393|-16.807297|2.0207062
1509508662950|10.295067|-19.31642|-1.1683705
1509508663082|18.26297|-18.818426|-2.384625
1509508663214|19.546263|-5.00867|-0.038307227
1509508663346|19.603724|-14.968549|4.8841715
1509508663478|19.603724|-19.13446|4.271256
1509508663610|0.21068975|-19.211075|3.074155
1509508663743|-12.315774|-18.349161|-0.58418524
1509508663874|11.022904|-19.479225|-1.9728222
1509508664014|19.191921|-18.253393|6.0142345
1509508664146|15.361198|-9.5385|4.6830587
1509508664270|19.40261|-15.95496|4.098873
1509508664402|13.292608|-19.239805|-2.2409728
1509508664534|7.3071036|-17.956512|-1.3215994
1509508664666|-4.2425256|-18.550274|0.8619126
1509508664798|13.129802|-19.498379|-0.20111294
1509508664930|18.856733|-17.764977|-0.62249243
1509508665062|19.13446|-4.4723687|0.34476504
1509508665194|19.55584|-14.192827|-0.6703765
1509508665326|14.920665|-19.354727|1.436521
1509508665458|0.30645782|-18.253393|0.62249243
1509508665596|-6.1004257|-15.418659|0.095768064
1509508665726|15.840038|-19.325996|-2.4995465
1509508665854|19.230228|-14.566323|0.2777274
1509508665987|17.630901|-4.6160207|-2.6719291
1509508666118|18.138472|-13.551182|-0.93852705
1509508666250|10.084377|-18.20551|-1.4460979
1509508666382|-1.9632454|-12.0571995|-0.047884032
1509508666514|2.2601264|-14.719552|-2.0015526
1509508666646|11.386824|-16.82645|-4.7022123
1509508666784|17.927782|-6.9240313|-1.7238252
1509508666910|15.342045|-5.4779334|-1.1013328
1509508667042|18.186356|-13.560759|-1.7908629
1509508667175|8.130709|-15.370775|0.31603462
1509508667316|-0.038307227|-11.032481|-2.9400797
1509508667446|3.4380736|-15.514427|-0.2681506
1509508667572|15.543158|-18.23424|-2.7006595
1509508667702|18.26297|-8.255207|-1.5514427
1509508667834|14.60463|-5.2959743|-1.13964
1509508667966|18.310854|-14.949395|-1.5035586
1509508668098|8.839393|-15.667656|0.2777274
1509508668230|1.8674773|-12.152967|-2.030283
1509508668362|-0.82360536|-17.429789|0.545878
1509508668494|16.136919|-18.397045|-2.6240451
1509508668628|17.152061|-8.829816|-0.019153614
1509508668758|13.005303|-5.410896|-2.9783869
1509508668890|17.621325|-16.989256|-0.7182605
1509508669029|8.236053|-17.295713|0.16280572
1509508669154|1.8770541|-13.129802|-0.90979666
1509508669286|1.9249382|-17.209522|-1.1779473
1509508669418|14.81532|-19.364304|-1.1971009
1509508669550|18.684351|-8.695741|2.078167
1509508670065|18.904617|-6.7324953|0.48841715
1509508670210|-0.6512229|-16.146496|-2.4708161
1509508670342|16.299725|-19.440918|-3.3423057
1509508670476|18.789696|-8.571242|-2.4229321
1509508670607|18.358738|-7.431602|-3.6966474
1509508670746|15.514427|-15.763424|-1.436521
1509508670873|9.289502|-14.144943|-0.19153613
1509508671002|1.6184803|-10.764331|-0.5650316
1509508671137|0.41180268|-14.211981|-1.8004397
1509508671266|9.624691|-15.035586|-2.8443117
1509508671398|18.23424|-9.883265|-0.8714894
1509508671530|15.275007|-5.1810527|-3.8498764
1509508671665|16.76899|-13.838486|-3.0550013
1509508671794|9.634268|-13.713987|0.25857377
1509508671926|8.360553|-11.377247|0.79487497
1509508672059|8.111555|-4.367024|-5.90889
1509508672190|8.963891|0.81402856|-4.7884035
1509508672326|2.882619|4.6255975|5.2959743
1509508672455|-0.41180268|3.8594532|13.081918
1509508672586|-0.9864111|-0.82360536|10.448297
1509508672718|1.0055647|-0.5746084|5.9759274
1509508672850|0.32561144|3.2369606|7.6135616
1509508672982|-1.3694834|4.8841715|12.545617
1509508673114|-6.042965|1.3311762|9.77792
1509508673246|2.5761611|-4.510676|-3.8977604
1509508673378|0.93852705|-8.820239|-7.776367
1509508673510|-17.24783|-18.387468|-4.817134
1509508673642|-17.60217|-11.664551|-5.0374002
1509508673776|-14.480132|-3.1890767|-8.896853
1509508673910|-18.607735|-0.18195933|-13.263878
1509508674046|-19.440918|-15.562311|-14.116213
1509508674170|-13.417107|-14.5567465|-5.544971
1509508674302|-6.579266|-10.6877165|-2.9496565
1509508674434|2.9879637|-10.084377|-2.3080103
1509508674566|-15.868769|-18.722658|-6.847417
1509508674698|-19.239805|-16.069881|-5.7748146
1509508674830|-19.325996|-1.8291701|-7.5082164
1509508674962|-19.58457|-10.323798|-9.251195
1509508675094|-18.397045|-18.569427|-7.785944
1509508675226|-10.994174|-14.202404|-4.414908
1509508675359|3.1028855|-12.641385|-1.1492168
1509508675496|-6.943185|-17.343597|-5.602432
1509508675629|-18.626888|-19.421764|-6.196194
1509508675754|-19.144037|-9.3661175|-5.171476
1509508675886|-19.488802|-2.5570073|-9.5385
1509508676018|-18.540697|-18.243816|-4.999093
1509508676151|-15.543158|-18.674774|-4.3478703
1509508676282|-4.1180267|-8.322245|-2.1452048
1509508676414|-4.759673|3.371036|1.8962077
1509508676546|-2.3750482|4.0414124|6.8282633
1509508676678|0.6895301|3.8402996|9.787497
1509508676810|1.1971009|3.5051112|12.124237
1509508676942|-1.6950948|1.3215994|8.63828
1509508677074|-3.2273839|2.72939|4.3382936
1509508677214|-8.7053175|4.8937483|5.056554
1509508677346|-10.726024|-7.9008656|8.781932
1509508677471|-2.5761611|-4.405331|10.160992
1509508677602|-1.7717092|-1.733402|12.74673
1509508677734|-9.481039|-0.41180268|16.347609
1509508677866|-10.113108|-1.8579005|6.6846113
1509508678001|-5.363012|0.24899697|-1.0151415
1509508678130|-2.0494366|-9.787497|-4.6351743
1509508678262|-15.26543|-18.243816|-2.920926
1509508678400|-16.280571|-13.579912|0.41180268
1509508678526|-15.74427|-9.251195|0.62249243
1509508678666|-18.674774|-5.3725886|-0.82360536
1509508678790|-17.717093|-18.186356|-4.0318356
1509508678926|-10.553641|-17.764977|-0.7374141
1509508679054|-4.0892963|-11.243171|-0.8523358
1509508679186|2.1452048|-13.101071|-2.2122424
1509508679318|-14.595054|-18.885464|-5.363012
1509508679450|-19.13446|-15.342045|-4.2521024
1509508679582|-19.536686|-6.14831|-4.098873
1509508679714|-19.536686|-14.777013|-2.6431987
1509508679846|-12.287044|-19.258959|-0.2777274
1509508679978|-9.844957|-15.361198|-0.9768343
1509508680110|4.7405195|-12.98615|2.5953147
1509508680242|-7.153875|-18.50239|-4.5872903
1509508680381|-17.468096|-19.498379|-2.2505496
1509508680514|-19.517532|-7.9104424|-4.0701427
1509508680638|-19.603724|-11.070788|-5.90889
1509508680770|-15.811308|-18.741812|-2.336741
1509508680902|-7.192182|-16.472107|-1.1204864
1509508681034|2.2505496|-11.415554|1.283292
1509508681166|-1.6663644|-16.79772|-1.7142484
1509508681298|-16.615759|-19.479225|-3.0071173
1509508681430|-19.31642|-15.255854|-2.3463178
1509508681562|-19.603724|-7.9104424|-3.4572272
1509508681696|-17.401058|-18.195932|-2.2888567
1509508681826|-11.310209|-19.220652|-2.0111294
1509508681958|-3.86903|-13.43626|-1.0726024
1509508682096|5.765238|-15.907076|-2.0398598
1509508682227|-15.47612|-19.230228|-7.6135616
1509508682354|-19.421764|-14.528016|-2.5761611
1509508682486|-19.40261|-5.1140146|-3.3327289
1509508682618|-19.31642|-17.927782|-3.763685
1509508682750|-13.713987|-19.440918|-1.9440918
1509508682882|-9.433155|-15.524004|-2.0590134
1509508683014|9.548077|-14.796166|1.8004397
1509508683146|-10.505757|-18.875887|-7.393295
1509508683284|-18.693928|-19.536686|-6.933608
1509508683410|-17.899052|-11.836933|-2.8538885
1509508683542|-19.40261|-4.9703627|-1.484405
1509508683676|-19.603724|-18.646044|-5.45878
1509508683812|-13.388376|-19.507956|-2.3942018
1509508683938|-7.8625584|-14.403518|-0.9959879
1509508684070|9.126697|-7.249643|0.7469909
1509508684202|-3.5051112|-12.842498|-5.9663506
1509508684334|-16.031574|-14.4130945|12.919112
1509508684466|-10.400413|-4.1371803|10.620679
1509508684598|-10.879252|-6.895301|7.632715
1509508684730|-10.850522|-11.3964|15.792154
1509508684862|-6.9240313|-9.021352|3.9552212
1509508684994|4.711789|-7.335834|-1.1013328
1509508685126|-5.056554|-17.104177|-4.3478703
1509508685258|-18.004396|-19.354727|-10.208876
1509508685394|-18.693928|-18.02355|-4.414908
1509508685532|-13.40753|-8.580819|-2.1930888
1509508685654|-18.780119|-2.9783869|-1.3790601
1509508685786|-19.335573|-16.050728|-10.553641
1509508685918|-18.042704|-19.249382|-11.693281
1509508686050|-9.921572|-16.117765|-7.5465236
1509508686182|3.074155|-12.50731|0.8619126
1509508686314|-2.3080103|-16.184803|-8.810662
1509508686446|-16.721106|-19.412188|-8.647857
1509508686578|-19.325996|-15.093047|-4.606444
1509508686710|-19.335573|-3.8115692|-4.309563
1509508686842|-19.603724|-10.97502|-6.129156
1509508686974|-15.619772|-18.732235|-11.645397
1509508687113|-8.868123|-15.773001|-7.4603324
1509508687238|4.5202527|-13.321339|-2.480393
1509508687370|-7.690176|-17.563864|-10.46745
1509508687502|-16.970102|-18.368315|-2.585738
1509508687634|-18.425776|-7.0964136|-4.7500963
1509508687766|-19.364304|-0.6991069|-3.9839516
1509508687898|-19.239805|-16.069881|-8.63828
1509508688030|-13.9151|-18.243816|-6.1195793
1509508688167|-7.603985|-14.231135|-5.391742
1509508688295|4.367024|-18.215086|-2.566584
1509508688426|-16.596605|-19.469648|-9.260772
1509508688558|-18.722658|-15.361198|-2.882619
1509508688690|-18.224663|-5.506664|-3.4476504
1509508688831|-19.412188|-8.111555|-4.6160207
1509508688954|-16.46253|-18.952501|-7.1251445
1509508689086|-10.802638|-18.358738|-4.2521024
1509508689218|-3.0550013|-14.480132|-3.0071173
1509508689350|-3.323152|-18.425776|-6.646304
1509508689482|-14.690822|-19.488802|-8.494628
1509508689614|-18.86631|-15.437813|-1.436521
1509508689746|-19.412188|-4.261679|1.7908629
1509508689878|-19.594147|-14.671668|-1.6089035
1509508690013|-13.819332|-19.37388|-5.707777
1509508690146|-8.896853|-15.399506|-4.5681367
1509508690274|4.7500963|-13.263878|-1.4556746
1509508690415|-10.898406|-18.770542|-7.4986396
1509508690538|-18.483236|-19.52711|-4.271256
1509508690670|-18.80885|-10.879252|-1.1683705
1509508690803|-19.460072|-3.8402996|0.7757214
1509508690934|-19.603724|-16.615759|-6.5026517
1509508691066|-11.865664|-19.220652|-4.8937483
1509508691198|-5.592855|-14.499286|-4.759673
1509508691330|6.301539|-14.968549|-0.7278373
1509508691462|-13.924677|-19.31642|-8.686164
1509508691594|-18.83758|-19.230228|-2.3654714
1509508691726|-18.05228|-7.6614456|-0.93852705
1509508691858|-19.52711|-7.383718|1.685518
1509508691994|-19.220652|-18.128895|-7.249643
1509508692126|-11.645397|-15.466543|-5.0278234
1509508692255|-7.8146744|-8.647857|-2.5953147
1509508692386|-8.6095495|-0.51714754|-6.081272
1509508692518|2.2984335|2.4899697|2.8060043
1509508692650|0.9672575|1.5610195|6.703765
1509508692782|-0.20111294|6.2728086|8.628703
1509508692914|1.340753|3.074155|13.589489
1509508693046|-2.681506|1.7525556|7.5465236
1509508693178|-2.3175871|4.6351743|2.6719291
1509508693313|-5.3438582|1.1013328|5.861006
1509508693442|-8.628703|-4.309563|16.031574
1509508693583|-2.1068976|-1.1875241|7.1347213
1509508693715|-4.462792|-0.047884032|3.715801
1509508693838|-0.15322891|-9.797073|8.954314
1509508693970|6.8282633|-18.703505|9.825804
1509508694102|-4.4340615|-18.061857|2.7581203
1509508694234|-16.385916|-6.885724|-3.2273839
1509508694366|-18.033127|-3.4572272|-0.21068975
1509508694498|-8.676587|-7.192182|10.007763
1509508694630|-3.6487634|-2.72939|-0.6895301
1509508694762|-4.55856|-2.96881|5.00867
1509508694897|-12.545617|-7.872135|17.659632
1509508695026|-8.801085|-10.515334|-4.2042184
1509508695158|-1.4652514|0.11492168|-10.295067
1509508695296|-9.356541|-6.83784|5.7365074
1509508695433|-14.18325|-8.24563|14.662091
1509508695554|-6.799533|-4.9224787|5.3342814
1509508695708|-2.4899697|-1.292869|-0.91937345
1509508695818|-2.7389667|-4.1276035|12.909535
1509508695950|-5.985504|-5.9759274|17.793707
1509508696082|-4.7979803|-1.4748282|5.6120086
1509508696214|-3.5338416|-0.33518824|4.8458643
1509508696349|-4.0797195|1.9153614|7.881712
1509508696478|-4.6351743|1.9919758|11.654974
1509508696610|-3.4859576|2.135628|5.66947
1509508696742|0.46926352|3.7924154|8.791509
1509508696883|2.135628|3.2465374|11.616667
1509508697010|1.5035586|1.8770541|9.883265
1509508697138|0.2777274|1.7046716|7.1155677
1509508697395|-1.3599066|3.4476504|6.14831
