1509425348872|0.1364679|0.17086251|0.9624767|0.16068964
1509425348985|0.12751639|0.18832701|0.95731175|0.17840041
1509425349100|0.12672284|0.17399621|0.96002734|0.17892501
1509425349226|0.11306294|0.1548383|0.9626095|0.19137587
1509425349349|0.11572813|0.15393996|0.9614192|0.19642457
1509425349461|0.0841393|0.19238406|0.96546346|0.1542377
1509425349580|0.05498488|0.16617398|0.9724399|0.15402436
1509425349708|0.043426953|0.13879253|0.97995335|0.13616958
1509425349831|0.02289759|0.16668347|0.98477244|0.043767028
1509425349946|-0.011210667|-0.11753281|-0.9920072|0.044520136
1509425350068|0.01700858|-0.09867133|-0.994109|0.04149774
1509425350180|0.034699887|-0.106210046|-0.9932286|0.03181611
1509425350301|0.008593939|-0.14775528|-0.98758894|0.052560687
1509425350425|-0.023100127|-0.1562123|-0.9867813|0.03642509
1509425350544|0.018977506|-0.1458025|-0.98812336|0.044651583
1509425350661|0.027550962|-0.11582035|-0.9920762|0.04014132
1509425350783|0.041243855|-0.1195985|-0.98946303|0.070413455
1509425350909|0.042551797|-0.1827111|-0.97909725|0.07857863
1509425351022|0.0103061795|-0.15384191|-0.9813191|0.11506177
1509425351141|-8.838858E-4|-0.101388894|-0.9871537|0.123479225
1509425351277|0.032844033|-0.10196309|-0.9924902|0.05905992
1509425351386|0.035794917|-0.17793779|-0.98176545|0.05651078
1509425351510|0.035151094|-0.12026627|-0.989982|0.06508507
1509425351627|0.03596058|-0.13804518|-0.9893873|0.027625112
1509425351747|0.05288139|-0.14520119|-0.98701|0.043947816
1509425351865|0.022345662|-0.03488623|-0.9963509|0.07462256
1509425351982|-0.010226946|-0.068832554|-0.9961672|0.052995026
1509425352100|-0.0127881365|-0.0671867|-0.9891715|0.1298543
1509425352225|-0.022765048|-0.059114993|-0.9814885|0.18074146
1509425352347|0.0027455504|-0.031454932|-0.98969305|0.1396808
1509425352467|-0.013557837|-0.017424233|-0.99404687|0.10669317
1509425352585|-0.0226844|-0.04326087|-0.99544805|0.08183546
1509425352706|-0.054864623|-0.049897026|-0.9971561|0.013412532
1509425352823|0.032171972|0.10070603|0.99420476|0.019496422
1509425352946|0.04361955|0.07787582|0.9959899|0.0060683717
1509425353064|-0.09032079|-0.039425615|-0.9946012|0.03249982
1509425353185|-0.041662067|-0.12011244|-0.98853326|0.08148202
1509425353306|-0.0645553|-0.119024344|-0.9822484|0.12982216
1509425353428|-0.087562166|-0.07972884|-0.9832553|0.13851058
1509425353541|-0.06621302|-0.089017764|-0.9898486|0.088833675
1509425353661|-0.10103268|-0.13444313|-0.983661|0.06425307
1509425353787|-0.11914847|-0.11025603|-0.9847561|0.062470756
1509425353903|-0.06746607|-0.10873512|-0.9899926|0.059494913
1509425354027|-0.05659417|-0.09905671|-0.98870337|0.09721351
1509425354146|-0.041784722|-0.06745731|-0.9846829|0.15525165
1509425354277|-0.054356452|-0.11957866|-0.9816556|0.13819759
1509425354388|-0.038562335|-0.124041654|-0.9743874|0.18356404
1509425354507|-0.056766596|-0.11212794|-0.97601736|0.17774981
1509425354622|-0.024089763|-0.12384603|-0.9811283|0.1465236
1509425354743|-0.035846446|-0.14080642|-0.97640204|0.15977354
1509425354868|-0.045767263|-0.13377663|-0.97805375|0.1530361
1509425354986|-0.054070853|-0.16202036|-0.9790799|0.110581405
1509425355102|-0.017641738|-0.15561147|-0.97956645|0.12618816
1509425355225|-0.04364864|-0.13722475|-0.97517747|0.16820538
1509425355348|-0.02002331|-0.111269645|-0.97007984|0.21485633
1509425355469|-0.0064813923|-0.13015679|-0.9664878|0.2211753
1509425355583|-0.008124548|-0.12947671|-0.9616601|0.2416187
1509425355701|0.0067132674|-0.12524773|-0.9658975|0.22651693
1509425355823|0.0013470505|-0.14748098|-0.9685861|0.20022129
1509425355944|-0.03592384|-0.17116398|-0.96836|0.17802045
1509425356075|-0.04207533|-0.15573846|-0.9738041|0.16025206
1509425356186|-0.006864064|-0.14416954|-0.97623324|0.16166833
1509425356305|0.018035421|-0.16159365|-0.9715109|0.17242058
1509425356430|0.010188718|-0.13120191|-0.97244555|0.19243683
1509425356546|0.015309254|-0.14353417|-0.97214127|0.18467528
1509425356667|0.026125204|-0.12334996|-0.9702241|0.2068031
1509425356785|0.03023802|-0.11780848|-0.9713082|0.20437044
1509425356902|-0.0023232729|-0.13340163|-0.9772117|0.16509369
1509425357028|-0.015133224|-0.141206|-0.97914684|0.14526965
1509425357147|-0.008223784|-0.1325018|-0.98420596|0.1171081
1509425357263|0.0031033321|-0.12596884|-0.9875356|0.09431654
1509425357387|0.02098871|-0.12678006|-0.9865237|0.10127839
1509425357507|0.016986582|-0.111168064|-0.98731524|0.112079
1509425357626|0.012991157|-0.10221755|-0.9872064|0.12168112
1509425357744|0.015034243|-0.101464|-0.9824547|0.1557618
1509425357867|0.006626183|-0.11240281|-0.97907287|0.16952285
1509425357983|0.008522222|-0.117155306|-0.98281544|0.14239307
1509425358108|0.011133535|-0.11906876|-0.9872523|0.105031304
1509425358229|0.0027407235|-0.12487752|-0.9882229|0.08839485
1509425358348|-0.013924794|-0.12015445|-0.990303|0.06833014
1509425358471|-0.023017742|-0.13531236|-0.99024594|0.023952555
1509425358592|0.0040272274|-0.1272514|-0.9909979|0.04140103
1509425358706|-0.005351421|-0.08943387|-0.9937007|0.06731958
1509425358823|-0.02344102|-0.1430195|-0.9859799|0.08270138
1509425358943|-0.028702116|-0.16143811|-0.9782369|0.12714744
1509425359066|-0.040937845|-0.13758785|-0.98053724|0.13394168
1509425359186|-0.048443727|-0.11396332|-0.9897976|0.0704718
1509425359310|-0.03359116|-0.14612381|-0.98864585|0.009941166
1509425359429|0.07006078|0.20141895|0.97519577|0.05928794
1509425359545|0.05534054|0.15009658|0.9856451|0.053964652
1509425359667|0.05778083|0.1342305|0.98753154|0.05852323
1509425359782|0.024883503|0.15251428|0.9876885|0.02432536
1509425359913|-0.016956642|-0.09895382|-0.99475455|0.019596301
1509425360026|-0.047167663|-0.16481936|-0.98446214|0.038001005
1509425360153|-0.042007033|-0.14577676|-0.9842731|0.090504624
1509425360271|-0.034615263|-0.13388339|-0.98587114|0.09452555
1509425360389|-0.02530497|-0.13790478|-0.98771286|0.069030985
1509425360504|-0.022401161|-0.15109332|-0.9866001|0.05735218
1509425360623|-0.05234154|-0.17244242|-0.98249686|0.04715867
1509425360749|-0.049127553|-0.1360703|-0.98551565|0.08848887
1509425360869|-0.02003113|-0.1634644|-0.98067313|0.10563286
1509425360984|-0.0010465095|-0.15973093|-0.97867024|0.12918799
1509425361104|-0.0014495967|-0.15615816|-0.97787017|0.13922107
1509425361225|-0.0069777253|-0.17545933|-0.97109026|0.16170682
1509425361345|-0.022096325|-0.16298126|-0.968672|0.18607378
1509425361467|-0.01937543|-0.1344662|-0.9732189|0.18544096
1509425361585|-0.023812942|-0.14263272|-0.9771532|0.1557577
1509425361705|-0.0077358214|-0.1466886|-0.979309|0.13919948
1509425361823|-0.009179237|-0.12777044|-0.98563987|0.11002043
1509425361950|0.0014124443|-0.12064934|-0.98864603|0.08955889
1509425362069|1.8337373E-4|-0.12574373|-0.9877686|0.09220433
1509425362185|0.0019401214|-0.0917684|-0.98900163|0.115976416
1509425362311|0.011369052|-0.124696106|-0.98567724|0.11296919
1509425362435|0.033249367|-0.12744038|-0.9806352|0.14494139
1509425362542|-0.011508305|-0.14086467|-0.9818409|0.12654306
1509425362666|-0.005235627|-0.15697853|-0.9832484|0.09248196
1509425362795|-5.5175496E-4|-0.15636896|-0.9838371|0.08725248
1509425362904|-0.03904107|-0.14512576|-0.9858041|0.07486383
1509425363031|-0.048040777|-0.119436055|-0.9896102|0.06402179
1509425363151|-0.033966593|-0.1159033|-0.9900453|0.072270595
1509425363265|-0.025869923|-0.08258447|-0.99019766|0.10963193
1509425363391|-0.02878527|-0.031648457|-0.9865374|0.15784073
1509425363512|-0.033903517|-0.08265196|-0.9814723|0.16950323
1509425363638|-0.022919612|-0.07731172|-0.9738556|0.21237431
1509425363743|-0.012966229|-0.07950637|-0.9744328|0.20974092
1509425363872|0.0042678113|-0.11142007|-0.98287696|0.14669783
1509425363988|0.0015501038|-0.12930405|-0.982429|0.1345779
1509425364104|-0.036831047|-0.15339147|-0.9823153|0.10085205
1509425364227|-0.013115244|-0.13629758|-0.98863935|0.061993834
1509425364345|-0.0071343365|-0.15984924|-0.9855364|0.055815235
1509425364467|-0.0055975537|-0.13759877|-0.98744804|0.077340856
1509425364587|0.0058916314|-0.15383546|-0.9834275|0.09576165
1509425364708|0.0069350433|-0.1852114|-0.9774809|0.10089475
1509425364826|-0.01895575|-0.15223168|-0.98076934|0.120655134
1509425364949|0.0051788893|-0.13590647|-0.98772687|0.07679998
1509425365062|0.0062848437|-0.14976276|-0.98840904|0.024067042
1509425365188|0.039142214|0.18136185|0.9826367|9.604726E-4
1509425365312|0.067039035|0.13914175|0.9878801|0.015433143
1509425365428|0.030646209|0.14493613|0.9885942|0.027127808
1509425365545|-0.009246199|-0.13748358|-0.99002814|0.029274832
1509425365666|-0.024807204|-0.06220923|-0.9908411|0.11725438
1509425365787|-0.040282607|-0.1272909|-0.9854096|0.105556935
1509425365904|-0.056300145|-0.12415527|-0.98039824|0.14225008
1509425366031|-0.041088574|-0.08440278|-0.9813242|0.16790092
1509425366148|0.006749364|-0.09469619|-0.9867969|0.13122106
1509425366264|0.01138863|-0.16996957|-0.97683465|0.12951705
1509425366391|-0.013649902|-0.19769107|-0.9734945|0.114194326
1509425366504|-0.0073032565|-0.21261826|-0.9735584|0.08321123
1509425366635|0.023153916|-0.20150812|-0.9759447|0.0799395
1509425366751|0.030770883|-0.19622007|-0.9775025|0.07099032
1509425366865|0.010511724|-0.19571407|-0.97872937|0.06061597
1509425366987|-0.008762941|-0.19281751|-0.9771542|0.088962235
1509425367107|-0.011260175|-0.1637528|-0.97890913|0.12163521
1509425367227|-7.317226E-4|-0.15098359|-0.9834199|0.100442864
1509425367345|0.0070142234|-0.14839068|-0.98620033|0.07307435
1509425367468|0.01554393|-0.124551415|-0.9904146|0.057655826
1509425367585|-0.009582651|-0.09109921|-0.9955533|0.021969387
1509425367703|0.014917554|-0.09084964|-0.9957153|0.008648378
1509425367825|0.02539215|-0.0903431|-0.9949005|0.036963414
1509425367949|0.03857004|-0.052488513|-0.99349344|0.093423985
1509425368064|0.02956828|-0.12215814|-0.9883284|0.086081944
1509425368191|0.01071537|-0.112750836|-0.9826546|0.14684138
1509425368305|0.008701915|-0.0977028|-0.9827946|0.156503
1509425368426|0.023674767|-0.11846416|-0.9830391|0.13798538
1509425368555|0.0081735905|-0.11850589|-0.9853807|0.1221245
1509425368667|-0.0029470702|-0.13053454|-0.98667836|0.09704553
1509425368792|-1.11901885E-4|-0.15236206|-0.9858654|0.06967869
1509425368904|0.01857089|-0.17658|-0.98161864|0.06999577
1509425369024|0.03068164|-0.16037755|-0.98442423|0.065166414
1509425369147|0.013354981|-0.17472784|-0.9819811|0.07074535
1509425369269|0.011176192|-0.16220918|-0.98090875|0.10668299
1509425369389|-0.007070362|-0.15991281|-0.97997195|0.11846028
1509425369506|-0.010013128|-0.1729418|-0.9798286|0.09963315
1509425369633|-0.005930913|-0.18209437|-0.9791765|0.08955323
1509425369751|-0.006847827|-0.17930162|-0.98139167|0.06836967
1509425369866|-0.018940877|-0.14869124|-0.98793364|0.038978178
1509425369984|0.022548389|-0.15502447|-0.9868369|0.040148728
1509425370116|0.030942947|-0.14320984|-0.9876946|0.05470667
1509425370233|0.04475148|-0.12371464|-0.98902756|0.06720511
1509425370347|0.040932726|-0.20095643|-0.9764761|0.06659958
1509425370472|0.024418287|-0.17569841|-0.97848487|0.10536238
1509425370585|0.021974688|-0.17623459|-0.9776133|0.11283049
1509425370706|0.023007847|-0.17147426|-0.9812302|0.08517374
1509425370834|0.010251032|-0.17169228|-0.98247725|0.07179952
1509425370948|0.012353014|-0.15428692|-0.9856616|0.067187406
1509425371071|0.016045455|-0.14989592|-0.98715276|0.052945416
1509425371187|0.048016466|-0.17072849|-0.98221225|0.06168746
1509425371304|0.041857485|-0.17603713|-0.9814922|0.062704526
1509425371426|0.028560031|-0.16022907|-0.98378867|0.075304516
1509425371546|0.033287715|-0.17157345|-0.9796074|0.0991151
1509425371666|0.011588853|-0.16837467|-0.9800365|0.10509103
1509425371789|-7.624376E-5|-0.17393705|-0.98259836|0.06516401
1509425371912|0.019660868|-0.19429104|-0.97974527|0.04431265
1509425372026|0.010347949|-0.20181099|-0.97888696|0.030749358
1509425372147|8.6873755E-5|-0.16729376|-0.9857261|0.018890508
1509425372270|0.02002575|-0.16107354|-0.9865879|0.017280722
1509425372388|0.037593767|-0.1677483|-0.98484385|0.023018314
1509425372505|0.034815982|-0.17293197|-0.9840598|0.022553368
1509425372637|0.014601901|-0.18062451|-0.9833289|0.015030322
1509425372746|0.013229123|-0.16786768|-0.9848663|0.041033637
1509425372868|0.017235741|-0.16431013|-0.98499596|0.04988101
1509425372987|0.024920348|-0.17741056|-0.9834367|0.027508672
1509425373109|0.016425796|-0.17635113|-0.98378795|0.028138515
1509425373226|0.008020856|-0.17601356|-0.9841665|0.019267257
1509425373346|3.7694833E-4|-0.16111122|-0.98692447|0.004812256
1509425373476|0.0073620337|-0.1760261|-0.98426193|0.01375017
1509425373595|0.029628497|-0.203135|-0.9781713|0.032237217
1509425373708|0.002838431|-0.18115914|-0.98296076|0.031006692
1509425373827|0.015808532|-0.19351302|-0.9792106|0.058731314
1509425373951|0.0035339328|-0.1771092|-0.9808172|0.081348106
1509425374067|0.009940893|-0.18651181|-0.97944903|0.07611892
1509425374193|0.014732794|-0.20679791|-0.9763625|0.061104503
1509425374309|0.019327132|-0.1995412|-0.977583|0.06435299
1509425374435|0.008934694|-0.18357474|-0.9822374|0.037817467
1509425374550|0.02080018|-0.18430443|-0.9823662|0.023576587
1509425374666|0.027316866|-0.1889132|-0.98094285|0.036287524
1509425374789|0.037073843|-0.18912777|-0.97999835|0.04959252
1509425374908|0.007983798|-0.18589574|-0.981076|0.053562324
1509425375029|0.004969966|-0.17361519|-0.9821162|0.07266931
1509425375149|0.0012378746|-0.17369765|-0.9815458|0.07997106
1509425375267|0.01585439|-0.20278879|-0.97632086|0.07364063
1509425375392|0.004928748|-0.2331842|-0.97009796|0.06716279
1509425375506|0.0017183253|-0.23278834|-0.96985316|0.072052166
1509425375627|-0.0034694907|-0.22256087|-0.97357905|0.050975457
1509425375745|0.0047134394|-0.23144734|-0.9717632|0.045674615
1509425375880|0.00902915|-0.24444297|-0.9678994|0.057766065
1509425375990|0.017435936|-0.22293648|-0.9724902|0.06525441
1509425376111|4.893715E-4|-0.21842745|-0.9722035|0.08431866
1509425376235|9.7103586E-4|-0.20008415|-0.9740317|0.10596064
1509425376349|-0.0045217294|-0.19191578|-0.9750669|0.11132127
1509425376475|0.001982837|-0.20178533|-0.9764396|0.07644894
1509425376591|-0.0065303687|-0.22962539|-0.9716817|0.055355385
1509425376706|0.0067967814|-0.22515012|-0.973494|0.039631363
1509425376833|-0.012949549|-0.1897728|-0.981386|0.02645986
1509425376955|-4.1417585E-4|-0.17985244|-0.98293597|0.038598806
1509425377068|0.016334722|-0.17412598|-0.9836876|0.0420963
1509425377190|0.038233813|-0.12834594|-0.99027056|0.037812117
1509425377313|0.0014432669|-0.14714654|-0.98817414|0.043101102
1509425377435|0.02356393|-0.14386845|-0.98448545|0.09764754
1509425377551|0.018561471|-0.15119004|-0.98334026|0.09919137
1509425377670|0.023282599|-0.16911153|-0.98240286|0.07578823
1509425377789|0.020541089|-0.15782894|-0.985055|0.065838635
1509425377906|0.01997059|-0.15633628|-0.98613465|0.051948138
1509425378028|0.0033962512|-0.12760168|-0.990859|0.043643184
1509425378150|0.01599553|-0.12700243|-0.9905868|0.04850038
1509425378268|0.025048738|-0.119895324|-0.9910814|0.052490633
1509425378390|0.014046395|-0.08726237|-0.99426466|0.06021468
1509425378516|0.029316865|-0.09468266|-0.990757|0.09260834
1509425378632|0.016847532|-0.075660124|-0.9910708|0.10849128
1509425378749|0.019372627|-0.07337358|-0.9912231|0.108249016
1509425378866|0.012579435|-0.08546271|-0.9920979|0.090992674
1509425378987|0.008259665|-0.074138775|-0.99497443|0.06679165
1509425379111|0.026343001|-0.06218053|-0.99664766|0.046185795
1509425379237|0.025472138|-0.049051665|-0.9981043|0.027074264
1509425379350|0.025753565|-0.05378857|-0.9980287|0.019552596
1509425379471|0.04050709|-0.048737884|-0.9978756|0.015104445
1509425379586|-0.026825294|0.008739861|0.99959576|0.0035089373
1509425379710|-0.016737489|0.016389783|0.9991918|0.032664627
1509425379827|-3.0727332E-4|0.015998403|0.9981855|0.05804892
1509425379961|0.0039008982|0.01957118|0.9963622|0.08285022
1509425380071|0.0073722214|0.029020302|0.9941853|0.10343598
1509425380190|0.0056210565|0.03184325|0.9923924|0.118792474
1509425380305|-0.006086029|0.02829211|0.9903787|0.13532388
1509425380429|0.007432258|0.022705663|0.9879942|0.15263253
1509425380548|0.010597736|0.03564041|0.9894998|0.13966943
1509425380667|0.016768364|0.034042813|0.9915156|0.124325484
1509425380787|0.017895719|0.048212454|0.9912872|0.121264555
1509425380910|0.025742732|0.067736685|0.99134636|0.10945977
1509425381039|0.024732675|0.07973455|0.9921966|0.09260946
1509425381148|0.017860051|0.082254976|0.993813|0.07246347
1509425381267|0.014323947|0.07747619|0.99422187|0.07290503
1509425381393|0.008247709|0.075907834|0.9941853|0.07593071
1509425381506|0.010923071|0.075256094|0.9935814|0.08374456
1509425381627|0.017255718|0.07381858|0.99268913|0.09392198
1509425381752|0.015921136|0.0796813|0.99086046|0.107670814
1509425381870|0.0137660215|0.09118632|0.98881406|0.11722746
1509425381991|0.006088176|0.10918472|0.9875566|0.113020346
1509425382110|0.014086271|0.110997826|0.9882877|0.10377141
1509425382228|6.372148E-5|0.13163528|0.9876404|0.08507984
1509425382349|-0.015118529|0.14450075|0.9878323|0.055482425
1509425382471|-0.02157981|0.15199912|0.9879839|0.017844712
1509425382594|0.014795481|-0.1686929|-0.98549193|0.011379251
1509425382710|0.008305332|-0.13974984|-0.98963445|0.032009624
1509425382833|-0.0029553955|-0.14803426|-0.9883111|0.0363085
1509425382952|-0.006708678|-0.15717715|-0.98739713|0.017241133
1509425383067|0.016744966|0.14490187|0.98926276|0.009069163
1509425383194|0.011009509|0.15267655|0.9876695|0.032825757
1509425383314|0.023563363|0.1463667|0.9877038|0.049625933
1509425383431|0.011102624|0.15581368|0.9867265|0.044380486
1509425383548|-0.007735737|0.16095778|0.98642045|0.031741142
1509425383667|-0.0019384288|0.13473716|0.99087554|0.0027958315
1509425383792|-0.009164306|-0.12676626|-0.99088323|0.044684555
1509425383911|-0.030248934|-0.12331888|-0.9893836|0.070693456
1509425384030|-0.053925537|-0.12721145|-0.9865361|0.08749763
1509425384150|-0.06983751|-0.15304185|-0.98316544|0.07132086
1509425384268|-0.057227418|-0.17634524|-0.98076874|0.06099222
1509425384393|-0.052296273|-0.17449866|-0.982634|0.03529405
1509425384511|-0.04453551|-0.16899514|-0.984584|0.0071837157
1509425384627|0.02931964|0.22172813|0.974608|0.010779379
1509425384747|0.04301476|0.24628949|0.968081|0.01761811
1509425384869|0.05165252|0.21449544|0.97530305|0.010377969
1509425384987|-0.07750341|-0.21646354|-0.97308105|0.015811196
