1509247166418|0.8085425|-0.3467464|0.3646187|0.3050888
1509247166539|0.8011284|-0.348393|0.3599097|0.32753718
1509247166660|0.7959045|-0.3277116|0.3615647|0.35834625
1509247166780|0.84042275|-0.18970251|0.33056694|0.38526368
1509247166900|0.7659902|-0.39610764|0.3547389|0.36127284
1509247167018|0.6927171|-0.41949362|0.4972757|0.31126356
1509247167139|0.82914793|-0.2697935|0.2994184|0.38739356
1509247167258|0.7611648|-0.38786742|0.35735458|0.37747148
1509247167379|0.7799894|-0.32257828|0.3664055|0.39154413
1509247167499|0.79162383|-0.31339613|0.31522807|0.41922057
1509247167625|0.7826058|-0.3146695|0.37261835|0.3868679
1509247167741|0.79753876|-0.3131164|0.32540688|0.40000048
1509247167860|0.7302436|-0.37745178|0.44503608|0.35527077
1509247167979|0.79636073|-0.30100358|0.34886676|0.39178878
1509247168100|0.7297923|-0.38397062|0.42892995|0.3687667
1509247168221|0.7384113|-0.3417655|0.46529078|0.34849617
1509247168339|0.74031997|-0.36473966|0.4141948|0.38384116
1509247168459|0.72668785|-0.3704874|0.45687893|0.3548599
1509247168579|0.7578371|-0.35944423|0.39221665|0.3776888
1509247168701|0.66616756|-0.40402573|0.52302545|0.3455841
1509247168821|0.74044394|-0.35043925|0.42958504|0.37998924
1509247168940|0.6737471|-0.40297723|0.5113663|0.34954062
1509247169059|0.74034166|-0.3526003|0.42286798|0.38568115
1509247169179|0.6826553|-0.41445142|0.4824317|0.35982135
1509247169301|0.705692|-0.35574356|0.5145423|0.33270347
1509247169419|0.6939799|-0.37834132|0.5042792|0.34778184
1509247169540|0.67986953|-0.39168748|0.51462704|0.34571284
1509247169660|0.71492624|-0.3929934|0.4275578|0.38939825
1509247169779|0.66893566|-0.40852374|0.5218326|0.3366365
1509247169900|0.7242853|-0.37141788|0.45605198|0.35982794
1509247170020|0.66827494|-0.4167038|0.5172964|0.33491942
1509247170140|0.7171495|-0.3952514|0.45060045|0.35557303
1509247170259|0.63446414|-0.44788978|0.5397612|0.32481977
1509247170379|0.7205253|-0.38341916|0.47288945|0.33197677
1509247170501|0.65876174|-0.4013258|0.55226105|0.31619352
1509247170625|0.7472418|-0.32871842|0.47131|0.33382753
1509247170742|0.63268536|-0.3959652|0.58810735|0.3115293
1509247170860|0.73078287|-0.34229577|0.48705918|0.33401105
1509247170979|0.602371|-0.4252779|0.600238|0.30984226
1509247171100|0.7228865|-0.3539089|0.51467144|0.29546052
1509247171221|0.67047906|-0.3970759|0.54840106|0.30338892
1509247171339|0.6770387|-0.3552122|0.5848086|0.27100134
1509247171461|0.72303694|-0.35764167|0.4915279|0.3281926
1509247171581|0.6929668|-0.3419782|0.5663626|0.28649828
1509247171700|0.74470705|-0.34169346|0.46306705|0.33797318
1509247171821|0.6393849|-0.36302677|0.6061933|0.30319658
1509247171942|0.77841413|-0.28224993|0.43783653|0.35029355
1509247172060|0.6350735|-0.34986466|0.61070824|0.31829527
1509247172179|0.7806024|-0.26931077|0.4309682|0.36386538
1509247172300|0.6507752|-0.3726536|0.5622612|0.3485444
1509247172419|0.7286582|-0.30752245|0.49480358|0.36007863
1509247172540|0.6896878|-0.37704015|0.50708157|0.35360956
1509247172660|0.6438936|-0.33898252|0.604104|0.32488504
1509247172781|0.69899297|-0.3454798|0.51804906|0.35167843
1509247172902|0.6139817|-0.35520115|0.62425166|0.32736585
1509247173021|0.701909|-0.33774978|0.50492007|0.3718932
1509247173142|0.6307752|-0.3525105|0.59705013|0.34841087
1509247173261|0.7433834|-0.3181274|0.44553328|0.3842865
1509247173380|0.66410756|-0.32623458|0.5727374|0.35285133
1509247173500|0.729934|-0.27200633|0.49566513|0.38408983
1509247173623|0.6765719|-0.2690234|0.5919161|0.34570545
1509247173740|0.77849513|-0.1846968|0.4930458|0.3416699
1509247173861|0.74942863|-0.21561147|0.51670665|0.35338742
1509247173981|0.7600865|-0.14150451|0.5506166|0.3147481
1509247174103|0.77158976|-0.18011591|0.49613744|0.35504246
1509247174221|0.69290745|-0.16143928|0.6418089|0.2861781
1509247174341|0.7427541|-0.2429789|0.5306313|0.3281889
1509247174461|0.6508481|-0.2888014|0.62655306|0.31689405
1509247174581|0.7313166|-0.28093868|0.5377821|0.31151223
1509247174701|0.6430182|-0.36523187|0.5881355|0.32745993
1509247174820|0.7143566|-0.31429878|0.516334|0.3525764
1509247174941|0.66957784|-0.388358|0.5178509|0.36424458
1509247175060|0.6519605|-0.3892708|0.5342597|0.37145978
1509247175181|0.7101629|-0.39957938|0.47050798|0.3385665
1509247175300|0.5876264|-0.37951073|0.628313|0.34042564
1509247175421|0.72319615|-0.3516511|0.47644663|0.35542578
1509247175542|0.6438175|-0.36261702|0.5806913|0.3417683
1509247175661|0.7389289|-0.35041004|0.45004067|0.35869247
1509247175782|0.65657055|-0.3826381|0.53539973|0.36857882
1509247175903|0.7357739|-0.33732325|0.44014156|0.38874823
1509247176023|0.6829433|-0.35640013|0.51810676|0.37166223
1509247176142|0.7304703|-0.32583568|0.45330468|0.39339438
1509247176262|0.68222165|-0.39014435|0.469821|0.40203133
1509247176381|0.7368467|-0.3257481|0.45807952|0.3756439
1509247176502|0.7365771|-0.3608506|0.4168988|0.39170966
1509247176623|0.69334084|-0.3625507|0.492875|0.38067004
1509247176741|0.7264479|-0.34737244|0.45469797|0.38059908
1509247176862|0.66889477|-0.34966496|0.54694617|0.3621659
1509247176981|0.7456332|-0.30902994|0.45273516|0.3788965
1509247177102|0.6624353|-0.30565503|0.60142195|0.3256473
1509247177221|0.72706497|-0.2868687|0.51684815|0.34921458
1509247177342|0.67432255|-0.2911354|0.6038321|0.3097032
1509247177462|0.7297379|-0.25418678|0.5494238|0.3178132
1509247177582|0.6826672|-0.3075633|0.5720881|0.3347917
1509247177701|0.6708611|-0.28565687|0.6090126|0.3121685
1509247177821|0.7087653|-0.30733475|0.52869254|0.3516835
1509247177941|0.6639989|-0.33361027|0.5835866|0.32746974
1509247178062|0.6782916|-0.38793695|0.4999576|0.37345392
1509247178183|0.61871254|-0.47108185|0.4653291|0.42278308
1509247178301|0.64640313|-0.45446596|0.43460637|0.43213537
1509247178422|0.67264163|-0.43799195|0.44294|0.39940014
1509247178542|0.66505575|-0.44211534|0.46714082|0.3794922
1509247178662|0.67081815|-0.4386277|0.45639396|0.38641077
1509247178811|0.6728873|-0.43620032|0.45494503|0.38726854
1509247178901|0.67165047|-0.43749803|0.45665586|0.385936
1509247179023|0.6886684|-0.43876943|0.40850025|0.40785387
1509247179143|0.6989544|-0.43915966|0.36400712|0.4313935
1509247179263|0.70118487|-0.43913642|0.3466277|0.44198218
1509247179382|0.7039821|-0.4399933|0.33656767|0.44445166
1509247179503|0.7054757|-0.4373322|0.33908385|0.44279417
1509247179626|0.7039019|-0.43126655|0.34863335|0.44383112
1509247179743|0.70349973|-0.4290651|0.34863743|0.4465906
1509247179862|0.705444|-0.4235377|0.3547825|0.4439527
1509247179983|0.7030409|-0.4261569|0.3495543|0.44937238
1509247180103|0.7024072|-0.42824888|0.34815425|0.4494615
1509247180221|0.70017767|-0.43098503|0.34897703|0.4496867
1509247180342|0.699355|-0.43123177|0.35005662|0.4498912
