1509150315371|0.25878662|-0.12258312|9.80665
1509150315503|0.25878662|-0.12258312|9.80665
1509150315635|0.25878662|-0.12258312|9.80665
1509150315768|0.25878662|-0.13620347|9.80665
1509150315899|0.25878662|-0.13620347|9.80665
1509150316032|0.25878662|-0.13620347|9.80665
1509150316163|0.25878662|-0.13620347|9.80665
1509150316295|0.25878662|-0.13620347|9.80665
1509150316428|0.28602728|-0.14982383|9.80665
1509150316559|0.28602728|-0.14982383|9.80665
1509150316691|0.28602728|-0.16344418|9.80665
1509150316825|0.28602728|-0.16344418|9.80665
1509150316954|0.28602728|-0.16344418|9.80665
1509150317087|0.27240694|-0.16344418|9.80665
1509150317219|0.27240694|-0.16344418|9.80665
1509150317351|0.27240694|-0.16344418|9.80665
1509150317485|0.27240694|-0.16344418|9.80665
1509150317616|0.27240694|-0.16344418|9.80665
1509150317752|0.27240694|-0.17706451|9.80665
1509150317879|0.27240694|-0.17706451|9.80665
1509150318011|0.27240694|-0.17706451|9.80665
1509150318143|0.27240694|-0.17706451|9.80665
1509150318275|0.27240694|-0.17706451|9.80665
1509150318407|0.27240694|-0.17706451|9.80665
1509150318539|0.27240694|-0.17706451|9.80665
1509150318671|0.27240694|-0.17706451|9.80665
1509150318803|0.27240694|-0.17706451|9.80665
1509150318935|0.27240694|-0.17706451|9.80665
1509150319076|0.27240694|-0.17706451|9.80665
1509150319199|0.27240694|-0.17706451|9.80665
1509150319332|0.27240694|-0.19068487|9.80665
1509150319462|0.27240694|-0.19068487|9.80665
1509150319595|0.27240694|-0.19068487|9.80665
1509150319727|0.27240694|-0.19068487|9.80665
1509150319859|0.27240694|-0.19068487|9.80665
1509150319992|0.27240694|-0.19068487|9.80665
1509150320124|0.28602728|-0.19068487|9.80665
1509150320255|0.28602728|-0.19068487|9.80665
1509150320387|0.28602728|-0.19068487|9.80665
1509150320519|0.27240694|-0.19068487|9.80665
1509150320652|0.27240694|-0.19068487|9.80665
1509150320783|0.28602728|-0.19068487|9.80665
1509150320916|0.28602728|-0.19068487|9.80665
1509150321048|0.28602728|-0.19068487|9.80665
1509150321180|0.28602728|-0.2043052|9.80665
1509150321312|0.28602728|-0.2043052|9.80665
1509150321443|0.29964766|-0.2043052|9.80665
1509150321575|0.29964766|-0.2043052|9.80665
1509150321707|0.29964766|-0.2043052|9.80665
1509150321840|0.29964766|-0.2043052|9.80665
1509150321971|0.29964766|-0.2043052|9.80665
1509150322104|0.29964766|-0.2043052|9.80665
1509150322252|0.29964766|-0.2043052|9.80665
1509150322367|0.29964766|-0.2043052|9.80665
1509150322499|0.28602728|-0.19068487|9.80665
1509150322632|0.28602728|-0.19068487|9.80665
1509150322764|0.28602728|-0.19068487|9.80665
1509150322895|0.28602728|-0.19068487|9.80665
1509150323027|0.28602728|-0.2043052|9.80665
1509150323160|0.28602728|-0.2043052|9.80665
1509150323292|0.29964766|-0.2043052|9.80665
1509150323422|0.29964766|-0.21792556|9.80665
1509150323555|0.28602728|-0.21792556|9.80665
1509150323688|0.29964766|-0.21792556|9.80665
1509150323819|0.29964766|-0.21792556|9.80665
1509150323952|0.29964766|-0.21792556|9.80665
1509150324084|0.29964766|-0.21792556|9.80665
1509150324216|0.29964766|-0.21792556|9.80665
1509150324347|0.29964766|-0.21792556|9.80665
1509150324478|0.29964766|-0.23154591|9.80665
1509150324610|0.28602728|-0.23154591|9.80665
1509150324743|0.28602728|-0.23154591|9.80665
1509150324875|0.27240694|-0.23154591|9.80665
1509150325007|0.25878662|-0.23154591|9.80665
1509150325139|0.25878662|-0.23154591|9.80665
1509150325272|0.25878662|-0.23154591|9.80665
1509150325404|0.25878662|-0.23154591|9.80665
1509150325535|0.25878662|-0.23154591|9.80665
1509150325667|0.25878662|-0.23154591|9.80665
1509150325799|0.25878662|-0.23154591|9.80665
1509150325932|0.25878662|-0.23154591|9.80665
1509150326063|0.25878662|-0.23154591|9.80665
1509150326195|0.25878662|-0.23154591|9.80665
1509150326328|0.27240694|-0.23154591|9.80665
1509150326459|0.27240694|-0.23154591|9.80665
1509150326591|0.27240694|-0.23154591|9.80665
1509150326725|0.27240694|-0.23154591|9.80665
1509150326855|0.27240694|-0.23154591|9.80665
1509150326987|0.27240694|-0.23154591|9.80665
1509150327125|0.28602728|-0.23154591|9.80665
1509150327252|0.28602728|-0.23154591|9.80665
1509150327383|0.28602728|-0.23154591|9.80665
1509150327516|0.28602728|-0.23154591|9.80665
1509150327649|0.28602728|-0.23154591|9.80665
1509150327779|0.28602728|-0.23154591|9.80665
1509150327911|0.28602728|-0.23154591|9.80665
1509150328042|0.28602728|-0.23154591|9.80665
1509150328176|0.28602728|-0.23154591|9.80665
1509150328306|0.28602728|-0.23154591|9.80665
1509150328439|0.28602728|-0.23154591|9.80665
1509150328570|0.28602728|-0.23154591|9.80665
1509150328703|0.28602728|-0.23154591|9.80665
1509150328835|0.27240694|-0.23154591|9.80665
1509150328967|0.27240694|-0.23154591|9.80665
1509150329099|0.27240694|-0.23154591|9.80665
1509150329232|0.27240694|-0.23154591|9.80665
1509150329363|0.27240694|-0.21792556|9.80665
1509150329495|0.27240694|-0.23154591|9.80665
1509150329627|0.27240694|-0.23154591|9.80665
1509150329760|0.27240694|-0.21792556|9.80665
1509150329893|0.27240694|-0.21792556|9.80665
1509150330024|0.27240694|-0.21792556|9.80665
1509150330155|0.27240694|-0.21792556|9.80665
1509150330288|0.25878662|-0.2043052|9.80665
1509150330423|0.25878662|-0.2043052|9.80665
1509150330551|0.25878662|-0.2043052|9.80665
1509150330683|0.25878662|-0.2043052|9.80665
1509150330814|0.25878662|-0.2043052|9.80665
