1509323293146|-0.7763598|-0.13620347|-0.38136974
1509323293278|-0.38136974|0.0|-0.23154591
1509323293410|-0.46309182|-0.027240695|-0.12258312
1509323293541|-0.13620347|-0.16344418|-0.5992953
1509323293674|-0.29964766|-0.47671217|-0.51757324
1509323293805|-0.17706451|-0.32688835|0.12258312
1509323293938|0.24516624|0.19068487|0.32688835
1509323294069|0.6537767|0.43585113|-1.7161638
1509323294202|1.1441091|0.70825803|-2.4925234
1509323294334|1.0623871|0.21792556|-0.5448139
1509323294465|1.3211737|0.4086104|-1.1032481
1509323294598|0.7763598|0.2043052|-0.36774936
1509323294729|0.8853226|0.027240695|-1.1441091
1509323294864|1.3211737|0.23154591|-0.29964766
1509323294994|0.70825803|-0.29964766|-0.62653595
1509323295127|0.7627395|-0.51757324|0.21792556
1509323295259|0.7763598|0.8853226|-1.607201
1509323295391|0.27240694|-0.8853226|1.5527196
1509323295522|0.19068487|0.19068487|-0.7354987
1509323295654|-0.19068487|-0.8580819|0.47671217
1509323295786|0.3405087|-0.38136974|0.013620348
1509323295918|0.16344418|-0.19068487|0.16344418
1509323296050|0.2043052|-0.47671217|0.24516624
1509323296182|0.13620347|-0.24516624|-0.6401563
1509323296314|-0.49033248|-0.32688835|0.61291564
1509323296446|0.12258312|0.62653595|-0.83084124
1509323296578|-0.13620347|0.10896278|-0.14982383
1509323296710|0.040861044|0.14982383|-0.57205456
1509323296842|0.12258312|0.35412902|-0.87170225
1509323297027|-0.29964766|-0.27240694|0.32688835
1509323297172|-0.46309182|-0.13620347|-0.12258312
1509323297304|-0.32688835|0.24516624|-1.2803127
1509323297436|-0.10896278|-0.17706451|-0.08172209
1509323297573|-0.14982383|-0.4086104|0.74911916
1509323297699|-0.3949901|0.027240695|-0.49033248
1509323297831|-0.21792556|0.013620348|-1.1032481
1509323297964|-0.3405087|-0.08172209|-0.05448139
1509323298095|-0.068101734|0.53119355|-0.92618364
1509323298227|-0.17706451|-0.05448139|0.040861044
1509323298359|-0.2043052|0.08172209|-1.0487667
1509323298492|-0.46309182|-0.667397|0.31326798
1509323298626|-0.24516624|0.10896278|-0.8172208
1509323298755|-0.83084124|-0.7354987|0.53119355
1509323298887|0.31326798|-0.35412902|0.027240695
1509323299020|-0.040861044|-0.36774936|0.6537767
1509323299153|0.19068487|-0.27240694|0.19068487
1509323299283|0.19068487|-0.49033248|-0.19068487
1509323299416|0.53119355|-0.47671217|-0.46309182
1509323299547|0.44947144|-0.74911916|0.5992953
1509323299679|1.0079057|-0.19068487|-0.53119355
1509323299811|0.6401563|-0.7218784|0.92618364
1509323299943|-0.040861044|-0.29964766|-0.7354987
1509323300075|0.027240695|-0.74911916|0.7627395
1509323300207|0.24516624|-0.36774936|-0.05448139
1509323300340|0.08172209|-0.47671217|0.61291564
1509323300471|0.13620347|-0.62653595|0.3405087
1509323300603|-0.040861044|-0.44947144|-0.3949901
1509323300736|0.0|-0.6537767|1.0351465
1509323300876|0.16344418|0.17706451|-0.43585113
1509323301000|-0.19068487|-0.08172209|-0.14982383
1509323301131|-0.50395286|-0.667397|0.36774936
1509323301264|0.12258312|0.38136974|-1.0215261
1509323301396|-0.17706451|0.32688835|-0.21792556
1509323301527|-0.16344418|0.38136974|-0.8989429
1509323301659|-0.43585113|0.068101734|-0.53119355
1509323301791|-0.10896278|0.23154591|-0.8853226
1509323301924|-0.3949901|-0.08172209|-0.35412902
1509323302008|-0.38136974|0.068101734|-0.25878662
1509323302098|-0.24516624|0.19068487|-0.35412902
1509323302188|-0.46309182|-0.05448139|-0.31326798
1509323302319|-0.19068487|-0.31326798|-0.27240694
1509323302451|-0.14982383|0.0|-0.10896278
1509323302584|-0.28602728|-0.35412902|0.70825803
1509323302716|0.027240695|-0.23154591|-0.55843425
1509323302848|0.12258312|-0.8036005|0.62653595
1509323302979|0.13620347|-0.7354987|0.62653595
1509323303112|0.3405087|-0.8036005|0.5992953
1509323303243|-0.05448139|-1.1304889|1.2530719
1509323303376|0.29964766|-0.667397|0.55843425
1509323303532|-0.05448139|-0.939804|1.0760074
1509323303641|0.25878662|-0.7218784|0.61291564
1509323303772|0.44947144|-0.3949901|-0.17706451
1509323303903|0.24516624|-1.0623871|0.8036005
1509323304037|0.43585113|-0.38136974|0.013620348
1509323304167|-0.2043052|-0.42223078|0.667397
1509323304299|-0.21792556|-0.44947144|0.36774936
1509323304431|-0.013620348|0.2043052|-0.96704465
1509323304564|-0.32688835|-0.25878662|0.43585113
1509323304696|0.095342435|0.29964766|-0.7899802
1509323304827|-0.25878662|-0.43585113|0.38136974
1509323304960|-0.013620348|-0.10896278|-0.43585113
1509323305091|0.040861044|0.29964766|-1.2394516
1509323305224|0.32688835|0.13620347|-0.36774936
1509323305356|-0.068101734|0.23154591|-0.38136974
1509323305488|-0.32688835|0.12258312|-0.83084124
1509323305621|-0.61291564|-0.28602728|-1.1304889
1509323305751|0.013620348|0.095342435|-1.2803127
1509323305884|0.2043052|-0.55843425|0.8853226
1509323306015|0.42223078|-0.027240695|0.12258312
1509323306148|0.10896278|-0.21792556|0.08172209
1509323306280|0.068101734|-0.50395286|0.13620347
1509323306412|-0.36774936|-0.53119355|-0.25878662
1509323306544|-0.24516624|-0.92618364|0.32688835
1509323306675|0.3405087|-0.46309182|0.28602728
1509323306808|-0.095342435|-0.24516624|0.6810174
1509323306939|0.013620348|-0.21792556|0.29964766
1509323307158|1.0623871|-0.25878662|-0.040861044
1509323307269|0.6537767|-0.8172208|-0.17706451
1509323307401|-0.013620348|-0.6810174|1.0896277
1509323307533|0.13620347|0.10896278|0.10896278
1509323307665|0.43585113|-0.50395286|-0.55843425
1509323307798|-0.027240695|-0.38136974|-0.013620348
1509323307929|0.013620348|-0.3949901|-0.23154591
1509323308063|0.08172209|-0.14982383|-0.095342435
1509323308193|-0.13620347|-0.12258312|-0.35412902
1509323308326|0.095342435|-0.36774936|-0.2043052
1509323308457|0.027240695|-0.16344418|-0.4086104
1509323308624|0.2043052|0.08172209|-0.16344418
1509323308722|0.19068487|0.43585113|-0.62653595
1509323308859|-0.095342435|-0.51757324|0.61291564
1509323308986|-0.58567494|0.8989429|-0.8172208
1509323309117|-0.53119355|0.49033248|-0.99428535
1509323309250|-1.1168685|1.0896277|-1.0351465
1509323309381|-0.8172208|0.95342433|-1.2530719
1509323309514|-0.3949901|0.36774936|-0.19068487
1509323309645|-0.095342435|0.5448139|-0.8853226
1509323309777|-0.55843425|0.5992953|-0.7627395
1509323309909|-0.32688835|0.38136974|-0.7899802
1509323310042|0.095342435|0.47671217|-0.53119355
1509323310174|-0.10896278|-0.23154591|-0.3949901
1509323310306|0.14982383|0.44947144|-1.4028958
1509323310437|0.5448139|0.24516624|-1.0487667
1509323310569|0.0|-0.2043052|0.84446156
1509323310706|0.42223078|0.47671217|-1.5118586
1509323310833|0.29964766|-0.38136974|-0.36774936
1509323310966|-0.040861044|-0.667397|0.46309182
1509323311097|0.16344418|-0.3949901|0.013620348
1509323311230|-0.095342435|-0.4086104|0.13620347
1509323311361|0.28602728|-0.50395286|0.49033248
1509323311493|0.32688835|-0.5992953|0.47671217
1509323311627|0.14982383|-0.42223078|-0.31326798
1509323311758|0.068101734|-0.6401563|-0.095342435
1509323311890|-0.2043052|-0.42223078|0.040861044
1509323312108|-0.21792556|0.19068487|-0.13620347
1509323312220|-1.0215261|0.24516624|-0.50395286
1509323312352|-0.91256326|-0.32688835|-0.08172209
1509323312485|-0.36774936|-0.08172209|0.36774936
1509323312616|-0.17706451|0.29964766|-0.84446156
1509323312748|0.50395286|0.7218784|-0.7763598
1509323312880|-0.31326798|0.32688835|-0.7627395
1509323313011|-0.4086104|0.24516624|-0.7763598
1509323313143|-0.58567494|0.36774936|-1.0760074
1509323313276|-0.28602728|0.61291564|-1.5390993
1509323313408|0.31326798|0.12258312|-0.5992953
1509323313540|-0.095342435|0.0|-0.74911916
1509323313703|0.13620347|0.095342435|-0.4086104
1509323313804|0.8172208|0.32688835|0.14982383
1509323313936|0.16344418|-0.24516624|0.95342433
1509323314068|-0.05448139|0.0|-1.375655
1509323314200|0.095342435|-0.43585113|-0.14982383
1509323314332|-0.44947144|-0.46309182|0.8036005
1509323314463|-0.6946377|-0.91256326|-0.6946377
1509323314596|0.7627395|-0.05448139|-0.44947144
1509323314727|0.8172208|0.19068487|0.027240695
1509323314860|0.51757324|0.23154591|-0.013620348
1509323314992|0.42223078|-0.25878662|-0.6401563
1509323315124|-0.013620348|-0.7354987|1.1032481
1509323315256|0.0|-0.25878662|-0.27240694
1509323315388|-0.29964766|-0.939804|-0.068101734
1509323315520|-0.23154591|-1.293933|0.95342433
1509323315652|0.027240695|-0.6946377|0.7354987
1509323315789|0.10896278|-0.70825803|1.1168685
1509323315921|-0.31326798|-0.42223078|-0.095342435
1509323316048|-0.32688835|-0.32688835|-0.38136974
