1509423995273|1023.2116
1509423995409|1023.2006
1509423995537|1023.20905
1509423995671|1023.2006
1509423995804|1023.21075
1509423995937|1023.2116
1509423996070|1023.21246
1509423996204|1023.21246
1509423996338|1023.25385
1509423996476|1023.27423
1509423996606|1023.26154
1509423996739|1023.17645
1509423996873|1023.19
1509423997003|1023.1849
1509423997146|1023.2028
1509423997272|1023.196
1509423997404|1023.2214
1509423997540|1023.1994
1509423997674|1023.1994
1509423997818|1023.21893
1509423997937|1023.2088
1509423998070|1023.2121
1509423998207|1023.2015
1509423998337|1023.1838
1509423998479|1023.2121
1509423998603|1023.1766
1509423998739|1023.2275
1509423998873|1023.19696
1509423999005|1023.18475
1509423999139|1023.18634
1509423999271|1023.18634
1509423999404|1023.1779
1509423999542|1023.1822
1509423999684|1023.1966
1509423999804|1023.205
1509423999938|1023.20844
1509424000076|1023.2017
1509424000204|1023.2017
1509424000338|1023.20123
1509424000472|1023.2022
1509424000606|1023.20734
1509424000742|1023.20734
1509424000874|1023.2089
1509424001007|1023.2022
1509424001138|1023.21747
1509424001274|1023.25726
1509424001413|1023.20856
1509424001538|1023.20526
1509424001672|1023.2154
1509424001805|1023.20953
1509424001939|1023.21124
1509424002072|1023.2214
1509424002213|1023.2214
1509424002339|1023.2159
1509424002477|1023.21674
1509424002608|1023.22015
1509424002741|1023.21674
1509424002875|1023.2138
1509424003005|1023.21136
1509424003144|1023.21735
1509424003271|1023.169
1509424003404|1023.1868
1509424003541|1023.18304
1509424003675|1023.18463
1509424003809|1023.18463
1509424003940|1023.19574
1509424004071|1023.1805
1509424004208|1023.19025
1509424004343|1023.1827
1509424004476|1023.21576
1509424004609|1023.2203
1509424004740|1023.20685
1509424004877|1023.2034
1509424005008|1023.1993
1509424005141|1023.19586
1509424005275|1023.19586
1509424005407|1023.1951
1509424005540|1023.2026
1509424005676|1023.2111
1509424005806|1023.20184
1509424005939|1023.2056
1509424006078|1023.19977
1509424006206|1023.1977
1509424006341|1023.1993
1509424006473|1023.1951
1509424006606|1023.1951
1509424006741|1023.1951
1509424006877|1023.1961
1509424007005|1023.1994
1509424007141|1023.1939
1509424007282|1023.18976
1509424007412|1023.1965
1509424007540|1023.19403
1509424007673|1023.19525
1509424007807|1023.1945
1509424007952|1023.18646
1509424008073|1023.1873
1509424008211|1023.18854
1509424008339|1023.18854
1509424008477|1023.19025
1509424008611|1023.1962
1509424008741|1023.2089
1509424008873|1023.2039
1509424009006|1023.2039
1509424009148|1023.20013
1509424009273|1023.2044
1509424009407|1023.2111
1509424009544|1023.2104
1509424009676|1023.2099
1509424009809|1023.2099
1509424009945|1023.20575
1509424010074|1023.20746
1509424010207|1023.2032
1509424010343|1023.2045
1509424010482|1023.1944
1509424010608|1023.1978
1509424010740|1023.20465
1509424010879|1023.20074
1509424011009|1023.19745
1509424011140|1023.20087
1509424011273|1023.20087
