1509145511612|99
1509145511814|104
1509145512019|93
1509145512218|90
1509145512420|93
1509145512623|96
1509145512827|99
1509145513030|96
1509145513236|104
1509145513437|93
1509145513640|110
1509145513844|76
1509145514046|82
1509145514251|93
1509145514455|90
1509145514658|70
1509145514867|76
1509145515067|73
1509145515265|70
1509145515671|68
1509145515874|73
1509145516280|68
1509145516483|65
1509145516696|68
1509145516892|70
1509145517101|65
1509145517299|70
1509145517502|76
1509145517907|73
1509145518112|79
1509145518518|73
1509145518724|68
1509145518928|76
1509145519133|70
1509145519337|73
1509145519544|70
1509145519748|73
1509145519953|70
1509145520156|68
1509145520362|70
1509145520771|73
1509145521182|76
1509145521593|68
1509145521797|76
1509145522000|79
1509145522202|62
1509145522408|65
1509145522614|79
1509145522820|73
1509145523035|85
1509145523232|82
1509145523437|76
1509145524049|79
1509145524254|73
1509145524459|76
1509145524663|68
1509145525070|65
1509145525481|68
1509145525687|62
1509145525889|56
1509145526094|53
1509145526300|62
1509145526505|73
1509145526914|76
1509145527118|79
1509145527323|76
1509145527537|102
1509145527738|113
1509145527935|130
1509145528140|124
1509145528346|116
1509145528550|130
1509145528755|124
