1509150308265|-0.83084124|6.5105257|7.300506
1509150308374|-0.8172208|6.401563|7.3958488
1509150308510|-0.8172208|6.2926006|7.4911914
1509150308640|-0.83084124|6.197258|7.559293
1509150308771|-0.84446156|6.101916|7.641015
1509150308905|-0.87170225|6.020194|7.7091165
1509150309035|-0.87170225|5.9112306|7.7908387
1509150309169|-0.87170225|5.802268|7.8725605
1509150309299|-0.8853226|5.7069254|7.9406624
1509150309432|-0.8853226|5.6252036|7.9951434
1509150309564|-0.8853226|5.5434813|8.049625
1509150309696|-0.8853226|5.407278|8.144968
1509150309828|-0.8989429|5.1893525|8.281172
1509150309960|-0.84446156|4.8760843|8.471856
1509150310093|-0.6810174|4.4538536|8.717022
1509150310224|-0.5448139|3.9907618|8.948568
1509150310356|-0.43585113|3.486809|9.166493
1509150310488|-0.31326798|2.9828563|9.343558
1509150310619|-0.2043052|2.465283|9.493382
1509150310752|-0.12258312|1.9477097|9.615966
1509150310884|-0.05448139|1.4709975|9.697687
1509150311015|0.0|1.0351465|9.765789
1509150311147|0.05448139|0.6401563|9.79303
1509150311278|0.12258312|0.32688835|9.80665
1509150311411|0.19068487|0.12258312|9.80665
1509150311544|0.23154591|-0.013620348|9.80665
1509150311674|0.25878662|-0.095342435|9.80665
1509150311806|0.27240694|-0.12258312|9.80665
1509150311939|0.27240694|-0.13620347|9.80665
1509150312072|0.27240694|-0.14982383|9.80665
1509150312203|0.27240694|-0.14982383|9.80665
1509150312335|0.27240694|-0.14982383|9.80665
1509150312467|0.27240694|-0.14982383|9.80665
1509150312601|0.27240694|-0.14982383|9.80665
1509150312732|0.27240694|-0.14982383|9.80665
1509150312864|0.27240694|-0.14982383|9.80665
1509150312996|0.27240694|-0.14982383|9.80665
1509150313127|0.27240694|-0.14982383|9.80665
1509150313258|0.27240694|-0.14982383|9.80665
