1509515531654|8
1509515531859|2
1509515532875|79
1509515533084|116
1509515533289|17
1509515533487|31
1509515533693|5
1509515533898|2
1509515534305|5
1509515534509|2
1509515535126|5
1509515535331|8
1509515535535|25
1509515535737|34
1509515535940|11
1509515536145|8
1509515536350|5
1509515536758|39
1509515536969|25
1509515537171|8
1509515537368|5
1509515537570|14
1509515537774|19
1509515537978|11
1509515538183|8
1509515538385|11
1509515539201|5
1509515539407|2
1509515541649|8
1509515541851|17
1509515542056|14
1509515542261|11
1509515542462|8
1509515542666|5
1509515542870|2
1509515543074|5
1509515543689|2
1509515544103|5
1509515545118|2
1509515545324|5
1509515545938|2
1509515546142|5
1509515546355|2
1509515546551|5
1509515546960|2
1509515547577|5
1509515548188|2
1509515548606|5
1509515550023|25
1509515550234|31
1509515550439|14
1509515550636|5
1509515551042|39
1509515551246|19
1509515551452|5
1509515551658|8
1509515551867|5
1509515552085|11
1509515552284|45
1509515552489|11
1509515552688|8
1509515553506|5
1509515554338|14
1509515554739|8
1509515555550|39
1509515555755|8
1509515555960|5
1509515556172|8
1509515556375|2
1509515556588|5
1509515556987|8
1509515557396|5
1509515558219|8
1509515558420|5
1509515558825|14
1509515559031|17
1509515559237|14
1509515559443|5
1509515559647|17
1509515560056|22
1509515560270|19
1509515560469|2
1509515560674|0
1509515560874|2
1509515561489|8
1509515561693|2
1509515562102|8
1509515562309|17
1509515562514|19
1509515562718|25
1509515562924|36
1509515563130|14
1509515563335|25
1509515563540|11
1509515563747|5
1509515563951|39
1509515564158|42
1509515564366|8
1509515564569|42
1509515564775|22
1509515564982|11
1509515565188|42
1509515565397|17
1509515565600|8
1509515565807|31
1509515566012|22
1509515566420|65
1509515566626|31
1509515566833|25
1509515567039|87
1509515567245|14
1509515567449|51
1509515567657|56
1509515567867|11
1509515568068|34
1509515568271|31
1509515568477|56
1509515568683|96
1509515568888|62
1509515569102|87
1509515569299|85
1509515569503|14
1509515569709|56
1509515569919|59
1509515570117|36
1509515570322|56
1509515570528|14
1509515570733|31
1509515570941|53
1509515571155|22
1509515571366|39
1509515571568|36
1509515571769|34
1509515571975|85
1509515572180|48
1509515572385|19
1509515572596|59
1509515572799|17
1509515573000|68
1509515573204|62
1509515573412|48
1509515573612|62
1509515573817|82
1509515574021|42
1509515574225|66
1509515574429|42
1509515574839|39
1509515575043|42
1509515575254|36
1509515575452|42
1509515575859|39
1509515576073|42
1509515576685|45
1509515576889|51
1509515577099|48
1509515577300|51
1509515577500|53
1509515577704|56
1509515577910|889
1509515578115|70
1509515578321|82
1509515578530|48
1509515578733|53
1509515578937|34
1509515579141|36
1509515579351|51
1509515579550|22
1509515579756|73
1509515579962|99
1509515580166|56
1509515580372|76
1509515580577|39
1509515580787|28
1509515580985|98
1509515581190|96
1509515581393|30
1509515582012|31
1509515582216|32
1509515582425|365
1509515582635|56
1509515582838|42
1509515583039|14
1509515583245|74
1509515583449|138
1509515583655|85
1509515583861|42
1509515584067|53
1509515584274|62
1509515584478|190
1509515584684|260
1509515584889|22
1509515585091|39
1509515585298|14
1509515585504|30
1509515585709|146
1509515585913|22
1509515586121|39
1509515586324|42
1509515586539|28
1509515586739|36
1509515586942|73
1509515587146|48
1509515587352|45
1509515587559|19
1509515587763|56
1509515587970|79
1509515588174|19
1509515588384|68
1509515588789|36
1509515588996|33
1509515589202|30
1509515589408|104
1509515589613|44
1509515589824|39
1509515590022|99
1509515590237|129
1509515590438|19
1509515590636|41
1509515591045|104
1509515591251|38
1509515591457|96
1509515591665|70
1509515591870|35
1509515592088|17
1509515592288|34
1509515592486|31
1509515592690|17
1509515592896|28
1509515593102|11
1509515593308|19
1509515593513|17
1509515593718|14
1509515593924|17
1509515594537|19
1509515595151|25
1509515595361|8
1509515595569|25
1509515595770|19
1509515595973|14
1509515596185|25
1509515596389|19
1509515596588|25
1509515596996|22
1509515597201|25
1509515597407|17
1509515597611|8
1509515597819|25
1509515598020|19
1509515598220|14
1509515598427|22
1509515598633|11
1509515598840|22
1509515599249|17
1509515599453|28
1509515599657|14
1509515599870|36
1509515600272|31
1509515600479|22
1509515600683|19
1509515600889|14
1509515601094|19
1509515601505|14
1509515601719|19
1509515601919|11
1509515602119|25
1509515602326|22
1509515602531|5
1509515602737|17
1509515603149|22
1509515603353|17
1509515603559|11
1509515603769|25
1509515603969|14
1509515604174|2
1509515604380|11
1509515604586|17
1509515604792|11
1509515604998|5
1509515605203|8
1509515605409|2
1509515605618|8
1509515605817|2
