1509323227014|0.28602728|-0.4086104|0.28602728
1509323227149|0.027240695|-0.44947144|0.57205456
1509323227278|-0.2043052|-0.4086104|-0.23154591
1509323227410|-0.35412902|-0.19068487|0.10896278
1509323227542|-0.32688835|-0.08172209|-0.14982383
1509323227673|-0.25878662|0.013620348|-0.35412902
1509323227806|1.1849703|0.013620348|0.7627395
1509323227938|-0.51757324|-0.25878662|-1.0487667
1509323228072|-0.50395286|0.13620347|-0.068101734
1509323228202|0.05448139|0.095342435|-0.25878662
1509323228334|-0.6401563|-0.62653595|0.49033248
1509323228466|-0.49033248|-1.0351465|1.7025435
1509323228599|-0.57205456|-0.10896278|-0.7763598
1509323228730|0.4086104|0.19068487|0.46309182
1509323228862|-0.7627395|0.8172208|-1.8659877
1509323228995|0.2043052|1.4165161|-2.2745981
1509323229131|-0.27240694|1.4437568|-2.7240696
1509323229258|0.027240695|0.92618364|-1.1032481
1509323229389|-0.08172209|1.0623871|-1.9340893
1509323229522|-0.05448139|0.31326798|-0.3405087
1509323229654|0.27240694|0.99428535|-2.3563201
1509323229786|-0.05448139|-0.040861044|0.068101734
1509323229918|-0.027240695|0.35412902|-2.3426998
1509323230054|0.6401563|-0.70825803|1.6753027
1509323230182|0.43585113|-0.35412902|-0.43585113
1509323230314|0.8989429|-1.0487667|1.7434045
1509323230446|0.57205456|-0.51757324|-0.53119355
1509323230578|0.50395286|-1.4437568|2.0975335
1509323230709|0.46309182|-0.4086104|-0.83084124
1509323230842|0.55843425|-0.98066497|1.3211737
1509323230974|0.19068487|-0.4086104|-0.35412902
1509323231106|0.16344418|-0.6537767|1.5935806
1509323231238|0.13620347|0.24516624|-0.8036005
1509323231370|-0.3949901|-0.08172209|-0.095342435
1509323231502|-0.25878662|0.16344418|-0.28602728
1509323231635|-0.24516624|-0.27240694|0.8172208
1509323231766|-0.068101734|0.62653595|-1.6889231
1509323231898|-0.3949901|-0.31326798|1.0351465
1509323232040|-0.42223078|0.14982383|-1.7025435
1509323232162|0.0|-0.040861044|0.0
1509323232294|0.095342435|-0.21792556|-0.96704465
1509323232426|-0.08172209|-0.05448139|-0.095342435
1509323232558|-0.35412902|0.27240694|-0.7627395
1509323232699|0.32688835|-0.36774936|1.2666924
1509323232822|-0.10896278|-0.040861044|-1.1168685
1509323232955|0.095342435|-0.47671217|0.8580819
1509323233086|0.17706451|0.5992953|-2.0430522
1509323233222|-0.068101734|-0.3405087|1.56634
1509323233350|0.14982383|0.46309182|-1.5935806
1509323233483|0.17706451|-0.21792556|1.0079057
1509323233614|0.0|0.49033248|-1.4437568
1509323233745|0.095342435|-0.42223078|0.70825803
1509323233878|-0.17706451|-0.29964766|-2.0975335
1509323234009|0.12258312|-0.31326798|0.27240694
1509323234142|0.21792556|0.24516624|-0.7354987
1509323234273|0.013620348|-0.08172209|0.32688835
1509323234406|0.21792556|0.16344418|-0.24516624
1509323234538|-0.27240694|0.013620348|-0.7354987
1509323234669|0.21792556|0.12258312|-0.99428535
1509323234805|0.0|-0.12258312|-0.7627395
1509323234935|0.068101734|-0.17706451|-0.43585113
1509323235066|-0.12258312|-0.16344418|-0.35412902
1509323235199|0.14982383|-0.013620348|-0.2043052
1509323235331|0.10896278|-0.24516624|0.7354987
1509323235462|0.32688835|0.25878662|-0.8989429
1509323235594|-0.17706451|-0.49033248|1.1713499
1509323235726|-0.027240695|0.05448139|-0.939804
1509323235859|0.13620347|-0.42223078|0.8853226
1509323235990|-0.10896278|-0.027240695|-0.7899802
1509323236123|0.027240695|-0.12258312|-0.040861044
1509323236254|-0.05448139|0.027240695|-0.87170225
1509323236386|0.43585113|-0.040861044|0.50395286
1509323236518|0.19068487|0.28602728|-0.8580819
1509323236649|-0.19068487|-0.29964766|0.6537767
1509323236782|0.21792556|0.27240694|-1.2803127
1509323236914|-0.19068487|-0.13620347|-0.43585113
1509323237045|0.08172209|-0.28602728|0.29964766
1509323237178|-0.040861044|0.21792556|-0.84446156
1509323237311|-0.12258312|-0.47671217|1.5527196
1509323237442|-0.43585113|0.19068487|-0.8989429
1509323237574|-0.36774936|-0.7627395|1.4709975
1509323237708|-0.25878662|0.095342435|-0.58567494
1509323237838|-0.28602728|-0.24516624|1.2803127
1509323237970|-0.19068487|0.13620347|-0.7354987
1509323238102|-0.3405087|-0.6810174|1.0487667
1509323238234|-0.16344418|-0.3949901|-0.49033248
1509323238367|0.2043052|-0.21792556|0.7763598
1509323238498|-0.35412902|-0.013620348|0.12258312
1509323238629|0.14982383|-0.50395286|0.49033248
1509323238762|0.040861044|-0.42223078|-0.49033248
1509323238894|0.013620348|-0.7627395|0.667397
1509323239026|-0.29964766|-0.939804|0.24516624
1509323239157|0.74911916|-0.3949901|0.19068487
1509323239291|0.38136974|-0.27240694|0.040861044
1509323239421|0.027240695|-0.46309182|-0.068101734
1509323239554|0.47671217|-0.5448139|0.05448139
1509323239686|0.29964766|-0.46309182|-0.068101734
1509323239818|0.58567494|-0.3405087|-0.068101734
1509323239950|0.12258312|-0.29964766|-0.6810174
1509323240082|0.36774936|-0.24516624|-0.013620348
1509323240214|0.19068487|0.10896278|-0.17706451
1509323240355|0.2043052|-0.08172209|-0.36774936
1509323240478|0.21792556|-0.29964766|-0.49033248
1509323240609|0.068101734|-0.17706451|-0.42223078
1509323240742|0.5448139|-0.05448139|-0.35412902
1509323240873|0.28602728|-0.47671217|0.667397
1509323241006|0.43585113|-0.21792556|-0.10896278
1509323241141|0.3405087|-0.21792556|-0.3405087
1509323241270|0.4086104|0.42223078|-1.8251265
1509323241402|-0.095342435|-0.12258312|-0.50395286
1509323241534|0.3949901|0.027240695|-0.53119355
1509323241666|0.19068487|-0.13620347|-0.013620348
1509323241798|0.17706451|-0.13620347|-0.17706451
1509323241930|-0.013620348|-0.13620347|0.10896278
1509323242061|-0.08172209|-0.095342435|-0.6401563
1509323242194|0.2043052|-0.3949901|0.939804
1509323242326|0.040861044|-0.21792556|-0.3949901
1509323242458|0.013620348|-0.23154591|0.10896278
1509323242590|-0.17706451|-0.21792556|0.43585113
1509323242721|-0.21792556|-0.14982383|-0.27240694
1509323242854|-0.38136974|-0.08172209|-1.2394516
1509323242986|-0.17706451|-0.8989429|1.5390993
1509323243118|-0.08172209|-0.35412902|-0.08172209
1509323243251|0.040861044|-0.47671217|0.92618364
1509323243381|-0.36774936|-0.12258312|-0.50395286
1509323243515|-0.3949901|0.17706451|-1.2258313
1509323243646|-0.43585113|-0.8580819|1.1713499
1509323243778|0.10896278|-0.05448139|-0.3949901
1509323243910|-0.32688835|-0.040861044|-1.2258313
1509323244042|-0.49033248|-0.74911916|0.8989429
1509323244174|0.23154591|0.095342435|-0.46309182
1509323244306|0.040861044|-1.1713499|1.8932283
1509323244438|-0.027240695|-0.4086104|-0.50395286
1509323244570|0.0|-0.5992953|-0.667397
1509323244702|0.068101734|-1.0215261|1.1849703
1509323244836|0.16344418|-0.8172208|0.6946377
1509323244966|0.12258312|-0.74911916|0.8989429
1509323245099|-0.13620347|-0.92618364|0.70825803
1509323245229|-0.29964766|-1.1441091|1.0079057
1509323245371|-0.068101734|-1.4982383|1.7297841
1509323245494|-0.23154591|-0.47671217|-0.28602728
1509323245626|-0.08172209|-0.6537767|1.293933
1509323245757|-0.50395286|0.095342435|-0.5992953
1509323245890|-0.5448139|-0.095342435|0.027240695
1509323246021|-0.6401563|0.29964766|-0.84446156
1509323246154|-0.29964766|0.21792556|-0.6401563
1509323246286|-0.42223078|0.013620348|-0.74911916
1509323246418|-0.10896278|0.29964766|-0.14982383
1509323246550|-0.14982383|0.46309182|-0.21792556
1509323246683|-0.32688835|0.58567494|-1.0215261
1509323246815|-0.27240694|0.31326798|-0.84446156
1509323246946|-0.42223078|0.58567494|-0.8580819
1509323247077|-0.095342435|0.23154591|0.57205456
1509323247209|-0.47671217|0.27240694|-1.0351465
1509323247342|-0.27240694|0.08172209|-0.49033248
1509323247474|-0.23154591|0.24516624|-0.7627395
1509323247606|-0.13620347|0.36774936|-0.8853226
1509323247738|-0.23154591|-0.027240695|-0.38136974
1509323247870|-0.027240695|0.13620347|-1.1032481
1509323248002|0.05448139|0.068101734|-0.17706451
1509323248134|0.27240694|0.10896278|-0.24516624
1509323248266|-0.027240695|-0.095342435|-0.35412902
1509323248398|0.17706451|0.16344418|-1.1441091
1509323248530|-0.040861044|-0.4086104|1.2258313
1509323248662|0.28602728|0.3405087|-1.4437568
1509323248794|0.2043052|-0.42223078|0.99428535
1509323248926|0.17706451|0.13620347|-1.1168685
1509323249058|0.32688835|-0.5992953|1.2394516
1509323249194|0.013620348|-0.12258312|-1.0079057
1509323249321|-0.027240695|-0.46309182|0.040861044
1509323249454|0.013620348|-0.013620348|-0.5992953
1509323249587|-0.040861044|-0.53119355|1.0760074
1509323249718|0.7627395|0.3405087|-0.83084124
1509323249850|0.095342435|-0.6946377|1.2803127
1509323249982|0.095342435|-0.38136974|-0.8036005
1509323250115|0.53119355|-1.0896277|0.8172208
1509323250245|0.939804|-0.16344418|-0.040861044
1509323250385|0.25878662|-0.068101734|0.55843425
1509323250514|0.068101734|0.08172209|-1.0215261
1509323250642|0.42223078|-0.12258312|-0.21792556
1509323250773|0.013620348|-0.040861044|-0.14982383
1509323250907|-0.35412902|-0.70825803|0.3949901
1509323251037|-0.50395286|-0.70825803|0.25878662
1509323251169|-0.23154591|-0.70825803|0.939804
1509323251302|-0.29964766|-0.51757324|0.3949901
1509323251434|-0.25878662|-0.44947144|0.92618364
1509323251565|-0.55843425|-0.6810174|-0.36774936
1509323251699|-0.27240694|-0.61291564|0.58567494
1509323251830|-0.16344418|-0.32688835|-0.040861044
1509323251966|-0.13620347|-0.62653595|1.8932283
1509323252094|-0.27240694|-0.040861044|-0.14982383
1509323252226|-0.2043052|-0.55843425|1.0215261
1509323252358|-0.29964766|0.05448139|-1.4709975
1509323252490|-0.49033248|-0.61291564|1.0623871
1509323252622|-0.29964766|0.27240694|-1.2258313
1509323252758|-0.10896278|0.05448139|0.44947144
1509323252886|0.013620348|0.2043052|-0.13620347
1509323253017|-0.23154591|0.19068487|-0.6401563
1509323253150|-0.16344418|0.44947144|-1.0215261
1509323253282|-0.14982383|0.24516624|-1.0623871
1509323253413|0.27240694|0.36774936|-0.8580819
1509323253545|0.013620348|0.23154591|-1.1713499
1509323253678|-0.46309182|0.4086104|-1.4573771
1509323253810|-0.6401563|-0.49033248|0.7218784
1509323253942|-0.667397|-0.61291564|0.53119355
1509323254074|-0.5448139|-0.55843425|0.17706451
1509323254207|-0.040861044|-0.6401563|0.05448139
1509323254338|-0.068101734|-0.28602728|0.0
1509323254474|0.08172209|-0.44947144|0.7763598
1509323254602|-0.05448139|-0.5448139|0.068101734
1509323254734|0.040861044|-0.50395286|0.08172209
1509323254867|-0.027240695|-0.32688835|0.28602728
1509323254998|-0.12258312|-0.35412902|0.47671217
1509323255130|-0.23154591|-0.095342435|-0.19068487
1509323255262|-0.35412902|-0.42223078|0.10896278
1509323255394|-0.08172209|-0.2043052|0.05448139
1509323255526|-0.13620347|-0.068101734|-0.28602728
