1509425579742|1023.305
1509425579877|1023.30756
1509425580008|1023.3172
1509425580142|1023.3189
1509425580279|1023.3189
1509425580417|1023.3122
1509425580541|1023.3223
1509425580677|1023.3376
1509425580817|1023.33344
1509425580954|1023.3283
1509425581076|1023.32196
1509425581208|1023.3389
1509425581342|1023.32965
1509425581476|1023.3306
1509425581610|1023.33954
1509425581746|1023.33954
1509425581877|1023.34625
1509425582009|1023.3354
1509425582143|1023.3366
1509425582275|1023.3409
1509425582411|1023.3409
1509425582543|1023.3189
1509425582680|1023.30743
1509425582810|1023.3261
1509425582942|1023.3321
1509425583076|1023.32526
1509425583216|1023.3173
1509425583343|1023.3173
1509425583478|1023.3189
1509425583610|1023.3398
1509425583742|1023.3211
1509425583880|1023.31866
1509425584010|1023.32965
1509425584143|1023.3039
1509425584276|1023.3005
1509425584418|1023.3149
1509425584543|1023.3243
1509425584687|1023.29596
1509425584810|1023.29596
1509425584943|1023.3011
1509425585076|1023.315
1509425585210|1023.32684
1509425585343|1023.3223
1509425585478|1023.3309
1509425585614|1023.336
1509425585756|1023.3614
1509425585876|1023.3267
1509425586010|1023.3178
1509425586143|1023.3448
1509425586276|1023.3448
1509425586411|1023.33307
1509425586545|1023.33636
1509425586677|1023.3348
1509425586810|1023.3327
1509425586954|1023.35297
1509425587078|1023.3394
1509425587210|1023.337
1509425587344|1023.3483
1509425587477|1023.33575
1509425587610|1023.3316
1509425587743|1023.33453
1509425587876|1023.33453
1509425588019|1023.34894
1509425588147|1023.3337
1509425588278|1023.332
1509425588411|1023.3414
1509425588544|1023.35443
1509425588691|1023.3316
1509425588813|1023.32574
1509425588945|1023.32745
1509425589077|1023.3245
1509425589220|1023.31866
1509425589344|1023.31866
1509425589477|1023.3149
1509425589610|1023.3327
1509425589745|1023.33307
1509425589878|1023.32465
1509425590011|1023.3205
1509425590144|1023.31757
1509425590277|1023.3287
1509425590422|1023.3078
1509425590554|1023.30963
1509425590678|1023.3295
1509425590814|1023.3295
1509425590950|1023.32025
1509425591078|1023.3161
1509425591213|1023.3199
1509425591344|1023.31744
1509425591478|1023.3509
1509425591611|1023.3392
1509425591745|1023.3459
1509425591878|1023.3548
1509425592012|1023.32697
1509425592146|1023.3138
1509425592280|1023.3333
1509425592413|1023.3333
1509425592544|1023.32697
1509425592678|1023.33466
1509425592813|1023.3295
1509425592945|1023.3389
1509425593078|1023.3461
1509425593212|1023.3393
1509425593345|1023.3348
1509425593478|1023.33734
1509425593616|1023.35516
1509425593747|1023.336
1509425593878|1023.336
1509425594020|1023.33185
1509425594148|1023.3481
1509425594280|1023.34247
1509425594413|1023.32135
1509425594545|1023.3201
1509425594678|1023.3177
1509425594812|1023.3079
1509425594945|1023.2978
1509425595080|1023.305
1509425595218|1023.31525
1509425595346|1023.31525
1509425595479|1023.29205
1509425595612|1023.293
1509425595745|1023.3035
1509425595881|1023.326
1509425596021|1023.2972
1509425596145|1023.28973
1509425596279|1023.31256
1509425596418|1023.30536
1509425596552|1023.30963
1509425596680|1023.3106
1509425596812|1023.3144
1509425596946|1023.3144
1509425597079|1023.3305
1509425597214|1023.31866
1509425597345|1023.3123
1509425597480|1023.31866
1509425597612|1023.3077
1509425597751|1023.3035
1509425597878|1023.31366
1509425598013|1023.32
1509425598147|1023.3099
1509425598282|1023.31244
1509425598413|1023.31244
1509425598546|1023.31964
1509425598679|1023.3383
1509425598821|1023.3223
1509425598957|1023.3206
1509425599079|1023.3143
1509425599213|1023.3311
1509425599349|1023.3067
1509425599481|1023.30927
1509425599612|1023.3072
1509425599746|1023.3089
1509425599879|1023.3089
1509425600020|1023.31573
1509425600146|1023.3094
1509425600279|1023.3212
1509425600412|1023.32965
1509425600547|1023.3205
1509425600679|1023.3183
1509425600813|1023.34796
1509425600946|1023.3095
1509425601083|1023.30865
1509425601220|1023.3049
1509425601347|1023.30743
1509425601481|1023.30743
1509425601614|1023.28204
1509425601747|1023.27277
1509425601880|1023.2994
1509425602014|1023.31976
1509425602146|1023.3046
1509425602281|1023.3122
1509425602421|1023.3199
1509425602546|1023.34576
1509425602680|1023.31525
1509425602813|1023.3005
1509425602948|1023.3005
1509425603088|1023.314
1509425603214|1023.2878
1509425603349|1023.28705
1509425603480|1023.2955
1509425603616|1023.2972
1509425603747|1023.31195
1509425603880|1023.3001
1509425604013|1023.2994
1509425604147|1023.3121
1509425604280|1023.2935
1509425604415|1023.2935
1509425604547|1023.2913
1509425604680|1023.3035
1509425604820|1023.2985
1509425604949|1023.2961
1509425605079|1023.28253
1509425605214|1023.29865
1509425605348|1023.29144
1509425605493|1023.2872
1509425605615|1023.2846
1509425605747|1023.2872
1509425605881|1023.3067
1509425606021|1023.3067
1509425606154|1023.2928
1509425606281|1023.29364
1509425606414|1023.30646
1509425606548|1023.30084
1509425606690|1023.29425
1509425606818|1023.3061
1509425606947|1023.3123
1509425607081|1023.31744
1509425607222|1023.2972
1509425607348|1023.2963
1509425607481|1023.2963
1509425607614|1023.30695
1509425607748|1023.2867
1509425607881|1023.2817
1509425608015|1023.28973
1509425608147|1023.28046
1509425608284|1023.2652
1509425608416|1023.2546
1509425608555|1023.2674
1509425608682|1023.2784
1509425608815|1023.2552
1509425608948|1023.2552
1509425609087|1023.2535
1509425609216|1023.26117
1509425609348|1023.28265
1509425609482|1023.2747
1509425609619|1023.25385
1509425609748|1023.26666
1509425609881|1023.26666
1509425610015|1023.2591
1509425610147|1023.2642
1509425610296|1023.27216
1509425610415|1023.2764
1509425610550|1023.2764
1509425610682|1023.26215
1509425610819|1023.26166
1509425610948|1023.2745
1509425611082|1023.26935
1509425611216|1023.2652
1509425611349|1023.2669
1509425611484|1023.2647
1509425611620|1023.2835
1509425611752|1023.25934
1509425611883|1023.26776
1509425612026|1023.26776
1509425612152|1023.29913
1509425612282|1023.2813
1509425612415|1023.27545
1509425612549|1023.27155
1509425612683|1023.2708
1509425612817|1023.26324
1509425612949|1023.2492
1509425613083|1023.267
1509425613225|1023.268
1509425613349|1023.2663
1509425613482|1023.2574
1509425613618|1023.2574
1509425613750|1023.2675
1509425613884|1023.2836
1509425614018|1023.25824
1509425614150|1023.25653
1509425614283|1023.26935
1509425614421|1023.27106
1509425614550|1023.2587
1509425614682|1023.2503
1509425614817|1023.2503
1509425614949|1023.2719
1509425615083|1023.2719
1509425615218|1023.2542
1509425615350|1023.26263
1509425615483|1023.28546
1509425615631|1023.2703
1509425615755|1023.2686
1509425615882|1023.2597
1509425616017|1023.27496
1509425616150|1023.25885
1509425616289|1023.24457
1509425616416|1023.2559
1509425616549|1023.2559
1509425616682|1023.2653
1509425616820|1023.2496
1509425616950|1023.2641
1509425617082|1023.2674
1509425617217|1023.2763
1509425617354|1023.24506
1509425617484|1023.2308
1509425617619|1023.232
1509425617750|1023.233
1509425617883|1023.2181
1509425618024|1023.20636
1509425618152|1023.20636
1509425618284|1023.2115
1509425618416|1023.2144
1509425618550|1023.2161
1509425618684|1023.23566
1509425618816|1023.2128
1509425618953|1023.2056
1509425619084|1023.20734
1509425619220|1023.2369
1509425619353|1023.2166
1509425619483|1023.2226
1509425619618|1023.2226
1509425619749|1023.2214
1509425619886|1023.226
1509425620017|1023.22516
1509425620150|1023.23285
1509425620284|1023.23065
1509425620418|1023.2485
1509425620551|1023.22015
1509425620683|1023.227
1509425620819|1023.227
1509425620952|1023.22784
1509425621090|1023.22784
1509425621217|1023.217
1509425621350|1023.2153
1509425621483|1023.23175
1509425621619|1023.25287
1509425621751|1023.2347
1509425621885|1023.2233
1509425622017|1023.2369
1509425622151|1023.2347
1509425622284|1023.217
1509425622418|1023.2111
1509425622556|1023.2293
1509425622687|1023.2293
1509425622823|1023.237
1509425622956|1023.22687
1509425623087|1023.23444
1509425623223|1023.2327
1509425623351|1023.2336
1509425623485|1023.2159
1509425623617|1023.2188
1509425623751|1023.21295
1509425623886|1023.2078
1509425624026|1023.20734
1509425624151|1023.20734
1509425624288|1023.2083
1509425624420|1023.2059
1509425624550|1023.19855
1509425624685|1023.2071
1509425624821|1023.2122
1509425624951|1023.21735
1509425625086|1023.21906
1509425625224|1023.2165
1509425625353|1023.21906
1509425625485|1023.22076
1509425625618|1023.22076
1509425625751|1023.22076
1509425625888|1023.2082
1509425626019|1023.2065
1509425626151|1023.1976
1509425626285|1023.20184
1509425626424|1023.1994
1509425626556|1023.20734
1509425626687|1023.20905
1509425626818|1023.2083
1509425626951|1023.2015
1509425627086|1023.20746
1509425627218|1023.20746
1509425627352|1023.22174
1509425627485|1023.2413
1509425627636|1023.22906
1509425627759|1023.2358
1509425627885|1023.23334
1509425628020|1023.2392
1509425628153|1023.2299
1509425628293|1023.241
1509425628419|1023.2354
1509425628556|1023.2211
1509425628686|1023.2211
1509425628829|1023.2172
