1509150350071|0.013620348|-0.013620348|-0.095342435
1509150350198|0.040861044|0.0|-0.068101734
1509150350331|-0.013620348|0.0|-0.068101734
1509150350463|-0.05448139|0.0|-0.013620348
1509150350594|0.013620348|0.0|-0.013620348
1509150350726|-0.16344418|-0.040861044|-0.05448139
1509150350858|0.013620348|-0.013620348|-0.12258312
1509150350989|0.013620348|0.0|-0.095342435
1509150351122|-0.013620348|0.095342435|-0.027240695
1509150351253|0.027240695|-0.068101734|-0.040861044
1509150351386|0.027240695|-0.040861044|-0.05448139
1509150351519|0.040861044|-0.08172209|-0.10896278
1509150351650|0.027240695|-0.05448139|-0.068101734
1509150351787|0.05448139|-0.068101734|-0.05448139
1509150351914|-0.10896278|0.0|-0.08172209
1509150352046|0.027240695|-0.05448139|-0.05448139
1509150352177|0.05448139|-0.040861044|-0.05448139
1509150352310|0.05448139|-0.013620348|-0.12258312
1509150352441|0.0|0.027240695|-0.068101734
1509150352573|-0.040861044|0.040861044|-0.068101734
1509150352705|-0.040861044|-0.013620348|-0.05448139
1509150352838|-0.013620348|0.040861044|-0.05448139
1509150352969|0.068101734|0.0|-0.13620347
1509150353101|-0.040861044|0.027240695|-0.095342435
1509150353234|-0.12258312|-0.05448139|-0.040861044
1509150353369|0.0|-0.013620348|0.013620348
1509150353498|0.08172209|-0.040861044|-0.013620348
1509150353630|-0.027240695|0.013620348|-0.10896278
1509150353762|-0.040861044|0.027240695|-0.08172209
1509150353893|-0.05448139|0.013620348|-0.05448139
1509150354026|0.0|0.040861044|-0.013620348
1509150354159|-0.027240695|0.040861044|0.013620348
1509150354290|-0.05448139|0.027240695|0.0
1509150354422|0.068101734|0.05448139|-0.027240695
1509150354553|0.027240695|0.08172209|-0.013620348
1509150354686|0.027240695|0.05448139|-0.040861044
1509150354818|-0.10896278|0.068101734|-0.013620348
1509150354950|-0.027240695|0.040861044|-0.12258312
1509150355081|0.040861044|0.05448139|-0.31326798
1509150355214|-0.027240695|0.040861044|-0.3949901
1509150355346|-0.027240695|0.040861044|-0.3949901
1509150355479|-0.027240695|0.0|-0.36774936
1509150355609|-0.08172209|-0.027240695|-0.23154591
1509150355742|0.013620348|0.0|-0.2043052
1509150355874|0.068101734|0.0|-0.2043052
1509150356007|0.05448139|-0.040861044|-0.08172209
1509150356138|-0.05448139|-0.05448139|0.16344418
1509150356270|0.013620348|-0.040861044|0.095342435
1509150356403|0.08172209|-0.013620348|0.08172209
1509150356534|0.040861044|-0.040861044|0.013620348
1509150356666|-0.027240695|-0.013620348|-0.2043052
1509150356797|0.013620348|-0.013620348|-0.05448139
1509150356930|0.0|-0.040861044|-0.08172209
1509150357061|-0.05448139|-0.013620348|-0.2043052
1509150357193|-0.027240695|-0.027240695|-0.14982383
1509150357325|0.040861044|-0.027240695|-0.027240695
1509150357457|0.027240695|-0.027240695|-0.08172209
1509150357590|-0.05448139|-0.027240695|0.013620348
1509150357721|0.040861044|-0.027240695|0.095342435
1509150357854|0.05448139|-0.027240695|-0.040861044
1509150357986|-0.040861044|-0.040861044|-0.068101734
1509150358124|0.013620348|-0.05448139|-0.14982383
1509150358250|0.08172209|-0.040861044|-0.13620347
1509150358383|0.013620348|-0.08172209|-0.05448139
1509150358514|-0.013620348|-0.05448139|-0.013620348
1509150358646|-0.013620348|-0.05448139|0.013620348
1509150358778|-0.05448139|-0.027240695|-0.05448139
1509150358909|-0.013620348|-0.027240695|-0.10896278
1509150359041|0.05448139|-0.027240695|-0.10896278
1509150359174|0.027240695|-0.040861044|-0.05448139
1509150359305|-0.05448139|-0.05448139|-0.013620348
1509150359438|0.0|-0.027240695|-0.05448139
1509150359570|0.068101734|-0.027240695|-0.027240695
1509150359702|-0.05448139|-0.013620348|-0.095342435
1509150359835|-0.013620348|0.013620348|-0.10896278
1509150359966|0.068101734|-0.027240695|-0.095342435
1509150360098|-0.05448139|-0.013620348|-0.05448139
1509150360230|0.0|0.0|-0.095342435
1509150360362|0.013620348|-0.013620348|0.013620348
1509150360493|0.040861044|-0.013620348|-0.10896278
1509150360626|0.040861044|0.0|-0.068101734
1509150360759|-0.027240695|-0.027240695|0.027240695
