1509425432293|1.7280924|2.5906675|9.29906
1509425432396|1.5779583|2.828653|9.256305
1509425432517|1.7353572|3.1227026|9.132779
1509425432637|1.214944|2.8450031|9.305926
1509425432757|1.2622772|2.9669669|9.261434
1509425432882|1.0695701|3.6235197|9.049669
1509425432997|1.2116668|4.2224345|8.767742
1509425433126|0.7781444|5.152019|8.307922
1509425433238|1.2522955|5.8357043|7.7811766
1509425433357|2.1475356|5.5025215|7.828202
1509425433478|1.5578485|5.6752553|7.8444223
1509425433600|1.7091488|5.38628|8.01481
1509425433719|1.807735|4.246761|8.652601
1509425433841|2.3255606|5.05912|8.072637
1509425433959|2.7938352|5.171929|7.849588
1509425434077|3.476513|4.847102|7.7839475
1509425434197|3.1427016|2.6705446|8.897304
1509425434319|2.0342786|2.5194736|9.256584
1509425434437|1.7218423|2.831962|9.229607
1509425434561|2.740994|3.5570078|8.718086
1509425434681|3.2188132|4.4494905|8.124756
1509425434798|2.7487788|4.217261|8.416015
1509425434917|2.2662077|3.1693857|8.999427
1509425435039|1.7722628|3.7197862|8.899026
1509425435156|2.3312554|3.3941154|8.900315
1509425435281|2.647875|3.6631246|8.702911
1509425435398|2.3446581|3.0262666|9.028547
1509425435520|2.078804|2.7694986|9.174903
1509425435644|2.4424622|3.8201935|8.695453
1509425435766|2.9519582|3.5196521|8.664201
1509425435876|2.141754|4.116106|8.6395
1509425436000|1.7456149|3.374598|9.040758
1509425436120|2.1959095|2.647226|9.183712
1509425436238|2.4826527|4.000525|8.602478
1509425436362|2.5808978|3.778172|8.673798
1509425436479|3.0708425|3.3084824|8.70599
1509425436604|3.0842474|3.5502334|8.605443
1509425436719|3.0841444|3.5955737|8.586635
1509425436840|3.0680568|3.3895247|8.675744
1509425436960|2.7086623|3.0937192|8.9029455
1509425437079|2.4505563|3.204346|8.93853
1509425437202|2.3406205|2.6394372|9.15015
1509425437316|2.764638|1.991785|9.195648
1509425437450|2.8230073|3.1589136|8.844336
1509425437558|3.167309|3.323089|8.665773
1509425437682|2.7823524|3.6450102|8.668495
1509425437799|1.200562|3.6538794|9.0209875
1509425437919|1.4684408|4.735746|8.460897
1509425438045|2.4666824|3.9270713|8.640832
1509425438163|2.999951|3.2079575|8.768106
1509425438278|2.7374444|3.4207397|8.773558
1509425438397|2.2769382|2.5005078|9.205074
1509425438523|2.5423727|1.7383448|9.3104725
1509425438639|2.8294945|2.2312686|9.120624
1509425438759|3.1835608|2.4603791|8.943258
1509425438890|2.6463914|2.2353928|9.174422
1509425439008|2.4989617|2.2868986|9.203026
1509425439122|3.0368116|3.2332084|8.746116
1509425439242|3.217813|3.0638661|8.742356
1509425439359|2.6793625|3.2590194|8.852694
1509425439484|2.624589|2.9126346|8.988797
1509425439601|3.056858|0.9548575|9.268994
1509425439722|3.3694024|2.152897|8.954471
1509425439843|3.2831821|2.582139|8.872636
1509425439963|3.4424803|1.8995707|8.98395
1509425440078|3.058823|1.8118992|9.13953
1509425440199|2.7505302|2.178344|9.157499
1509425440321|2.6647594|2.6202726|9.066621
1509425440439|2.5233903|3.1122708|8.950791
1509425440565|2.239569|3.8415306|8.740559
1509425440681|3.281969|3.7230756|8.458001
1509425440806|3.2093174|3.9302647|8.391882
1509425440920|2.6577764|3.5597498|8.7427
1509425441038|2.4028003|2.735038|9.10585
1509425441158|1.8642882|2.4415812|9.313082
1509425441286|1.8638053|3.0116367|9.144761
1509425441398|2.2099578|3.1991122|9.002897
1509425441520|1.8825268|3.3702073|9.014887
1509425441641|1.3347217|3.338972|9.123605
1509425441758|1.7294353|3.0965827|9.142791
1509425441881|2.7104242|1.6910634|9.271692
1509425442010|2.8492312|2.7199068|8.980779
1509425442126|2.5562427|2.910488|9.009165
1509425442245|2.643701|2.469744|9.114911
1509425442358|2.2684205|2.3997285|9.233956
1509425442481|2.0070982|2.8244977|9.174102
1509425442600|2.5276146|3.4673214|8.818119
1509425442720|2.5482738|2.6225595|9.099388
1509425442841|1.9718624|2.9928176|9.128263
1509425442964|1.8064244|2.879611|9.198644
1509425443084|2.2618532|1.6675595|9.395406
1509425443198|2.3760726|2.848917|9.077904
1509425443320|2.142177|2.479716|9.2429695
1509425443440|1.8916248|2.1026764|9.3899355
1509425443561|1.494543|2.1000159|9.461853
1509425443680|1.5851902|2.5123444|9.345891
1509425443797|2.2303934|3.4843867|8.891275
1509425443921|2.5147414|3.161745|8.935873
1509425444040|2.1382816|3.3424141|8.968078
1509425444158|2.1459308|2.8968391|9.119962
1509425444282|2.124306|1.6423482|9.431883
1509425444403|2.1146183|2.7672288|9.167399
1509425444526|2.021872|2.269793|9.32365
1509425444641|2.180582|2.4612174|9.238933
1509425444769|2.3809416|3.2401268|8.944445
1509425444891|2.4385192|3.2423048|8.928128
1509425445000|1.6378078|2.388339|9.369301
1509425445118|0.85155624|2.4524276|9.456788
1509425445242|0.92403287|2.7263203|9.374632
1509425445363|2.1807234|4.117285|8.629183
1509425445478|2.4788933|4.158874|8.528145
1509425445598|1.7248133|3.8503563|8.852693
1509425445721|1.4725605|3.2605464|9.13076
1509425445839|1.1247804|3.057455|9.249716
1509425445960|1.7484517|3.7617059|8.886106
1509425446078|2.5033011|4.0210733|8.5869
1509425446198|2.8673065|3.8713443|8.541758
1509425446320|2.5815203|3.906053|8.616779
1509425446443|2.2794151|3.269773|8.960092
1509425446559|1.8190087|2.2422123|9.3719845
1509425446680|2.7871823|3.8782144|8.56513
1509425446802|3.1082027|3.7729025|8.5014515
1509425446918|2.5125055|3.3889503|8.852837
1509425447046|1.7791415|2.5719497|9.294628
1509425447162|1.6323807|2.6140902|9.309793
1509425447280|1.9992689|3.5075064|8.937042
1509425447400|2.02983|3.2192812|9.0380535
1509425447525|2.139141|3.57371|8.878235
1509425447641|2.1911144|3.1908422|9.010434
1509425447760|2.7669053|1.3688285|9.30811
1509425447883|2.9031985|2.889638|8.910208
1509425448006|3.1152284|2.4367545|8.973737
1509425448123|2.2043412|2.3442152|9.263688
1509425448245|1.4876615|2.239409|9.4309225
1509425448365|1.5336378|2.7070901|9.299999
1509425448483|1.8931075|3.2132657|9.06981
1509425448608|1.8809859|3.364459|9.017355
1509425448720|1.6556286|3.6557465|8.947893
1509425448840|2.28471|2.990868|9.055673
1509425448962|2.3257751|1.9253222|9.330289
1509425449084|2.6377962|2.8975897|8.989794
1509425449201|2.442368|2.373337|9.196331
1509425449322|1.5407479|1.8283205|9.510717
1509425449441|1.0194885|1.8094331|9.584206
1509425449564|1.1167905|2.7371604|9.35046
1509425449697|1.3348718|2.6966777|9.333618
1509425449806|1.3786801|2.8966928|9.267082
1509425449921|1.4078641|3.1268587|9.18755
1509425450040|2.0118542|2.3482718|9.306367
1509425450161|2.2220454|2.1779947|9.299959
1509425450289|1.6693853|2.3481207|9.373892
1509425450404|1.4912297|2.211416|9.436962
1509425450520|0.87101275|1.8735297|9.586533
1509425450639|-0.035505068|1.8619527|9.628201
1509425450761|0.23941888|2.9306483|9.355446
1509425450879|1.0114045|2.7610848|9.355419
1509425450999|0.6724649|3.2971659|9.211236
1509425451130|0.9793689|3.509984|9.104463
1509425451242|1.0152254|1.8603976|9.574895
1509425451362|1.2722774|1.0047708|9.671719
1509425451483|1.5674444|1.5537324|9.555073
1509425451615|1.5931633|1.5624526|9.5493965
1509425451725|1.2069192|2.0448184|9.514854
1509425451842|1.099895|2.6586854|9.375073
1509425451961|1.195933|3.4607983|9.097417
1509425452085|1.4163063|3.4693964|9.062436
1509425452204|1.5117513|3.9359548|8.853996
1509425452319|1.7040172|3.8037393|8.87684
1509425452442|1.8329576|3.685782|8.900881
1509425452561|1.7481648|3.257373|9.083162
1509425452683|0.9739646|2.3901315|9.460922
1509425452816|1.0433159|3.6736648|9.032501
1509425452925|1.7999567|3.1824186|9.099603
1509425453043|1.2055218|2.3119774|9.45367
1509425453162|0.7265216|2.322367|9.499956
1509425453282|0.6794185|2.5643523|9.441021
1509425453400|1.2847726|2.7581966|9.322666
1509425453521|1.6263224|2.4747527|9.348854
1509425453641|1.2063968|1.9878347|9.526988
1509425453763|1.0353985|1.8115095|9.582107
1509425453884|0.72660154|1.4596667|9.670151
1509425454001|1.4073071|2.0031946|9.496161
1509425454128|2.1064165|2.0214653|9.362001
1509425454246|1.6020646|1.8763324|9.491214
1509425454362|1.3868171|1.8695912|9.526371
1509425454487|1.6647962|1.800778|9.495053
1509425454600|1.5245558|2.774687|9.281553
1509425454722|1.1695492|2.8173268|9.32015
1509425454850|1.2440735|2.7774622|9.322466
1509425454963|1.2194984|2.5884392|9.379935
1509425455086|1.2774581|2.2675183|9.45499
1509425455207|1.5486368|2.9296675|9.229798
1509425455323|1.7650142|2.5137787|9.313218
1509425455445|1.2925346|1.9068377|9.532247
1509425455561|1.0459803|1.680428|9.604815
1509425455682|0.94319135|1.6557466|9.619734
1509425455803|1.4176136|2.4679797|9.384553
1509425455922|1.5109619|2.5723722|9.341857
1509425456047|1.5744506|2.6019|9.323176
1509425456168|1.6798161|2.5155647|9.32848
1509425456280|0.6906085|1.2250693|9.70529
1509425456401|0.78804314|2.0620124|9.554972
1509425456536|1.1515236|2.4482226|9.42606
1509425456643|1.2916853|2.355354|9.431556
1509425456767|1.2081877|2.6948826|9.351378
1509425456883|1.7479109|2.8286917|9.225709
1509425457002|2.0241823|3.4387524|8.958128
1509425457121|2.1614509|3.1951692|9.016064
1509425457251|1.6633244|3.1817012|9.125816
1509425457362|1.3058786|2.8091018|9.304516
1509425457487|0.8939182|1.9787974|9.563245
1509425457608|1.3327334|3.184662|9.178896
1509425457723|2.0174146|3.338337|8.997552
1509425457847|1.4451212|2.8488886|9.271777
1509425457973|1.4296668|2.888172|9.262014
1509425458081|1.5349709|3.2564034|9.121956
1509425458201|0.46950147|3.2294276|9.247744
1509425458324|0.44568083|3.3198676|9.2168455
1509425458441|0.18848449|3.063279|9.314033
1509425458563|1.0167269|2.5610316|9.411576
1509425458685|1.363|2.3496459|9.422938
1509425458808|1.5237194|3.2653737|9.120636
1509425458922|1.8420773|3.276812|9.057574
1509425459046|2.6916273|4.3808756|8.3506565
1509425459162|3.3032131|4.18884|8.228778
1509425459287|2.7614784|4.0837173|8.477492
1509425459402|2.29214|3.505554|8.86722
1509425459522|2.7046432|3.6343591|8.697513
1509425459642|1.5829248|2.8710616|9.242389
1509425459764|0.7643779|2.7317173|9.387429
1509425459884|0.697286|2.7059255|9.400114
1509425460002|1.430569|3.2678776|9.134814
1509425460125|2.8256762|3.8279338|8.57513
1509425460252|2.5788157|3.7591524|8.682676
1509425460363|1.5302607|2.8357391|9.262142
1509425460483|1.3352765|2.9664748|9.2513485
1509425460604|0.744814|2.8827503|9.343735
1509425460727|0.9050942|3.0409708|9.279207
1509425460848|0.9045146|2.9565663|9.306501
1509425460961|2.0384893|1.8857766|9.405254
1509425461090|3.0658517|2.8141632|8.879832
1509425461205|2.9251823|2.9332762|8.888734
1509425461323|3.0503032|1.7237186|9.159412
1509425461446|2.9743803|1.1485599|9.273849
1509425461564|3.1932724|1.3664179|9.170949
1509425461682|2.878569|2.1122115|9.133608
1509425461802|2.7862442|1.8015589|9.228306
1509425461922|2.2334177|2.1919518|9.293954
1509425462041|2.4649007|2.0068665|9.277238
1509425462166|2.1705728|1.0318962|9.5075865
1509425462283|2.4741752|2.1862717|9.234125
1509425462402|3.1288269|1.8625731|9.105583
1509425462523|2.416209|1.1816663|9.430588
1509425462643|1.4285493|1.1443337|9.63432
1509425462762|2.162594|2.115986|9.328247
1509425462886|2.6492321|3.0649922|8.930721
1509425463006|2.394739|3.852765|8.694355
1509425463124|1.703032|3.9439454|8.815631
1509425463243|1.1734277|2.4324625|9.427438
1509425463361|0.61233807|2.4799578|9.468117
1509425463481|0.31625012|3.2641625|9.242057
1509425463601|0.90061873|2.2696667|9.497784
1509425463723|-0.32646596|3.3004906|9.228789
1509425463842|0.15075926|4.0410147|8.934084
1509425463961|0.27855763|4.0693913|8.918119
1509425464081|0.16830204|3.5617685|9.135419
1509425464206|0.3528717|4.0304313|8.933167
1509425464350|0.23024255|4.507976|8.706062
1509425464441|-0.08173414|4.4029007|8.762316
1509425464561|-0.028458806|4.5039005|8.711168
1509425464681|0.30878854|3.8637567|9.008131
1509425464803|0.23712972|3.8973248|8.995832
1509425464921|0.24575377|4.285635|8.817217
1509425465042|0.46378654|4.422555|8.740498
1509425465161|0.55233717|4.1136475|8.884999
1509425465282|0.5482975|1.5295359|9.671104
1509425465401|0.4426884|-0.17996192|9.795
1509425465521|0.30914778|0.027328458|9.801738
1509425465642|0.2693983|-0.46815175|9.791763
1509425465761|-0.03199176|-0.8035431|9.773622
1509425465882|-0.56475675|-0.9061359|9.748351
1509425466002|-0.88806826|-0.4223109|9.757221
1509425466123|-0.77056795|-0.16458505|9.774944
1509425466242|-0.7922872|-0.2580933|9.771185
1509425466362|-0.8650157|-0.21525079|9.766053
1509425466482|-0.6663399|-1.0105219|9.731661
1509425466601|-1.1274977|-1.2059919|9.666681
1509425466722|-1.4012295|-1.5248418|9.5855
1509425466842|-1.7080573|-1.4350893|9.549526
1509425466965|-1.2913263|-1.4229312|9.616555
1509425467082|-1.2552735|-1.6063484|9.59241
1509425467202|-1.0742394|-1.6888297|9.600222
1509425467322|-0.98280454|-1.1216381|9.6925955
1509425467443|-1.0667061|-0.40661523|9.739979
1509425467562|-0.67421085|0.18312825|9.781733
1509425467682|-0.9378494|0.41919163|9.752697
1509425467802|-1.2268695|1.788831|9.563747
1509425467923|-0.8394557|2.818564|9.355287
1509425468042|-0.3788884|2.4212525|9.495492
1509425468164|0.24133489|2.7683291|9.404707
1509425468282|-0.08443926|2.8951607|9.369168
1509425468402|0.34143934|2.77784|9.398799
1509425468522|0.14811517|3.115624|9.297383
1509425468643|0.08590851|3.2305086|9.258878
1509425468762|-0.11818358|3.3560526|9.2137575
1509425468883|-0.06686989|3.2391245|9.256024
1509425469003|-0.28148815|3.3366702|9.217256
1509425469122|-0.58513665|3.5755637|9.112813
1509425469244|-0.6244739|3.5274415|9.1289425
1509425469362|-0.34404248|3.5568683|9.132399
1509425469483|-0.32938707|2.9416988|9.349241
1509425469603|-0.09163545|2.5663073|9.464463
1509425469723|-0.34333047|2.8653636|9.372417
1509425469843|-0.34792575|3.2374582|9.250308
1509425469962|-0.24428251|3.9663389|8.965426
1509425470083|-0.1969203|3.5635622|9.134148
1509425470202|-0.31714326|3.4893577|9.159377
1509425470323|-0.68894017|3.7836983|9.021052
1509425470443|-0.59240043|3.3534834|9.196391
1509425470563|-0.03260341|3.5518956|9.140753
1509425470683|0.030581517|2.877121|9.375053
1509425470803|-0.013321218|3.0466409|9.321383
1509425470923|-0.1698604|3.424774|9.187626
1509425471042|-0.27168855|3.4777963|9.165234
1509425471166|-0.18471819|3.7632508|9.053961
1509425471283|-0.08395675|3.5843878|9.127732
1509425471403|-0.188582|3.7173746|9.072813
1509425471524|-0.38998476|3.7932851|9.034893
1509425471643|-0.57457507|3.9724624|8.947614
1509425471763|0.019712675|3.8173754|9.033142
1509425471883|0.25268054|3.0412328|9.319735
1509425472005|0.03050685|3.2381945|9.25654
1509425472123|-0.016849358|3.910941|8.993032
1509425472243|0.0039677685|3.9772887|8.9639015
1509425472364|-0.04175486|4.0989285|8.90884
1509425472483|-0.058805734|3.8758843|9.008021
1509425472604|-0.10850259|4.2693176|8.827885
1509425472723|0.49793655|4.2136273|8.841255
1509425472845|0.4735141|4.3337564|8.784346
1509425472966|0.9066875|4.784258|8.512296
1509425473083|1.2168756|4.7127404|8.5135
1509425473203|1.3058875|4.472216|8.6292715
1509425473323|1.2596469|4.012619|8.859038
1509425473444|1.3077177|3.295795|9.143194
1509425473564|1.4370399|3.0451512|9.210448
1509425473685|0.786305|2.5811784|9.428129
1509425473804|0.89396864|3.3810647|9.161857
1509425473923|0.8587386|3.9234464|8.946481
1509425474044|0.2673828|3.7214537|9.069161
1509425474164|0.22648636|4.87057|8.508621
1509425474284|0.72880805|4.7858715|8.528461
1509425474403|0.8074552|4.6563725|8.592823
1509425474523|0.9499987|4.736731|8.534124
1509425474643|1.3864732|4.661993|8.51551
1509425474764|1.4779646|4.5633025|8.553495
1509425474884|1.2508363|4.6518335|8.542028
1509425475004|1.0436137|4.983293|8.381412
1509425475124|0.28746423|5.083867|8.381053
1509425475244|0.39739865|5.033539|8.4068985
1509425475364|0.7284871|4.9314814|8.4451275
1509425475485|0.7866017|4.615778|8.616626
1509425475603|0.7385422|4.6710134|8.591076
1509425475724|1.0656178|4.570085|8.6109915
1509425475848|1.2791176|4.7031775|8.509663
1509425475965|1.7123519|4.827661|8.362532
1509425476085|1.4333338|4.91578|8.363675
1509425476204|1.0377847|5.190948|8.255147
1509425476324|1.134448|5.2804585|8.185363
1509425476445|0.87398934|5.187047|8.276538
1509425476567|1.3172531|5.4410114|8.051747
1509425476685|1.7492949|4.9103074|8.306578
1509425476804|1.7188174|5.1357765|8.175564
1509425476924|2.0248032|5.3273454|7.9805984
