1509498952999|-1.2530719|3.4323275|-1.1577295
1509498953093|-0.99428535|1.7434045|-0.28602728
1509498953226|0.6946377|0.6401563|-0.14982383
1509498953357|0.7763598|0.96704465|-0.4086104
1509498953489|0.27240694|1.1985906|0.27240694
1509498953621|-0.17706451|0.939804|0.24516624
1509498953753|1.6208212|0.027240695|0.92618364
1509498953885|0.8580819|-0.21792556|-2.9283745
1509498954017|0.7218784|-0.5992953|-0.51757324
1509498954150|0.70825803|-1.293933|1.5527196
1509498954281|-0.2043052|-0.87170225|0.99428535
1509498954414|-0.6537767|-0.98066497|1.6889231
1509498954545|0.027240695|-2.1247742|0.3949901
1509498954677|-0.50395286|-1.0487667|-1.6344416
1509498954810|0.27240694|-0.027240695|-1.484618
1509498954943|-0.44947144|0.13620347|0.46309182
1509498955074|1.6616825|0.43585113|-2.2473574
1509498955206|2.941995|-4.276789|-8.294791
1509498955337|6.238119|-17.406803|-7.000859
1509498955470|13.756551|-17.951618|-2.7785509
1509498955603|12.108489|-9.752169|-4.944186
1509498955734|9.929234|-6.864655|-5.09401
1509498955866|4.2086873|-12.026768|-5.7886477
1509498955999|1.6753027|-9.275456|-6.864655
1509498956130|-4.5491962|-3.2825036|-7.4503303
1509498956263|-2.5061438|-1.6889231|-6.973618
1509498956394|2.465283|-4.590057|-4.113345
1509498956526|5.2302136|-3.8954194|-1.1168685
1509498956658|7.06896|-0.96704465|-1.7297841
1509498956790|7.0417194|-2.165635|-0.4086104
1509498956926|4.31765|-6.524146|-0.43585113
1509498957054|1.2394516|-7.096201|-0.87170225
1509498957186|-3.568531|-0.14982383|-0.47671217
1509498957325|-6.033814|0.96704465|-3.296124
1509498957451|1.3484143|-7.4230895|0.027240695
1509498957582|9.656826|-7.1506824|1.7161638
1509498957714|5.3527966|-0.49033248|-0.13620347
1509498957846|7.763598|0.095342435|-0.4086104
1509498957978|4.4947147|-4.4810944|-0.3405087
1509498958110|3.2688832|-7.1098213|-0.5992953
1509498958243|-0.7899802|-3.9907618|0.6401563
1509498958375|-4.5219555|0.3949901|-0.7763598
1509498958507|-5.0395284|-1.920469|-4.3448906
1509498958639|4.426613|-8.812365|1.3892754
1509498958785|11.604536|-2.1111538|2.9283745
1509498958903|12.408136|-0.53119355|4.6172976
1509498959035|8.253931|-6.3470817|7.314126
1509498959167|0.6401563|-5.4208984|4.4810944
1509498959299|-1.9613299|2.7104492|2.6423473
1509498959430|-1.3620348|8.458236|5.325556
1509498959562|-5.5434813|11.686257|9.901993
1509498959695|-10.487667|12.312795|7.804459
1509498959826|-9.00305|9.942854|1.7706451
1509498959958|-8.008764|7.191543|-4.140586
1509498960094|-14.2877445|5.570722|-8.036005
1509498960222|-22.78684|1.4028958|-10.283362
1509498960354|-20.103632|4.195067|-7.8725605
1509498960486|-11.304888|3.759216|-9.983714
1509498960619|-0.12258312|2.1383946|-11.114203
1509498960752|-1.6344416|2.5742457|-10.446807
1509498960883|-7.300506|3.010097|-8.104107
1509498961015|4.0861044|0.91256326|-10.59663
1509498961146|8.335652|-1.1441091|-8.689781
1509498961279|8.798745|-5.434519|-3.6366327
1509498961410|-2.4244218|-13.198116|-4.0180025
1509498961542|-6.26536|-7.0825806|-0.28602728
1509498961676|-0.38136974|-4.535576|-1.0623871
1509498961807|1.0215261|-2.3971813|-4.235928
1509498961940|-0.55843425|-1.2530719|-6.742072
1509498962071|-2.5742457|-2.3971813|-3.718355
1509498962202|-3.8136973|-5.89761|-2.4380422
1509498962334|-0.7218784|-5.6252036|-0.50395286
1509498962467|4.5764365|-1.6208212|2.5606253
1509498962599|2.0975335|-1.525479|1.8523673
1509498962731|-5.9657125|-4.739881|1.0896277
1509498962863|-8.185829|-2.5333848|1.7161638
1509498962997|-6.687591|2.5197642|-1.0351465
1509498963126|-6.64673|1.1032481|-3.6638737
1509498963258|-8.866846|-5.924851|-1.525479
1509498963391|-5.979333|-8.104107|-0.99428535
1509498963522|3.1871612|-2.4108014|1.525479
1509498963654|8.349273|-0.96704465|2.1383946
1509498963786|-3.3506055|-4.944186|-1.7570248
1509498963918|-10.814556|-4.8488436|-0.2043052
1509498964053|-8.281172|1.3075534|2.0975335
1509498964182|-7.763598|4.072484|3.963521
1509498964315|-7.4503303|-0.98066497|2.3290794
1509498964447|-8.689781|-7.1506824|2.6423473
1509498964579|-1.3620348|-5.7886477|1.3620348
1509498964711|6.483285|-1.56634|0.74911916
1509498964843|3.0645783|-2.6151068|-1.1985906
1509498964975|-6.26536|-7.85894|-1.4165161
1509498965106|-9.833891|-5.4617596|1.1577295
1509498965243|-7.7908387|3.1735408|-0.83084124
1509498965371|-8.185829|0.667397|-2.587866
1509498965502|-8.4854765|-7.06896|-0.8853226
1509498965634|-2.7785509|-9.820271|-0.70825803
1509498965767|3.9499006|-3.0645783|-0.47671217
1509498965898|9.507003|-0.7627395|-0.32688835
1509498966030|-1.525479|-7.4911914|-2.7649305
1509498966163|-9.684067|-9.493382|-2.5606253
1509498966295|-7.2460246|-0.13620347|-3.2416425
1509498966427|-8.362893|2.819412|-5.734166
1509498966558|-6.851035|-5.1893525|-4.7943625
1509498966690|-5.50262|-10.9371395|-0.6537767
1509498966822|0.53119355|-5.529861|0.040861044
1509498966954|6.5377665|-0.28602728|0.74911916
1509498967087|5.2438335|-4.372132|-1.7706451
1509498967219|-7.4911914|-10.7192135|-1.8659877
1509498967351|-9.929234|-3.7319753|1.1577295
1509498967485|-4.807983|1.334794|-3.568531
1509498967614|-5.5434813|0.57205456|-7.06896
1509498967747|-9.39804|-11.073342|-5.1621118
1509498967878|-3.8273177|-11.890564|-2.1111538
1509498968011|3.6366327|-3.8954194|-0.12258312
1509498968143|9.289077|-3.0781987|-0.08172209
1509498968274|-7.7908387|-10.909899|0.027240695
1509498968406|-13.565866|-7.300506|8.253931
1509498968538|-2.6968286|-3.5549107|1.2394516
1509498968671|-5.202973|-3.1190596|3.323365
1509498968803|-9.00305|-0.84446156|-9.057531
1509498968934|-5.4617596|-3.214402|-10.405946
1509498969066|-2.941995|-6.810174|-2.3290794
1509498969197|2.3018386|-1.2394516|0.040861044
1509498969329|5.2302136|1.879608|1.3484143
1509498969462|-1.1577295|-5.025908|-2.4516625
1509498969594|-7.1643023|-4.6172976|0.095342435
1509498969726|-4.440233|-0.53119355|-1.2122109
1509498969858|-3.609392|1.6208212|-3.568531
1509498969990|-3.4595683|-1.2803127|-4.3448906
1509498970124|-5.938472|-3.759216|-0.50395286
1509498970255|-6.3334613|-8.812365|1.1032481
1509498970386|1.7434045|-4.276789|3.0781987
1509498970520|6.864655|-1.334794|1.334794
1509498970650|-0.7354987|-5.257454|-0.31326798
1509498970782|-6.5105257|-8.717022|-0.14982383
1509498970913|-8.403754|-2.0158114|-3.4323275
1509498971046|-6.3198414|1.0079057|-6.5786276
1509498971179|-7.668256|-5.09401|-3.1599207
1509498971311|-8.6353|-12.258313|-0.05448139
1509498971442|-0.62653595|-7.3413677|1.56634
1509498971574|8.771504|-1.2666924|2.2064962
1509498971706|2.002191|-3.9771414|-0.61291564
1509498971839|-8.512717|-10.378705|-1.9749503
1509498971970|-12.380896|-3.0373375|-1.7570248
1509498972103|-9.493382|2.7240696|-5.1076303
1509498972234|-9.166493|-1.9749503|-2.9556153
1509498972366|-7.477571|-11.76798|-0.43585113
1509498972499|-0.17706451|-6.101916|0.7763598
1509498972630|4.5764365|-0.3949901|1.8659877
1509498972762|2.8330321|-3.1463003|-1.0896277
1509498972895|-5.6796846|-10.092677|-2.547005
1509498973026|-10.542149|-2.5333848|-4.3448906
1509498973159|-6.891896|2.1247742|-5.938472
1509498973290|-7.886181|-4.6036773|-1.9068487
1509498973423|-8.771504|-12.162971|-0.44947144
1509498973560|-0.08172209|-7.8317|1.2530719
1509498973686|8.022385|-0.38136974|1.7978858
1509498973819|-1.3620348|1.9340893|-5.8295083
1509498973951|-4.862464|3.840938|-6.701211
1509498974083|-4.835223|7.7091165|-3.7047346
1509498974215|-4.0861044|8.771504|1.0079057
1509498974346|-9.370799|4.6036773|-2.3971813
1509498974479|3.8954194|-0.92618364|-2.73769
1509498974610|3.8954194|-0.36774936|-1.375655
1509498974743|-0.7627395|-1.1032481|-1.4028958
1509498974874|-6.020194|-4.780742|1.6889231
1509498975007|-4.467474|-3.7047346|0.8580819
1509498975138|-0.58567494|1.0487667|-1.4437568
1509498975272|2.860273|0.87170225|-2.73769
1509498975403|4.739881|-1.5799603|-3.1190596
1509498975535|5.979333|-4.5219555|-1.9340893
1509498975667|5.1212506|-4.7126403|-0.8853226
1509498975798|5.3119354|-3.8273177|0.7627395
1509498975931|3.8136973|-1.9885707|-0.5992953
1509498976062|3.52767|-1.7978858|-1.3484143
1509498976195|3.3369853|-1.8659877|0.29964766
1509498976326|3.296124|-1.9068487|0.57205456
1509498976458|3.2552629|-1.4709975|0.58567494
1509498976590|1.4301364|-0.57205456|0.29964766
1509498976723|1.1985906|-1.2530719|0.29964766
1509498976856|2.1247742|-1.8523673|1.8932283
1509498976987|1.879608|-1.3211737|2.901134
1509498977118|0.49033248|-0.28602728|0.43585113
1509498977251|0.29964766|0.7763598|0.95342433
1509498977383|-9.670446|3.568531|-1.2394516
1509498977514|-12.762265|-7.2051635|1.7978858
1509498977646|-2.2882183|-5.2438335|0.7763598
1509498977778|-3.4595683|4.835223|-0.98066497
1509498977910|-6.428804|8.444615|4.195067
1509498978043|0.027240695|8.117727|9.234595
1509498978174|2.1520147|9.970094|10.405946
1509498978307|5.3119354|11.223166|11.563675
1509498978438|5.6660643|10.58301|9.343558
1509498978571|5.366417|10.065436|8.158588
1509498978703|6.9463773|9.833891|5.7069254
1509498978834|7.354988|8.853226|4.590057
1509498978967|7.1234417|7.4230895|3.1599207
1509498979098|4.985047|6.1836376|1.1304889
1509498979231|3.9499006|3.9362803|0.28602728
1509498979362|2.7104492|2.465283|-0.4086104
