1509423970348|-0.28116167|-0.013928652|-0.16382027
1509423970466|-0.32830626|0.0034937859|-0.24814224
1509423970586|-0.037898958|0.16626549|0.35668278
1509423970711|-0.31589413|0.016527653|-0.24033833
1509423970829|-0.31791806|-0.36344028|0.24981594
1509423970951|-0.2557032|-0.2609594|-0.44840908
1509423971075|-0.4032177|-0.26988387|-0.22672558
1509423971192|-0.19862619|-0.023158073|0.43715477
1509423971312|2.1760702|0.5507592|2.3633308
1509423971431|1.4070909|-0.1185205|-0.6876812
1509423971547|-0.55444133|-0.7684145|-1.4914656
1509423971672|0.0016230941|0.2419157|0.8728466
1509423971791|0.07206261|0.09493756|0.14025879
1509423971907|-1.0625265|-0.42325544|-0.79164505
1509423972029|-1.379472|0.30840755|-0.41284847
1509423972152|-0.11491406|-0.3849988|2.1251116
1509423972267|1.1781797|0.24006438|-0.6456194
1509423972387|0.16790086|-0.04590726|-0.9515276
1509423972507|-0.029331148|-0.025130033|0.5736141
1509423972630|0.04380572|0.33368087|-0.5047159
1509423972749|-0.64097595|0.005555868|-0.31466293
1509423972872|-0.86198103|0.57253957|0.24120903
1509423972989|-1.4694929|-0.0058927536|0.4783001
1509423973121|-0.3290977|-0.009361267|0.15825653
1509423973236|0.9098401|-0.34581327|0.3930893
1509423973357|1.4908509|-0.9528897|-0.2225647
1509423973469|0.3142562|-0.34931445|-1.3634014
1509423973594|0.37571526|0.06284666|1.4871635
1509423973707|0.48066133|0.38263965|-0.054510117
1509423973829|-0.22692037|-0.43599486|-0.1590805
1509423973955|0.15250623|-0.51521754|0.111260414
1509423974068|0.45502982|0.38215303|-0.29574013
1509423974190|-0.04661277|0.18499827|0.4767828
1509423974314|-0.6471354|-0.27636957|-0.35092068
1509423974430|-0.28482282|-0.3978796|0.2559147
1509423974549|1.1085272|0.018692255|0.37371635
1509423974670|1.233707|0.25625348|-0.5524454
1509423974791|-0.17015958|0.12263346|0.4278555
1509423974911|-0.09554219|0.11079669|0.18388748
1509423975040|0.0015311241|0.21512961|-0.6339283
1509423975152|-0.6816159|-0.3467791|0.22405529
1509423975272|-0.91956306|0.022287607|-0.2885723
1509423975391|-0.42487487|-0.13892603|0.27496624
1509423975513|0.043281406|-0.0430727|-0.09463978
1509423975632|0.42233318|0.05388546|0.029492378
1509423975750|0.147933|0.06857419|-0.10374451
1509423975870|0.08383319|-0.09189248|0.3247881
1509423975993|0.49634132|0.23505878|0.41277122
1509423976112|0.35638377|0.16698575|-0.013650894
1509423976232|0.005405873|-0.108049154|-0.50398254
1509423976358|-0.10363367|-0.3238225|-0.12948322
1509423976472|-0.1711011|-0.049721718|0.07415867
1509423976590|0.15232494|0.030836344|0.33146858
1509423976708|0.17740512|0.18858767|-0.46931362
1509423976829|0.011163667|0.1625545|0.31213474
1509423976954|-0.1153689|-0.17309284|-0.04075718
1509423977070|-0.16782206|-0.15149307|-0.18123913
1509423977192|-0.04089749|-0.033740282|0.3030119
1509423977310|0.09002012|0.008476257|-0.056640625
1509423977435|0.073676646|0.06950927|-0.29767895
1509423977554|0.017160356|0.15458727|-0.081830025
1509423977668|-0.85697454|0.0028455257|-0.5599518
1509423977788|0.62594354|0.29993367|0.064352036
1509423977908|-0.48571062|0.050251484|0.8942003
1509423978027|0.26927203|0.077483535|0.053541183
1509423978148|0.34183943|0.06379151|-0.74508
1509423978268|0.03415048|-0.09330082|0.47420216
1509423978387|-0.18371278|-0.12631023|0.24983406
1509423978508|-0.021389484|0.16469836|-0.23295689
1509423978627|-0.29944134|-0.22670126|-0.6721449
1509423978748|-0.07797682|-0.05904317|0.21353722
1509423978869|0.16447937|0.09147012|0.1668539
1509423978988|-0.09251678|-0.042648077|0.083091736
1509423979108|-0.032654524|-0.050491214|0.08446884
1509423979228|0.036584318|0.0592103|-0.07273102
1509423979349|0.11036229|0.008565903|-0.030526161
1509423979468|-0.046539187|-0.13665283|0.17849445
