1509504065276|0.08172209|-0.08172209|9.80665
1509504065407|0.08172209|-0.095342435|9.80665
1509504065540|0.068101734|-0.08172209|9.80665
1509504065672|0.068101734|-0.08172209|9.80665
1509504065804|0.068101734|-0.08172209|9.80665
1509504065937|0.068101734|-0.08172209|9.80665
1509504066068|0.068101734|-0.08172209|9.80665
1509504066200|0.068101734|-0.08172209|9.80665
1509504066333|0.068101734|-0.08172209|9.80665
1509504066464|0.068101734|-0.08172209|9.80665
1509504066596|0.068101734|-0.08172209|9.80665
1509504066728|0.068101734|-0.08172209|9.80665
1509504066860|0.068101734|-0.08172209|9.80665
1509504066991|0.05448139|-0.068101734|9.80665
1509504067124|0.05448139|-0.068101734|9.80665
1509504067257|0.05448139|-0.068101734|9.80665
1509504067389|0.040861044|-0.040861044|9.80665
1509504067520|0.05448139|-0.068101734|9.80665
1509504067651|0.040861044|-0.05448139|9.80665
1509504067785|0.068101734|-0.08172209|9.80665
1509504067915|0.05448139|-0.068101734|9.80665
1509504068047|0.040861044|-0.05448139|9.80665
1509504068180|0.05448139|-0.068101734|9.80665
1509504068312|0.040861044|-0.05448139|9.80665
1509504068445|0.040861044|-0.068101734|9.80665
1509504068576|0.05448139|-0.068101734|9.80665
1509504068710|0.040861044|-0.068101734|9.80665
1509504068839|0.040861044|-0.068101734|9.80665
1509504068970|0.05448139|-0.068101734|9.80665
1509504069103|0.05448139|-0.068101734|9.80665
1509504069236|0.05448139|-0.08172209|9.80665
1509504069367|0.05448139|-0.08172209|9.80665
1509504069501|0.05448139|-0.08172209|9.80665
1509504069632|0.05448139|-0.08172209|9.80665
1509504069765|0.05448139|-0.08172209|9.80665
1509504069897|0.05448139|-0.08172209|9.80665
1509504070028|0.05448139|-0.08172209|9.80665
1509504070160|0.05448139|-0.08172209|9.80665
1509504070292|0.05448139|-0.095342435|9.80665
1509504070424|0.05448139|-0.095342435|9.80665
1509504070557|0.05448139|-0.095342435|9.80665
1509504070688|0.040861044|-0.095342435|9.80665
1509504070821|0.068101734|-0.095342435|9.80665
1509504070953|0.068101734|-0.095342435|9.80665
1509504071086|0.08172209|-0.095342435|9.80665
1509504071216|0.068101734|-0.095342435|9.80665
1509504071349|0.08172209|-0.095342435|9.80665
1509504071480|0.08172209|-0.095342435|9.80665
1509504071612|0.08172209|-0.095342435|9.80665
1509504071746|0.08172209|-0.095342435|9.80665
1509504071877|0.08172209|-0.095342435|9.80665
1509504072018|0.08172209|-0.095342435|9.80665
1509504072140|0.08172209|-0.095342435|9.80665
1509504072272|0.08172209|-0.095342435|9.80665
1509504072403|0.08172209|-0.095342435|9.80665
1509504072537|0.068101734|-0.095342435|9.80665
1509504072668|0.068101734|-0.095342435|9.80665
1509504072800|0.08172209|-0.095342435|9.80665
1509504072934|0.08172209|-0.095342435|9.80665
1509504073064|0.08172209|-0.095342435|9.80665
1509504073198|0.068101734|-0.08172209|9.80665
1509504073329|0.068101734|-0.08172209|9.80665
1509504073461|0.068101734|-0.095342435|9.80665
1509504073593|0.08172209|-0.095342435|9.80665
1509504073726|0.08172209|-0.095342435|9.80665
1509504073855|0.08172209|-0.095342435|9.80665
1509504073988|0.08172209|-0.095342435|9.80665
1509504074121|0.08172209|-0.095342435|9.80665
1509504074253|0.08172209|-0.095342435|9.80665
1509504074386|0.08172209|-0.095342435|9.80665
1509504074517|0.08172209|-0.095342435|9.80665
1509504074649|0.08172209|-0.095342435|9.80665
1509504074781|0.08172209|-0.095342435|9.80665
1509504074912|0.08172209|-0.095342435|9.80665
1509504075045|0.08172209|-0.095342435|9.80665
1509504075177|0.08172209|-0.095342435|9.80665
1509504075309|0.08172209|-0.095342435|9.80665
1509504075441|0.068101734|-0.095342435|9.80665
1509504075576|0.08172209|-0.08172209|9.80665
1509504075707|0.08172209|-0.095342435|9.80665
1509504075836|0.08172209|-0.095342435|9.80665
1509504075969|0.08172209|-0.08172209|9.80665
1509504076100|0.08172209|-0.095342435|9.80665
1509504076233|0.08172209|-0.095342435|9.80665
1509504076365|0.08172209|-0.095342435|9.80665
1509504076498|0.08172209|-0.095342435|9.80665
1509504076629|0.08172209|-0.095342435|9.80665
1509504076762|0.08172209|-0.095342435|9.80665
1509504076894|0.08172209|-0.095342435|9.80665
1509504077025|0.068101734|-0.08172209|9.80665
1509504077158|0.068101734|-0.08172209|9.80665
1509504077288|0.068101734|-0.095342435|9.80665
1509504077420|0.068101734|-0.095342435|9.80665
1509504077552|0.068101734|-0.095342435|9.80665
1509504077685|0.068101734|-0.095342435|9.80665
1509504077816|0.05448139|-0.068101734|9.80665
1509504077949|0.05448139|-0.068101734|9.80665
1509504078080|0.05448139|-0.068101734|9.80665
1509504078213|0.05448139|-0.068101734|9.80665
1509504078346|0.05448139|-0.068101734|9.80665
1509504078477|0.05448139|-0.068101734|9.80665
1509504078609|0.05448139|-0.068101734|9.80665
1509504078741|0.068101734|-0.08172209|9.80665
1509504078873|0.068101734|-0.08172209|9.80665
1509504079012|0.068101734|-0.08172209|9.80665
1509504079137|0.068101734|-0.08172209|9.80665
1509504079269|0.068101734|-0.08172209|9.80665
1509504079401|0.068101734|-0.08172209|9.80665
1509504079532|0.068101734|-0.095342435|9.80665
1509504079664|0.068101734|-0.095342435|9.80665
1509504079796|0.068101734|-0.095342435|9.80665
1509504079929|0.068101734|-0.095342435|9.80665
1509504080061|0.068101734|-0.095342435|9.80665
1509504080193|0.068101734|-0.095342435|9.80665
1509504080324|0.068101734|-0.095342435|9.80665
1509504080457|0.068101734|-0.095342435|9.80665
1509504080589|0.08172209|-0.095342435|9.80665
1509504080720|0.08172209|-0.095342435|9.80665
1509504080852|0.08172209|-0.095342435|9.80665
1509504080984|0.08172209|-0.095342435|9.80665
1509504081116|0.08172209|-0.08172209|9.80665
1509504081249|0.08172209|-0.08172209|9.80665
1509504081381|0.068101734|-0.08172209|9.80665
1509504081514|0.068101734|-0.08172209|9.80665
1509504081645|0.068101734|-0.08172209|9.80665
1509504081776|0.08172209|-0.08172209|9.80665
1509504081909|0.08172209|-0.08172209|9.80665
1509504082041|0.08172209|-0.08172209|9.80665
1509504082173|0.08172209|-0.095342435|9.80665
1509504082304|0.068101734|-0.095342435|9.80665
1509504082438|0.068101734|-0.095342435|9.80665
1509504082569|0.08172209|-0.095342435|9.80665
1509504082701|0.068101734|-0.08172209|9.80665
1509504082832|0.068101734|-0.08172209|9.80665
1509504082965|0.05448139|-0.08172209|9.80665
1509504083097|0.068101734|-0.08172209|9.80665
1509504083229|0.068101734|-0.08172209|9.80665
1509504083362|0.068101734|-0.08172209|9.80665
1509504083494|0.068101734|-0.08172209|9.80665
1509504083623|0.068101734|-0.095342435|9.80665
1509504083756|0.068101734|-0.095342435|9.80665
1509504083889|0.068101734|-0.095342435|9.80665
1509504084028|0.068101734|-0.095342435|9.80665
1509504084152|0.08172209|-0.095342435|9.80665
1509504084285|0.05448139|-0.095342435|9.80665
1509504084417|0.08172209|-0.095342435|9.80665
1509504084549|0.068101734|-0.08172209|9.80665
1509504084681|0.068101734|-0.08172209|9.80665
1509504084812|0.08172209|-0.095342435|9.80665
1509504084946|0.068101734|-0.08172209|9.80665
1509504085076|0.068101734|-0.08172209|9.80665
1509504085208|0.068101734|-0.08172209|9.80665
1509504085340|0.068101734|-0.08172209|9.80665
1509504085473|0.08172209|-0.08172209|9.80665
1509504085605|0.08172209|-0.095342435|9.80665
1509504085736|0.068101734|-0.068101734|9.80665
1509504085869|0.068101734|-0.08172209|9.80665
1509504086000|0.068101734|-0.08172209|9.80665
1509504086131|0.08172209|-0.08172209|9.80665
1509504086265|0.068101734|-0.08172209|9.80665
1509504086397|0.08172209|-0.095342435|9.80665
1509504086529|0.08172209|-0.095342435|9.80665
1509504086660|0.08172209|-0.095342435|9.80665
1509504086792|0.08172209|-0.095342435|9.80665
1509504086926|0.08172209|-0.095342435|9.80665
1509504087057|0.08172209|-0.095342435|9.80665
1509504087188|0.08172209|-0.095342435|9.80665
1509504087320|0.08172209|-0.095342435|9.80665
1509504087453|0.08172209|-0.095342435|9.80665
1509504087585|0.08172209|-0.095342435|9.80665
1509504087717|0.08172209|-0.095342435|9.80665
1509504087849|0.08172209|-0.095342435|9.80665
1509504087981|0.08172209|-0.095342435|9.80665
1509504088113|0.08172209|-0.095342435|9.80665
1509504088245|0.08172209|-0.095342435|9.80665
1509504088377|0.08172209|-0.095342435|9.80665
1509504088509|0.08172209|-0.095342435|9.80665
1509504088641|0.08172209|-0.095342435|9.80665
1509504088773|0.08172209|-0.095342435|9.80665
1509504088905|0.08172209|-0.095342435|9.80665
1509504089041|0.08172209|-0.095342435|9.80665
1509504089169|0.08172209|-0.095342435|9.80665
1509504089301|0.068101734|-0.08172209|9.80665
1509504089433|0.08172209|-0.095342435|9.80665
1509504089563|0.08172209|-0.08172209|9.80665
1509504089700|0.068101734|-0.068101734|9.80665
1509504089828|0.068101734|-0.068101734|9.80665
1509504089961|0.068101734|-0.08172209|9.80665
1509504090094|0.068101734|-0.08172209|9.80665
1509504090224|0.08172209|-0.095342435|9.80665
1509504090356|0.068101734|-0.08172209|9.80665
1509504090490|0.068101734|-0.08172209|9.80665
1509504090627|0.068101734|-0.08172209|9.80665
1509504090753|0.08172209|-0.095342435|9.80665
1509504090884|0.068101734|-0.08172209|9.80665
1509504091017|0.068101734|-0.08172209|9.80665
1509504091149|0.068101734|-0.08172209|9.80665
1509504091281|0.095342435|-0.095342435|9.80665
1509504091412|0.08172209|-0.08172209|9.80665
1509504091544|0.040861044|-0.068101734|9.80665
1509504091677|0.05448139|-0.068101734|9.80665
1509504091810|0.068101734|-0.08172209|9.80665
1509504091941|0.068101734|-0.08172209|9.80665
1509504092074|0.068101734|-0.08172209|9.80665
1509504092204|0.068101734|-0.08172209|9.80665
1509504092337|0.068101734|-0.08172209|9.80665
1509504092469|0.068101734|-0.08172209|9.80665
1509504092601|0.068101734|-0.08172209|9.80665
1509504092733|0.068101734|-0.08172209|9.80665
1509504092864|0.08172209|-0.095342435|9.80665
1509504092997|0.08172209|-0.095342435|9.80665
1509504093129|0.068101734|-0.095342435|9.80665
1509504093260|0.08172209|-0.095342435|9.80665
1509504093393|0.08172209|-0.095342435|9.80665
1509504093526|0.08172209|-0.08172209|9.80665
