1509425523437|24.699402|-8.293152|-23.96698
1509425523553|25.831604|-6.7718506|-25.334167
1509425523636|26.397705|-7.86438|-24.938965
1509425523745|26.106262|-7.054138|-23.635864
1509425523897|23.704529|-8.972168|-26.567078
1509425524013|21.711731|-8.969116|-27.438354
1509425524166|21.470642|-8.613586|-27.023315
1509425524287|22.2229|-7.7407837|-28.17688
1509425524436|20.787048|-7.411194|-29.185486
1509425524552|21.864319|-7.244873|-28.839111
1509425524712|23.74115|-3.6132812|-29.867554
1509425524828|24.165344|-4.084778|-29.316711
1509425524937|25.375366|-1.7974854|-26.556396
1509425525024|24.795532|-2.909851|-26.61438
1509425525168|20.741272|-8.258057|-27.88086
1509425525283|20.819092|-6.8969727|-29.789734
1509425525437|21.299744|-6.364441|-28.936768
1509425525552|18.611145|-6.2164307|-30.114746
1509425525706|17.19513|-9.362793|-32.00226
1509425525820|16.32843|-9.124756|-31.42395
1509425525974|21.191406|-12.5946045|-27.085876
1509425526091|22.105408|-17.70935|-25.276184
1509425526207|20.44983|-17.240906|-24.89624
1509425526358|19.650269|-18.295288|-26.734924
1509425526441|19.622803|-17.82074|-26.29242
1509425526555|16.195679|-18.353271|-27.9953
1509425526705|14.086914|-18.45398|-28.227234
