1509512923285|0.05448139|2.2201166|9.561484
1509512923415|0.05448139|2.2201166|9.561484
1509512923549|0.05448139|2.2201166|9.561484
1509512923680|0.05448139|2.2201166|9.561484
1509512923813|0.05448139|2.2201166|9.561484
1509512923945|0.05448139|2.2201166|9.561484
1509512924076|0.05448139|2.2201166|9.561484
1509512924208|0.05448139|2.2201166|9.561484
1509512924340|0.05448139|2.2201166|9.561484
1509512924472|0.05448139|2.2201166|9.561484
1509512924605|0.05448139|2.2201166|9.561484
1509512924736|0.05448139|2.2201166|9.561484
1509512924867|0.05448139|2.2201166|9.561484
1509512925001|0.05448139|2.2201166|9.561484
1509512925134|0.05448139|2.2201166|9.561484
1509512925265|0.05448139|2.2201166|9.561484
1509512925397|0.05448139|2.2201166|9.561484
1509512925528|0.05448139|2.2201166|9.561484
1509512925661|0.027240695|2.2473574|9.561484
1509512925792|0.040861044|2.2201166|9.561484
1509512925925|0.027240695|2.2473574|9.561484
1509512926057|0.040861044|2.2201166|9.561484
1509512926189|0.040861044|2.233737|9.561484
1509512926321|0.040861044|2.233737|9.561484
1509512926452|0.040861044|2.233737|9.561484
1509512926585|0.027240695|2.2609777|9.547864
1509512926717|0.027240695|2.233737|9.561484
1509512926849|0.027240695|2.233737|9.561484
1509512926979|0.05448139|2.2201166|9.561484
1509512927112|0.05448139|2.2201166|9.561484
1509512927245|0.040861044|2.233737|9.561484
1509512927376|0.05448139|2.2201166|9.561484
1509512927508|0.05448139|2.2201166|9.561484
1509512927641|0.05448139|2.2201166|9.561484
1509512927773|0.040861044|2.233737|9.561484
1509512927904|0.05448139|2.2201166|9.561484
1509512928036|0.040861044|2.233737|9.561484
1509512928169|0.040861044|2.233737|9.561484
1509512928301|0.05448139|2.2201166|9.561484
1509512928434|0.05448139|2.2201166|9.561484
1509512928565|0.040861044|2.2201166|9.561484
1509512928697|0.040861044|2.2201166|9.561484
1509512928828|0.05448139|2.2201166|9.561484
1509512928961|0.05448139|2.2201166|9.561484
1509512929093|0.05448139|2.2201166|9.561484
1509512929224|0.05448139|2.2201166|9.561484
1509512929356|0.05448139|2.2201166|9.561484
1509512929488|0.05448139|2.2201166|9.561484
1509512929621|0.05448139|2.2201166|9.561484
1509512929753|0.040861044|2.2201166|9.561484
1509512929884|0.040861044|2.2201166|9.561484
1509512930017|0.040861044|2.233737|9.561484
1509512930149|0.05448139|2.2201166|9.561484
1509512930281|0.040861044|2.233737|9.561484
1509512930412|0.040861044|2.233737|9.561484
1509512930545|0.05448139|2.2201166|9.561484
1509512930677|0.05448139|2.2201166|9.561484
1509512930807|0.040861044|2.233737|9.561484
1509512930940|0.05448139|2.233737|9.561484
1509512931073|0.05448139|2.2201166|9.561484
1509512931205|0.05448139|2.233737|9.561484
1509512931337|0.040861044|2.2201166|9.561484
1509512931469|0.05448139|2.2201166|9.561484
1509512931601|0.05448139|2.2201166|9.561484
1509512931733|0.05448139|2.2201166|9.561484
1509512931865|0.05448139|2.2201166|9.561484
1509512931996|0.05448139|2.2473574|9.547864
1509512932128|0.05448139|2.233737|9.561484
1509512932261|0.040861044|2.2609777|9.547864
1509512932393|0.040861044|2.233737|9.561484
1509512932525|0.040861044|2.2473574|9.561484
1509512932655|0.05448139|2.2201166|9.561484
1509512932788|0.05448139|2.2201166|9.561484
1509512932921|0.040861044|2.233737|9.561484
1509512933052|0.05448139|2.2201166|9.561484
1509512933185|0.040861044|2.233737|9.561484
1509512933317|0.040861044|2.2201166|9.561484
1509512933449|0.040861044|2.233737|9.561484
1509512933581|0.05448139|2.2201166|9.561484
1509512933713|0.05448139|2.2201166|9.561484
1509512933844|0.05448139|2.2201166|9.561484
1509512933977|0.040861044|2.2201166|9.561484
1509512934109|0.040861044|2.2201166|9.561484
1509512934241|0.040861044|2.2201166|9.561484
1509512934373|0.040861044|2.2201166|9.561484
1509512934505|0.040861044|2.2201166|9.561484
1509512934637|0.040861044|2.2201166|9.561484
1509512934769|0.05448139|2.233737|9.561484
1509512934902|0.05448139|2.233737|9.561484
1509512935032|0.05448139|2.233737|9.561484
1509512935165|0.05448139|2.2201166|9.561484
1509512935297|0.040861044|2.233737|9.561484
1509512935429|0.040861044|2.233737|9.561484
1509512935560|0.040861044|2.233737|9.561484
1509512935693|0.040861044|2.233737|9.561484
1509512935824|0.040861044|2.2201166|9.561484
1509512935957|0.040861044|2.2201166|9.561484
1509512936088|0.040861044|2.2201166|9.561484
1509512936221|0.040861044|2.2201166|9.561484
1509512936353|0.040861044|2.2201166|9.561484
1509512936484|0.040861044|2.2201166|9.561484
1509512936617|0.040861044|2.2201166|9.561484
1509512936749|0.040861044|2.2201166|9.561484
1509512936881|0.040861044|2.2201166|9.561484
1509512937012|0.040861044|2.2201166|9.561484
1509512937144|0.040861044|2.2201166|9.561484
1509512937277|0.040861044|2.2201166|9.561484
1509512937409|0.040861044|2.2201166|9.561484
1509512937540|0.040861044|2.2201166|9.561484
1509512937672|0.040861044|2.2201166|9.561484
1509512937805|0.040861044|2.2201166|9.561484
1509512937936|0.040861044|2.2201166|9.561484
1509512938068|0.05448139|2.233737|9.561484
1509512938201|0.05448139|2.2201166|9.561484
1509512938333|0.05448139|2.233737|9.561484
1509512938465|0.05448139|2.233737|9.561484
1509512938597|0.05448139|2.233737|9.561484
1509512938729|0.05448139|2.2201166|9.561484
1509512938861|0.068101734|2.2201166|9.561484
1509512938993|0.05448139|2.2201166|9.561484
1509512939125|0.05448139|2.2201166|9.561484
1509512939256|0.05448139|2.2201166|9.561484
1509512939389|0.040861044|2.2473574|9.561484
1509512939525|0.05448139|2.2201166|9.561484
1509512939652|0.05448139|2.2201166|9.561484
1509512939785|0.05448139|2.2201166|9.561484
1509512939917|0.05448139|2.233737|9.561484
1509512940049|0.040861044|2.2201166|9.561484
1509512940180|0.040861044|2.2201166|9.561484
1509512940312|0.05448139|2.233737|9.561484
1509512940444|0.05448139|2.233737|9.561484
1509512940575|0.040861044|2.233737|9.561484
1509512940708|0.040861044|2.233737|9.561484
1509512940841|0.05448139|2.2201166|9.561484
1509512940972|0.040861044|2.2201166|9.561484
1509512941103|0.05448139|2.2201166|9.561484
1509512941240|0.05448139|2.2201166|9.561484
1509512941369|0.040861044|2.2201166|9.561484
1509512941501|0.040861044|2.2201166|9.561484
1509512941633|0.040861044|2.2201166|9.561484
1509512941765|0.040861044|2.2201166|9.561484
1509512941896|0.040861044|2.2201166|9.561484
1509512942028|0.05448139|2.2201166|9.561484
1509512942161|0.040861044|2.2201166|9.561484
1509512942292|0.040861044|2.2201166|9.561484
1509512942425|0.05448139|2.233737|9.561484
1509512942559|0.05448139|2.2201166|9.561484
1509512942688|0.05448139|2.2201166|9.561484
1509512942821|0.040861044|2.2201166|9.561484
1509512942953|0.040861044|2.233737|9.561484
1509512943086|0.05448139|2.2201166|9.561484
1509512943217|0.040861044|2.233737|9.561484
1509512943349|0.040861044|2.2201166|9.561484
1509512943481|0.05448139|2.233737|9.561484
1509512943613|0.040861044|2.2201166|9.561484
1509512943745|0.05448139|2.233737|9.561484
1509512943876|0.068101734|2.233737|9.561484
1509512944008|0.040861044|2.2201166|9.561484
1509512944141|0.040861044|2.2201166|9.561484
1509512944272|0.068101734|2.2201166|9.561484
1509512944404|0.068101734|2.2201166|9.561484
1509512944538|0.040861044|2.233737|9.561484
1509512944668|0.05448139|2.2201166|9.561484
1509512944801|0.040861044|2.2201166|9.561484
1509512944933|0.040861044|2.2201166|9.561484
1509512945064|0.040861044|2.2201166|9.561484
1509512945197|0.040861044|2.2201166|9.561484
1509512945329|0.040861044|2.2201166|9.561484
1509512945461|0.040861044|2.2201166|9.561484
1509512945593|0.040861044|2.2201166|9.561484
1509512945725|0.040861044|2.2201166|9.561484
1509512945857|0.040861044|2.2201166|9.561484
1509512945988|0.040861044|2.2201166|9.561484
1509512946121|0.040861044|2.233737|9.561484
1509512946252|0.027240695|2.233737|9.561484
1509512946385|0.040861044|2.233737|9.561484
1509512946517|0.040861044|2.233737|9.561484
1509512946649|0.040861044|2.233737|9.561484
1509512946781|0.027240695|2.2473574|9.561484
1509512946912|0.040861044|2.233737|9.561484
1509512947045|0.027240695|2.2473574|9.547864
1509512947177|0.040861044|2.233737|9.561484
1509512947308|0.040861044|2.233737|9.561484
1509512947440|0.040861044|2.233737|9.561484
1509512947572|0.027240695|2.2473574|9.547864
1509512947704|0.040861044|2.233737|9.561484
1509512947837|0.040861044|2.233737|9.561484
1509512947970|0.040861044|2.2473574|9.561484
1509512948100|0.05448139|2.2201166|9.561484
1509512948233|0.05448139|2.2201166|9.561484
1509512948365|0.040861044|2.2201166|9.561484
1509512948496|0.040861044|2.2201166|9.561484
1509512948629|0.040861044|2.2201166|9.561484
1509512948760|0.040861044|2.2201166|9.561484
1509512948892|0.068101734|2.233737|9.561484
1509512949024|0.040861044|2.2201166|9.561484
1509512949157|0.040861044|2.2201166|9.561484
1509512949288|0.040861044|2.2201166|9.561484
1509512949421|0.05448139|2.2201166|9.561484
1509512949553|0.05448139|2.2201166|9.561484
1509512949684|0.040861044|2.2201166|9.561484
1509512949817|0.040861044|2.233737|9.561484
1509512949949|0.027240695|2.233737|9.561484
1509512950080|0.040861044|2.233737|9.561484
1509512950213|0.040861044|2.233737|9.561484
1509512950345|0.040861044|2.233737|9.561484
1509512950477|0.040861044|2.233737|9.561484
1509512950608|0.040861044|2.233737|9.561484
1509512950740|0.013620348|2.2473574|9.561484
1509512950873|0.027240695|2.233737|9.561484
1509512951005|0.040861044|2.233737|9.561484
1509512951142|0.040861044|2.233737|9.561484
1509512951269|0.040861044|2.233737|9.561484
1509512951402|0.027240695|2.233737|9.561484
1509512951533|0.040861044|2.233737|9.561484
1509512951665|0.040861044|2.233737|9.561484
1509512951797|0.027240695|2.233737|9.561484
1509512951929|0.027240695|2.233737|9.561484
1509512952060|0.05448139|2.233737|9.561484
1509512952192|0.05448139|2.233737|9.561484
1509512952325|0.040861044|2.2473574|9.561484
1509512952457|0.040861044|2.233737|9.561484
1509512952588|0.040861044|2.233737|9.561484
1509512952720|0.040861044|2.233737|9.561484
1509512952852|0.040861044|2.233737|9.561484
1509512952984|0.040861044|2.233737|9.561484
1509512953117|0.040861044|2.233737|9.561484
1509512953249|0.040861044|2.233737|9.561484
1509512953381|0.027240695|2.233737|9.561484
1509512953514|0.040861044|2.233737|9.561484
1509512953645|0.027240695|2.2473574|9.547864
1509512953777|0.027240695|2.2473574|9.547864
1509512953908|0.027240695|2.2473574|9.547864
1509512954041|0.027240695|2.2473574|9.547864
1509512954176|0.040861044|2.2473574|9.561484
1509512954305|0.027240695|2.2473574|9.547864
1509512954437|0.040861044|2.2473574|9.547864
1509512954575|0.040861044|2.2473574|9.547864
1509512954700|0.027240695|2.2473574|9.547864
1509512954832|0.027240695|2.2473574|9.547864
1509512954965|0.027240695|2.2473574|9.547864
1509512955096|0.040861044|2.2473574|9.547864
1509512955229|0.040861044|2.233737|9.561484
1509512955361|0.040861044|2.233737|9.561484
1509512955493|0.040861044|2.2201166|9.561484
1509512955625|0.05448139|2.233737|9.561484
1509512955756|0.027240695|2.2473574|9.561484
1509512955889|0.040861044|2.233737|9.561484
1509512956020|0.040861044|2.233737|9.561484
1509512956152|0.068101734|2.233737|9.561484
1509512956285|0.05448139|2.233737|9.561484
1509512956417|0.05448139|2.2473574|9.547864
1509512956549|0.05448139|2.233737|9.561484
1509512956680|0.05448139|2.233737|9.561484
1509512956813|0.040861044|2.233737|9.561484
1509512956945|0.040861044|2.233737|9.561484
1509512957076|0.05448139|2.2201166|9.561484
1509512957209|0.05448139|2.2201166|9.561484
1509512957341|0.05448139|2.2201166|9.561484
1509512957473|0.05448139|2.2201166|9.561484
1509512957604|0.05448139|2.2201166|9.561484
1509512957736|0.05448139|2.2201166|9.561484
1509512957869|0.05448139|2.2201166|9.561484
1509512958001|0.05448139|2.2201166|9.561484
1509512958132|0.040861044|2.233737|9.561484
1509512958265|0.05448139|2.2201166|9.561484
1509512958397|0.05448139|2.2201166|9.561484
1509512958529|0.05448139|2.2201166|9.561484
1509512958660|0.05448139|2.233737|9.561484
1509512958793|0.040861044|2.2201166|9.561484
1509512958925|0.040861044|2.2201166|9.561484
1509512959056|0.040861044|2.2201166|9.561484
1509512959189|0.040861044|2.2201166|9.561484
1509512959321|0.05448139|2.233737|9.561484
1509512959453|0.027240695|2.2473574|9.547864
1509512959589|0.027240695|2.233737|9.561484
1509512959715|0.05448139|2.2201166|9.561484
1509512959849|0.027240695|2.233737|9.561484
1509512959981|0.040861044|2.233737|9.561484
1509512960113|0.040861044|2.233737|9.561484
1509512960245|0.027240695|2.233737|9.561484
1509512960377|0.027240695|2.233737|9.561484
1509512960508|0.027240695|2.233737|9.561484
1509512960639|0.040861044|2.233737|9.561484
1509512960772|0.040861044|2.233737|9.561484
1509512960905|0.040861044|2.233737|9.561484
1509512961036|0.05448139|2.233737|9.561484
1509512961169|0.040861044|2.233737|9.561484
1509512961301|0.040861044|2.2201166|9.561484
1509512961433|0.040861044|2.2201166|9.561484
1509512961565|0.05448139|2.233737|9.561484
1509512961696|0.05448139|2.2201166|9.561484
1509512961829|0.040861044|2.2201166|9.561484
