1509500000571|-2.3999999|-39.18|-32.399998
1509500000696|-2.3999999|-39.54|-32.399998
1509500000828|-2.3999999|-39.3|-32.46
1509500000960|-2.3999999|-38.94|-32.46
1509500001091|-2.58|-38.82|-32.34
1509500001223|-2.3999999|-38.64|-32.579998
1509500001355|-1.9799999|-38.82|-32.46
1509500001951|-1.9799999|-38.94|-32.46
1509500002084|-2.3999999|-39.3|-31.8
1509500002213|-2.3999999|-39.239998|-31.8
1509500002345|-3.06|-39.36|-32.34
1509500002477|-3.0|-39.36|-32.94
1509500002609|-3.0|-39.6|-32.7
1509500003022|-3.0|-39.54|-33.12
1509500003137|-2.28|-39.3|-32.399998
1509500003269|-2.3999999|-39.6|-32.16
1509500003401|-2.46|-39.6|-32.04
1509500003534|-2.46|-39.66|-31.619999
1509500003665|-2.82|-39.239998|-31.92
1509500003800|-2.82|-39.239998|-31.619999
1509500003930|-2.76|-39.18|-31.619999
1509500004062|-2.76|-39.0|-31.92
1509500004202|-2.3999999|-39.18|-31.619999
1509500004325|-2.46|-39.48|-31.859999
1509500004457|-2.46|-39.18|-31.92
1509500004590|-2.1599998|-39.3|-32.16
1509500004722|-2.1599998|-39.36|-32.52
1509500004854|-2.04|-39.12|-32.399998
1509500004993|-2.04|-39.48|-32.7
1509500005118|-2.34|-39.54|-32.34
1509500005249|-2.3999999|-39.54|-32.16
1509500005381|-2.22|-39.0|-32.219997
1509500005513|-2.1|-39.059998|-32.16
1509500005646|-2.22|-39.059998|-32.219997
1509500005778|-2.1|-38.94|-32.46
1509500005909|-2.28|-39.66|-32.28
1509500006042|-2.46|-39.42|-31.619999
1509500006173|-2.28|-39.42|-31.56
1509500006305|-2.28|-39.48|-31.439999
1509500006437|-2.22|-39.239998|-31.679998
1509500006569|-2.1599998|-39.36|-32.16
1509500006701|-2.76|-39.239998|-32.219997
1509500006833|-2.6399999|-38.7|-31.92
1509500006965|-2.76|-38.7|-31.859999
1509500007097|-2.82|-38.76|-31.859999
1509500007229|-2.58|-38.579998|-31.98
1509500007361|-2.76|-38.879997|-32.46
1509500007493|-2.82|-39.18|-33.059998
1509500007626|-2.82|-39.12|-33.18
1509500007757|-2.6399999|-39.42|-32.82
1509500007889|-3.0|-39.6|-32.82
1509500008021|-2.8799999|-39.36|-32.7
1509500008154|-2.82|-39.42|-32.64
1509500008285|-2.82|-39.239998|-33.059998
1509500008417|-2.3999999|-39.48|-33.12
1509500008550|-2.3999999|-39.12|-32.46
1509500008681|-2.34|-38.879997|-32.64
1509500008813|-2.1599998|-39.059998|-32.399998
1509500008946|-2.04|-38.94|-31.98
1509500009078|-2.04|-39.059998|-32.399998
1509500009209|-2.04|-38.879997|-32.16
1509500009341|-2.28|-38.76|-32.16
1509500009473|-2.34|-38.64|-32.579998
1509500009606|-2.3999999|-38.94|-32.46
1509500009738|-2.6399999|-39.12|-32.16
1509500009869|-2.58|-39.12|-32.04
1509500010001|-2.76|-39.18|-31.8
1509500010133|-2.22|-39.0|-31.859999
1509500010265|-2.1599998|-39.18|-31.98
1509500010397|-2.1599998|-39.3|-32.399998
1509500010530|-2.1599998|-39.36|-32.1
1509500010661|-2.58|-39.42|-31.859999
1509500010793|-2.58|-39.42|-31.859999
1509500010925|-2.46|-39.48|-31.98
1509500011057|-2.3999999|-39.6|-32.399998
1509500011189|-2.3999999|-39.6|-32.82
1509500011321|-2.22|-39.66|-32.88
1509500011453|-2.3999999|-39.84|-32.64
1509500011585|-2.3999999|-39.6|-32.28
1509500011717|-2.58|-39.54|-31.92
1509500011849|-2.6399999|-39.48|-32.1
1509500011981|-2.58|-39.239998|-32.1
1509500012115|-2.58|-39.3|-32.399998
1509500012245|-2.3999999|-39.12|-32.34
1509500012376|-2.46|-38.82|-32.34
1509500012510|-2.46|-38.82|-32.16
1509500012641|-2.58|-38.579998|-32.28
1509500012773|-2.58|-38.52|-32.46
1509500012905|-2.46|-38.82|-32.579998
1509500013039|-2.46|-38.82|-32.88
1509500013169|-2.46|-39.18|-33.0
1509500013301|-2.3999999|-39.719997|-32.94
1509500013433|-2.28|-39.42|-32.82
1509500013565|-2.28|-39.48|-32.7
1509500013697|-2.1599998|-39.36|-32.7
1509500013829|-1.9799999|-38.64|-32.88
1509500013961|-1.9799999|-39.059998|-32.579998
1509500014093|-2.04|-38.94|-32.64
1509500014225|-2.04|-38.399998|-32.579998
1509500014357|-2.28|-38.76|-32.399998
1509500014490|-2.6399999|-38.34|-32.579998
1509500014621|-2.6399999|-38.579998|-32.52
1509500014753|-2.82|-39.059998|-32.64
1509500014885|-2.76|-39.059998|-32.579998
1509500015017|-2.46|-39.059998|-32.579998
1509500015149|-2.46|-38.82|-32.34
1509500015281|-2.46|-39.059998|-32.1
1509500015413|-2.46|-39.059998|-32.1
1509500015544|-2.76|-39.059998|-32.399998
1509500015677|-2.76|-39.059998|-32.579998
1509500015809|-2.58|-38.879997|-32.7
1509500015941|-2.76|-39.12|-32.82
1509500016073|-2.58|-39.3|-32.46
1509500016205|-2.3999999|-38.94|-32.76
1509500016338|-2.46|-38.94|-32.52
1509500016469|-2.46|-39.12|-32.52
1509500016601|-2.28|-39.239998|-32.94
1509500016733|-2.28|-39.239998|-32.82
1509500016865|-2.34|-39.059998|-32.82
1509500016997|-2.22|-38.46|-32.88
1509500017129|-2.04|-38.579998|-32.88
1509500017262|-2.22|-38.579998|-32.579998
1509500017394|-2.22|-38.76|-32.579998
1509500017525|-2.04|-39.12|-32.82
1509500017657|-2.3999999|-39.36|-32.28
1509500017789|-2.28|-39.719997|-32.64
1509500017922|-2.3999999|-39.899998|-32.88
1509500018053|-2.58|-39.78|-32.88
1509500018186|-2.46|-39.48|-33.12
1509500018318|-2.58|-39.42|-32.88
1509500018449|-2.76|-39.3|-32.46
1509500018581|-2.76|-39.3|-32.16
1509500018713|-2.82|-38.76|-32.219997
1509500018845|-2.76|-38.82|-32.219997
1509500018978|-2.46|-38.64|-32.34
1509500019110|-2.3999999|-38.76|-32.34
1509500019241|-2.22|-39.3|-32.399998
1509500019374|-1.86|-39.12|-32.64
1509500019506|-1.86|-39.36|-32.399998
1509500019637|-2.1599998|-39.3|-32.64
1509500019769|-1.86|-39.239998|-32.88
1509500019901|-2.22|-39.36|-32.46
1509500020033|-2.22|-38.64|-33.12
1509500020166|-2.04|-38.94|-32.579998
1509500020297|-2.34|-38.94|-32.579998
1509500020430|-2.3999999|-39.18|-32.94
1509500020562|-2.3999999|-39.66|-32.7
1509500020693|-2.58|-39.36|-32.82
1509500020825|-2.6399999|-39.36|-32.399998
1509500020957|-2.6399999|-39.12|-32.16
1509500021090|-2.76|-39.36|-32.28
1509500021222|-2.6399999|-39.36|-32.579998
1509500021354|-2.6399999|-39.42|-32.64
1509500021486|-2.82|-39.42|-32.88
1509500021617|-2.76|-39.36|-32.579998
1509500021750|-2.58|-39.36|-32.64
1509500021882|-2.6399999|-39.36|-32.34
1509500022014|-2.58|-39.36|-32.16
1509500022145|-2.6399999|-39.18|-32.399998
1509500022277|-2.82|-39.3|-32.219997
1509500022410|-2.76|-39.3|-32.219997
1509500022541|-2.6399999|-39.0|-32.219997
1509500022673|-2.58|-39.0|-31.98
1509500022805|-2.58|-39.18|-31.56
1509500022938|-2.6399999|-39.239998|-32.16
1509500023070|-2.6399999|-39.54|-32.1
1509500023202|-2.7|-39.54|-32.16
1509500023333|-2.7|-39.3|-32.7
1509500023465|-2.6399999|-39.18|-32.399998
1509500023597|-2.58|-39.18|-32.64
1509500023732|-2.3999999|-39.42|-32.399998
1509500023861|-2.3999999|-39.3|-32.16
1509500023993|-2.3999999|-39.059998|-31.98
1509500024125|-2.28|-39.18|-31.74
1509500024258|-2.46|-39.42|-31.619999
1509500024389|-2.3999999|-39.54|-32.04
1509500024522|-2.3999999|-39.6|-32.34
1509500024654|-2.6399999|-39.36|-32.34
1509500024786|-2.58|-39.36|-32.82
1509500024919|-2.6399999|-39.42|-32.52
1509500025050|-2.58|-39.48|-32.579998
1509500025182|-2.28|-39.719997|-32.579998
1509500025314|-2.28|-39.239998|-32.76
1509500025445|-2.1599998|-39.239998|-33.12
1509500025578|-2.22|-39.18|-32.82
1509500025710|-2.58|-39.0|-32.46
1509500025841|-2.58|-39.059998|-32.28
1509500025973|-2.76|-38.82|-32.34
1509500026105|-2.76|-38.879997|-32.46
1509500026238|-2.76|-39.12|-32.64
1509500026369|-2.7|-39.12|-32.94
1509500026501|-2.6399999|-39.36|-32.82
1509500026633|-3.06|-38.76|-32.399998
1509500026768|-2.6399999|-38.64|-32.64
1509500026897|-2.82|-38.46|-32.219997
1509500027029|-2.82|-38.04|-32.1
1509500027162|-2.46|-38.64|-32.219997
1509500027293|-2.6399999|-38.76|-32.219997
1509500027425|-2.46|-39.12|-32.399998
1509500027557|-2.46|-39.54|-32.16
1509500027689|-2.46|-39.6|-32.34
1509500027822|-2.58|-39.6|-31.92
1509500027953|-2.58|-39.54|-31.74
1509500028086|-2.58|-39.54|-31.8
1509500028217|-2.58|-39.3|-31.679998
1509500028349|-2.76|-39.36|-32.28
1509500028481|-2.6399999|-39.6|-32.52
1509500028613|-2.7|-39.6|-32.7
1509500028745|-2.6399999|-39.6|-32.82
1509500028878|-2.3999999|-39.54|-32.64
1509500029009|-2.46|-39.3|-32.82
1509500029141|-2.3999999|-39.239998|-33.059998
1509500029274|-2.3999999|-39.54|-32.399998
1509500029406|-2.3999999|-39.48|-32.16
1509500029538|-2.46|-39.48|-31.92
1509500029669|-2.6399999|-39.42|-31.619999
1509500029802|-2.6399999|-39.3|-32.219997
1509500029933|-2.6399999|-39.6|-32.399998
1509500030066|-2.22|-39.66|-32.399998
1509500030198|-2.22|-39.18|-32.34
1509500030330|-2.22|-39.3|-32.16
1509500030462|-2.22|-39.0|-32.219997
1509500030593|-2.58|-38.7|-32.46
1509500030726|-2.46|-39.059998|-32.399998
1509500030858|-2.3999999|-38.82|-32.7
1509500030989|-2.46|-38.82|-32.64
1509500031122|-2.3999999|-39.059998|-32.219997
1509500031254|-2.28|-39.3|-32.7
1509500031385|-2.3999999|-39.48|-32.219997
1509500031520|-2.3999999|-39.48|-31.92
1509500031649|-2.6399999|-39.239998|-31.92
1509500031782|-2.58|-39.12|-31.679998
1509500031913|-2.58|-39.12|-31.679998
1509500032045|-2.46|-39.12|-32.28
1509500032178|-2.28|-39.36|-32.46
1509500032309|-2.3999999|-39.42|-32.34
1509500032442|-2.3999999|-39.36|-32.46
1509500032574|-2.58|-39.36|-31.8
1509500032706|-2.58|-39.239998|-31.8
1509500032837|-2.28|-39.059998|-31.92
1509500032969|-2.3999999|-39.0|-31.92
1509500033101|-2.28|-38.94|-32.64
1509500033233|-2.28|-39.059998|-32.82
1509500033365|-2.6399999|-39.18|-32.579998
1509500033497|-2.58|-39.36|-32.579998
1509500033630|-2.58|-39.12|-32.399998
1509500033762|-2.58|-39.059998|-32.04
1509500033893|-2.3999999|-39.059998|-32.04
1509500034025|-2.3999999|-39.54|-32.04
1509500034157|-2.3999999|-39.719997|-31.619999
1509500034290|-2.46|-39.6|-32.04
1509500034422|-2.46|-39.6|-32.16
1509500034553|-2.46|-39.36|-32.16
1509500034686|-2.3999999|-39.6|-32.64
1509500034817|-2.46|-39.42|-32.46
1509500034949|-2.6399999|-39.3|-32.34
1509500035081|-2.6399999|-39.059998|-32.34
1509500035214|-2.6399999|-38.82|-32.1
1509500035350|-2.46|-39.18|-31.92
1509500035478|-2.3999999|-39.3|-31.619999
1509500035609|-2.46|-39.54|-31.679998
1509500035741|-2.58|-39.96|-31.92
1509500035874|-2.58|-39.899998|-32.1
1509500036005|-2.6399999|-39.899998|-32.82
1509500036137|-2.58|-39.66|-32.82
1509500036269|-2.46|-39.54|-32.34
1509500036402|-2.3999999|-39.6|-32.1
1509500036534|-2.22|-39.6|-31.859999
1509500036666|-2.22|-39.719997|-32.04
1509500036797|-2.22|-39.54|-32.34
1509500036929|-2.28|-39.3|-32.46
1509500037062|-2.6399999|-39.3|-32.579998
1509500037194|-2.3999999|-39.18|-32.7
1509500037325|-2.46|-39.12|-32.399998
1509500037457|-2.58|-39.54|-32.64
1509500037590|-2.58|-39.3|-32.399998
1509500037722|-2.82|-39.18|-31.859999
1509500037854|-3.54|-39.0|-32.28
1509500037985|-3.4199998|-38.82|-32.16
1509500038118|-3.06|-38.76|-31.98
1509500038249|-3.06|-38.82|-32.399998
1509500038381|-2.3999999|-38.879997|-32.579998
1509500038513|-2.3999999|-38.579998|-32.579998
1509500038645|-2.58|-38.879997|-32.94
1509500038779|-2.46|-39.059998|-32.579998
