1509149382388|-0.24899697|-0.009576807|9.787497
1509149382508|-0.35434186|0.009576807|9.720459
1509149382641|-0.2681506|0.02873042|9.77792
1509149382773|-0.1340753|0.02873042|9.854534
1509149382908|-0.16280572|0.019153614|9.739613
1509149383036|-0.32561144|0.009576807|9.643845
1509149383171|-0.36391866|0.02873042|9.787497
1509149383301|-0.2681506|0.009576807|9.864111
1509149383437|-0.22026655|0.02873042|9.739613
1509149383565|-0.30645782|0.019153614|9.634268
1509149383696|-0.32561144|0.0|9.854534
1509149383828|-0.22026655|0.15322891|9.864111
1509149383960|-0.21068975|-0.11492168|9.710882
1509149384092|-0.19153613|0.009576807|9.615114
1509149384224|-0.1436521|-0.009576807|9.787497
1509149384358|-0.20111294|-0.009576807|9.854534
1509149384493|-0.11492168|0.009576807|9.749189
1509149384623|-0.11492168|0.02873042|9.720459
1509149384758|-0.17238252|-0.009576807|9.80665
1509149384890|-0.20111294|-0.009576807|9.825804
1509149385022|-0.19153613|0.009576807|9.720459
1509149385148|-0.16280572|0.0|9.749189
1509149385280|-0.05746084|0.047884032|9.768343
1509149385412|-0.095768064|-0.009576807|9.682152
1509149385544|-0.1436521|0.019153614|9.56723
1509149385676|-0.18195933|0.009576807|9.548077
1509149385808|-0.1340753|-0.019153614|9.557653
1509149385943|-0.076614454|-0.019153614|9.615114
1509149386072|-0.08619126|-0.019153614|9.701305
1509149386204|-0.1436521|-0.019153614|9.691729
1509149386341|-0.11492168|0.009576807|9.615114
1509149386473|-0.076614454|-0.009576807|9.624691
1509149386607|-0.17238252|-0.02873042|9.624691
1509149386740|-0.20111294|-0.019153614|9.548077
1509149386864|-0.10534488|0.0|9.643845
1509149386996|-0.10534488|-0.02873042|9.682152
1509149387128|-0.18195933|-0.009576807|9.5385
1509149387260|-0.1436521|-0.019153614|9.634268
1509149387392|-0.047884032|0.0|9.605537
1509149387524|0.0|-0.019153614|9.624691
1509149387658|-0.11492168|-0.02873042|9.682152
1509149387788|-0.095768064|-0.047884032|9.672575
1509149387920|-0.095768064|-0.019153614|9.691729
1509149388054|-0.16280572|-0.047884032|9.768343
1509149388189|-0.18195933|-0.05746084|9.710882
1509149388323|-0.16280572|-0.009576807|9.605537
1509149388448|-0.076614454|0.009576807|9.643845
1509149388580|-0.17238252|-0.019153614|9.624691
1509149388712|-0.16280572|0.009576807|9.595961
1509149388845|-0.1436521|-0.009576807|9.691729
1509149388976|-0.11492168|-0.009576807|9.653421
1509149389111|-0.08619126|0.009576807|9.624691
1509149389240|-0.095768064|-0.02873042|9.653421
1509149389375|-0.12449849|-0.02873042|9.662998
1509149389504|-0.038307227|-0.038307227|9.701305
1509149389636|0.08619126|0.0|9.643845
1509149389768|0.009576807|0.0|9.643845
1509149389903|-0.22026655|-0.047884032|9.643845
1509149390032|-0.31603462|-0.02873042|9.710882
1509149390164|-0.18195933|-0.02873042|9.605537
1509149390298|-0.08619126|0.0|9.519346
1509149390428|0.0|-0.009576807|9.605537
1509149390560|-0.12449849|-0.02873042|9.768343
1509149390692|-0.19153613|-0.038307227|9.701305
1509149390824|-0.20111294|-0.02873042|9.605537
1509149390963|0.038307227|0.0|9.557653
1509149391089|0.009576807|-0.02873042|9.586384
1509149391223|-0.05746084|-0.047884032|9.730036
1509149391352|-0.19153613|-0.019153614|9.758766
1509149391506|-0.11492168|-0.019153614|9.701305
1509149391623|-0.05746084|-0.038307227|9.691729
1509149391750|-0.10534488|-0.019153614|9.77792
1509149391880|-0.18195933|-0.038307227|9.892841
1509149392012|-0.21068975|-0.02873042|9.911995
1509149392144|-0.15322891|-0.009576807|9.787497
1509149392276|-0.08619126|0.009576807|9.643845
1509149392408|-0.08619126|-0.009576807|9.720459
1509149392540|-0.1436521|-0.02873042|9.797073
1509149392672|-0.095768064|-0.009576807|9.816227
1509149392808|-0.05746084|0.0|9.749189
1509149392937|-0.05746084|-0.009576807|9.720459
1509149393073|-0.16280572|0.0|9.797073
