1509201577602|-0.80541444|8.494697|-4.8334064
1509201577713|-0.8030562|8.483695|-4.853082
1509201577828|-0.8366684|8.459877|-4.8888497
1509201577953|-0.86807805|8.421226|-4.9497256
1509201578073|-0.9468859|8.368854|-5.023555
1509201578199|-1.039971|8.313699|-5.096201
1509201578307|-1.0322711|8.22854|-5.2341113
1509201578429|-1.128573|8.213093|-5.2384944
1509201578551|-1.1603956|8.193723|-5.2618227
1509201578672|-1.1431848|8.169425|-5.3032084
1509201578793|-1.0538611|8.121533|-5.394484
1509201578908|-1.0152786|8.101733|-5.4315286
1509201579034|-1.0133742|8.08886|-5.451038
1509201579152|-0.9449416|8.098875|-5.448458
1509201579273|-0.81846493|8.068638|-5.5134015
1509201579393|-0.80756646|8.101219|-5.4670367
1509201579510|-0.87226343|8.109954|-5.4440966
1509201579637|-0.94208014|8.076407|-5.482198
1509201579750|-0.89534825|8.073823|-5.493825
1509201579871|-0.89761746|8.076547|-5.4894505
1509201579988|-0.99350846|8.104435|-5.431525
1509201580123|-1.0648612|8.085712|-5.4458895
1509201580232|-1.0255799|8.032666|-5.5312614
1509201580351|-1.0392841|8.013022|-5.557135
1509201580471|-1.0489174|8.066485|-5.477405
1509201580588|-1.0380358|8.07523|-5.4665837
1509201580713|-1.0221208|8.038216|-5.523834
1509201580831|-1.0214564|8.069097|-5.47875
1509201580959|-1.1467776|8.172714|-5.297362
1509201581075|-1.1980356|8.121178|-5.364847
1509201581189|-1.1622136|8.082047|-5.4314046
1509201581311|-1.1313895|8.174246|-5.2983046
1509201581429|-1.2128007|8.161086|-5.300583
1509201581552|-1.1912534|8.100581|-5.3973975
1509201581673|-1.2013122|8.080092|-5.4258046
1509201581789|-1.2591408|8.12307|-5.3479614
1509201581909|-1.2135173|8.126294|-5.353606
1509201582031|-1.1516398|8.131051|-5.360048
1509201582149|-1.3327905|8.158655|-5.275454
1509201582272|-1.3806106|8.068323|-5.4005985
1509201582393|-1.3342365|8.078706|-5.396733
1509201582509|-1.5705374|8.17425|-5.185116
1509201582630|-1.7639521|8.155826|-5.1518316
1509201582754|-1.6158996|8.180601|-5.1611056
1509201582870|-1.6046522|8.259523|-5.0374355
1509201582990|-1.5849233|8.132009|-5.2467937
1509201583113|-1.4411423|8.202247|-5.17848
1509201583230|-1.5192702|8.27924|-5.0315394
1509201583351|-1.4127011|8.155528|-5.2594714
1509201583478|-1.3429713|8.165277|-5.262612
1509201583595|-1.3517178|8.159751|-5.268939
1509201583709|-1.3495548|8.159597|-5.2697325
1509201583830|-1.3557185|8.147759|-5.2864394
1509201583953|-1.3300748|8.145004|-5.2971864
1509201584070|-1.3692644|8.207664|-5.1893888
1509201584189|-1.3756973|8.147492|-5.2816863
1509201584311|-1.3420415|8.146881|-5.2912793
1509201584434|-1.3856665|8.211811|-5.178462
1509201584551|-1.3918611|8.166124|-5.248574
1509201584672|-1.3574781|8.154232|-5.275996
1509201584790|-1.4275544|8.183957|-5.211076
1509201584917|-1.4123104|8.220171|-5.157961
1509201585034|-1.3316985|8.181111|-5.2408366
1509201585159|-1.313446|8.220106|-5.184119
1509201585271|-1.3779372|8.222714|-5.163201
1509201585392|-1.3464873|8.224752|-5.16825
1509201585512|-1.2812186|8.229678|-5.176994
1509201585631|-1.3334585|8.231648|-5.160643
1509201585755|-1.3606105|8.194853|-5.211864
1509201585871|-1.2756009|8.285411|-5.0887327
1509201586000|-1.3892356|8.277071|-5.072525
1509201586118|-1.203843|8.278814|-5.1168723
1509201586232|-1.2498629|8.305737|-5.061913
1509201586351|-1.529671|8.162323|-5.2160296
1509201586474|-1.4364222|8.206064|-5.17374
1509201586593|-1.6038659|8.165678|-5.1884217
1509201586714|-1.5124893|8.080384|-5.346976
1509201586832|-1.5159268|8.103766|-5.310491
1509201586960|-1.527448|8.129821|-5.267192
1509201587071|-1.5527153|8.12583|-5.265963
1509201587197|-1.5614724|8.15083|-5.224572
1509201587312|-1.5074248|8.110419|-5.30275
1509201587434|-1.4964037|8.101105|-5.320081
1509201587552|-1.4920237|8.11993|-5.292541
1509201587671|-1.5231701|8.189688|-5.1748776
1509201587798|-1.6046357|8.069543|-5.3364806
1509201587916|-1.5524374|8.120198|-5.274724
1509201588034|-1.4612471|8.116496|-5.3063784
1509201588150|-1.4487853|8.099989|-5.33494
1509201588270|-1.3933191|8.16862|-5.244302
1509201588394|-1.46576|8.127708|-5.2879386
1509201588512|-1.4208875|8.185546|-5.2104034
1509201588630|-1.3723433|8.165647|-5.2544546
1509201588750|-1.3659376|8.1617775|-5.262127
1509201588871|-1.3908064|8.202061|-5.192519
1509201588994|-1.4056473|8.168795|-5.2407374
1509201589113|-1.3858061|8.194513|-5.2057543
1509201589230|-1.3843901|8.188071|-5.216257
1509201589350|-1.3672742|8.1942835|-5.2110143
1509201589470|-1.38167|8.197236|-5.2025666
1509201589591|-1.3648574|8.202249|-5.199103
1509201589711|-1.3687743|8.243131|-5.132996
1509201589831|-1.4381216|8.303998|-5.01456
1509201589957|-1.4311202|8.318226|-4.992936
1509201590080|-1.4254705|8.320172|-4.991309
1509201590198|-1.4226954|8.32062|-4.991354
1509201590316|-1.422569|8.324084|-4.9856095
1509201590431|-1.3297883|8.319895|-5.018107
1509201590557|-1.3210806|8.373528|-4.9304338
1509201590678|-1.4321283|8.33645|-4.962156
1509201590797|-1.3870775|8.345571|-4.9596233
1509201590920|-1.3664515|8.359535|-4.9417973
1509201591032|-1.3618133|8.350286|-4.958688
1509201591170|-1.341426|8.341879|-4.978356
1509201591273|-1.2215278|8.360818|-4.9774475
1509201591398|-1.2974429|8.356684|-4.965165
1509201591511|-1.2984353|8.348197|-4.979163
1509201591634|-1.3124216|8.341065|-4.9874406
1509201591752|-1.3110332|8.32287|-5.018108
1509201591873|-1.3379798|8.24954|-5.130817
1509201591993|-1.3156595|8.2418375|-5.148936
1509201592115|-1.4555969|8.242068|-5.110766
1509201592236|-1.4463415|8.223582|-5.143071
1509201592360|-1.4459114|8.398646|-4.852057
1509201592474|-1.4608941|8.285579|-5.038387
1509201592598|-1.3980837|8.321057|-4.997575
1509201592717|-1.3964562|8.354757|-4.9414907
1509201592833|-1.2563257|8.392149|-4.9156756
1509201592953|-1.224388|8.391553|-4.924744
1509201593073|-1.2294229|8.406049|-4.898698
1509201593201|-1.2224733|8.42868|-4.861409
1509201593313|-1.2650198|8.419713|-4.8660593
1509201593449|-1.2331364|8.467317|-4.791065
1509201593553|-1.1751463|8.49542|-4.7557592
1509201593674|-1.1784554|8.498069|-4.7502046
1509201593796|-1.1761482|8.498678|-4.749686
1509201593920|-1.1809864|8.489854|-4.764244
1509201594047|-1.1828333|8.485836|-4.77094
1509201594156|-1.1189867|8.428147|-4.887187
