1509526786851|12.059999|-21.06|-10.139999
1509526786981|12.42|-21.06|-10.0199995
1509526787113|12.42|-20.939999|-9.84
1509526787245|12.42|-21.06|-10.0199995
1509526787377|12.3|-21.18|-10.32
1509526787509|12.42|-20.88|-10.62
1509526787641|12.599999|-21.119999|-10.8
1509526787773|12.48|-21.119999|-10.62
1509526787905|12.66|-20.76|-10.62
1509526788037|12.599999|-20.939999|-10.86
1509526788169|12.42|-20.88|-10.86
1509526788301|12.66|-21.18|-11.04
1509526788433|12.66|-21.3|-11.099999
1509526788566|12.66|-21.359999|-10.86
1509526788697|12.599999|-21.18|-10.92
1509526788829|12.3|-20.88|-10.44
1509526788961|12.24|-21.06|-10.44
1509526789093|12.36|-21.42|-10.44
1509526789225|12.78|-21.48|-10.08
1509526789357|13.0199995|-21.6|-10.559999
1509526789489|13.08|-21.42|-10.32
1509526789623|13.08|-21.359999|-10.38
1509526789753|12.84|-21.18|-10.679999
1509526789886|12.78|-20.88|-10.679999
1509526790017|12.66|-21.0|-10.679999
1509526790149|12.66|-20.279999|-10.74
1509526790281|12.42|-20.58|-10.86
1509526790413|12.24|-20.64|-10.5
1509526790545|12.3|-20.46|-10.5
1509526790677|12.599999|-21.18|-10.559999
1509526790809|12.78|-20.88|-10.559999
1509526790941|13.0199995|-21.0|-10.679999
1509526791073|12.84|-21.0|-10.559999
1509526791205|12.78|-20.52|-10.5
1509526791337|13.0199995|-20.58|-10.32
1509526791469|12.96|-20.52|-10.5
1509526791601|12.96|-20.52|-10.86
1509526791734|12.66|-20.699999|-10.559999
1509526791865|12.42|-20.88|-10.38
1509526791997|12.24|-20.88|-10.139999
1509526792129|12.48|-20.88|-10.26
1509526792261|12.48|-21.0|-10.559999
1509526792393|12.42|-20.82|-10.92
1509526792525|12.66|-20.88|-10.8
1509526792657|12.599999|-21.119999|-10.8
1509526792789|12.599999|-21.119999|-10.62
1509526792922|12.599999|-21.119999|-10.38
1509526793053|12.36|-20.82|-10.559999
1509526793185|12.3|-20.4|-10.139999
1509526793317|12.42|-20.22|-10.38
1509526793450|12.42|-20.4|-10.5
1509526793581|12.66|-20.52|-10.74
1509526793713|12.84|-20.4|-10.62
1509526793845|12.84|-20.4|-10.38
1509526793977|13.2|-20.58|-10.2
1509526794109|13.0199995|-20.58|-10.0199995
1509526794241|12.78|-21.06|-10.5
1509526794373|12.78|-20.64|-10.679999
1509526794505|12.42|-20.46|-10.559999
1509526794637|12.599999|-20.64|-10.679999
1509526794769|12.9|-20.699999|-10.38
1509526794902|12.84|-21.3|-10.0199995
1509526795033|12.9|-21.119999|-10.139999
1509526795166|12.66|-21.3|-10.139999
1509526795297|12.78|-21.06|-10.44
1509526795429|12.84|-20.699999|-10.62
1509526795561|12.84|-21.0|-10.8
1509526795693|13.0199995|-20.88|-10.8
1509526795825|12.599999|-20.88|-10.8
1509526795957|12.78|-20.82|-11.04
1509526796089|12.66|-20.939999|-11.04
1509526796221|12.48|-20.76|-10.86
1509526796353|12.48|-20.939999|-10.8
1509526796486|12.24|-21.06|-10.86
1509526796617|12.24|-20.82|-10.86
1509526796751|12.66|-21.0|-10.8
1509526796881|12.78|-20.88|-10.559999
1509526797012|12.84|-20.88|-10.38
1509526797145|12.9|-20.88|-10.08
1509526797277|12.48|-20.88|-10.139999
1509526797408|12.48|-20.64|-10.559999
1509526797541|12.42|-20.4|-10.62
1509526797673|12.42|-20.4|-10.74
1509526797805|12.42|-20.4|-10.92
1509526797937|12.3|-20.46|-10.8
1509526798069|12.66|-21.24|-10.679999
1509526798201|12.78|-21.24|-10.92
1509526798333|12.84|-21.24|-10.8
1509526798465|13.139999|-21.6|-10.559999
1509526798598|12.84|-21.539999|-10.38
1509526798729|12.84|-21.539999|-10.38
1509526798861|13.0199995|-21.359999|-10.38
1509526798993|13.2|-21.0|-10.559999
1509526799125|13.08|-20.699999|-10.559999
1509526799257|13.0199995|-20.58|-10.32
1509526799389|12.66|-20.939999|-10.32
1509526799521|12.24|-21.119999|-10.139999
1509526799653|12.24|-21.3|-10.32
1509526799785|12.059999|-21.42|-10.5
1509526799917|12.24|-21.18|-10.62
1509526800048|12.24|-21.3|-11.099999
1509526800181|12.36|-21.0|-11.099999
1509526800313|12.599999|-21.0|-10.8
1509526800446|12.599999|-21.0|-10.8
1509526800577|12.66|-21.06|-10.62
1509526800709|12.599999|-21.18|-10.5
1509526800841|12.48|-21.06|-10.5
1509526800972|12.48|-21.06|-10.139999
1509526801105|12.48|-20.939999|-9.66
1509526801237|12.48|-20.939999|-9.84
1509526801369|12.48|-21.06|-10.0199995
1509526801502|12.48|-21.06|-9.599999
1509526801634|12.48|-20.699999|-10.139999
1509526801765|12.78|-20.699999|-10.32
1509526801897|12.78|-20.699999|-10.5
1509526802029|12.599999|-20.699999|-11.099999
1509526802161|12.48|-21.24|-10.679999
1509526802293|12.36|-21.3|-10.08
1509526802425|12.24|-21.539999|-9.9
1509526802557|12.42|-21.359999|-10.0199995
1509526802689|12.66|-21.119999|-10.32
1509526802821|12.48|-21.42|-10.5
1509526802953|12.48|-21.24|-10.26
1509526803085|12.42|-21.24|-10.139999
1509526803217|12.179999|-21.24|-10.0199995
1509526803349|12.24|-21.06|-10.139999
1509526803481|12.42|-21.24|-10.139999
1509526803613|12.54|-21.18|-10.32
1509526803745|12.78|-21.06|-10.38
1509526803877|12.78|-20.88|-10.2
1509526804009|12.66|-20.58|-10.5
1509526804141|12.599999|-20.699999|-10.38
1509526804273|12.3|-20.88|-10.139999
1509526804405|12.599999|-20.88|-10.44
1509526804542|12.42|-20.88|-10.32
1509526804669|12.42|-21.06|-10.32
1509526804801|12.66|-21.06|-10.44
1509526804933|12.48|-20.88|-10.32
1509526805065|12.84|-20.88|-10.44
1509526805200|12.9|-20.88|-10.32
1509526805329|12.78|-20.699999|-10.559999
1509526805461|12.66|-20.699999|-10.559999
1509526805593|12.599999|-21.0|-10.62
1509526805725|12.599999|-21.06|-10.98
1509526805857|12.599999|-21.24|-10.92
1509526805989|12.66|-21.42|-11.099999
1509526806121|12.66|-21.42|-10.679999
1509526806253|12.599999|-21.18|-10.5
1509526806385|12.599999|-21.359999|-10.38
1509526806517|12.599999|-21.359999|-10.139999
1509526806650|12.42|-21.06|-10.139999
1509526806781|12.48|-21.06|-9.66
1509526806913|12.48|-21.06|-9.42
1509526807045|12.42|-21.06|-9.54
1509526807177|12.36|-21.06|-9.84
1509526807309|12.42|-21.42|-10.44
1509526807441|12.54|-21.24|-10.679999
1509526807573|12.599999|-21.06|-10.86
1509526807705|12.84|-21.42|-10.92
1509526807836|12.66|-20.88|-10.8
1509526807969|12.599999|-21.0|-10.86
1509526808101|12.599999|-21.18|-10.86
1509526808234|12.66|-21.06|-10.32
1509526808365|12.66|-21.06|-10.139999
1509526808497|12.599999|-20.939999|-9.54
1509526808629|12.66|-21.18|-9.36
1509526808761|12.84|-20.76|-9.84
1509526808893|13.0199995|-20.76|-10.0199995
1509526809025|13.259999|-20.88|-10.62
1509526809157|13.2|-20.46|-10.86
1509526809289|12.66|-20.699999|-10.86
1509526809422|12.48|-20.699999|-11.099999
