1509425523436|0.9685282|1.8542074|9.580932
1509425523556|0.59440506|1.95281|9.591851
1509425523683|0.17425866|1.9068071|9.617906
1509425523799|0.21923085|1.2995933|9.717684
1509425523917|0.7153082|1.8948487|9.5952215
1509425524039|1.4829102|1.5955148|9.561679
1509425524160|1.3504484|1.4500103|9.604382
1509425524282|1.2610282|1.5662191|9.598289
1509425524398|1.4003268|1.4723315|9.593837
1509425524518|1.49806|2.1047919|9.460236
1509425524636|1.3051752|1.7972193|9.551802
1509425524757|0.92872083|2.048197|9.5453
1509425524880|0.6412855|1.7721735|9.623853
1509425525003|0.3479381|1.4490253|9.692763
1509425525118|1.2477558|2.2045481|9.473831
1509425525238|1.2890615|1.4465696|9.613332
1509425525357|1.3095243|1.4570067|9.608989
1509425525481|1.3513478|1.415621|9.609384
1509425525601|2.019545|0.93583125|9.550709
1509425525719|2.3914897|1.8275237|9.333344
1509425525836|2.2225792|1.4636163|9.4386635
1509425525958|0.7240626|2.2570333|9.515878
1509425526075|0.35504466|2.8803065|9.367399
1509425526196|0.79300106|3.0289786|9.293375
1509425526318|0.85065293|2.8514721|9.344297
1509425526443|0.8632294|2.4286203|9.461872
1509425526561|1.8538076|2.7856002|9.218146
1509425526677|2.4379892|3.163619|8.956457
