1509526341599|0.38307226|-0.009576807|9.758766
1509526341735|0.37349546|0.019153614|9.758766
1509526341870|0.33518824|0.05746084|9.749189
1509526341996|0.34476504|0.05746084|9.768343
1509526342127|0.36391866|0.047884032|9.768343
1509526342260|0.36391866|0.038307227|9.768343
1509526342392|0.35434186|0.038307227|9.768343
1509526342524|0.35434186|0.05746084|9.768343
1509526342656|0.35434186|0.05746084|9.768343
1509526342787|0.37349546|0.038307227|9.768343
1509526342920|0.35434186|0.038307227|9.768343
1509526343052|0.35434186|0.05746084|9.768343
1509526343190|0.34476504|0.05746084|9.768343
1509526343322|0.34476504|0.05746084|9.758766
1509526343450|0.36391866|0.05746084|9.758766
1509526343579|0.36391866|0.047884032|9.758766
1509526343712|0.36391866|0.038307227|9.758766
1509526343843|0.35434186|0.038307227|9.758766
1509526343976|0.37349546|0.038307227|9.758766
1509526344108|0.36391866|0.038307227|9.758766
1509526344244|0.36391866|0.05746084|9.77792
1509526344372|0.34476504|0.05746084|9.77792
1509526344504|0.34476504|0.05746084|9.758766
1509526344636|0.36391866|0.05746084|9.77792
1509526344768|0.33518824|0.05746084|9.77792
1509526344904|0.32561144|0.05746084|9.797073
1509526345035|0.34476504|0.047884032|9.768343
1509526345165|0.36391866|0.047884032|9.768343
1509526345295|0.35434186|0.047884032|9.768343
1509526345428|0.35434186|0.047884032|9.768343
1509526345560|0.35434186|0.047884032|9.768343
1509526345692|0.37349546|0.038307227|9.768343
1509526345824|0.36391866|0.05746084|9.768343
1509526345956|0.35434186|0.047884032|9.768343
1509526346088|0.35434186|0.047884032|9.768343
1509526346219|0.35434186|0.038307227|9.758766
1509526346351|0.37349546|0.038307227|9.758766
1509526346487|0.36391866|0.038307227|9.758766
1509526346617|0.34476504|0.05746084|9.77792
1509526346754|0.33518824|0.05746084|9.797073
1509526346880|0.33518824|0.05746084|9.787497
1509526347012|0.35434186|0.05746084|9.758766
1509526347144|0.34476504|0.05746084|9.77792
1509526347276|0.36391866|0.038307227|9.768343
1509526347408|0.36391866|0.038307227|9.749189
1509526347540|0.36391866|0.05746084|9.768343
1509526347672|0.36391866|0.047884032|9.768343
1509526347804|0.36391866|0.038307227|9.768343
1509526347936|0.36391866|0.038307227|9.768343
1509526348068|0.36391866|0.05746084|9.768343
1509526348207|0.36391866|0.05746084|9.768343
1509526348335|0.34476504|0.047884032|9.768343
1509526348471|0.36391866|0.047884032|9.768343
1509526348603|0.36391866|0.038307227|9.758766
1509526348731|0.36391866|0.038307227|9.758766
1509526348860|0.35434186|0.05746084|9.758766
1509526348992|0.35434186|0.05746084|9.758766
1509526349124|0.35434186|0.05746084|9.758766
1509526349255|0.35434186|0.05746084|9.758766
1509526349388|0.35434186|0.047884032|9.758766
1509526349523|0.35434186|0.038307227|9.758766
1509526349653|0.35434186|0.05746084|9.758766
1509526349785|0.35434186|0.05746084|9.758766
1509526349922|0.35434186|0.05746084|9.758766
1509526350052|0.35434186|0.05746084|9.758766
1509526350186|0.34476504|0.05746084|9.758766
1509526350311|0.36391866|0.05746084|9.758766
1509526350444|0.36391866|0.05746084|9.758766
1509526350576|0.36391866|0.047884032|9.758766
1509526350707|0.36391866|0.047884032|9.758766
1509526350839|0.34476504|0.047884032|9.758766
1509526350972|0.36391866|0.047884032|9.758766
1509526351104|0.34476504|0.047884032|9.758766
1509526351236|0.34476504|0.047884032|9.758766
1509526351373|0.36391866|0.047884032|9.758766
1509526351503|0.35434186|0.047884032|9.758766
1509526351635|0.32561144|0.06703765|9.77792
1509526351773|0.31603462|0.06703765|9.77792
1509526351896|0.31603462|0.06703765|9.797073
1509526352027|0.31603462|0.06703765|9.77792
1509526352160|0.32561144|0.06703765|9.77792
1509526352292|0.34476504|0.06703765|9.77792
1509526352424|0.33518824|0.05746084|9.77792
1509526352556|0.33518824|0.05746084|9.797073
1509526352687|0.32561144|0.05746084|9.787497
1509526352824|0.32561144|0.076614454|9.787497
1509526352951|0.32561144|0.06703765|9.787497
1509526353089|0.32561144|0.06703765|9.787497
1509526353220|0.32561144|0.06703765|9.787497
1509526353347|0.35434186|0.047884032|9.758766
1509526353483|0.37349546|0.038307227|9.758766
1509526353612|0.37349546|0.05746084|9.758766
1509526353744|0.37349546|0.047884032|9.758766
1509526353875|0.36391866|0.038307227|9.758766
1509526354007|0.36391866|0.038307227|9.749189
1509526354140|0.36391866|0.038307227|9.768343
1509526354271|0.36391866|0.038307227|9.758766
1509526354404|0.34476504|0.05746084|9.758766
1509526354536|0.33518824|0.05746084|9.758766
1509526354668|0.36391866|0.05746084|9.758766
1509526354800|0.36391866|0.038307227|9.758766
1509526354937|0.36391866|0.05746084|9.758766
1509526355070|0.36391866|0.047884032|9.749189
1509526355196|0.36391866|0.047884032|9.768343
1509526355328|0.34476504|0.047884032|9.768343
1509526355459|0.36391866|0.047884032|9.768343
1509526355597|0.35434186|0.047884032|9.768343
1509526355724|0.35434186|0.047884032|9.768343
1509526355856|0.34476504|0.047884032|9.768343
1509526355988|0.34476504|0.047884032|9.768343
1509526356119|0.36391866|0.047884032|9.768343
1509526356251|0.36391866|0.047884032|9.768343
1509526356385|0.35434186|0.047884032|9.768343
1509526356519|0.35434186|0.047884032|9.758766
1509526356653|0.35434186|0.047884032|9.758766
1509526356779|0.35434186|0.047884032|9.77792
1509526356912|0.35434186|0.047884032|9.768343
1509526357044|0.35434186|0.047884032|9.768343
1509526357175|0.35434186|0.047884032|9.768343
1509526357308|0.35434186|0.047884032|9.768343
1509526357440|0.35434186|0.047884032|9.768343
1509526357572|0.35434186|0.047884032|9.768343
1509526357704|0.35434186|0.047884032|9.758766
1509526357835|0.35434186|0.047884032|9.758766
1509526357972|0.34476504|0.06703765|9.77792
1509526358105|0.32561144|0.06703765|9.797073
1509526358233|0.34476504|0.047884032|9.768343
1509526358367|0.34476504|0.047884032|9.768343
1509526358496|0.36391866|0.047884032|9.768343
1509526358627|0.34476504|0.047884032|9.768343
1509526358759|0.36391866|0.047884032|9.768343
1509526358897|0.36391866|0.047884032|9.768343
1509526359024|0.35434186|0.047884032|9.768343
1509526359156|0.35434186|0.047884032|9.768343
1509526359287|0.35434186|0.047884032|9.768343
1509526359419|0.35434186|0.047884032|9.768343
1509526359552|0.34476504|0.047884032|9.768343
1509526359688|0.35434186|0.047884032|9.768343
1509526359821|0.35434186|0.038307227|9.768343
1509526359955|0.35434186|0.05746084|9.768343
1509526360082|0.37349546|0.038307227|9.768343
1509526360212|0.37349546|0.05746084|9.749189
1509526360344|0.36391866|0.05746084|9.768343
1509526360476|0.36391866|0.05746084|9.768343
1509526360607|0.35434186|0.05746084|9.768343
1509526360745|0.35434186|0.047884032|9.768343
1509526360872|0.35434186|0.047884032|9.768343
1509526361005|0.35434186|0.047884032|9.768343
1509526361135|0.34476504|0.047884032|9.768343
1509526361273|0.34476504|0.047884032|9.768343
1509526361400|0.34476504|0.06703765|9.787497
1509526361538|0.36391866|0.047884032|9.758766
1509526361670|0.36391866|0.047884032|9.758766
1509526361796|0.36391866|0.047884032|9.758766
1509526361928|0.36391866|0.047884032|9.758766
1509526362060|0.36391866|0.038307227|9.758766
1509526362191|0.36391866|0.05746084|9.758766
1509526362324|0.34476504|0.05746084|9.758766
1509526362456|0.36391866|0.047884032|9.758766
1509526362588|0.35434186|0.047884032|9.758766
1509526362720|0.37349546|0.047884032|9.758766
1509526362852|0.35434186|0.047884032|9.758766
1509526362984|0.37349546|0.047884032|9.758766
1509526363118|0.35434186|0.047884032|9.758766
1509526363256|0.37349546|0.047884032|9.758766
1509526363384|0.35434186|0.047884032|9.758766
1509526363511|0.34476504|0.047884032|9.758766
1509526363644|0.36391866|0.047884032|9.758766
1509526363776|0.36391866|0.038307227|9.749189
1509526363908|0.36391866|0.038307227|9.749189
1509526364040|0.36391866|0.038307227|9.749189
1509526364172|0.36391866|0.038307227|9.749189
1509526364304|0.35434186|0.038307227|9.768343
1509526364438|0.35434186|0.038307227|9.768343
1509526364569|0.34476504|0.038307227|9.768343
1509526364700|0.36391866|0.05746084|9.768343
1509526364836|0.35434186|0.05746084|9.758766
1509526364970|0.35434186|0.05746084|9.758766
1509526365099|0.35434186|0.038307227|9.758766
1509526365227|0.35434186|0.038307227|9.758766
1509526365360|0.37349546|0.038307227|9.758766
1509526365492|0.34476504|0.038307227|9.758766
1509526365624|0.36391866|0.05746084|9.758766
1509526365756|0.36391866|0.05746084|9.77792
1509526365888|0.36391866|0.05746084|9.758766
1509526366020|0.35434186|0.05746084|9.758766
1509526366152|0.37349546|0.047884032|9.758766
1509526366285|0.35434186|0.047884032|9.758766
1509526366421|0.35434186|0.047884032|9.758766
1509526366547|0.35434186|0.047884032|9.758766
1509526366689|0.36391866|0.047884032|9.758766
1509526366812|0.36391866|0.047884032|9.758766
1509526366944|0.36391866|0.038307227|9.758766
1509526367075|0.35434186|0.05746084|9.758766
1509526367207|0.35434186|0.038307227|9.749189
1509526367340|0.37349546|0.038307227|9.749189
1509526367474|0.36391866|0.05746084|9.768343
1509526367604|0.36391866|0.05746084|9.758766
1509526367736|0.34476504|0.047884032|9.758766
1509526367875|0.35434186|0.047884032|9.758766
1509526368001|0.35434186|0.038307227|9.749189
1509526368140|0.37349546|0.038307227|9.749189
1509526368272|0.35434186|0.05746084|9.749189
1509526368396|0.35434186|0.047884032|9.749189
1509526368528|0.35434186|0.047884032|9.768343
1509526368660|0.37349546|0.047884032|9.758766
1509526368792|0.35434186|0.047884032|9.758766
1509526368924|0.37349546|0.038307227|9.758766
1509526369056|0.36391866|0.038307227|9.749189
1509526369188|0.35434186|0.038307227|9.749189
1509526369319|0.37349546|0.038307227|9.749189
1509526369452|0.37349546|0.038307227|9.749189
1509526369585|0.36391866|0.05746084|9.749189
1509526369723|0.35434186|0.047884032|9.768343
1509526369855|0.34476504|0.05746084|9.739613
1509526369979|0.34476504|0.047884032|9.758766
1509526370116|0.35434186|0.047884032|9.749189
1509526370244|0.37349546|0.047884032|9.749189
1509526370376|0.37349546|0.047884032|9.739613
1509526370508|0.37349546|0.047884032|9.758766
1509526370640|0.36391866|0.038307227|9.758766
1509526370772|0.35434186|0.05746084|9.758766
1509526370904|0.35434186|0.05746084|9.749189
1509526371036|0.35434186|0.047884032|9.749189
1509526371167|0.35434186|0.047884032|9.749189
1509526371305|0.35434186|0.047884032|9.768343
1509526371435|0.35434186|0.047884032|9.758766
1509526371572|0.37349546|0.047884032|9.758766
1509526371699|0.36391866|0.047884032|9.758766
1509526371827|0.36391866|0.047884032|9.758766
1509526371960|0.35434186|0.047884032|9.758766
1509526372092|0.35434186|0.047884032|9.758766
1509526372224|0.37349546|0.02873042|9.758766
