1509504168500|-24.66|-42.54|-42.0
1509504168630|-24.42|-42.48|-42.3
1509504168762|-24.539999|-42.36|-41.82
1509504168894|-24.84|-42.54|-41.7
1509504169026|-25.019999|-42.54|-41.579998
1509504169158|-25.199999|-42.54|-41.219997
1509504169290|-25.26|-42.3|-41.219997
1509504169422|-24.779999|-42.54|-41.219997
1509504169554|-24.42|-42.66|-41.399998
1509504169686|-24.42|-42.54|-41.879997
1509504169818|-24.84|-42.66|-41.879997
1509504169950|-25.26|-42.42|-41.879997
1509504170084|-25.8|-42.36|-41.879997
1509504170214|-26.22|-41.94|-41.399998
1509504170346|-25.74|-41.82|-41.399998
1509504170479|-25.32|-41.82|-41.7
1509504170610|-24.779999|-41.82|-41.52
1509504170742|-24.359999|-42.3|-41.52
1509504170874|-24.359999|-42.36|-41.52
1509504171006|-24.24|-42.42|-41.219997
1509504171138|-24.42|-42.42|-41.219997
1509504171270|-24.539999|-42.719997|-41.399998
1509504171402|-24.18|-42.78|-41.7
1509504171534|-24.42|-42.78|-41.579998
1509504171666|-24.42|-42.78|-42.0
1509504171798|-24.42|-42.66|-42.0
1509504171930|-25.019999|-42.66|-42.0
1509504172062|-25.38|-42.66|-42.18
1509504172194|-25.619999|-42.54|-41.76
1509504172326|-25.56|-42.78|-41.94
1509504172458|-25.26|-42.719997|-41.64
1509504172590|-25.019999|-42.719997|-41.52
1509504172722|-24.9|-43.32|-41.64
1509504172854|-24.96|-42.84|-41.64
1509504172986|-24.84|-42.54|-41.76
1509504173118|-25.019999|-42.54|-41.879997
1509504173250|-25.019999|-42.3|-42.18
1509504173382|-25.26|-42.12|-41.879997
1509504173514|-25.38|-42.54|-41.52
1509504173646|-25.199999|-42.54|-41.399998
1509504173779|-25.199999|-42.54|-41.1
1509504173910|-24.779999|-42.78|-41.1
1509504174042|-25.019999|-42.78|-41.28
1509504174174|-25.019999|-42.84|-41.579998
1509504174306|-25.019999|-42.96|-41.579998
1509504174437|-25.439999|-42.84|-41.579998
1509504174570|-25.14|-42.78|-41.7
1509504174702|-25.019999|-42.66|-41.879997
1509504174834|-25.019999|-42.6|-42.18
1509504174966|-24.84|-42.6|-42.48
1509504175098|-25.199999|-42.84|-42.3
1509504175230|-25.26|-43.02|-42.0
1509504175362|-25.26|-43.079998|-41.7
1509504175494|-25.199999|-43.26|-41.579998
1509504175632|-24.779999|-43.14|-41.399998
1509504175758|-24.84|-42.96|-41.399998
1509504175890|-24.779999|-42.6|-41.579998
1509504176022|-24.6|-42.54|-41.399998
1509504176154|-24.42|-42.719997|-41.579998
1509504176286|-24.06|-42.78|-41.7
1509504176418|-24.24|-42.78|-41.7
1509504176550|-24.42|-42.54|-41.879997
1509504176682|-24.42|-42.18|-42.18
1509504176814|-24.6|-42.0|-42.48
1509504176952|-24.539999|-42.059998|-42.059998
1509504177079|-24.6|-42.18|-42.059998
1509504177210|-24.96|-42.3|-42.239998
1509504177342|-24.779999|-42.42|-42.059998
1509504177474|-24.779999|-42.42|-42.48
1509504177606|-24.72|-42.42|-42.66
1509504177738|-24.96|-42.42|-42.0
1509504177870|-25.14|-42.059998|-42.0
1509504178002|-24.779999|-42.059998|-41.82
1509504178134|-24.779999|-42.12|-41.7
1509504178266|-24.6|-42.12|-41.82
1509504178398|-24.6|-42.48|-41.52
1509504178531|-24.96|-42.54|-41.399998
1509504178669|-25.019999|-42.3|-41.219997
1509504178795|-24.779999|-42.54|-41.399998
1509504178926|-24.84|-42.719997|-41.579998
1509504179058|-24.84|-42.719997|-41.7
1509504179190|-24.84|-42.719997|-41.7
1509504179323|-24.72|-42.12|-42.0
1509504179454|-24.6|-41.82|-41.7
1509504179586|-24.779999|-41.579998|-41.52
1509504179718|-24.72|-41.82|-41.52
1509504179850|-24.84|-42.18|-41.04
1509504179982|-24.72|-42.3|-41.879997
1509504180114|-24.539999|-42.54|-42.18
1509504180246|-24.539999|-42.48|-42.3
1509504180378|-24.6|-42.719997|-42.3
1509504180510|-24.779999|-42.78|-41.7
1509504180642|-24.779999|-42.78|-41.52
1509504180774|-24.84|-42.78|-41.7
1509504180906|-24.96|-42.719997|-41.76
1509504181038|-25.019999|-42.899998|-41.94
1509504181170|-25.199999|-42.84|-41.94
1509504181302|-24.96|-42.54|-41.94
1509504181434|-24.96|-42.36|-42.18
1509504181566|-24.84|-42.12|-42.18
1509504181699|-24.42|-42.18|-42.18
1509504181830|-24.539999|-42.66|-42.3
1509504181963|-24.6|-42.66|-42.42
1509504182094|-24.66|-42.66|-42.42
1509504182226|-24.96|-42.6|-42.42
1509504182358|-25.14|-42.36|-41.94
1509504182490|-25.14|-42.6|-41.7
1509504182622|-25.019999|-42.54|-41.52
1509504182754|-25.019999|-42.6|-42.0
1509504182886|-24.6|-42.66|-42.18
1509504183019|-24.539999|-42.54|-42.0
1509504183150|-24.6|-42.96|-42.48
1509504183282|-24.24|-42.899998|-42.18
1509504183414|-24.24|-42.84|-42.18
1509504183546|-24.24|-42.899998|-42.48
1509504183678|-24.24|-42.36|-42.0
1509504183810|-24.42|-42.48|-41.879997
1509504183942|-24.779999|-42.719997|-41.7
1509504184074|-24.779999|-42.78|-41.219997
1509504184206|-24.66|-43.379997|-41.219997
1509504184338|-24.9|-43.379997|-41.219997
1509504184470|-24.779999|-42.96|-41.1
1509504184602|-24.6|-42.96|-41.219997
1509504184734|-24.84|-42.78|-41.219997
1509504184866|-24.6|-42.719997|-41.399998
1509504184998|-24.84|-43.2|-41.7
1509504185131|-25.019999|-42.899998|-41.879997
1509504185262|-24.779999|-42.6|-42.18
1509504185394|-24.779999|-42.42|-42.18
1509504185526|-24.72|-42.12|-42.18
1509504185658|-24.66|-42.36|-42.3
1509504185790|-24.66|-42.66|-42.48
1509504185922|-24.96|-42.84|-42.48
1509504186054|-24.96|-42.899998|-42.36
1509504186186|-24.96|-42.78|-41.879997
1509504186318|-24.84|-42.36|-41.52
1509504186450|-24.84|-42.36|-41.94
1509504186582|-24.96|-42.36|-42.239998
1509504186714|-24.96|-42.36|-42.42
1509504186846|-24.66|-42.54|-42.239998
1509504186978|-24.06|-42.96|-42.239998
1509504187110|-24.06|-42.899998|-41.94
1509504187242|-23.88|-43.2|-42.239998
1509504187374|-24.359999|-43.2|-42.42
1509504187506|-24.96|-42.84|-42.0
1509504187638|-24.9|-43.079998|-42.36
1509504187771|-25.08|-43.02|-42.0
1509504187902|-25.26|-43.02|-42.0
1509504188034|-25.199999|-43.079998|-41.64
1509504188166|-25.08|-43.079998|-41.46
1509504188298|-25.199999|-42.84|-41.46
1509504188430|-25.019999|-43.02|-41.34
1509504188562|-25.019999|-43.02|-41.579998
1509504188694|-24.96|-43.02|-41.76
1509504188826|-24.96|-42.84|-41.879997
1509504188958|-24.96|-42.66|-42.36
1509504189090|-25.199999|-42.48|-42.3
1509504189222|-25.32|-42.18|-42.0
1509504189354|-25.199999|-42.0|-41.7
1509504189486|-25.019999|-42.059998|-41.219997
1509504189621|-24.84|-42.18|-41.219997
1509504189750|-24.84|-42.059998|-41.7
1509504189882|-24.84|-42.36|-42.0
1509504190014|-25.019999|-42.12|-42.18
1509504190146|-25.019999|-42.0|-42.66
1509504190278|-25.019999|-42.0|-42.3
1509504190410|-25.199999|-42.059998|-42.18
1509504190541|-25.14|-42.12|-42.18
1509504190674|-25.14|-42.12|-41.879997
1509504190806|-25.26|-42.3|-41.7
1509504190938|-24.96|-42.12|-42.0
1509504191070|-24.96|-42.18|-42.48
1509504191202|-24.96|-42.18|-42.36
1509504191334|-24.66|-42.18|-42.66
1509504191466|-25.08|-42.6|-42.48
1509504191598|-25.199999|-42.66|-42.0
1509504191730|-25.08|-42.78|-41.879997
1509504191862|-25.199999|-42.899998|-41.399998
1509504191994|-25.019999|-42.66|-41.399998
1509504192126|-25.019999|-42.48|-41.399998
1509504192258|-24.84|-42.36|-41.879997
1509504192390|-24.96|-42.12|-41.879997
1509504192522|-24.72|-42.18|-42.0
1509504192654|-24.66|-42.3|-42.18
1509504192786|-24.6|-42.239998|-41.879997
1509504192918|-24.779999|-42.36|-42.0
1509504193050|-25.019999|-42.3|-41.7
1509504193182|-25.019999|-42.3|-41.7
1509504193315|-25.08|-42.6|-41.879997
1509504193446|-24.84|-42.6|-42.48
1509504193578|-24.42|-42.66|-42.48
1509504193711|-24.359999|-42.66|-42.18
1509504193842|-24.18|-42.239998|-42.3
1509504193974|-24.18|-42.3|-41.52
1509504194106|-24.539999|-42.239998|-41.28
1509504194238|-24.779999|-42.059998|-41.64
1509504194370|-24.96|-42.42|-41.28
1509504194502|-25.199999|-42.48|-41.34
1509504194635|-25.32|-42.48|-41.399998
1509504194766|-25.26|-42.78|-41.28
1509504194898|-25.56|-42.66|-41.28
1509504195030|-25.38|-42.42|-41.219997
1509504195162|-25.32|-42.36|-41.579998
1509504195294|-25.019999|-42.48|-41.219997
1509504195426|-24.96|-42.3|-41.399998
1509504195558|-24.96|-42.48|-41.399998
1509504195690|-24.96|-42.54|-41.219997
1509504195822|-24.84|-42.3|-41.7
1509504195954|-24.72|-42.0|-41.399998
1509504196086|-24.42|-42.059998|-41.7
1509504196218|-24.539999|-42.0|-41.879997
1509504196350|-24.72|-42.059998|-41.7
1509504196482|-25.38|-42.54|-42.18
1509504196614|-25.56|-42.3|-42.0
1509504196746|-25.619999|-42.18|-42.18
1509504196877|-25.56|-42.12|-42.0
1509504197009|-25.14|-42.12|-42.18
1509504197142|-25.26|-42.239998|-42.3
1509504197274|-25.439999|-42.42|-42.0
