1509418832762|-0.20385742|0.04197693|0.094436646
1509418832883|-0.012466431|0.05227661|0.121414185
1509418833003|-0.2880249|0.0146484375|0.08023071
1509418833123|-0.036972046|0.027786255|0.0365448
1509418833244|0.0027923584|0.0146484375|-0.0064086914
1509418833363|0.060317993|0.02848816|-0.022750854
1509418833489|0.076660156|0.033462524|-0.008544922
1509418833605|0.03829956|0.0018615723|-7.324219E-4
1509418833726|0.025161743|-0.006668091|0.016662598
1509418833845|0.0031585693|-6.2561035E-4|0.0074310303
1509418833965|-0.006790161|0.0029296875|0.0038757324
1509418834085|-0.008560181|-0.0034637451|0.007797241
1509418834209|0.023742676|-0.011993408|-3.8146973E-4
1509418834324|0.010971069|-0.010925293|0.002105713
1509418834456|0.018417358|-0.010574341|-7.324219E-4
1509418834570|0.019836426|-0.0045318604|-0.001083374
1509418834684|-4.5776367E-5|-0.0063171387|-7.324219E-4
1509418834810|0.004928589|-0.010574341|-0.0035705566
1509418834929|0.0035095215|-0.010574341|0.002822876
1509418835053|0.001373291|-0.010925293|0.0031738281
1509418835168|0.0024414062|-0.0059509277|0.0084991455
1509418835286|0.010253906|-0.0077209473|3.3569336E-4
1509418835388|0.013442993|-0.0059509277|-0.0028686523
1509418835525|-0.0053710938|-0.0027618408|-3.8146973E-4
1509418835657|0.021255493|-0.008087158|0.0049438477
1509418835787|0.037246704|-0.018737793|-0.009963989
1509418835920|-0.002166748|0.0057678223|0.006011963
1509418836054|-0.03413391|0.0036315918|0.009216309
1509418836193|-0.036254883|-0.009155273|-0.0025024414
1509418836344|0.06706238|0.0015106201|0.016662598
1509418836451|0.039367676|0.005050659|0.023757935
1509418836574|-0.022415161|0.011810303|0.0035247803
1509418836692|-0.021347046|0.012512207|0.0124053955
1509418836809|-0.046203613|-0.019088745|-0.0259552
1509418836946|-0.05543518|-0.016967773|-0.013870239
1509418837049|-0.085617065|9.1552734E-5|-0.010681152
1509418837172|-0.056152344|-0.016601562|-0.022399902
1509418837289|-0.033416748|0.012161255|-0.001083374
1509418837409|-0.0039520264|0.005050659|0.0014038086
1509418837530|-3.9672852E-4|0.004699707|0.0074310303
1509418837657|0.018417358|-2.746582E-4|0.011703491
1509418837771|0.025878906|0.0011444092|0.020568848
1509418837888|0.002090454|0.008956909|0.009567261
1509418838020|-0.032348633|0.004348755|-0.004989624
1509418838133|0.07807922|-0.046432495|0.0017547607
1509418838250|0.03404236|-0.013412476|0.0038757324
1509418838379|-0.0011138916|0.0025787354|0.0074310303
1509418838491|-0.006790161|0.0032806396|0.0042419434
1509418838611|-0.007858276|0.007537842|0.010635376
1509418838733|-0.0035858154|-0.0045318604|0.0010375977
1509418838852|-0.04975891|-0.0023956299|3.3569336E-4
1509418838975|-0.006790161|-0.0024108887|-0.001083374
1509418839094|0.016296387|7.9345703E-4|0.0049438477
1509418839211|0.010955811|-0.0016937256|0.002456665
1509418839340|0.0045776367|-0.0034637451|0.0024719238
1509418839432|-0.0050201416|-0.003112793|0.006362915
1509418839568|-0.0053710938|-0.0027618408|0.0038757324
1509418839699|-0.006439209|-0.003829956|6.866455E-4
1509418839832|0.0074157715|-0.0059509277|-0.001449585
1509418839966|-0.0011138916|0.0015106201|6.866455E-4
1509418840100|-0.0043029785|-0.0048828125|-0.001449585
1509418840243|-0.024551392|0.007888794|-0.0025024414
1509418840372|-0.023483276|-0.01020813|-0.0110321045
1509418840503|-0.002166748|-0.0059509277|-0.005706787
1509418840636|-0.0043029785|-0.0016937256|0.0017547607
1509418840773|-0.008560181|4.4250488E-4|0.007080078
1509418840907|0.009536743|-0.008087158|0.0017547607
1509418841052|-0.010696411|0.0025634766|0.0049438477
1509418841176|0.27905273|0.018554688|-0.024887085
1509418841306|-0.45384216|-0.03364563|-0.007843018
