1509247123363|1019.02814
1509247123494|1019.0344
1509247123627|1019.0403
1509247123763|1019.0386
1509247123894|1019.0386
1509247124028|1019.0398
1509247124160|1019.0364
1509247124295|1019.0372
1509247124427|1019.04266
1509247124561|1019.0376
1509247124695|1019.04175
1509247124830|1019.0367
1509247124961|1019.0299
1509247125093|1019.0256
1509247125227|1019.0294
1509247125361|1019.02435
1509247125494|1019.02435
1509247125628|1019.03015
1509247125762|1019.0176
1509247125896|1019.02
1509247126028|1019.0234
1509247126164|1019.02
1509247126295|1019.028
1509247126428|1019.03046
1509247126561|1019.02704
1509247126694|1019.038
1509247126829|1019.0363
1509247126964|1019.0363
1509247127095|1019.0401
1509247127229|1019.0401
1509247127362|1019.04425
1509247127495|1019.0435
1509247127628|1019.04694
1509247127762|1019.04425
1509247127894|1019.0317
1509247128030|1019.03754
1509247128161|1019.03754
1509247128295|1019.0341
1509247128429|1019.0341
1509247128563|1019.02826
1509247128694|1019.0358
1509247128828|1019.0396
1509247128962|1019.01935
1509247129095|1019.0227
1509247129229|1019.0235
1509247129362|1019.0235
1509247129496|1019.0126
1509247129629|1019.0218
1509247129762|1019.0302
1509247129897|1019.03534
1509247130030|1019.03534
1509247130163|1019.0336
1509247130295|1019.0302
1509247130428|1019.02686
1509247130562|1019.02594
1509247130695|1019.01917
1509247130829|1019.0213
1509247130962|1019.0247
1509247131097|1019.03143
1509247131230|1019.03656
1509247131363|1019.0501
1509247131497|1019.0501
1509247131630|1019.0559
1509247131762|1019.02545
1509247131896|1019.01697
1509247132029|1019.0187
1509247132163|1019.02545
1509247132296|1019.0881
1509247132429|1019.12616
1509247132563|1019.0932
1509247132695|1019.0958
1509247132829|1019.07623
1509247132962|1019.07623
1509247133096|1019.0584
1509247133232|1019.04315
1509247133363|1019.0213
1509247133496|1018.98987
1509247133633|1018.88153
1509247133764|1018.90015
1509247133897|1018.91876
1509247134032|1018.94073
1509247134162|1018.95264
1509247134296|1018.9686
1509247134431|1018.9771
1509247134563|1018.9809
1509247134697|1019.0622
1509247134829|1019.1329
1509247134963|1019.06854
1509247135096|1019.0364
1509247135230|1019.0153
1509247135363|1019.00006
1509247135496|1018.99664
1509247135629|1018.98724
1509247135765|1018.9754
1509247135896|1018.9788
1509247136031|1018.9788
1509247136164|1018.9517
1509247136298|1018.8958
1509247136431|1018.8975
1509247136563|1018.92633
1509247136698|1018.9449
1509247136831|1018.9653
1509247136963|1018.9771
1509247137096|1018.9822
1509247137230|1018.98773
1509247137363|1018.9928
1509247137498|1018.9928
1509247137631|1018.98895
1509247137766|1018.9924
1509247137898|1019.00635
1509247138032|1019.0114
1509247138165|1019.0165
1509247138298|1019.01434
1509247138430|1019.01605
1509247138565|1019.0109
1509247138697|1019.01605
1509247138833|1019.0211
1509247138963|1019.0195
1509247139098|1019.0195
1509247139230|1019.01776
1509247139364|1019.02155
1509247139498|1019.0199
1509247139632|1019.02405
1509247139764|1019.02155
1509247139897|1019.02325
1509247140032|1019.0267
1509247140163|1019.0351
1509247140298|1019.0313
1509247140431|1019.0296
1509247140564|1019.0296
1509247140697|1019.0199
1509247140831|1019.0165
1509247140964|1019.0165
1509247141098|1019.01483
1509247141231|1019.0114
1509247141364|1019.0025
1509247141498|1019.0013
1509247141631|1019.0013
1509247141765|1018.9991
1509247141900|1018.9924
1509247142032|1018.9924
1509247142165|1018.98553
1509247142299|1018.9788
1509247142431|1018.9758
1509247142564|1018.96906
1509247142699|1018.9686
