1509412145812|1027.1473
1509412145951|1027.127
1509412146075|1027.1436
1509412146205|1027.1644
1509412146338|1027.1559
1509412146472|1027.1453
1509412146610|1027.1691
1509412146741|1027.1691
1509412146872|1027.1742
1509412147005|1027.147
1509412147139|1027.1418
1509412147272|1027.1708
1509412147406|1027.178
1509412147539|1027.195
1509412147676|1027.1865
1509412147806|1027.1737
1509412147940|1027.1711
1509412148073|1027.1661
1509412148206|1027.1661
1509412148341|1027.149
1509412148474|1027.0988
1509412148606|1027.1107
1509412148739|1027.1112
1509412148877|1027.0891
1509412149007|1027.1044
1509412149140|1027.1141
1509412149274|1027.1277
1509412149414|1027.1154
1509412149542|1027.0889
1509412149675|1027.0787
1509412149806|1027.0787
1509412149940|1027.0656
1509412150080|1027.0663
1509412150207|1027.0646
1509412150340|1027.0646
1509412150473|1027.1072
1509412150606|1027.1198
1509412150740|1027.1555
1509412150874|1027.139
1509412151007|1027.1271
1509412151142|1027.1016
1509412151278|1027.1016
1509412151411|1027.054
1509412151540|1027.0726
1509412151674|1027.0658
1509412151807|1027.0632
1509412151941|1027.0496
1509412152073|1027.0844
1509412152207|1027.127
1509412152340|1027.1252
1509412152473|1027.1104
1509412152607|1027.1545
1509412152744|1027.1545
1509412152876|1027.0958
1509412153008|1027.0941
1509412153143|1027.1077
1509412153274|1027.1044
1509412153408|1027.117
1509412153541|1027.1034
1509412153679|1027.1085
1509412153808|1027.139
1509412153940|1027.1425
1509412154073|1027.1357
1509412154207|1027.1357
1509412154341|1027.1272
1509412154477|1027.0988
1509412154607|1027.1102
1509412154740|1027.0948
1509412154885|1027.1005
1509412155007|1027.1073
1509412155141|1027.1053
1509412155274|1027.1002
1509412155408|1027.0901
1509412155541|1027.0781
1509412155675|1027.0935
