1509091919803|0.29076555|0.21081185|0.6196501|0.69788784
1509091919928|0.29088977|0.21346745|0.6169298|0.6994372
1509091920044|0.29374593|0.21075355|0.6179421|0.6981718
1509091920164|0.29480135|0.2106769|0.61846054|0.6972905
1509091920353|0.28999582|0.21546952|0.61681616|0.69929475
1509091920478|0.28677526|0.22160198|0.61140484|0.70344627
1509091920592|0.28944233|0.22026113|0.610829|0.70327526
1509091920712|0.28413984|0.22074778|0.61318886|0.7032314
1509091920834|0.27569002|0.22321433|0.61406726|0.70504737
1509091920953|0.28917494|0.22804965|0.60970634|0.7018756
1509091921078|0.28562212|0.22674425|0.6114683|0.70222044
1509091921191|0.2784139|0.22206731|0.61184806|0.70626754
1509091921311|0.2837054|0.23316306|0.6091321|0.7029255
1509091921431|0.28586972|0.23123519|0.6087487|0.70301765
1509091921549|0.28393957|0.23069403|0.609306|0.7034947
1509091921672|0.28144303|0.22610456|0.61065465|0.7048173
1509091921793|0.2802048|0.22978613|0.6118305|0.70309824
1509091921911|0.2853277|0.23552245|0.6130721|0.69804
1509091922031|0.28978157|0.22053772|0.6122456|0.70181555
1509091922157|0.28686795|0.22104932|0.61097854|0.70395255
1509091922272|0.29630888|0.21503738|0.61498475|0.6983937
1509091922392|0.30633184|0.20261893|0.61682725|0.69615406
1509091922517|0.32390615|0.18613729|0.6302019|0.6806492
1509091922637|0.31857708|0.19040789|0.62921363|0.68289363
1509091922758|0.31197745|0.19760802|0.6249696|0.6877748
1509091922875|0.29838312|0.20850828|0.6163701|0.6982691
1509091922990|0.29143357|0.22515622|0.610261|0.70139337
1509091923112|0.28726357|0.2315595|0.608399|0.70264536
1509091923240|0.27452177|0.20052193|0.6263392|0.70151836
1509091923350|0.29489273|0.2211859|0.6098033|0.70160884
1509091923472|0.2994649|0.21926142|0.6126573|0.6977795
1509091923595|0.2844351|0.207986|0.6179895|0.70279974
1509091923712|0.28171948|0.22091717|0.61381626|0.7036045
1509091923837|0.29764923|0.23009244|0.6079131|0.6992168
1509091923955|0.28266016|0.22416356|0.6143602|0.70172316
1509091924078|0.27375364|0.22199045|0.6196434|0.70129967
1509091924191|0.28301436|0.2313492|0.61922354|0.69494075
1509091924318|0.28572133|0.22657295|0.6180268|0.6964703
1509091924438|0.27719137|0.22463365|0.6174251|0.70106417
1509091924552|0.2708487|0.22797439|0.6220956|0.69833064
1509091924672|0.28621808|0.23170897|0.6179809|0.6946148
1509091924792|0.2811504|0.2289705|0.61767733|0.69785506
1509091924915|0.27722147|0.22967722|0.61899656|0.6980257
1509091925031|0.28336534|0.229535|0.617992|0.69649386
1509091925157|0.28272152|0.2270303|0.6190008|0.69668055
1509091925273|0.28211316|0.22760074|0.61880076|0.6969187
1509091925396|0.28262517|0.22558723|0.61804485|0.6980358
1509091925519|0.28431204|0.22373593|0.6149677|0.7006594
1509091925643|0.28595564|0.22157627|0.6171168|0.6987848
1509091925754|0.28919807|0.21987973|0.61512387|0.6997428
1509091925877|0.28382957|0.2205074|0.61873215|0.6985612
1509091925992|0.28354952|0.22214223|0.61761814|0.6991426
1509091926116|0.28180677|0.22507986|0.61634475|0.7000308
1509091926233|0.29339275|0.22153498|0.617834|0.69507134
1509091926358|0.2866257|0.2253947|0.615866|0.69839245
1509091926478|0.278211|0.2251496|0.6158889|0.7018455
1509091926594|0.28898337|0.22605382|0.61294365|0.69977736
1509091926712|0.28444836|0.22574954|0.61327744|0.70143926
1509091926836|0.28028238|0.22318949|0.6132478|0.70395696
1509091926954|0.2945244|0.223484|0.61007816|0.70079595
1509091927073|0.2883117|0.22279663|0.6138899|0.70026946
1509091927191|0.27960092|0.20740323|0.6227794|0.7006804
1509091927315|0.29668427|0.22215338|0.6175174|0.6937568
1509091927446|0.26632813|0.20120919|0.62612534|0.70466393
1509091927554|0.26980564|0.22104365|0.6180106|0.70456195
1509091927673|0.29824093|0.23016162|0.6137331|0.6938369
1509091927793|0.27327123|0.21667816|0.6204024|0.7024773
1509091927913|0.2676361|0.22572677|0.62285155|0.6996244
1509091928032|0.27875093|0.23200111|0.6170838|0.6983416
1509091928152|0.27542266|0.22276826|0.6191365|0.7008471
1509091928274|0.2690658|0.22023088|0.62196976|0.7016093
1509091928392|0.27528638|0.22816293|0.62501895|0.6939095
1509091928512|0.28533012|0.21937762|0.6235127|0.6940404
1509091928640|0.30677286|0.21422723|0.61910534|0.69043875
1509091928752|0.3445884|0.17789888|0.5874172|0.71031815
1509091928873|0.3456843|0.19590472|0.57647955|0.71399933
1509091928994|0.34752098|0.21157049|0.57606846|0.70895153
1509091929112|0.34577134|0.21424524|0.57836807|0.70712906
1509091929241|0.33895215|0.21567279|0.5798242|0.70880216
1509091929357|0.32956994|0.2177587|0.58527577|0.70810807
1509091929481|0.31573102|0.2221887|0.59133667|0.70800215
1509091929597|0.30522278|0.22138977|0.59871054|0.70666206
1509091929715|0.31418267|0.22443712|0.602453|0.6985468
1509091929837|0.3047276|0.22877625|0.60481787|0.69928384
1509091929954|0.2966395|0.22454484|0.607218|0.70204765
1509091930080|0.30704096|0.20658849|0.62670404|0.6857763
1509091930194|0.3155122|0.19325303|0.6312055|0.681678
1509091930328|0.31005275|0.1981226|0.62751436|0.68617815
1509091930437|0.3086187|0.20020866|0.6256179|0.6879486
1509091930556|0.305864|0.19926389|0.62554914|0.6895139
1509091930673|0.3042345|0.20129892|0.624268|0.6908036
1509091930794|0.30300814|0.20168893|0.6240638|0.69141304
1509091930919|0.30264068|0.20182514|0.6244443|0.69119066
1509091931041|0.3038864|0.1979006|0.6217782|0.69417596
1509091931160|0.30199212|0.18355538|0.6293554|0.6921127
1509091931284|0.30976254|0.17989744|0.6280418|0.69083107
1509091931401|0.31336877|0.17785954|0.6259942|0.6915904
1509091931518|0.31097528|0.17104301|0.6266031|0.69383514
1509091931636|0.31266257|0.1693953|0.6246372|0.69525224
1509091931755|0.3170471|0.17087285|0.6232937|0.6941099
1509091931879|0.3156497|0.17540286|0.6244618|0.6925652
1509091931994|0.31274498|0.17367639|0.625314|0.6935485
1509091932115|0.31504998|0.17733392|0.62713814|0.68992317
1509091932249|0.31608573|0.17989619|0.62870044|0.6873594
1509091932356|0.31193924|0.18127218|0.6275795|0.6899118
1509091932480|0.31882146|0.17932054|0.6287547|0.68619573
1509091932598|0.32237944|0.18190044|0.62803656|0.68450993
1509091932715|0.3131976|0.17824908|0.6280868|0.6896677
1509091932835|0.3171843|0.17762783|0.62791055|0.68816483
1509091932960|0.31882387|0.18068099|0.628806|0.6857906
1509091933079|0.31189188|0.1836689|0.6275165|0.6893564
1509091933196|0.31808066|0.1821808|0.62802446|0.6864548
1509091933323|0.31779236|0.1829372|0.6278442|0.686552
1509091933435|0.31694898|0.18185715|0.6293154|0.6858815
1509091933553|0.32031408|0.18378322|0.62943256|0.6836938
1509091933676|0.31294662|0.17908|0.63097596|0.6869237
1509091933799|0.31300578|0.18577465|0.63004524|0.6859724
1509091933915|0.3144592|0.18442282|0.6301117|0.68561137
1509091934037|0.31532753|0.18675403|0.62905383|0.6855529
1509091934157|0.32238537|0.19015114|0.6292991|0.6810968
1509091934277|0.31434828|0.18780325|0.62989646|0.68494195
1509091934398|0.31146204|0.18768895|0.6311853|0.6851054
1509091934514|0.311434|0.18342334|0.6328632|0.6847254
1509091934639|0.32221732|0.16852802|0.6275689|0.6884269
1509091934755|0.32646158|0.16123247|0.59620064|0.715522
1509091934876|0.3180261|0.17261517|0.5927095|0.71955466
