1509196494369|-0.009199142|0.039670944|-0.021415949
1509196494486|-0.0349679|-0.0107803345|-0.013003588
1509196494617|-0.0056967735|0.0059103966|-0.0022435188
1509196494727|-0.017980576|8.0776215E-4|0.035600185
1509196494850|0.024428844|0.0062098503|0.015785694
1509196494971|0.03812027|0.10390282|-0.16323161
1509196495086|0.011192322|0.16273117|-0.4053011
1509196495213|0.02758789|0.08623505|0.0041968822
1509196495370|0.10001516|4.0864944E-4|0.14299607
1509196495487|0.23063993|0.16081524|-0.21164942
1509196495610|-0.15357208|-0.2101903|0.181185
1509196495730|0.14238405|0.14829206|0.07326245
1509196495851|-0.31721926|0.17748976|-0.7032442
1509196495973|0.16929626|-0.281569|1.0597463
1509196496088|0.38293123|0.15077782|-0.49570513
1509196496207|-0.52950525|-0.29978514|0.22402191
1509196496328|-0.19706821|-0.23818016|0.79758096
1509196496454|0.3359785|0.24793148|-0.41475797
1509196496568|-0.25137758|-0.14689112|0.06973386
1509196496687|-0.24453259|-0.067604065|0.3140509
1509196496812|-0.09720945|0.27867413|-0.6564641
1509196496933|0.34905052|0.106476784|0.3281505
1509196497050|0.037457466|-0.06181431|0.1477859
1509196497171|-0.23778868|0.06678152|-0.6697216
1509196497290|-0.14610195|-0.1203804|0.71243525
1509196497412|0.44276285|0.4044013|-0.7126086
1509196497541|-0.37104702|-0.31021214|0.3267107
1509196497652|-0.04296255|0.025430202|0.19627881
1509196497774|0.17119932|0.22642279|-0.40458798
1509196497893|0.0231781|-0.13068295|0.4655974
1509196498008|-0.049787045|-0.03802395|0.07264018
1509196498129|-0.111782074|0.17416191|-0.43384862
1509196498251|0.16201401|-0.15291691|0.8449514
1509196498367|0.0890851|0.15829945|-0.36318398
1509196498490|-0.1721735|0.028189182|-0.39810085
1509196498614|0.22226334|-0.14928818|0.8530364
1509196498731|0.090837955|0.08327961|-0.2801907
1509196498857|-0.15145063|-0.09612656|-0.14184189
1509196498969|-0.0046281815|-0.103798866|0.42351365
1509196499091|-0.08100033|0.14826441|-0.5672076
1509196499210|0.17592287|-0.06395435|0.38851452
1509196499330|-0.08164024|0.19915438|-0.5534253
1509196499452|-0.087495804|0.23113441|-1.0923235
1509196499571|0.1269517|0.28658056|-0.5221877
1509196499687|0.020121574|-0.028695583|0.39563322
1509196499815|-0.014548302|0.14993429|-0.5348449
1509196499931|-0.06328726|-0.2623639|1.2556627
1509196500048|0.014627457|0.164752|-0.3199315
1509196500174|-0.12712574|0.010894299|-0.09683514
1509196500293|-0.095716|-0.07472038|0.18038368
1509196500412|-0.0901165|0.073071|-0.2933302
1509196500534|-0.02316475|0.11458349|-0.025224209
1509196500652|0.19374466|-0.0021204948|0.25701737
1509196500771|-0.024303436|-0.13205576|0.3875568
1509196500889|0.0909338|0.15402412|-0.1585989
1509196501017|-0.19875765|-0.12072182|0.066474676
1509196501129|0.31864548|0.39088345|-0.6297188
1509196501255|-0.2745037|-0.1078248|-0.09833646
1509196501369|0.042103767|-0.1097002|0.87353826
1509196501494|0.1526599|0.4265747|-1.0518768
1509196501611|-0.5306225|-0.8722124|1.456037
1509196501733|0.34386158|0.14772367|0.13736844
1509196501853|-0.45560312|0.03242588|-0.71738195
1509196501972|-0.15276909|-0.6259527|1.785712
1509196502089|0.20911932|0.41843367|-1.0282357
1509196502211|-0.20418644|-0.09404516|-0.05285096
1509196502329|0.13362789|-0.02461052|0.6249192
1509196502451|0.067887306|0.2528324|-0.649616
1509196502569|-0.101887226|-0.27433586|0.54682994
1509196502689|0.24498081|0.16973925|-0.11297846
1509196502833|-0.19556904|0.18939829|-0.91135955
1509196502930|-0.009903431|-0.22242308|1.1066949
1509196503054|0.27502346|0.3349309|-0.35256672
1509196503172|0.032725334|-0.042316914|0.2501192
1509196503291|0.017433167|-0.08405352|0.2353487
1509196503412|-0.113832474|-0.29411364|0.68272734
1509196503532|0.36374855|0.18839502|-0.4348576
1509196503652|-0.4431758|-0.27039957|0.010950327
1509196503774|0.015025616|-0.16003323|0.6002493
1509196503893|0.16479588|0.3475418|-0.6280184
1509196504013|-0.11755037|-0.19985247|0.73652387
1509196504132|0.17838764|0.1731906|-0.23772502
1509196504251|-0.33046198|-0.42178535|0.8036647
1509196504369|0.37244034|0.3550353|-0.65480614
1509196504498|-0.27007294|-0.21928549|0.12953138
1509196504615|-0.023967743|-0.040344715|0.13169336
1509196504739|-0.10967779|0.28787947|-0.64775753
1509196504859|0.24198437|-0.038925648|0.5072372
1509196504973|0.20128536|0.0034694672|0.05650878
1509196505094|-0.028069496|-0.06324816|0.08659387
1509196505211|0.28548384|0.06523943|-0.10605359
1509196505334|-0.057345867|0.044015408|-0.36727762
1509196505456|0.047894|0.08703804|-0.093490124
1509196505574|0.17486858|0.35507727|-0.7604501
1509196505691|-0.23623943|-0.1474657|0.41014862
1509196505812|0.123258114|0.4228344|-0.80433774
1509196505931|0.04545164|-0.22335625|0.8923662
1509196506053|-0.15827751|0.18125153|-0.6266997
1509196506182|0.27480602|-0.0747695|0.72947073
1509196506292|-0.05712843|0.066636086|-0.10337353
1509196506416|-0.12804174|-0.3783455|1.3429797
1509196506537|0.4665265|0.33039045|-0.37914968
1509196506656|-0.6935959|-0.88726234|1.4517283
1509196506770|0.826097|0.8832836|-1.3949783
1509196506895|-0.44884872|-0.3830428|0.5105629
1509196507014|0.2078824|-0.22071934|0.9959886
1509196507135|-0.26799583|0.28045034|-0.8270016
1509196507252|-0.38809872|-0.68825245|1.7498465
1509196507377|0.3804903|0.46512127|-0.6165104
1509196507501|-0.7970419|-0.7499752|1.1768353
1509196507611|0.7416754|0.5893426|-1.1148047
1509196507734|-0.013223648|-0.15145397|-0.29687357
1509196507853|0.05202532|-0.4342451|1.4712877
1509196507978|-0.22186041|0.15102482|-0.36674452
1509196508091|0.03675556|0.09917641|-0.0811677
1509196508218|-0.1779685|-0.112063885|0.21621943
1509196508330|-0.054227352|0.099871635|-0.564831
1509196508450|-0.15635967|-0.14265108|0.22857141
