1509524791479|-0.013620348|9.520623|2.3971813
1509524791606|-0.013620348|9.507003|2.4108014
1509524791738|-0.013620348|9.507003|2.4244218
1509524791870|-0.013620348|9.507003|2.4244218
1509524792002|0.0|9.520623|2.3971813
1509524792134|0.0|9.520623|2.4108014
1509524792266|0.0|9.520623|2.4108014
1509524792399|0.0|9.520623|2.4108014
1509524792531|0.0|9.520623|2.4108014
1509524792662|0.0|9.520623|2.4108014
1509524792795|-0.013620348|9.520623|2.4108014
1509524792926|-0.013620348|9.520623|2.4108014
1509524793058|-0.013620348|9.520623|2.4108014
1509524793190|-0.013620348|9.520623|2.4108014
1509524793322|-0.013620348|9.520623|2.4108014
1509524793464|-0.013620348|9.520623|2.4108014
1509524793587|-0.013620348|9.520623|2.4108014
1509524793719|-0.027240695|9.520623|2.3971813
1509524793850|-0.027240695|9.520623|2.4108014
1509524793983|-0.027240695|9.520623|2.3971813
1509524794115|-0.013620348|9.507003|2.4108014
1509524794247|-0.013620348|9.507003|2.4108014
1509524794377|-0.013620348|9.507003|2.4108014
1509524794511|-0.013620348|9.507003|2.4108014
1509524794643|-0.027240695|9.507003|2.4244218
1509524794774|-0.013620348|9.507003|2.4380422
1509524794907|-0.027240695|9.520623|2.3971813
1509524795039|-0.013620348|9.507003|2.4108014
1509524795170|-0.027240695|9.520623|2.383561
1509524795303|-0.027240695|9.507003|2.4108014
1509524795435|-0.027240695|9.520623|2.3971813
1509524795567|-0.027240695|9.520623|2.3971813
1509524795698|-0.013620348|9.520623|2.4108014
1509524795831|0.0|9.520623|2.3971813
1509524795962|0.0|9.520623|2.4108014
1509524796095|-0.013620348|9.507003|2.4244218
1509524796226|-0.013620348|9.507003|2.4244218
1509524796359|0.0|9.520623|2.4108014
1509524796498|-0.013620348|9.507003|2.4108014
1509524796623|-0.013620348|9.507003|2.4108014
1509524796755|-0.013620348|9.507003|2.4108014
1509524796887|-0.013620348|9.507003|2.4108014
1509524797019|-0.013620348|9.507003|2.4108014
1509524797151|-0.013620348|9.507003|2.4108014
1509524797281|-0.013620348|9.507003|2.4108014
1509524797415|-0.013620348|9.507003|2.4108014
1509524797546|-0.013620348|9.520623|2.4108014
1509524797679|0.0|9.520623|2.4108014
1509524797810|0.0|9.520623|2.4108014
1509524797943|0.0|9.520623|2.4108014
1509524798076|0.0|9.520623|2.3971813
1509524798207|0.0|9.520623|2.3971813
1509524798346|-0.013620348|9.507003|2.4108014
1509524798470|-0.013620348|9.507003|2.4244218
1509524798602|0.0|9.520623|2.3971813
1509524798733|0.0|9.520623|2.4108014
1509524798866|0.0|9.520623|2.4108014
1509524799002|-0.013620348|9.520623|2.383561
1509524799131|0.0|9.520623|2.3971813
1509524799262|-0.013620348|9.520623|2.3971813
1509524799395|0.0|9.520623|2.3971813
1509524799527|0.0|9.520623|2.3971813
1509524799659|0.0|9.520623|2.3971813
1509524799791|0.0|9.520623|2.4108014
1509524799922|0.0|9.520623|2.4108014
1509524800054|0.0|9.520623|2.4108014
1509524800187|0.0|9.520623|2.3971813
1509524800319|-0.013620348|9.507003|2.4108014
1509524800451|-0.027240695|9.507003|2.4244218
1509524800582|0.0|9.520623|2.3971813
1509524800715|0.0|9.520623|2.3971813
1509524800846|0.0|9.520623|2.3971813
1509524800979|-0.013620348|9.520623|2.4108014
1509524801110|-0.013620348|9.507003|2.4108014
1509524801243|-0.013620348|9.507003|2.4108014
1509524801374|0.0|9.520623|2.3971813
1509524801512|0.0|9.520623|2.4108014
1509524801639|0.0|9.520623|2.4108014
1509524801769|0.0|9.520623|2.4108014
1509524801903|0.0|9.520623|2.4108014
1509524802035|0.0|9.520623|2.4108014
1509524802167|0.0|9.520623|2.4108014
1509524802298|0.0|9.520623|2.4108014
1509524802431|0.0|9.520623|2.4108014
1509524802563|-0.027240695|9.520623|2.4108014
1509524802695|-0.027240695|9.520623|2.4108014
1509524802827|-0.013620348|9.520623|2.4108014
1509524802959|-0.013620348|9.520623|2.3971813
1509524803090|-0.013620348|9.520623|2.4108014
1509524803222|-0.013620348|9.520623|2.4108014
1509524803355|-0.013620348|9.520623|2.4108014
1509524803487|-0.013620348|9.520623|2.4108014
1509524803619|-0.013620348|9.520623|2.3971813
1509524803750|-0.027240695|9.520623|2.4108014
1509524803881|-0.027240695|9.520623|2.4108014
1509524804014|-0.013620348|9.520623|2.4108014
1509524804146|-0.013620348|9.520623|2.4108014
1509524804279|-0.013620348|9.520623|2.4108014
1509524804411|-0.013620348|9.520623|2.4108014
1509524804543|-0.013620348|9.520623|2.4108014
1509524804675|-0.013620348|9.520623|2.4108014
1509524804810|0.0|9.520623|2.3971813
1509524804939|0.0|9.520623|2.3971813
1509524805070|0.0|9.520623|2.3971813
1509524805202|-0.013620348|9.520623|2.4108014
1509524805335|0.0|9.507003|2.4244218
1509524805468|-0.013620348|9.520623|2.4108014
1509524805599|0.0|9.520623|2.4108014
1509524805730|0.0|9.520623|2.4108014
1509524805863|0.0|9.520623|2.4108014
1509524805995|0.0|9.520623|2.4108014
1509524806127|0.0|9.520623|2.4108014
1509524806259|-0.013620348|9.520623|2.4108014
1509524806390|-0.013620348|9.507003|2.4108014
1509524806530|0.0|9.520623|2.4108014
1509524806655|-0.027240695|9.507003|2.4244218
1509524806788|0.0|9.520623|2.3971813
1509524806919|-0.013620348|9.507003|2.4108014
1509524807051|-0.013620348|9.507003|2.4108014
1509524807183|-0.013620348|9.507003|2.4108014
1509524807313|0.0|9.520623|2.4108014
1509524807447|0.0|9.520623|2.4108014
1509524807579|0.0|9.520623|2.4108014
1509524807711|0.0|9.520623|2.4108014
1509524807843|-0.027240695|9.520623|2.4108014
1509524807975|-0.027240695|9.520623|2.4108014
1509524808107|0.0|9.520623|2.4108014
1509524808239|0.0|9.520623|2.4108014
1509524808374|-0.013620348|9.520623|2.4108014
1509524808502|-0.013620348|9.520623|2.4108014
1509524808634|-0.013620348|9.520623|2.4108014
1509524808767|-0.013620348|9.520623|2.4108014
1509524808899|0.0|9.520623|2.4108014
1509524809031|0.0|9.520623|2.4108014
1509524809162|0.0|9.520623|2.4108014
1509524809294|-0.013620348|9.520623|2.4108014
1509524809426|0.0|9.520623|2.4108014
1509524809558|0.0|9.520623|2.4108014
1509524809691|-0.013620348|9.520623|2.4108014
1509524809823|-0.013620348|9.520623|2.4108014
1509524809954|0.0|9.520623|2.4108014
1509524810087|0.0|9.520623|2.4108014
1509524810219|0.0|9.520623|2.4108014
1509524810350|-0.013620348|9.520623|2.4108014
1509524810482|0.0|9.520623|2.4108014
1509524810615|0.0|9.520623|2.4108014
1509524810747|0.0|9.520623|2.4108014
1509524810878|0.0|9.520623|2.4108014
1509524811010|0.0|9.520623|2.3971813
1509524811143|-0.013620348|9.520623|2.3971813
1509524811275|-0.013620348|9.520623|2.3971813
1509524811407|0.0|9.520623|2.3971813
1509524811547|0.0|9.520623|2.3971813
1509524811670|-0.013620348|9.520623|2.4108014
1509524811803|0.0|9.520623|2.3971813
1509524811935|0.0|9.520623|2.4108014
1509524812066|0.0|9.520623|2.4108014
1509524812199|-0.013620348|9.520623|2.4108014
1509524812331|0.0|9.520623|2.4108014
1509524812463|0.0|9.520623|2.4108014
1509524812595|0.0|9.520623|2.4108014
1509524812726|0.0|9.520623|2.4108014
1509524812859|0.0|9.520623|2.4108014
1509524812990|0.0|9.520623|2.4108014
1509524813122|0.0|9.520623|2.4108014
1509524813254|0.0|9.520623|2.4108014
1509524813386|0.0|9.520623|2.4108014
1509524813519|0.0|9.520623|2.4108014
1509524813650|-0.013620348|9.520623|2.4108014
1509524813783|-0.013620348|9.520623|2.4108014
1509524813914|-0.013620348|9.520623|2.4108014
1509524814047|-0.013620348|9.520623|2.4108014
1509524814179|-0.013620348|9.520623|2.4108014
1509524814311|-0.013620348|9.520623|2.4108014
1509524814442|0.0|9.520623|2.4108014
1509524814575|-0.013620348|9.520623|2.4108014
1509524814707|0.0|9.520623|2.4108014
1509524814839|0.0|9.520623|2.4108014
1509524814971|0.0|9.520623|2.4108014
1509524815102|0.0|9.520623|2.4108014
1509524815235|0.0|9.520623|2.4108014
1509524815367|0.0|9.520623|2.4108014
1509524815499|0.0|9.520623|2.4108014
1509524815630|0.0|9.520623|2.4108014
1509524815762|0.0|9.520623|2.4108014
1509524815894|0.0|9.520623|2.4108014
1509524816027|0.0|9.520623|2.4108014
1509524816158|0.0|9.520623|2.4108014
1509524816291|0.0|9.520623|2.4108014
1509524816422|0.0|9.520623|2.3971813
1509524816561|0.0|9.520623|2.3971813
1509524816687|0.0|9.520623|2.3971813
1509524816819|0.0|9.520623|2.3971813
1509524816950|-0.013620348|9.520623|2.4108014
1509524817083|0.0|9.520623|2.3971813
1509524817215|0.0|9.520623|2.4108014
1509524817346|0.0|9.520623|2.4108014
1509524817479|-0.013620348|9.520623|2.4108014
1509524817611|-0.013620348|9.520623|2.4108014
1509524817743|0.0|9.520623|2.4108014
1509524817875|0.0|9.520623|2.4108014
1509524818007|0.0|9.520623|2.4108014
1509524818138|0.0|9.520623|2.4108014
1509524818271|0.0|9.520623|2.4108014
1509524818402|-0.013620348|9.520623|2.3971813
1509524818534|-0.013620348|9.520623|2.3971813
1509524818667|0.0|9.520623|2.4108014
1509524818799|-0.013620348|9.520623|2.4108014
1509524818930|-0.027240695|9.520623|2.3971813
1509524819063|-0.027240695|9.520623|2.3971813
1509524819195|-0.027240695|9.520623|2.4108014
1509524819327|-0.013620348|9.520623|2.4108014
1509524819458|-0.027240695|9.507003|2.4108014
1509524819590|-0.027240695|9.507003|2.4108014
1509524819723|-0.013620348|9.507003|2.4108014
1509524819855|-0.013620348|9.507003|2.4108014
1509524819987|-0.027240695|9.507003|2.4108014
1509524820118|-0.027240695|9.520623|2.4108014
1509524820250|-0.027240695|9.520623|2.4108014
1509524820382|-0.027240695|9.507003|2.4108014
1509524820515|-0.013620348|9.507003|2.4244218
1509524820647|-0.013620348|9.520623|2.3971813
1509524820778|-0.027240695|9.520623|2.4108014
1509524820910|-0.027240695|9.520623|2.4108014
1509524821043|-0.013620348|9.520623|2.4108014
1509524821175|-0.013620348|9.520623|2.3971813
1509524821307|-0.013620348|9.520623|2.3971813
1509524821439|-0.013620348|9.520623|2.3971813
1509524821569|-0.013620348|9.520623|2.3971813
1509524821703|-0.013620348|9.520623|2.3971813
1509524821835|-0.013620348|9.520623|2.3971813
1509524821973|0.0|9.507003|2.4108014
1509524822098|0.0|9.507003|2.4108014
1509524822230|-0.013620348|9.520623|2.4108014
1509524822363|0.0|9.507003|2.4108014
1509524822494|0.0|9.507003|2.4108014
1509524822631|0.0|9.520623|2.4108014
1509524822758|-0.013620348|9.520623|2.4108014
1509524822891|-0.013620348|9.520623|2.4108014
1509524823022|-0.013620348|9.520623|2.4108014
1509524823154|0.0|9.520623|2.4108014
1509524823286|0.0|9.520623|2.4108014
1509524823419|-0.013620348|9.507003|2.4108014
1509524823550|-0.013620348|9.507003|2.4108014
1509524823682|-0.013620348|9.520623|2.4108014
1509524823815|-0.013620348|9.507003|2.4108014
1509524823947|-0.013620348|9.520623|2.4108014
1509524824079|0.0|9.520623|2.4108014
1509524824211|0.0|9.520623|2.4108014
1509524824343|0.0|9.520623|2.4108014
1509524824475|-0.013620348|9.520623|2.4108014
1509524824607|0.0|9.520623|2.4108014
1509524824739|0.0|9.520623|2.4108014
1509524824870|0.0|9.520623|2.4108014
1509524825008|0.0|9.520623|2.4108014
1509524825134|0.0|9.520623|2.4108014
1509524825265|0.0|9.520623|2.4108014
1509524825399|0.0|9.507003|2.4244218
1509524825530|0.013620348|9.507003|2.4244218
1509524825663|0.013620348|9.507003|2.4244218
1509524825795|0.013620348|9.507003|2.4244218
1509524825928|0.0|9.520623|2.3971813
1509524826059|0.0|9.520623|2.3971813
1509524826190|-0.013620348|9.507003|2.4108014
1509524826323|0.0|9.520623|2.4108014
1509524826454|-0.013620348|9.520623|2.3971813
1509524826586|-0.013620348|9.520623|2.3971813
1509524826719|-0.013620348|9.520623|2.3971813
1509524826850|0.0|9.520623|2.3971813
1509524826989|0.0|9.520623|2.3971813
1509524827114|-0.013620348|9.520623|2.3971813
1509524827247|-0.013620348|9.520623|2.3971813
1509524827379|0.0|9.520623|2.3971813
1509524827510|0.0|9.520623|2.3971813
1509524827642|0.0|9.520623|2.3971813
1509524827775|0.0|9.520623|2.4108014
1509524827908|0.0|9.520623|2.4108014
1509524828038|-0.027240695|9.520623|2.3971813
1509524828170|0.0|9.507003|2.4244218
1509524828303|0.0|9.507003|2.4244218
1509524828435|0.0|9.520623|2.4108014
1509524828566|0.0|9.520623|2.4108014
1509524828699|0.0|9.520623|2.4108014
1509524828830|-0.013620348|9.507003|2.4108014
1509524828963|-0.013620348|9.507003|2.4108014
1509524829095|-0.013620348|9.507003|2.4108014
1509524829227|-0.013620348|9.507003|2.4108014
1509524829359|-0.013620348|9.507003|2.4108014
1509524829491|0.0|9.520623|2.4108014
1509524829623|-0.013620348|9.520623|2.4108014
1509524829754|-0.013620348|9.520623|2.4108014
1509524829888|-0.013620348|9.520623|2.4108014
1509524830019|-0.013620348|9.520623|2.4108014
1509524830150|0.0|9.520623|2.4108014
1509524830283|-0.013620348|9.507003|2.4108014
1509524830414|0.0|9.520623|2.4108014
1509524830547|0.0|9.520623|2.4108014
1509524830679|0.0|9.520623|2.4108014
1509524830811|0.0|9.520623|2.4108014
1509524830942|0.0|9.520623|2.4108014
1509524831077|-0.013620348|9.520623|2.4108014
1509524831207|-0.013620348|9.520623|2.4108014
1509524831339|-0.013620348|9.520623|2.4108014
1509524831471|-0.013620348|9.520623|2.4108014
1509524831602|0.0|9.520623|2.4108014
1509524831735|0.0|9.520623|2.4108014
1509524831867|0.0|9.520623|2.4108014
1509524832006|0.0|9.520623|2.3971813
1509524832131|0.0|9.520623|2.3971813
1509524832262|0.0|9.520623|2.3971813
1509524832394|0.0|9.520623|2.4108014
1509524832526|0.0|9.520623|2.4108014
