1509515804658|0.040861044|1.2122109|9.738548
1509515804788|0.040861044|1.2122109|9.738548
1509515804920|0.040861044|1.2122109|9.738548
1509515805052|0.040861044|1.2122109|9.738548
1509515805185|0.027240695|1.2122109|9.738548
1509515805316|0.040861044|1.2122109|9.738548
1509515805449|0.040861044|1.2122109|9.738548
1509515805580|0.040861044|1.2122109|9.738548
1509515805712|0.040861044|1.2122109|9.738548
1509515805844|0.027240695|1.2122109|9.738548
1509515805976|0.027240695|1.2122109|9.738548
1509515806108|0.027240695|1.2122109|9.738548
1509515806240|0.027240695|1.2122109|9.738548
1509515806372|0.040861044|1.2122109|9.738548
1509515806504|0.040861044|1.2122109|9.738548
1509515806636|0.05448139|1.2258313|9.738548
1509515806769|0.05448139|1.2258313|9.738548
1509515806902|0.05448139|1.2258313|9.738548
1509515807031|0.05448139|1.2258313|9.738548
1509515807164|0.05448139|1.2258313|9.738548
1509515807294|0.05448139|1.2258313|9.738548
1509515807428|0.05448139|1.2258313|9.738548
1509515807560|0.040861044|1.2258313|9.738548
1509515807692|0.040861044|1.2258313|9.738548
1509515807824|0.040861044|1.2258313|9.738548
1509515807956|0.040861044|1.2258313|9.738548
1509515808087|0.040861044|1.2258313|9.738548
1509515808220|0.040861044|1.2394516|9.738548
1509515808353|0.040861044|1.2394516|9.738548
1509515808484|0.040861044|1.2394516|9.738548
1509515808616|0.040861044|1.2394516|9.738548
1509515808748|0.040861044|1.2394516|9.738548
1509515808881|0.040861044|1.2394516|9.738548
1509515809012|0.040861044|1.2394516|9.738548
1509515809144|0.040861044|1.2394516|9.738548
1509515809276|0.040861044|1.2394516|9.738548
1509515809408|0.040861044|1.2394516|9.738548
1509515809540|0.040861044|1.2394516|9.738548
1509515809680|0.040861044|1.2530719|9.738548
1509515809804|0.040861044|1.2530719|9.738548
1509515809935|0.040861044|1.2530719|9.738548
1509515810071|0.040861044|1.2530719|9.738548
1509515810200|0.040861044|1.2530719|9.738548
1509515810331|0.040861044|1.2530719|9.738548
1509515810464|0.040861044|1.2530719|9.738548
1509515810596|0.040861044|1.2394516|9.738548
1509515810728|0.040861044|1.2394516|9.738548
1509515810860|0.040861044|1.2394516|9.738548
1509515810992|0.040861044|1.2530719|9.738548
1509515811124|0.040861044|1.2530719|9.738548
1509515811256|0.040861044|1.2530719|9.738548
1509515811388|0.040861044|1.2530719|9.738548
1509515811520|0.040861044|1.2530719|9.738548
1509515811652|0.040861044|1.2530719|9.738548
1509515811783|0.040861044|1.2530719|9.738548
1509515811916|0.040861044|1.2530719|9.738548
1509515812047|0.040861044|1.2394516|9.738548
1509515812180|0.040861044|1.2394516|9.738548
1509515812312|0.040861044|1.2394516|9.738548
1509515812445|0.027240695|1.2122109|9.738548
1509515812576|0.027240695|1.2122109|9.738548
1509515812708|0.027240695|1.2122109|9.738548
1509515812840|0.040861044|1.2122109|9.738548
1509515812972|0.040861044|1.2122109|9.738548
1509515813103|0.040861044|1.2122109|9.738548
1509515813235|0.040861044|1.2122109|9.738548
1509515813368|0.040861044|1.2122109|9.738548
1509515813502|0.040861044|1.2122109|9.738548
1509515813632|0.040861044|1.2258313|9.738548
1509515813764|0.040861044|1.2258313|9.738548
1509515813896|0.040861044|1.2258313|9.738548
1509515814028|0.040861044|1.2258313|9.738548
1509515814161|0.040861044|1.2258313|9.738548
1509515814296|0.040861044|1.2258313|9.738548
1509515814424|0.040861044|1.2258313|9.738548
1509515814556|0.040861044|1.2258313|9.738548
1509515814688|0.040861044|1.2258313|9.738548
1509515814821|0.040861044|1.2258313|9.738548
1509515814951|0.05448139|1.2258313|9.738548
1509515815084|0.05448139|1.2258313|9.738548
1509515815214|0.05448139|1.2258313|9.738548
1509515815347|0.05448139|1.2258313|9.738548
1509515815479|0.05448139|1.2258313|9.738548
1509515815612|0.05448139|1.2258313|9.738548
1509515815742|0.05448139|1.2258313|9.738548
1509515815874|0.05448139|1.2258313|9.738548
1509515816006|0.05448139|1.2258313|9.738548
1509515816138|0.040861044|1.2258313|9.738548
1509515816270|0.040861044|1.2258313|9.738548
1509515816404|0.040861044|1.2258313|9.738548
1509515816535|0.040861044|1.2394516|9.738548
1509515816667|0.040861044|1.2394516|9.738548
1509515816800|0.040861044|1.2394516|9.738548
1509515816931|0.040861044|1.2394516|9.738548
1509515817064|0.040861044|1.2394516|9.738548
1509515817196|0.040861044|1.2394516|9.738548
1509515817327|0.05448139|1.2394516|9.738548
1509515817460|0.05448139|1.2394516|9.738548
1509515817591|0.05448139|1.2394516|9.738548
1509515817724|0.05448139|1.2394516|9.738548
1509515817857|0.05448139|1.2394516|9.738548
1509515817988|0.05448139|1.2394516|9.738548
1509515818119|0.040861044|1.2394516|9.738548
1509515818252|0.040861044|1.2258313|9.738548
1509515818386|0.05448139|1.2258313|9.738548
1509515818516|0.05448139|1.2258313|9.738548
1509515818648|0.05448139|1.2258313|9.738548
1509515818780|0.05448139|1.2258313|9.738548
1509515818913|0.05448139|1.2258313|9.738548
1509515819044|0.05448139|1.2258313|9.738548
1509515819176|0.05448139|1.2258313|9.738548
1509515819308|0.05448139|1.2258313|9.738548
1509515819440|0.05448139|1.2258313|9.738548
1509515819572|0.05448139|1.2258313|9.738548
1509515819704|0.05448139|1.2258313|9.738548
1509515819837|0.05448139|1.2258313|9.738548
1509515819968|0.05448139|1.2258313|9.738548
1509515820099|0.05448139|1.2258313|9.738548
1509515820231|0.05448139|1.2258313|9.738548
1509515820365|0.05448139|1.2122109|9.738548
1509515820496|0.05448139|1.2122109|9.738548
1509515820627|0.05448139|1.2122109|9.738548
1509515820761|0.05448139|1.2122109|9.738548
1509515820892|0.05448139|1.2122109|9.738548
1509515821024|0.05448139|1.2122109|9.738548
1509515821160|0.05448139|1.2122109|9.738548
1509515821288|0.05448139|1.2122109|9.738548
1509515821422|0.05448139|1.2122109|9.738548
1509515821552|0.068101734|1.2258313|9.738548
1509515821684|0.068101734|1.2258313|9.738548
1509515821824|0.068101734|1.2258313|9.738548
1509515821948|0.068101734|1.2258313|9.738548
1509515822081|0.068101734|1.2258313|9.738548
1509515822212|0.05448139|1.2258313|9.738548
1509515822345|0.040861044|1.2258313|9.738548
1509515822476|0.040861044|1.2258313|9.738548
1509515822607|0.040861044|1.2258313|9.738548
1509515822740|0.040861044|1.2258313|9.738548
1509515822872|0.027240695|1.2258313|9.738548
1509515823005|0.040861044|1.2530719|9.738548
1509515823137|0.040861044|1.2530719|9.738548
1509515823269|0.040861044|1.2530719|9.738548
1509515823401|0.040861044|1.2530719|9.738548
1509515823532|0.040861044|1.2530719|9.738548
1509515823664|0.040861044|1.2530719|9.738548
1509515823796|0.040861044|1.2394516|9.738548
1509515823928|0.027240695|1.2394516|9.738548
1509515824061|0.027240695|1.2394516|9.738548
1509515824191|0.027240695|1.2394516|9.738548
1509515824324|0.027240695|1.2394516|9.738548
1509515824456|0.027240695|1.2394516|9.738548
1509515824589|0.040861044|1.2258313|9.738548
1509515824720|0.040861044|1.2258313|9.738548
1509515824852|0.040861044|1.2258313|9.738548
1509515824985|0.040861044|1.2258313|9.738548
1509515825116|0.040861044|1.2258313|9.738548
1509515825250|0.040861044|1.2258313|9.738548
1509515825380|0.040861044|1.2122109|9.738548
1509515825512|0.040861044|1.2122109|9.738548
1509515825644|0.040861044|1.2122109|9.738548
1509515825776|0.040861044|1.2122109|9.738548
1509515825908|0.040861044|1.2122109|9.738548
1509515826040|0.040861044|1.2122109|9.738548
1509515826172|0.040861044|1.2258313|9.738548
1509515826304|0.040861044|1.2258313|9.738548
1509515826435|0.040861044|1.2258313|9.738548
1509515826568|0.040861044|1.2258313|9.738548
1509515826700|0.040861044|1.2258313|9.738548
1509515826839|0.040861044|1.2258313|9.738548
1509515826964|0.040861044|1.2258313|9.738548
1509515827096|0.040861044|1.2258313|9.738548
1509515827229|0.040861044|1.2258313|9.738548
1509515827358|0.040861044|1.2258313|9.738548
1509515827491|0.027240695|1.2258313|9.738548
1509515827625|0.027240695|1.2258313|9.738548
1509515827756|0.040861044|1.2258313|9.738548
1509515827888|0.040861044|1.2122109|9.738548
1509515828020|0.040861044|1.2122109|9.738548
