1509515804657|0.0|0.0|-0.10896278
1509515804787|0.013620348|0.0|-0.12258312
1509515804918|0.013620348|0.0|-0.095342435
1509515805051|0.0|0.0|-0.10896278
1509515805184|0.027240695|0.0|-0.08172209
1509515805316|0.013620348|0.0|-0.08172209
1509515805448|0.0|0.0|-0.08172209
1509515805580|0.013620348|0.0|-0.08172209
1509515805711|0.013620348|-0.013620348|-0.095342435
1509515805843|0.027240695|0.013620348|-0.095342435
1509515805976|0.027240695|0.013620348|-0.10896278
1509515806107|0.013620348|0.0|-0.08172209
1509515806240|0.013620348|-0.013620348|-0.08172209
1509515806371|0.0|-0.013620348|-0.08172209
1509515806504|0.0|-0.013620348|-0.08172209
1509515806636|-0.013620348|-0.027240695|-0.08172209
1509515806768|-0.013620348|-0.027240695|-0.08172209
1509515806900|-0.013620348|-0.027240695|-0.08172209
1509515807030|-0.013620348|-0.027240695|-0.08172209
1509515807164|-0.013620348|-0.027240695|-0.08172209
1509515807294|-0.027240695|0.0|-0.068101734
1509515807427|-0.013620348|-0.013620348|-0.095342435
1509515807559|0.013620348|-0.013620348|-0.095342435
1509515807692|0.013620348|-0.013620348|-0.095342435
1509515807823|0.013620348|-0.013620348|-0.095342435
1509515807956|-0.013620348|0.0|-0.08172209
1509515808087|-0.013620348|0.0|-0.08172209
1509515808219|0.013620348|-0.040861044|-0.10896278
1509515808352|0.013620348|-0.013620348|-0.08172209
1509515808483|0.013620348|-0.027240695|-0.095342435
1509515808616|0.0|-0.027240695|-0.095342435
1509515808748|0.013620348|-0.027240695|-0.095342435
1509515808880|0.013620348|-0.027240695|-0.095342435
1509515809012|0.013620348|-0.027240695|-0.095342435
1509515809143|0.013620348|-0.027240695|-0.095342435
1509515809276|0.013620348|-0.027240695|-0.10896278
1509515809407|0.013620348|-0.027240695|-0.08172209
1509515809539|0.013620348|-0.027240695|-0.08172209
1509515809679|0.013620348|-0.05448139|-0.08172209
1509515809803|0.013620348|-0.027240695|-0.08172209
1509515809935|0.013620348|-0.027240695|-0.08172209
1509515810070|0.013620348|-0.040861044|-0.08172209
1509515810200|0.013620348|-0.040861044|-0.08172209
1509515810330|0.013620348|-0.05448139|-0.10896278
1509515810464|0.013620348|-0.027240695|-0.08172209
1509515810595|0.013620348|-0.027240695|-0.08172209
1509515810728|0.013620348|-0.040861044|-0.08172209
1509515810860|0.013620348|-0.040861044|-0.08172209
1509515810991|-0.013620348|-0.027240695|-0.08172209
1509515811123|-0.013620348|-0.013620348|-0.068101734
1509515811255|-0.013620348|-0.013620348|-0.068101734
1509515811387|-0.013620348|-0.027240695|-0.068101734
1509515811519|0.0|-0.027240695|-0.095342435
1509515811651|0.0|-0.068101734|-0.095342435
1509515811783|0.0|-0.040861044|-0.095342435
1509515811916|0.0|-0.040861044|-0.095342435
1509515812046|0.0|-0.027240695|-0.095342435
1509515812179|0.013620348|-0.05448139|-0.095342435
1509515812311|0.013620348|-0.027240695|-0.095342435
1509515812443|0.027240695|-0.013620348|-0.095342435
1509515812575|0.027240695|0.013620348|-0.095342435
1509515812708|0.027240695|0.013620348|-0.095342435
1509515812839|0.013620348|-0.013620348|-0.095342435
1509515812972|0.0|-0.013620348|-0.095342435
1509515813103|0.0|-0.013620348|-0.095342435
1509515813234|0.0|-0.027240695|-0.095342435
1509515813367|0.0|0.013620348|-0.08172209
1509515813501|0.013620348|-0.013620348|-0.10896278
1509515813632|0.013620348|-0.027240695|-0.08172209
1509515813764|-0.013620348|0.0|-0.08172209
1509515813896|0.0|-0.013620348|-0.095342435
1509515814028|0.013620348|-0.013620348|-0.095342435
1509515814161|0.013620348|-0.040861044|-0.095342435
1509515814296|0.013620348|-0.013620348|-0.095342435
1509515814424|0.013620348|-0.013620348|-0.095342435
1509515814556|0.013620348|-0.013620348|-0.095342435
1509515814687|0.013620348|-0.013620348|-0.095342435
1509515814820|0.013620348|-0.013620348|-0.095342435
1509515814951|0.0|-0.013620348|-0.10896278
1509515815083|0.0|-0.013620348|-0.10896278
1509515815214|0.0|-0.013620348|-0.08172209
1509515815346|0.0|-0.013620348|-0.08172209
1509515815478|0.0|-0.013620348|-0.08172209
1509515815611|-0.027240695|0.0|-0.08172209
1509515815742|-0.027240695|0.013620348|-0.08172209
1509515815874|-0.027240695|0.013620348|-0.068101734
1509515816006|-0.027240695|0.013620348|-0.068101734
1509515816138|0.0|0.0|-0.068101734
1509515816270|0.0|-0.027240695|-0.08172209
1509515816403|0.0|0.0|-0.08172209
1509515816534|0.0|-0.013620348|-0.08172209
1509515816666|0.0|-0.013620348|-0.08172209
1509515816799|0.0|-0.027240695|-0.08172209
1509515816930|0.0|-0.027240695|-0.08172209
1509515817063|0.0|-0.027240695|-0.08172209
1509515817195|0.0|-0.027240695|-0.08172209
1509515817326|0.0|-0.027240695|-0.08172209
1509515817459|0.0|-0.027240695|-0.08172209
1509515817591|0.0|-0.027240695|-0.08172209
1509515817723|0.0|-0.040861044|-0.08172209
1509515817856|0.0|-0.013620348|-0.08172209
1509515817987|0.0|-0.027240695|-0.095342435
1509515818119|0.013620348|-0.027240695|-0.095342435
1509515818251|0.013620348|-0.013620348|-0.095342435
1509515818385|0.0|-0.013620348|-0.095342435
1509515818515|0.0|-0.013620348|-0.095342435
1509515818647|0.0|-0.027240695|-0.095342435
1509515818780|0.0|-0.027240695|-0.095342435
1509515818912|-0.013620348|0.0|-0.08172209
1509515819043|-0.013620348|-0.013620348|-0.08172209
1509515819176|0.0|-0.040861044|-0.095342435
1509515819307|0.0|-0.040861044|-0.095342435
1509515819439|0.0|-0.013620348|-0.095342435
1509515819572|0.0|-0.040861044|-0.095342435
1509515819703|0.0|-0.013620348|-0.08172209
1509515819836|-0.027240695|0.0|-0.08172209
1509515819967|-0.013620348|0.0|-0.08172209
1509515820098|-0.013620348|0.013620348|-0.068101734
1509515820231|-0.027240695|0.0|-0.068101734
1509515820364|-0.027240695|0.013620348|-0.068101734
1509515820495|-0.027240695|0.027240695|-0.068101734
1509515820626|0.0|-0.013620348|-0.095342435
1509515820760|0.0|-0.013620348|-0.095342435
1509515820891|0.0|-0.013620348|-0.095342435
1509515821024|0.0|-0.013620348|-0.095342435
1509515821159|-0.027240695|0.013620348|-0.08172209
1509515821287|-0.027240695|0.027240695|-0.08172209
1509515821421|0.0|-0.013620348|-0.095342435
1509515821551|-0.013620348|-0.027240695|-0.095342435
1509515821683|-0.040861044|-0.013620348|-0.08172209
1509515821816|-0.040861044|0.0|-0.08172209
1509515821947|-0.040861044|0.0|-0.08172209
1509515822080|-0.027240695|0.0|-0.08172209
1509515822212|-0.013620348|0.0|-0.08172209
1509515822344|0.0|0.0|-0.08172209
1509515822475|0.0|-0.013620348|-0.08172209
1509515822607|0.0|-0.013620348|-0.095342435
1509515822739|0.0|-0.013620348|-0.08172209
1509515822872|0.013620348|0.0|-0.08172209
1509515823004|0.0|-0.027240695|-0.08172209
1509515823136|0.013620348|-0.040861044|-0.10896278
1509515823268|0.013620348|-0.040861044|-0.10896278
1509515823400|0.013620348|-0.068101734|-0.10896278
1509515823531|0.013620348|-0.068101734|-0.10896278
1509515823663|0.013620348|-0.068101734|-0.10896278
1509515823796|0.013620348|-0.027240695|-0.10896278
1509515823928|0.027240695|-0.05448139|-0.08172209
1509515824060|0.027240695|-0.05448139|-0.095342435
1509515824190|0.027240695|-0.027240695|-0.095342435
1509515824324|0.013620348|-0.027240695|-0.095342435
1509515824455|0.013620348|-0.027240695|-0.095342435
1509515824588|-0.013620348|0.0|-0.095342435
1509515824720|-0.013620348|0.013620348|-0.08172209
1509515824852|-0.013620348|0.0|-0.08172209
1509515824984|-0.013620348|0.0|-0.08172209
1509515825116|-0.013620348|-0.013620348|-0.08172209
1509515825248|0.013620348|-0.027240695|-0.095342435
1509515825378|0.013620348|-0.027240695|-0.095342435
1509515825512|0.013620348|-0.027240695|-0.095342435
1509515825644|0.013620348|-0.027240695|-0.095342435
1509515825775|0.013620348|-0.027240695|-0.095342435
1509515825907|0.0|0.0|-0.095342435
1509515826039|-0.013620348|0.013620348|-0.08172209
1509515826172|-0.013620348|0.013620348|-0.08172209
1509515826304|-0.013620348|0.0|-0.08172209
1509515826435|-0.013620348|0.0|-0.08172209
1509515826567|0.013620348|-0.013620348|-0.095342435
1509515826700|0.013620348|-0.027240695|-0.095342435
1509515826838|0.0|-0.027240695|-0.095342435
1509515826963|0.0|-0.027240695|-0.10896278
1509515827095|0.0|-0.027240695|-0.08172209
1509515827228|0.013620348|-0.027240695|-0.10896278
1509515827358|0.013620348|-0.027240695|-0.10896278
1509515827490|0.027240695|-0.027240695|-0.10896278
1509515827624|0.027240695|-0.027240695|-0.10896278
1509515827756|0.013620348|-0.027240695|-0.08172209
1509515827887|0.013620348|-0.013620348|-0.095342435
1509515828020|0.013620348|-0.027240695|-0.095342435
