1509247145067|9.459015|0.25778198|2.567978
1509247145187|9.530045|-0.08378601|2.815384
1509247145306|9.395966|0.6951294|3.0563965
1509247145426|9.47258|-0.15641785|3.1210327
1509247145546|9.457428|-0.11891174|2.7387543
1509247145666|9.384003|-0.12689209|2.9167328
1509247145786|9.575531|-0.2609558|2.9199219
1509247145908|9.527649|-0.04309082|2.0755615
1509247146026|9.482956|0.032730103|2.6286316
1509247146146|9.469391|-0.039108276|2.7714844
1509247146266|9.423904|0.020751953|2.8345337
1509247146388|9.360855|0.03352356|2.9478607
1509247146506|9.642578|-0.11491394|3.3708344
1509247146626|9.345688|0.19552612|2.6589508
1509247146747|9.30658|0.18356323|2.8209534
1509247146867|9.320953|0.16441345|3.3309326
1509247146986|9.380814|0.106155396|3.2215881
1509247147108|9.2539215|0.1308899|3.2998047
1509247147227|8.860474|0.1931305|2.0077362
1509247147348|6.6522217|0.14285278|6.6788177
1509247147469|4.714508|-0.05984497|8.23584
1509247147588|2.4679565|1.5969391|12.248535
1509247147706|0.03942871|0.6264801|10.100143
1509247147826|0.05619812|0.34077454|12.117645
1509247147947|-0.019622803|0.57621765|9.863907
1509247148069|-0.02520752|0.5770111|8.606949
1509247148186|-0.46495056|0.618515|7.313278
1509247148307|-0.21435547|0.7142792|8.053085
1509247148427|1.0138702|-0.38865662|15.8965
1509247148548|0.10966492|0.578598|10.23819
1509247148667|0.04901123|0.37748718|8.563858
1509247148786|0.019485474|0.39823914|7.7386475
1509247148909|-0.05873108|0.5929718|8.472885
1509247149029|-0.03479004|0.8276062|6.8152924
1509247149149|-0.0443573|0.5913696|7.7083282
1509247149269|0.20144653|0.1851654|10.859894
1509247149387|0.006713867|0.53630066|9.389862
1509247149507|-0.12657166|0.39904785|11.648376
1509247149627|0.040222168|0.5171509|9.733826
1509247149749|0.013092041|0.6193085|9.511963
1509247149867|0.39616394|0.23703003|10.634842
1509247149987|0.033843994|0.5586548|9.6875305
1509247150107|0.70262146|0.0574646|11.75293
1509247150227|-0.06510925|0.5339203|7.760193
1509247150349|0.35786438|0.33918762|10.095352
1509247150468|0.04421997|0.415802|8.836792
1509247150589|-0.022827148|0.5003967|8.69873
1509247150707|-0.014846802|0.55307007|8.685959
1509247150828|0.06336975|0.51875305|9.637253
1509247150948|0.0051116943|0.8555298|7.815277
1509247151069|0.06097412|0.5251312|8.476074
1509247151188|0.06976318|0.5067749|9.693115
1509247151307|-0.0020751953|0.5458832|8.523148
1509247151427|0.12483215|0.6496277|3.8305206
1509247151549|-0.069107056|0.5123596|7.66922
1509247151667|-0.31809998|0.618515|5.8001404
1509247151788|0.021865845|0.57063293|7.8009033
1509247151908|0.03465271|0.5003967|9.713867
1509247152028|-0.040374756|0.50198364|8.741028
1509247152149|0.026657104|0.49879456|9.646027
1509247152268|0.11604309|0.52433777|10.504761
1509247152390|0.06336975|0.52033997|9.835968
1509247152508|-0.4346161|0.29049683|14.274017
1509247152628|0.02027893|0.5139618|10.065811
1509247152748|-0.21514893|0.06704712|15.020218
1509247152869|0.036239624|0.5251312|9.896622
1509247152987|-0.17045593|-0.27452087|13.092087
1509247153109|0.033050537|0.57380676|9.556656
1509247153229|0.09849548|-0.32800293|10.527893
1509247153348|-0.0028686523|0.5793915|7.57106
1509247153467|0.157547|0.35673523|6.3428345
1509247153589|-0.17364502|0.5570526|6.8392334
1509247153710|0.1040802|0.77812195|7.213516
1509247153828|0.12802124|0.5610504|8.070648
1509247153949|0.06416321|0.5227356|9.680359
1509247154068|0.26527405|0.32720947|11.16954
1509247154188|0.059387207|0.5083771|10.089752
1509247154308|-0.005264282|-0.37748718|15.089645
1509247154429|0.06816101|0.5570526|9.154419
1509247154548|0.7936096|0.5139618|9.477646
1509247154667|-0.061920166|0.46289062|8.245422
1509247154788|0.19186401|0.18595886|7.677994
1509247154908|0.08811951|0.5163574|8.286133
1509247155028|0.0753479|0.5011902|9.656403
1509247155148|0.29162598|0.578598|10.3762665
1509247155269|0.08810425|0.49320984|9.812027
1509247155388|0.87820435|0.7445984|9.83757
1509247155508|-0.15689087|0.49560547|8.298096
1509247155628|0.38180542|0.66319275|7.269394
1509247155750|0.0753479|0.5570526|8.427383
1509247155869|0.07774353|0.51156616|9.668381
1509247155991|0.1990509|0.6121216|10.642014
1509247156110|0.07295227|0.5211487|9.754578
1509247156228|-0.7482605|0.17158508|13.587692
1509247156350|0.043426514|0.5035858|9.977234
1509247156468|0.28762817|0.20591736|11.043457
1509247156588|0.052993774|0.48362732|8.984436
1509247156708|0.1790924|0.03352356|9.065842
1509247156828|0.011489868|0.46368408|7.9964294
1509247156948|0.0043182373|0.62649536|7.0810394
1509247157068|0.14556885|0.49560547|8.468887
1509247157190|0.02267456|0.50198364|9.599747
1509247157308|-0.016433716|0.3902588|9.444916
1509247157430|0.031448364|0.5331116|9.628479
1509247157548|0.10726929|0.42378235|11.081757
1509247157669|0.052200317|0.51794434|9.689926
1509247157788|-0.70596313|0.31843567|13.878983
1509247157908|0.029052734|0.499588|9.849533
1509247158029|0.38739014|0.65122986|10.352325
1509247158149|0.09928894|0.40063477|9.0147705
1509247158270|0.9755554|0.66877747|7.2135315
1509247158389|0.07455444|0.54907227|8.652435
1509247158508|0.047409058|0.5083771|9.624481
1509247158630|0.08731079|0.69592285|10.263748
1509247158750|0.049804688|0.5163574|9.70668
1509247158869|-0.45936584|0.32720947|13.235733
1509247158989|0.028259277|0.49960327|9.923767
1509247159111|0.22857666|0.45968628|11.484772
1509247159228|0.0027160645|0.50756836|9.472061
1509247159349|0.17988586|0.091781616|10.341949
1509247159469|0.021865845|0.5011902|8.905426
1509247159591|0.03703308|0.52194214|9.699509
1509247159710|0.03703308|0.50917053|9.707489
1509247159830|0.04182434|0.5043793|9.709885
1509247159950|0.038635254|0.5035858|9.715469
1509247160070|0.036239624|0.5179596|9.70668
1509247160190|0.03463745|0.51475525|9.711472
1509247160310|0.03465271|0.5195465|9.71228
1509247160430|0.036239624|0.5155487|9.708282
1509247160551|0.045806885|0.505188|9.706696
1509247160658|-0.11538696|0.7350311|9.19194
1509247160791|0.07374573|0.5458832|9.778519
