1509425997171|1019.74176
1509425997300|1019.735
1509425997430|1019.729
1509425997564|1019.73285
1509425997697|1019.7341
1509425997830|1019.73236
1509425997964|1019.7362
1509425998097|1019.7336
1509425998230|1019.74115
1509425998364|1019.731
1509425998497|1019.7298
1509425998631|1019.7298
1509425998764|1019.7247
1509425998903|1019.7288
1509425999041|1019.71454
1509425999166|1019.7221
1509425999298|1019.72455
1509425999431|1019.72504
1509425999565|1019.7233
1509425999698|1019.72406
1509425999836|1019.7215
1509425999965|1019.7253
1509426000098|1019.727
1509426000237|1019.727
1509426000364|1019.73285
1509426000499|1019.73364
1509426000632|1019.7341
1509426000766|1019.7375
1509426000903|1019.7273
1509426001032|1019.72565
1509426001164|1019.7189
1509426001300|1019.71796
1509426001433|1019.717
1509426001567|1019.7187
1509426001700|1019.7187
1509426001832|1019.7192
1509426001965|1019.71405
1509426002099|1019.719
1509426002233|1019.7207
1509426002365|1019.7211
1509426002502|1019.72577
1509426002632|1019.73254
1509426002771|1019.7275
1509426002898|1019.72394
1509426003031|1019.7222
1509426003170|1019.7222
1509426003300|1019.721
1509426003434|1019.73193
1509426003565|1019.7387
1509426003698|1019.7344
1509426003832|1019.7344
1509426003967|1019.7281
1509426004099|1019.72546
1509426004233|1019.7279
1509426004366|1019.70593
1509426004499|1019.7098
1509426004636|1019.719
1509426004767|1019.719
1509426004899|1019.70966
1509426005032|1019.7113
1509426005166|1019.7118
1509426005299|1019.7125
1509426005434|1019.70575
1509426005567|1019.7041
1509426005701|1019.7015
1509426005836|1019.7036
1509426005967|1019.69684
1509426006101|1019.7035
1509426006232|1019.7035
1509426006367|1019.71027
1509426006506|1019.70776
1509426006633|1019.70856
1509426006766|1019.71576
1509426006900|1019.7233
1509426007038|1019.7204
1509426007167|1019.71313
1509426007300|1019.71313
1509426007433|1019.7204
1509426007568|1019.7136
1509426007709|1019.7136
1509426007833|1019.7102
1509426007970|1019.70856
1509426008100|1019.70856
1509426008246|1019.7144
1509426008367|1019.7127
1509426008501|1019.7173
1509426008633|1019.7139
1509426008772|1019.7164
1509426008903|1019.71466
1509426009035|1019.71375
1509426009167|1019.7159
1509426009303|1019.7159
1509426009438|1019.7167
1509426009567|1019.72003
1509426009700|1019.70654
1509426009834|1019.7107
1509426009968|1019.7213
1509426010100|1019.72424
1509426010236|1019.7247
1509426010367|1019.7204
1509426010508|1019.72626
1509426010637|1019.7288
1509426010773|1019.7288
1509426010901|1019.73224
1509426011034|1019.7288
1509426011168|1019.7305
1509426011300|1019.7347
1509426011434|1019.72284
1509426011568|1019.7178
1509426011700|1019.7165
1509426011838|1019.72235
1509426011969|1019.7282
1509426012102|1019.73206
1509426012236|1019.73206
1509426012368|1019.73206
1509426012504|1019.7345
1509426012634|1019.72943
1509426012769|1019.7219
1509426012901|1019.73114
1509426013035|1019.73114
1509426013167|1019.72266
1509426013301|1019.72345
1509426013434|1019.7193
1509426013568|1019.7125
1509426013701|1019.7167
1509426013837|1019.7167
1509426013968|1019.72003
1509426014101|1019.72003
1509426014238|1019.72003
1509426014368|1019.7256
1509426014503|1019.73065
1509426014635|1019.7399
1509426014767|1019.74207
1509426014901|1019.74036
1509426015035|1019.7319
1509426015168|1019.73773
1509426015303|1019.73773
1509426015435|1019.7259
1509426015570|1019.7199
1509426015701|1019.7267
1509426015834|1019.7368
1509426015968|1019.7356
1509426016104|1019.7305
1509426016241|1019.7279
1509426016368|1019.7364
1509426016502|1019.733
1509426016635|1019.73035
1509426016779|1019.7371
1509426016902|1019.7371
1509426017041|1019.73376
1509426017170|1019.7287
1509426017303|1019.72955
1509426017435|1019.7347
1509426017568|1019.7371
1509426017701|1019.7456
1509426017836|1019.7439
1509426017970|1019.7439
1509426018105|1019.7439
1509426018237|1019.73376
1509426018370|1019.73376
1509426018502|1019.73376
1509426018642|1019.73035
1509426018774|1019.7354
1509426018902|1019.7456
1509426019037|1019.74054
1509426019173|1019.7427
1509426019305|1019.7528
1509426019435|1019.75616
1509426019569|1019.7519
1509426019702|1019.75604
1509426019842|1019.75604
1509426019969|1019.75433
1509426020102|1019.75433
1509426020236|1019.7514
1509426020376|1019.7497
1509426020504|1019.75385
1509426020638|1019.7522
1509426020769|1019.7454
1509426020904|1019.7496
1509426021041|1019.742
1509426021169|1019.73785
1509426021304|1019.73785
1509426021442|1019.73785
1509426021576|1019.737
1509426021703|1019.7336
1509426021836|1019.7336
1509426021972|1019.7319
1509426022104|1019.736
1509426022236|1019.7293
1509426022373|1019.7225
1509426022502|1019.7208
1509426022636|1019.7247
1509426022775|1019.72974
1509426022903|1019.72974
1509426023036|1019.7264
1509426023169|1019.71954
1509426023304|1019.72205
1509426023440|1019.7288
1509426023571|1019.7254
1509426023703|1019.72296
