1509196494369|-6.8711934|6.375489|-2.8827438
1509196494486|-6.875406|6.3688574|-2.88736
1509196494615|-6.8713226|6.371441|-2.891376
1509196494727|-6.870131|6.3724403|-2.8920047
1509196494849|-6.8656325|6.3759394|-2.8949747
1509196494970|-6.890218|6.357568|-2.876912
1509196495087|-6.8574743|6.37762|-2.9105666
1509196495212|-6.9109926|6.3448615|-2.85505
1509196495370|-6.9217377|6.33925|-2.8414521
1509196495486|-6.9014664|6.349724|-2.8672576
1509196495609|-6.9870124|6.288096|-2.7949784
1509196495729|-7.0495663|6.255839|-2.70896
1509196495848|-7.1055794|6.1896996|-2.714546
1509196495970|-7.16473|6.177866|-2.5828283
1509196496087|-7.0351677|6.2398987|-2.7821696
1509196496210|-7.0681224|6.2219033|-2.7386026
1509196496331|-6.9724216|6.307504|-2.7876716
1509196496451|-6.905402|6.3454895|-2.8671546
1509196496568|-6.9332743|6.3250046|-2.845066
1509196496687|-6.9268117|6.341945|-2.8230119
1509196496812|-6.866472|6.36934|-2.9074845
1509196496929|-6.8800635|6.3797965|-2.8518927
1509196497048|-6.904445|6.359028|-2.8393288
1509196497175|-6.864301|6.3667607|-2.9182398
1509196497289|-6.9620705|6.317444|-2.7910306
1509196497409|-6.847698|6.381505|-2.92503
1509196497530|-6.9288764|6.3305426|-2.8434637
1509196497650|-6.899322|6.3493586|-2.8732214
1509196497773|-6.8664546|6.370028|-2.9060147
1509196497892|-6.9023495|6.3543487|-2.8548582
1509196498007|-6.8875628|6.3544807|-2.8900588
1509196498129|-6.8667507|6.36557|-2.9150715
1509196498254|-6.9254184|6.345873|-2.8175993
1509196498366|-6.863973|6.367815|-2.9167097
1509196498490|-6.863118|6.36629|-2.9220436
1509196498616|-6.904893|6.3581924|-2.840112
1509196498731|-6.85799|6.3687506|-2.9287183
1509196498856|-6.8704123|6.365236|-2.9071646
1509196498974|-6.918278|6.3455753|-2.8357503
1509196499094|-6.790692|6.4134097|-2.987485
1509196499209|-6.8204794|6.4205117|-2.9031827
1509196499330|-6.69327|6.477771|-3.0674093
1509196499451|-6.66606|6.5270357|-3.0218935
1509196499574|-6.612046|6.5465546|-3.0973966
1509196499687|-6.6419034|6.561091|-3.0012658
1509196499812|-6.5187726|6.603567|-3.1731515
1509196499930|-6.497981|6.6683054|-3.079015
1509196500048|-6.4293838|6.6798396|-3.1958015
1509196500172|-6.4635696|6.6671414|-3.153074
1509196500294|-6.4690776|6.6645937|-3.14716
1509196500413|-6.456096|6.70574|-3.0858157
1509196500532|-6.437882|6.787899|-2.9408312
1509196500655|-6.4512987|6.7937665|-2.897563
1509196500770|-6.5034447|6.7297974|-2.9300895
1509196500890|-6.4704056|6.7087355|-3.0491164
1509196501018|-6.502089|6.68941|-3.0240738
1509196501128|-6.4613776|6.705218|-3.0758808
1509196501253|-6.533905|6.651316|-3.0394847
1509196501369|-6.580874|6.639491|-2.963045
1509196501493|-6.4522305|6.6858563|-3.1366284
1509196501613|-6.6241703|6.6002626|-2.9541988
1509196501732|-6.579007|6.643444|-2.9583285
1509196501852|-6.6235623|6.5719714|-3.0179455
1509196501971|-6.699756|6.560317|-2.8715684
1509196502090|-6.4748697|6.656801|-3.151738
1509196502214|-6.4962854|6.6591196|-3.1023839
1509196502333|-6.5344296|6.64812|-3.0453427
1509196502451|-6.4703836|6.6679363|-3.1373787
1509196502573|-6.552578|6.639078|-3.026014
1509196502689|-6.5558195|6.6317463|-3.035055
1509196502830|-6.525131|6.631837|-3.1002886
1509196502931|-6.60853|6.6121597|-2.9626107
1509196503054|-6.496074|6.6596518|-3.1016853
1509196503173|-6.5320435|6.647844|-3.0510616
1509196503289|-6.526028|6.644575|-3.0709882
1509196503410|-6.565471|6.6292815|-3.0195372
1509196503531|-6.5282793|6.6441402|-3.0671427
1509196503650|-6.596609|6.601054|-3.0135076
1509196503773|-6.591336|6.620302|-2.9826634
1509196503894|-6.498922|6.657195|-3.1009908
1509196504018|-6.5956144|6.6149697|-2.9850333
1509196504129|-6.5023804|6.658598|-3.0907116
1509196504251|-6.592801|6.616069|-2.9888122
1509196504369|-6.4913273|6.6619244|-3.106739
1509196504500|-6.5708165|6.6170053|-3.0347974
1509196504616|-6.522371|6.6410108|-3.086432
1509196504733|-6.487584|6.6495867|-3.1408024
1509196504853|-6.5185976|6.6501083|-3.074789
1509196504971|-6.501338|6.6455116|-3.1209235
1509196505091|-6.519371|6.641139|-3.0924866
1509196505210|-6.5122657|6.646124|-3.0967414
1509196505333|-6.5082126|6.636601|-3.125554
1509196505454|-6.554037|6.6240788|-3.055581
1509196505571|-6.4684787|6.6596246|-3.1588855
1509196505690|-6.562497|6.617992|-3.0506067
1509196505814|-6.459363|6.665544|-3.1650493
1509196505931|-6.5776944|6.624487|-3.0034175
1509196506053|-6.4690466|6.660314|-3.1562705
1509196506173|-6.5655155|6.6367235|-3.0030453
1509196506290|-6.4924865|6.6532044|-3.122957
1509196506412|-6.636226|6.595256|-2.9382806
1509196506534|-6.456486|6.678397|-3.1437545
1509196506650|-6.679806|6.558909|-2.9208403
1509196506770|-6.4507203|6.684215|-3.143225
1509196506892|-6.685559|6.5578713|-2.9099846
1509196507016|-6.6091447|6.629594|-2.9219983
1509196507136|-6.5310125|6.6358037|-3.0793483
1509196507251|-6.732707|6.5556|-2.8044877
1509196507376|-6.4855847|6.678503|-3.083048
1509196507498|-6.734095|6.538391|-2.8410888
1509196507612|-6.5503874|6.6478057|-3.011559
1509196507733|-6.657746|6.578186|-2.9278464
1509196507852|-6.676951|6.5930285|-2.8496807
1509196507971|-6.598816|6.608578|-2.9921072
1509196508090|-6.601628|6.6193366|-2.961973
1509196508222|-6.614087|6.609958|-2.9551115
1509196508330|-6.604789|6.6009693|-2.9957237
1509196508455|-6.639255|6.5984364|-2.9242637
