1509412145813|-2.58918|6.1084447|7.221733
1509412145934|-2.034004|6.1345596|7.3756623
1509412146052|-1.9670535|5.7354507|7.7075086
1509412146172|-1.6874324|5.864627|7.6765304
1509412146294|-1.9603809|6.1354904|7.394799
1509412146408|-2.9515243|6.021814|7.155183
1509412146528|-2.5824325|6.081709|7.2466717
1509412146648|-2.6311648|6.073338|7.2361536
1509412146773|-3.8717885|6.4382496|6.303061
1509412146887|-4.892898|5.7877173|6.223525
1509412147007|-4.075842|6.333918|6.2800784
1509412147128|-2.6698098|6.5435843|6.7988243
1509412147248|-1.8511655|6.1156898|7.439214
1509412147373|-1.2361192|6.065368|7.6061625
1509412147487|-1.2852635|6.235987|7.4586153
1509412147614|-1.8258022|6.4036193|7.19934
1509412147729|-2.1765282|6.092887|7.369521
1509412147851|-2.25672|6.140642|7.3054843
1509412147977|-1.9305828|6.165759|7.3774424
1509412148090|-2.0592854|6.3296294|7.201773
1509412148207|-2.260259|6.666511|6.827828
1509412148330|-2.2767987|6.6420884|6.846111
1509412148451|-2.1007044|6.7308593|6.815641
1509412148571|-2.1131783|6.7076745|6.8346157
1509412148695|-2.3424697|6.4955034|6.9635954
1509412148808|-2.10021|6.698033|6.8480544
1509412148934|-2.2418919|6.4911833|7.0006323
1509412149048|-2.1943922|6.6917615|6.824614
1509412149169|-2.19104|6.5548105|6.957312
1509412149291|-1.6485473|6.4951572|7.1600003
1509412149410|-1.0424086|6.6848383|7.099064
1509412149528|-0.7502457|6.8634014|6.964283
1509412149648|-0.69360226|6.8079953|7.0242796
1509412149769|-0.6276976|6.7780876|7.0593133
1509412149891|-0.57408035|6.357694|7.444498
1509412150010|-0.79161114|6.3224077|7.454589
1509412150128|-1.0298972|6.4041|7.3550797
1509412150252|-1.3955536|6.5462794|7.1672206
1509412150370|-1.7242798|6.604896|7.040781
1509412150490|-1.6489971|6.232786|7.3894234
1509412150614|-1.513443|6.161892|7.4773636
1509412150731|-0.824323|6.3982916|7.385982
1509412150852|-1.1209507|6.3542023|7.3849826
1509412150970|-1.024331|6.359644|7.3943267
1509412151089|-0.9720136|6.432878|7.3378234
1509412151210|-1.1642749|6.5190277|7.233058
1509412151328|-1.0732682|6.5626264|7.207664
1509412151449|-1.3272755|6.305363|7.3926396
1509412151570|-1.2357714|6.4730144|7.2624617
1509412151689|-1.4508724|6.4673657|7.227623
1509412151810|-1.7546177|6.9027734|6.741174
1509412151932|-1.9749284|6.821229|6.7632
1509412152052|-1.8754295|6.9218206|6.688913
1509412152169|-1.6102191|6.7987313|6.8814855
1509412152290|-1.2517805|6.700586|7.0502186
1509412152410|-1.1421728|6.773073|6.999379
1509412152530|-1.0913258|6.849595|6.932708
1509412152650|-1.4046645|6.715158|7.007421
1509412152770|-1.7890257|6.435751|7.179894
1509412152899|-1.4816985|6.6499686|7.0535717
1509412153013|-1.1859636|6.436021|7.303527
1509412153130|-1.0810511|6.198431|7.5220456
1509412153251|-0.7576085|6.2611866|7.509591
1509412153375|-0.7422483|6.241693|7.527332
1509412153492|-0.7034724|6.302059|7.4806123
1509412153609|-1.0229207|6.3125916|7.4347296
1509412153730|-1.1289281|6.6235538|7.1431394
1509412153851|-1.1112324|6.559829|7.204457
1509412153971|-0.98420537|6.568356|7.2151527
1509412154090|-1.1032945|6.639413|7.132413
1509412154208|-1.2333188|6.932121|6.8260546
1509412154333|-1.4868354|6.723322|6.9825964
1509412154452|-1.251541|6.9661446|6.787994
1509412154571|-1.2730638|6.534711|7.200504
1509412154702|-1.0349324|6.554592|7.22057
1509412154810|-0.9639329|6.3664317|7.396606
1509412154933|-0.8885434|6.4213023|7.358516
1509412155051|-0.82530504|6.389599|7.393395
1509412155172|-0.9306714|6.418394|7.3558445
1509412155291|-0.8791852|6.4959607|7.293826
1509412155411|-0.8626637|6.5870442|7.2136707
1509412155531|-1.2242942|6.4630485|7.2732725
1509412155661|-1.0200865|6.7246933|7.064582
