1509502052638|1.091756|3.2465374|10.43872
1509502052770|1.2162545|1.532289|10.5440645
1509502052902|0.39264908|1.1492168|9.452309
1509502053034|0.06703765|1.9057846|8.734048
1509502053173|-0.6607997|2.2409728|9.883265
1509502053305|-0.8331822|0.9576807|12.191275
1509502053436|-0.33518824|1.4939818|8.590396
1509502053566|-0.22026655|2.2697031|7.5082164
1509502053694|0.61291564|2.3654714|9.9790325
1509502053826|0.8331822|1.6663644|10.831368
1509502053958|1.2354081|0.5267244|9.241618
1509502054090|0.9959879|1.1683705|8.082825
1509502054222|0.20111294|1.436521|9.279925
1509502054354|-1.1875241|0.89064306|12.0093155
1509502054486|-0.9576807|0.29688102|9.030929
1509502054618|-0.02873042|0.91937345|8.063671
1509502054754|0.05746084|2.0494366|9.030929
1509502054884|0.2681506|2.1452048|10.141838
1509502055022|1.292869|0.9576807|10.888829
1509502055156|1.0821792|0.31603462|8.992621
1509502055278|0.32561144|1.2641385|8.379706
1509502055410|-0.58418524|1.1587936|10.840945
1509502055542|-0.6991069|0.009576807|11.702858
1509502055674|-0.33518824|0.4309563|8.37013
1509502055806|0.40222588|0.90979666|8.255207
1509502055938|0.81402856|1.283292|10.228029
1509502056070|1.8674773|0.4213795|11.616667
1509502056202|1.2641385|0.22026655|8.734048
1509502056334|0.47884035|0.2681506|8.437167
1509502056471|-0.8523358|0.7757214|10.275913
1509502056604|-0.6512229|0.05746084|11.252748
1509502056735|-0.15322891|0.12449849|9.557653
1509502056866|0.19153613|0.94810385|7.8050976
1509502056995|0.009576807|1.1683705|9.816227
1509502057127|1.5705963|0.36391866|10.67814
1509502057258|1.1971009|0.1436521|8.456321
1509502057390|1.0534488|0.038307227|8.848969
1509502057522|-0.1436521|0.16280572|10.726024
1509502057654|-0.82360536|-0.08619126|11.147403
1509502057786|0.19153613|0.0|8.973468
1509502057918|0.6991069|0.60333884|8.178593
1509502058051|0.9864111|0.33518824|10.25676
1509502058185|0.60333884|0.17238252|11.003751
1509502058314|0.33518824|0.22026655|8.561666
1509502058455|0.1340753|0.0|8.963891
1509502058578|-1.13964|0.50757074|10.103531
1509502058710|-1.1683705|-0.10534488|11.099519
1509502058842|-0.6703765|-0.05746084|9.174581
1509502058974|-0.35434186|0.9864111|8.082825
1509502059106|0.4213795|0.6703765|9.835381
1509502059238|0.8523358|0.91937345|10.448297
1509502059370|0.82360536|-0.06703765|9.232041
1509502059512|0.7086837|0.009576807|8.590396
1509502059635|-0.61291564|0.36391866|9.643845
1509502059786|-1.1683705|-0.33518824|11.712435
1509502059899|-0.33518824|-0.4405331|9.557653
1509502060033|-0.1436521|0.5746084|8.111555
1509502060162|0.2777274|0.5363012|9.797073
1509502060294|0.8523358|0.19153613|10.314221
1509502060426|0.21068975|0.10534488|8.848969
1509502060558|-0.06703765|0.1340753|8.983045
1509502060690|-0.9768343|0.02873042|10.400413
1509502060822|-1.2258313|-0.49799395|11.60709
1509502060954|-1.4269443|0.047884032|7.8050976
1509502061089|-0.23942018|0.10534488|8.303091
1509502061218|-0.6799533|0.9864111|8.39886
1509502061351|-0.17238252|-0.23942018|10.247183
1509502061485|-0.5267244|-1.7908629|10.342952
1509502061622|-1.4556746|-1.5993267|9.902418
1509502061749|-0.80445176|-2.0590134|10.390836
1509502061879|-1.2641385|-1.6950948|9.940725
1509502062010|-1.1587936|-1.436521|10.955867
1509502062142|-1.4748282|-0.2873042|9.816227
1509502062274|-0.94810385|-0.29688102|9.605537
1509502062406|-0.6512229|-1.0342951|8.226477
1509502062538|0.90979666|0.9672575|9.222465
1509502062670|-0.25857377|-0.06703765|8.504205
1509502062802|-0.02873042|-0.79487497|9.701305
1509502062934|0.06703765|-0.18195933|9.730036
1509502063067|0.08619126|-0.12449849|9.730036
1509502063206|0.08619126|-0.10534488|9.749189
1509502063334|0.08619126|-0.10534488|9.739613
1509502063462|0.31603462|0.58418524|9.730036
1509502063594|0.009576807|-0.076614454|9.730036
1509502063727|-0.06703765|-1.0726024|9.720459
1509502063858|0.019153614|-0.23942018|9.749189
1509502063990|0.038307227|-0.15322891|9.749189
1509502064122|0.1340753|-0.19153613|9.739613
1509502064254|0.08619126|-0.11492168|9.730036
1509502064386|0.08619126|-0.095768064|9.730036
1509502064518|-0.12449849|0.16280572|9.749189
1509502064650|-0.02873042|0.20111294|9.739613
1509502064787|-0.47884035|0.047884032|9.758766
1509502064923|0.47884035|-0.4309563|9.730036
1509502065052|0.4309563|-0.41180268|9.720459
1509502065178|0.6799533|-0.7661445|9.739613
1509502065310|0.095768064|-0.1340753|9.730036
1509502065442|0.076614454|-0.10534488|9.730036
1509502065575|0.076614454|-0.11492168|9.730036
1509502065707|0.076614454|-0.11492168|9.730036
1509502065838|0.076614454|-0.095768064|9.730036
1509502065970|0.076614454|-0.10534488|9.730036
1509502066102|0.076614454|-0.10534488|9.730036
1509502066235|0.076614454|-0.08619126|9.730036
1509502066366|0.05746084|-0.08619126|9.749189
1509502066500|0.05746084|-0.08619126|9.730036
1509502066631|0.076614454|-0.08619126|9.730036
1509502066766|0.06703765|-0.10534488|9.730036
1509502066894|0.08619126|-0.10534488|9.730036
1509502067026|0.076614454|-0.10534488|9.720459
1509502067158|0.076614454|-0.10534488|9.720459
1509502067290|0.076614454|-0.10534488|9.739613
1509502067422|0.076614454|-0.08619126|9.739613
1509502067554|0.076614454|-0.08619126|9.739613
1509502067687|0.06703765|-0.095768064|9.739613
1509502067818|0.08619126|-0.10534488|9.720459
1509502067950|0.076614454|-0.10534488|9.720459
1509502068083|0.076614454|-0.10534488|9.739613
1509502068214|0.076614454|-0.08619126|9.739613
1509502068354|0.076614454|-0.08619126|9.739613
1509502068478|0.076614454|-0.08619126|9.739613
1509502068610|0.076614454|-0.10534488|9.720459
1509502068742|0.076614454|-0.10534488|9.739613
1509502068874|0.076614454|-0.08619126|9.739613
1509502069006|0.076614454|-0.10534488|9.739613
1509502069138|0.076614454|-0.10534488|9.730036
1509502069270|0.06703765|-0.08619126|9.730036
1509502069402|0.06703765|-0.095768064|9.730036
1509502069534|0.06703765|-0.095768064|9.730036
1509502069666|0.06703765|-0.095768064|9.730036
1509502069805|0.08619126|-0.095768064|9.730036
1509502069935|0.076614454|-0.10534488|9.730036
1509502070062|0.06703765|-0.08619126|9.730036
1509502070197|0.06703765|-0.08619126|9.730036
1509502070326|0.08619126|-0.10534488|9.720459
1509502070458|0.08619126|-0.10534488|9.720459
1509502070590|0.08619126|-0.11492168|9.720459
1509502070722|0.06703765|-0.095768064|9.739613
1509502070854|0.08619126|-0.095768064|9.730036
1509502070986|0.08619126|-0.095768064|9.720459
1509502071120|0.08619126|-0.095768064|9.720459
1509502071250|0.08619126|-0.095768064|9.720459
1509502071382|0.08619126|-0.095768064|9.720459
1509502071514|0.076614454|-0.095768064|9.739613
1509502071648|0.076614454|-0.095768064|9.730036
1509502071779|0.076614454|-0.10534488|9.720459
1509502071910|0.076614454|-0.08619126|9.720459
1509502072042|0.076614454|-0.095768064|9.739613
1509502072174|0.076614454|-0.10534488|9.730036
1509502072306|0.076614454|-0.10534488|9.730036
1509502072438|0.076614454|-0.10534488|9.720459
1509502072570|0.06703765|-0.10534488|9.720459
1509502072702|0.08619126|-0.10534488|9.720459
1509502072834|0.076614454|-0.11492168|9.720459
1509502072972|0.095768064|-0.095768064|9.710882
1509502073101|0.06703765|-0.095768064|9.730036
1509502073236|0.08619126|-0.095768064|9.730036
1509502073362|0.06703765|-0.095768064|9.730036
1509502073494|0.06703765|-0.095768064|9.730036
1509502073626|0.08619126|-0.10534488|9.730036
1509502073758|0.076614454|-0.08619126|9.730036
1509502073890|0.05746084|-0.08619126|9.749189
1509502074022|0.076614454|-0.08619126|9.739613
1509502074154|0.06703765|-0.095768064|9.730036
1509502074286|0.08619126|-0.11492168|9.730036
1509502074418|0.06703765|-0.095768064|9.730036
1509502074556|0.08619126|-0.11492168|9.730036
1509502074686|0.08619126|-0.11492168|9.720459
1509502074822|0.08619126|-0.095768064|9.720459
1509502074955|0.08619126|-0.095768064|9.720459
1509502075079|0.08619126|-0.095768064|9.720459
1509502075214|0.06703765|-0.10534488|9.720459
1509502075342|0.05746084|-0.076614454|9.739613
1509502075474|0.05746084|-0.076614454|9.739613
1509502075606|0.076614454|-0.095768064|9.739613
1509502075738|0.076614454|-0.095768064|9.730036
1509502075870|0.095768064|-0.11492168|9.730036
1509502076002|0.076614454|-0.11492168|9.730036
1509502076134|0.076614454|-0.095768064|9.730036
1509502076266|0.095768064|-0.10534488|9.730036
1509502076407|0.05746084|-0.08619126|9.739613
1509502076536|0.076614454|-0.08619126|9.739613
1509502076662|0.076614454|-0.10534488|9.720459
1509502076795|0.076614454|-0.08619126|9.720459
1509502076926|0.076614454|-0.095768064|9.720459
1509502077058|0.076614454|-0.10534488|9.720459
1509502077190|0.076614454|-0.10534488|9.720459
1509502077322|0.076614454|-0.08619126|9.720459
1509502077454|0.076614454|-0.095768064|9.739613
1509502077586|0.076614454|-0.095768064|9.730036
1509502077718|0.076614454|-0.11492168|9.730036
1509502077856|0.076614454|-0.095768064|9.730036
1509502077986|0.05746084|-0.076614454|9.749189
1509502078121|0.076614454|-0.08619126|9.749189
1509502078250|0.06703765|-0.08619126|9.749189
1509502078378|0.06703765|-0.08619126|9.749189
1509502078510|0.06703765|-0.06703765|9.749189
1509502078642|0.06703765|-0.076614454|9.739613
1509502078774|0.06703765|-0.10534488|9.720459
1509502078906|0.095768064|-0.11492168|9.720459
1509502079038|0.06703765|-0.08619126|9.739613
1509502079170|0.06703765|-0.08619126|9.739613
1509502079302|0.06703765|-0.06703765|9.758766
1509502079434|0.06703765|-0.06703765|9.758766
1509502079568|0.06703765|-0.08619126|9.749189
1509502079706|0.05746084|-0.08619126|9.749189
1509502079835|0.076614454|-0.095768064|9.749189
1509502079962|0.06703765|-0.076614454|9.749189
1509502080094|0.08619126|-0.11492168|9.730036
1509502080226|0.076614454|-0.11492168|9.730036
1509502080358|0.095768064|-0.11492168|9.720459
1509502080490|0.095768064|-0.11492168|9.710882
1509502080622|0.095768064|-0.11492168|9.710882
1509502080754|0.076614454|-0.11492168|9.710882
1509502080886|0.076614454|-0.11492168|9.710882
1509502081018|0.076614454|-0.095768064|9.730036
1509502081150|0.076614454|-0.10534488|9.730036
1509502081286|0.076614454|-0.10534488|9.730036
1509502081416|0.076614454|-0.10534488|9.730036
1509502081552|0.05746084|-0.08619126|9.739613
1509502081679|0.05746084|-0.06703765|9.758766
1509502081812|0.05746084|-0.06703765|9.758766
1509502081942|0.05746084|-0.08619126|9.758766
1509502082074|0.05746084|-0.06703765|9.749189
1509502082206|0.05746084|-0.08619126|9.749189
1509502082338|0.05746084|-0.06703765|9.749189
1509502082470|0.05746084|-0.06703765|9.749189
1509502082602|0.05746084|-0.076614454|9.749189
1509502082740|0.047884032|-0.05746084|9.768343
1509502082870|0.06703765|-0.076614454|9.758766
1509502083006|0.06703765|-0.08619126|9.730036
1509502083136|0.08619126|-0.095768064|9.720459
1509502083263|0.076614454|-0.10534488|9.720459
1509502083394|0.076614454|-0.10534488|9.720459
1509502083526|0.076614454|-0.10534488|9.720459
1509502083658|0.076614454|-0.10534488|9.739613
1509502083790|0.076614454|-0.10534488|9.739613
1509502083922|0.076614454|-0.10534488|9.739613
1509502084054|0.076614454|-0.10534488|9.739613
1509502084186|0.076614454|-0.10534488|9.730036
1509502084318|0.076614454|-0.10534488|9.730036
1509502084456|0.076614454|-0.10534488|9.720459
1509502084589|0.076614454|-0.10534488|9.720459
1509502084723|0.076614454|-0.10534488|9.720459
1509502084846|0.06703765|-0.10534488|9.739613
1509502084978|0.08619126|-0.10534488|9.720459
1509502085110|0.08619126|-0.10534488|9.739613
1509502085247|0.08619126|-0.10534488|9.720459
1509502085374|0.08619126|-0.10534488|9.720459
1509502085506|0.08619126|-0.10534488|9.739613
1509502085638|0.08619126|-0.08619126|9.730036
1509502085775|0.08619126|-0.095768064|9.730036
1509502085902|0.076614454|-0.095768064|9.730036
1509502086034|0.076614454|-0.095768064|9.720459
1509502086172|0.076614454|-0.095768064|9.720459
1509502086305|0.076614454|-0.076614454|9.739613
1509502086435|0.06703765|-0.076614454|9.758766
1509502086562|0.05746084|-0.076614454|9.758766
1509502086694|0.076614454|-0.10534488|9.730036
1509502086826|0.076614454|-0.11492168|9.730036
1509502086958|0.076614454|-0.095768064|9.730036
1509502087090|0.076614454|-0.10534488|9.710882
1509502087222|0.076614454|-0.10534488|9.710882
1509502087354|0.076614454|-0.10534488|9.730036
1509502087486|0.076614454|-0.10534488|9.730036
1509502087618|0.076614454|-0.10534488|9.730036
1509502087756|0.076614454|-0.10534488|9.730036
1509502087885|0.076614454|-0.10534488|9.730036
1509502088022|0.076614454|-0.11492168|9.730036
1509502088146|0.095768064|-0.095768064|9.730036
1509502088279|0.06703765|-0.095768064|9.730036
1509502088410|0.08619126|-0.095768064|9.730036
1509502088542|0.076614454|-0.095768064|9.730036
1509502088675|0.05746084|-0.076614454|9.749189
1509502088806|0.05746084|-0.05746084|9.749189
1509502088938|0.05746084|-0.06703765|9.768343
1509502089070|0.05746084|-0.06703765|9.768343
1509502089202|0.05746084|-0.076614454|9.739613
1509502089339|0.06703765|-0.095768064|9.720459
1509502089471|0.08619126|-0.095768064|9.720459
1509502089605|0.08619126|-0.11492168|9.720459
1509502089736|0.08619126|-0.095768064|9.720459
1509502089863|0.08619126|-0.095768064|9.720459
1509502089994|0.08619126|-0.095768064|9.720459
1509502090126|0.08619126|-0.10534488|9.720459
1509502090262|0.08619126|-0.10534488|9.720459
1509502090390|0.06703765|-0.10534488|9.720459
1509502090522|0.06703765|-0.10534488|9.720459
1509502090654|0.06703765|-0.10534488|9.720459
1509502090786|0.08619126|-0.10534488|9.739613
