1509087202766|-8.76|-36.18|-7.14
1509087202891|-8.58|-36.42|-6.96
1509087203023|-8.94|-36.48|-7.02
1509087203155|-8.58|-36.36|-6.66
1509087203288|-8.4|-36.6|-6.66
1509087203419|-8.22|-36.719997|-6.7799997
1509087203551|-7.74|-36.84|-6.72
1509087203683|-8.22|-37.14|-6.8999996
1509087203816|-7.8599997|-37.32|-6.48
1509087203947|-7.5|-36.719997|-5.8799996
1509087204079|-6.66|-36.719997|-4.8599997
1509087204211|-5.2799997|-36.899998|-3.72
1509087204343|-4.62|-36.78|-2.8799999
1509087204475|-4.2599998|-37.14|-2.58
1509087204607|-4.44|-37.14|-2.3999999
1509087204739|-5.04|-36.18|-2.3999999
1509087204871|-4.8599997|-36.18|-2.7
1509087205003|-4.62|-36.18|-2.7
1509087205135|-4.68|-36.48|-2.7
1509087205267|-4.08|-37.26|-2.58
1509087205399|-4.2599998|-37.079998|-2.58
1509087205531|-4.68|-37.079998|-2.58
1509087205663|-4.62|-37.079998|-2.3999999
1509087205795|-4.8599997|-37.079998|-2.58
1509087205927|-4.8599997|-37.14|-2.58
1509087206059|-4.62|-37.44|-2.3999999
1509087206191|-4.62|-37.14|-2.3999999
1509087206323|-4.56|-36.719997|-2.58
1509087206455|-4.62|-37.079998|-2.3999999
1509087206587|-4.62|-36.78|-2.3999999
1509087206719|-4.2599998|-37.2|-2.58
1509087206853|-4.3199997|-37.62|-2.34
1509087206983|-3.8999999|-37.739998|-2.28
1509087207115|-3.84|-38.1|-2.28
1509087207247|-4.2|-37.5|-2.3999999
1509087207379|-4.08|-37.02|-2.52
1509087207511|-4.44|-36.36|-2.3999999
1509087207643|-4.7999997|-35.579998|-2.3999999
1509087207775|-5.16|-35.04|-2.3999999
1509087207907|-5.7|-34.559998|-2.3999999
1509087208039|-6.12|-34.32|-2.58
1509087208171|-6.3599997|-34.26|-2.7
1509087208303|-6.3599997|-34.32|-2.58
