1509504811143|0.44947144|0.23154591|-0.013620348
1509504811275|0.35412902|0.17706451|-0.05448139
1509504811407|0.24516624|0.10896278|-0.05448139
1509504811539|0.17706451|0.068101734|-0.05448139
1509504811671|0.13620347|0.08172209|-0.05448139
1509504811803|0.095342435|0.05448139|-0.05448139
1509504811935|0.068101734|0.013620348|-0.05448139
1509504812067|0.068101734|0.013620348|-0.05448139
1509504812199|0.068101734|0.040861044|-0.05448139
1509504812332|0.040861044|0.027240695|-0.05448139
1509504812463|0.040861044|0.013620348|-0.05448139
1509504812595|0.040861044|0.013620348|-0.05448139
1509504812727|0.040861044|0.013620348|-0.05448139
1509504812859|0.040861044|-0.027240695|-0.05448139
1509504812994|0.027240695|-0.027240695|-0.05448139
1509504813123|0.027240695|-0.027240695|-0.05448139
1509504813257|0.013620348|-0.027240695|-0.05448139
1509504813386|0.013620348|-0.027240695|-0.05448139
1509504813519|0.013620348|-0.013620348|-0.05448139
1509504813651|0.013620348|-0.027240695|-0.068101734
1509504813783|0.013620348|-0.027240695|-0.05448139
1509504813915|0.013620348|-0.027240695|-0.05448139
1509504814047|0.013620348|-0.027240695|-0.05448139
1509504814180|0.0|0.0|-0.040861044
1509504814311|0.0|0.0|-0.040861044
1509504814443|0.0|0.013620348|-0.05448139
1509504814574|0.013620348|-0.027240695|-0.05448139
1509504814708|0.013620348|-0.027240695|-0.05448139
1509504814839|0.013620348|-0.027240695|-0.05448139
1509504814971|0.013620348|-0.027240695|-0.068101734
1509504815103|0.013620348|-0.013620348|-0.068101734
1509504815236|0.013620348|-0.013620348|-0.05448139
1509504815367|0.013620348|-0.013620348|-0.05448139
1509504815500|0.013620348|-0.027240695|-0.05448139
1509504815634|0.013620348|-0.027240695|-0.068101734
1509504815765|0.013620348|-0.027240695|-0.068101734
1509504815897|0.0|0.0|-0.068101734
1509504816029|0.013620348|-0.027240695|-0.05448139
1509504816161|0.013620348|-0.027240695|-0.068101734
1509504816292|0.013620348|0.0|-0.05448139
1509504816424|0.013620348|-0.027240695|-0.05448139
1509504816556|0.027240695|-0.027240695|-0.05448139
1509504816688|0.027240695|-0.027240695|-0.05448139
1509504816821|0.027240695|0.0|-0.05448139
1509504816952|0.027240695|-0.013620348|-0.068101734
1509504817085|0.027240695|-0.013620348|-0.068101734
1509504817216|0.027240695|-0.013620348|-0.068101734
1509504817349|0.027240695|-0.013620348|-0.068101734
1509504817480|0.040861044|-0.013620348|-0.068101734
1509504817611|0.027240695|-0.027240695|-0.068101734
1509504817744|0.013620348|-0.027240695|-0.068101734
1509504817876|0.013620348|-0.027240695|-0.08172209
1509504818009|0.013620348|-0.027240695|-0.05448139
1509504818140|0.013620348|0.0|-0.05448139
1509504818283|0.013620348|-0.013620348|-0.05448139
1509504818404|0.013620348|-0.013620348|-0.05448139
1509504818537|0.013620348|-0.013620348|-0.05448139
1509504818669|0.013620348|-0.013620348|-0.05448139
1509504818800|0.013620348|-0.013620348|-0.08172209
1509504818934|0.013620348|-0.013620348|-0.08172209
1509504819064|0.0|-0.027240695|-0.08172209
1509504819196|-0.013620348|-0.027240695|-0.08172209
1509504819328|0.0|-0.027240695|-0.05448139
1509504819460|0.0|-0.027240695|-0.08172209
1509504819592|0.0|-0.027240695|-0.05448139
1509504819724|0.0|-0.027240695|-0.08172209
1509504819857|0.0|-0.027240695|-0.08172209
1509504819988|-0.013620348|0.0|-0.08172209
1509504820120|-0.013620348|-0.013620348|-0.05448139
1509504820252|-0.013620348|-0.013620348|-0.05448139
1509504820383|0.0|-0.013620348|-0.068101734
1509504820516|0.0|-0.013620348|-0.068101734
1509504820647|0.013620348|-0.027240695|-0.08172209
1509504820780|0.013620348|0.0|-0.05448139
1509504820913|0.013620348|-0.013620348|-0.08172209
1509504821044|0.013620348|-0.013620348|-0.068101734
1509504821176|0.013620348|-0.013620348|-0.068101734
1509504821309|0.013620348|-0.013620348|-0.068101734
1509504821441|0.013620348|-0.013620348|-0.068101734
1509504821572|0.013620348|-0.013620348|-0.068101734
1509504821704|0.013620348|-0.013620348|-0.08172209
1509504821837|0.013620348|-0.013620348|-0.08172209
1509504821969|0.013620348|-0.013620348|-0.08172209
1509504822100|0.027240695|-0.027240695|-0.068101734
1509504822232|0.013620348|-0.027240695|-0.068101734
1509504822364|0.013620348|-0.027240695|-0.068101734
1509504822497|0.013620348|-0.027240695|-0.068101734
1509504822629|0.013620348|0.0|-0.068101734
1509504822761|0.013620348|-0.013620348|-0.068101734
1509504822893|0.0|-0.013620348|-0.068101734
1509504823024|0.013620348|-0.027240695|-0.08172209
1509504823157|0.013620348|-0.027240695|-0.08172209
1509504823298|0.013620348|-0.027240695|-0.08172209
1509504823420|0.013620348|-0.027240695|-0.08172209
1509504823552|0.013620348|-0.027240695|-0.068101734
1509504823687|0.013620348|0.0|-0.068101734
1509504823816|0.013620348|0.0|-0.068101734
1509504823949|0.013620348|-0.013620348|-0.068101734
1509504824080|0.013620348|-0.013620348|-0.068101734
1509504824212|0.013620348|-0.013620348|-0.068101734
1509504824344|0.013620348|-0.013620348|-0.08172209
1509504824478|0.013620348|-0.027240695|-0.08172209
1509504824609|0.0|-0.027240695|-0.05448139
1509504824741|0.013620348|-0.027240695|-0.05448139
1509504824873|0.013620348|0.0|-0.068101734
1509504825004|0.013620348|-0.013620348|-0.068101734
1509504825136|0.013620348|-0.027240695|-0.068101734
1509504825269|0.013620348|-0.027240695|-0.068101734
1509504825400|0.013620348|-0.027240695|-0.068101734
1509504825533|0.013620348|-0.027240695|-0.068101734
1509504825665|0.013620348|-0.027240695|-0.068101734
1509504825796|0.013620348|-0.027240695|-0.068101734
1509504825928|0.0|-0.027240695|-0.068101734
1509504826061|0.013620348|-0.027240695|-0.068101734
1509504826192|0.013620348|-0.027240695|-0.068101734
1509504826324|0.013620348|-0.027240695|-0.068101734
1509504826456|0.013620348|-0.027240695|-0.08172209
1509504826588|0.013620348|-0.027240695|-0.068101734
1509504826724|0.013620348|-0.027240695|-0.068101734
1509504826853|0.013620348|-0.027240695|-0.068101734
1509504826984|0.013620348|-0.027240695|-0.068101734
1509504827116|0.013620348|-0.027240695|-0.068101734
1509504827248|0.027240695|0.0|-0.068101734
1509504827381|0.0|0.0|-0.068101734
1509504827512|0.0|0.0|-0.068101734
1509504827645|0.0|0.0|-0.068101734
1509504827777|0.0|0.0|-0.068101734
1509504827908|0.0|0.0|-0.068101734
1509504828044|0.0|0.0|-0.068101734
1509504828172|0.0|0.0|-0.068101734
1509504828304|0.0|0.0|-0.068101734
1509504828436|0.0|0.0|-0.068101734
1509504828570|0.0|0.0|-0.068101734
1509504828700|0.0|0.0|-0.068101734
1509504828832|0.0|0.0|-0.068101734
1509504828966|0.0|0.0|-0.08172209
1509504829096|0.0|0.0|-0.068101734
1509504829228|0.0|0.0|-0.08172209
1509504829361|0.0|-0.013620348|-0.068101734
1509504829492|0.0|-0.013620348|-0.068101734
1509504829624|0.0|-0.013620348|-0.068101734
1509504829757|0.0|-0.013620348|-0.068101734
1509504829888|0.013620348|-0.027240695|-0.068101734
1509504830020|0.013620348|-0.027240695|-0.068101734
1509504830152|0.013620348|0.0|-0.068101734
1509504830284|0.013620348|0.0|-0.068101734
1509504830416|0.013620348|-0.013620348|-0.068101734
1509504830549|0.013620348|-0.027240695|-0.068101734
1509504830681|0.013620348|-0.027240695|-0.068101734
1509504830812|0.013620348|-0.027240695|-0.068101734
1509504830945|0.013620348|-0.027240695|-0.068101734
1509504831076|0.013620348|0.0|-0.068101734
1509504831208|0.0|-0.027240695|-0.068101734
1509504831341|0.013620348|-0.027240695|-0.08172209
1509504831472|0.0|-0.027240695|-0.08172209
1509504831604|0.0|-0.027240695|-0.08172209
1509504831736|-0.027240695|0.013620348|-0.05448139
1509504831868|0.0|0.013620348|-0.05448139
1509504832001|0.0|0.013620348|-0.05448139
1509504832133|0.0|0.013620348|-0.05448139
1509504832263|0.0|0.013620348|-0.05448139
1509504832396|0.013620348|-0.027240695|-0.08172209
1509504832528|0.013620348|-0.027240695|-0.08172209
1509504832663|0.013620348|-0.027240695|-0.08172209
1509504832792|0.013620348|-0.027240695|-0.08172209
1509504832924|0.013620348|-0.027240695|-0.08172209
1509504833057|0.013620348|-0.027240695|-0.08172209
1509504833188|0.013620348|-0.027240695|-0.08172209
1509504833320|0.027240695|-0.027240695|-0.08172209
1509504833452|0.027240695|-0.027240695|-0.08172209
1509504833584|0.013620348|-0.013620348|-0.08172209
1509504833717|0.013620348|-0.013620348|-0.08172209
1509504833849|0.013620348|-0.013620348|-0.08172209
1509504833981|0.013620348|-0.013620348|-0.08172209
1509504834112|0.013620348|-0.013620348|-0.08172209
1509504834244|0.013620348|-0.013620348|-0.08172209
1509504834377|0.013620348|-0.013620348|-0.08172209
1509504834509|0.027240695|-0.027240695|-0.08172209
1509504834641|0.013620348|-0.027240695|-0.05448139
1509504834772|0.013620348|-0.027240695|-0.08172209
1509504834904|0.013620348|-0.027240695|-0.08172209
1509504835046|0.0|-0.013620348|-0.08172209
1509504835168|0.0|0.0|-0.05448139
1509504835299|0.013620348|-0.027240695|-0.08172209
1509504835432|0.013620348|0.0|-0.08172209
1509504835565|0.013620348|-0.013620348|-0.08172209
1509504835696|0.027240695|-0.013620348|-0.08172209
1509504835828|0.027240695|-0.013620348|-0.08172209
1509504835960|0.027240695|-0.013620348|-0.08172209
1509504836093|0.013620348|-0.013620348|-0.05448139
1509504836224|0.013620348|-0.013620348|-0.068101734
1509504836356|0.027240695|-0.013620348|-0.068101734
1509504836488|0.027240695|-0.013620348|-0.068101734
1509504836619|0.027240695|-0.013620348|-0.08172209
1509504836752|0.013620348|-0.013620348|-0.08172209
1509504836883|0.013620348|-0.013620348|-0.05448139
1509504837016|0.013620348|-0.013620348|-0.08172209
1509504837149|0.013620348|-0.013620348|-0.05448139
1509504837280|0.013620348|-0.013620348|-0.05448139
1509504837412|0.013620348|-0.027240695|-0.068101734
1509504837544|0.013620348|-0.027240695|-0.068101734
1509504837676|0.013620348|-0.027240695|-0.068101734
1509504837809|0.013620348|-0.027240695|-0.068101734
1509504837940|0.013620348|-0.027240695|-0.068101734
1509504838072|0.0|-0.013620348|-0.068101734
1509504838205|0.0|-0.013620348|-0.068101734
1509504838339|0.0|-0.027240695|-0.068101734
1509504838468|0.0|-0.027240695|-0.068101734
1509504838600|0.027240695|-0.027240695|-0.068101734
1509504838733|0.013620348|-0.027240695|-0.08172209
1509504838864|0.013620348|-0.027240695|-0.08172209
1509504838996|0.013620348|-0.027240695|-0.08172209
1509504839128|0.013620348|-0.027240695|-0.08172209
1509504839260|0.013620348|-0.027240695|-0.08172209
1509504839392|0.013620348|-0.013620348|-0.068101734
1509504839525|0.013620348|0.0|-0.068101734
1509504839656|0.013620348|0.027240695|-0.05448139
1509504839788|0.0|0.027240695|-0.05448139
1509504839919|-0.013620348|0.027240695|-0.05448139
1509504840052|0.0|-0.013620348|-0.068101734
1509504840184|0.0|-0.013620348|-0.068101734
1509504840316|0.0|0.0|-0.068101734
1509504840449|0.013620348|-0.013620348|-0.068101734
1509504840581|0.0|-0.027240695|-0.068101734
1509504840712|0.0|-0.027240695|-0.08172209
1509504840845|0.0|-0.027240695|-0.068101734
1509504840976|0.0|-0.027240695|-0.068101734
1509504841108|0.0|-0.027240695|-0.068101734
1509504841241|0.0|-0.027240695|-0.08172209
1509504841376|0.0|-0.027240695|-0.08172209
1509504841504|0.0|-0.027240695|-0.08172209
1509504841637|0.0|-0.027240695|-0.08172209
1509504841768|0.0|-0.013620348|-0.08172209
1509504841900|0.0|0.0|-0.068101734
1509504842032|0.0|0.0|-0.068101734
1509504842166|0.0|-0.013620348|-0.068101734
1509504842296|0.0|0.0|-0.068101734
1509504842428|0.0|-0.013620348|-0.068101734
1509504842561|0.0|-0.013620348|-0.08172209
1509504842692|0.013620348|0.0|-0.068101734
1509504842824|0.013620348|0.0|-0.068101734
1509504842956|0.0|0.0|-0.068101734
1509504843089|0.0|-0.013620348|-0.08172209
1509504843220|0.013620348|-0.013620348|-0.08172209
1509504843352|0.027240695|-0.013620348|-0.08172209
1509504843484|0.013620348|-0.013620348|-0.068101734
1509504843618|0.027240695|-0.013620348|-0.08172209
1509504843749|0.013620348|0.0|-0.08172209
1509504843880|0.027240695|-0.013620348|-0.08172209
1509504844012|0.013620348|0.0|-0.068101734
1509504844144|0.0|0.0|-0.08172209
1509504844278|0.0|0.0|-0.08172209
1509504844408|0.0|0.0|-0.068101734
1509504844541|0.0|0.0|-0.068101734
1509504844673|0.0|0.0|-0.08172209
1509504844805|0.0|-0.013620348|-0.08172209
1509504844935|0.0|0.013620348|-0.08172209
1509504845068|0.0|-0.013620348|-0.05448139
1509504845201|0.0|-0.013620348|-0.05448139
1509504845332|0.013620348|0.013620348|-0.068101734
1509504845464|0.013620348|0.0|-0.068101734
1509504845597|0.0|0.0|-0.068101734
1509504845729|0.0|0.0|-0.068101734
1509504845860|0.0|0.0|-0.068101734
1509504845992|0.0|0.0|-0.068101734
1509504846126|0.0|0.0|-0.068101734
1509504846256|0.0|-0.013620348|-0.068101734
1509504846389|0.0|-0.013620348|-0.068101734
1509504846520|0.013620348|-0.013620348|-0.068101734
1509504846652|0.013620348|-0.013620348|-0.08172209
1509504846784|0.0|-0.013620348|-0.08172209
1509504846916|0.0|0.013620348|-0.05448139
1509504847049|-0.013620348|0.027240695|-0.040861044
1509504847181|-0.013620348|0.013620348|-0.05448139
1509504847312|-0.013620348|0.013620348|-0.05448139
1509504847444|-0.013620348|0.013620348|-0.05448139
1509504847576|-0.013620348|0.013620348|-0.068101734
1509504847708|0.013620348|-0.013620348|-0.08172209
1509504847840|0.013620348|-0.027240695|-0.08172209
1509504847973|0.013620348|-0.013620348|-0.08172209
1509504848104|0.013620348|-0.013620348|-0.08172209
1509504848237|0.013620348|-0.013620348|-0.08172209
1509504848368|0.013620348|-0.027240695|-0.08172209
1509504848500|0.013620348|-0.027240695|-0.08172209
1509504848632|0.013620348|-0.027240695|-0.08172209
1509504848765|0.013620348|-0.027240695|-0.068101734
1509504848896|0.013620348|-0.027240695|-0.068101734
1509504849029|0.013620348|0.0|-0.068101734
1509504849160|0.013620348|0.0|-0.08172209
1509504849293|0.0|0.0|-0.08172209
1509504849424|0.0|0.0|-0.05448139
1509504849557|0.013620348|-0.027240695|-0.08172209
1509504849688|0.013620348|-0.027240695|-0.08172209
1509504849821|0.013620348|-0.027240695|-0.08172209
1509504849963|0.013620348|-0.027240695|-0.08172209
1509504850085|0.013620348|-0.027240695|-0.08172209
1509504850215|0.013620348|-0.027240695|-0.08172209
