1509247123664|88
1509247123996|88
1509247124330|89
1509247124664|89
1509247124996|90
1509247125330|91
1509247125664|93
1509247125997|95
1509247126329|96
1509247126663|97
1509247126996|96
1509247127329|97
1509247127665|97
1509247127995|97
1509247128329|97
1509247128663|97
1509247128996|98
1509247129330|97
1509247129663|98
1509247129997|98
1509247130329|98
1509247130663|98
1509247130996|98
1509247131329|98
1509247131664|98
1509247131995|100
1509247132329|92
1509247132662|101
1509247132996|132
1509247133330|134
1509247133664|137
1509247133996|92
1509247134329|91
1509247134664|91
1509247134997|177
1509247135328|160
1509247135663|179
1509247135996|176
1509247136330|122
1509247136665|102
1509247136995|99
1509247137329|88
1509247137663|89
1509247137996|90
1509247138331|90
1509247138662|90
1509247138998|91
1509247139329|91
1509247139662|91
1509247139995|91
1509247140329|92
1509247140663|93
1509247140995|93
1509247141331|94
1509247141662|93
1509247141996|93
1509247142330|93
1509247142665|93
