1509253435868|-0.12258312|9.275456|3.1871612
1509253435999|-0.12258312|9.289077|3.1871612
1509253436133|-0.12258312|9.289077|3.1735408
1509253436264|-0.10896278|9.302697|3.1463003
1509253436396|-0.10896278|9.302697|3.1463003
1509253436527|-0.10896278|9.302697|3.1463003
1509253436660|-0.095342435|9.302697|3.1463003
1509253436791|-0.095342435|9.302697|3.1463003
1509253436923|-0.095342435|9.302697|3.1463003
1509253437056|-0.095342435|9.302697|3.13268
1509253437188|-0.095342435|9.302697|3.13268
1509253437319|-0.10896278|9.302697|3.1190596
1509253437452|-0.12258312|9.316318|3.0781987
1509253437583|-0.13620347|9.316318|3.0781987
1509253437715|-0.13620347|9.329938|3.0645783
1509253437847|-0.10896278|9.329938|3.0645783
1509253437979|0.013620348|9.329938|3.050958
1509253438112|0.17706451|9.329938|3.050958
1509253438244|0.28602728|9.329938|3.0237172
1509253438376|0.32688835|9.343558|2.969236
1509253438507|0.3405087|9.370799|2.901134
1509253438640|0.28602728|9.41166|2.7649305
1509253438776|0.14982383|9.452521|2.6423473
1509253438903|0.013620348|9.493382|2.4925234
1509253439036|-0.10896278|9.534244|2.3290794
1509253439167|-0.16344418|9.575105|2.1247742
1509253439299|-0.17706451|9.629586|1.9068487
1509253439432|-0.13620347|9.670446|1.6616825
1509253439564|-0.12258312|9.711308|1.4301364
1509253439695|-0.13620347|9.738548|1.2530719
1509253439827|-0.14982383|9.752169|1.1032481
1509253439960|-0.14982383|9.765789|0.96704465
1509253440091|-0.14982383|9.779409|0.8580819
1509253440224|-0.068101734|9.779409|0.8172208
1509253440356|0.13620347|9.779409|0.8036005
1509253440487|0.3949901|9.765789|0.8172208
1509253440620|0.62653595|9.752169|0.8580819
1509253440751|0.7354987|9.738548|0.939804
1509253440884|0.7899802|9.724928|1.0079057
1509253441015|0.7354987|9.724928|1.0623871
1509253441147|0.5992953|9.724928|1.1985906
1509253441280|0.49033248|9.711308|1.334794
1509253441412|0.46309182|9.697687|1.4573771
1509253441543|0.44947144|9.670446|1.5935806
1509253441675|0.47671217|9.656826|1.7161638
1509253441811|0.51757324|9.629586|1.838747
1509253441939|0.55843425|9.615966|1.9068487
1509253442072|0.55843425|9.615966|1.9068487
1509253442203|0.55843425|9.602345|1.920469
1509253442335|0.5448139|9.602345|1.9340893
1509253442468|0.50395286|9.602345|1.9613299
1509253442599|0.49033248|9.588725|2.0294318
1509253442732|0.51757324|9.588725|2.0566726
1509253442863|0.5448139|9.588725|2.0294318
1509253442995|0.5448139|9.588725|2.0158114
1509253443127|0.53119355|9.602345|1.9613299
1509253443258|0.51757324|9.615966|1.920469
1509253443392|0.49033248|9.615966|1.8932283
1509253443523|0.44947144|9.615966|1.879608
1509253443656|0.43585113|9.629586|1.879608
1509253443787|0.42223078|9.629586|1.8659877
1509253443920|0.3949901|9.629586|1.8659877
1509253444051|0.36774936|9.629586|1.8659877
1509253444183|0.36774936|9.629586|1.8659877
1509253444316|0.3405087|9.629586|1.8659877
1509253444448|0.32688835|9.629586|1.8659877
1509253444579|0.28602728|9.629586|1.8523673
1509253444711|0.27240694|9.643206|1.8251265
1509253444843|0.27240694|9.656826|1.7706451
1509253444975|0.28602728|9.656826|1.7161638
1509253445107|0.29964766|9.656826|1.7025435
1509253445240|0.31326798|9.656826|1.6889231
1509253445372|0.36774936|9.670446|1.6616825
1509253445515|0.42223078|9.670446|1.648062
1509253445636|0.46309182|9.670446|1.648062
1509253445771|0.50395286|9.656826|1.6344416
1509253445898|0.5448139|9.670446|1.6208212
1509253446032|0.5992953|9.656826|1.6208212
1509253446162|0.6401563|9.656826|1.6208212
1509253446295|0.667397|9.643206|1.6616825
1509253446426|0.667397|9.643206|1.7161638
1509253446558|0.6401563|9.629586|1.7706451
1509253446691|0.58567494|9.629586|1.8115062
1509253446826|0.5448139|9.615966|1.879608
1509253446955|0.50395286|9.615966|1.9340893
1509253447088|0.44947144|9.602345|1.9613299
1509253447224|0.4086104|9.602345|1.9885707
1509253447351|0.35412902|9.602345|2.002191
1509253447484|0.29964766|9.602345|2.0294318
1509253447616|0.25878662|9.588725|2.070293
1509253447747|0.24516624|9.588725|2.083913
1509253447879|0.23154591|9.575105|2.1247742
1509253448011|0.23154591|9.575105|2.1383946
1509253448144|0.23154591|9.575105|2.1383946
1509253448276|0.23154591|9.575105|2.1383946
1509253448408|0.23154591|9.575105|2.1383946
1509253448540|0.21792556|9.575105|2.1111538
1509253448672|0.21792556|9.575105|2.1383946
1509253448804|0.23154591|9.575105|2.165635
1509253448936|0.24516624|9.561484|2.192876
1509253449068|0.27240694|9.547864|2.233737
1509253449199|0.28602728|9.547864|2.2609777
1509253449331|0.29964766|9.547864|2.2745981
1509253449463|0.31326798|9.547864|2.2745981
1509253449595|0.31326798|9.547864|2.2745981
1509253449728|0.32688835|9.547864|2.2609777
1509253449859|0.32688835|9.547864|2.2609777
1509253449993|0.32688835|9.547864|2.2609777
1509253450124|0.32688835|9.547864|2.2609777
1509253450256|0.32688835|9.547864|2.2745981
1509253450396|0.31326798|9.547864|2.2745981
1509253450519|0.32688835|9.547864|2.2609777
1509253450651|0.32688835|9.547864|2.233737
1509253450784|0.32688835|9.561484|2.2064962
1509253450915|0.31326798|9.561484|2.1792555
1509253451047|0.31326798|9.575105|2.1520147
1509253451180|0.31326798|9.575105|2.1520147
1509253451311|0.31326798|9.575105|2.1520147
1509253451446|0.29964766|9.575105|2.1520147
1509253451574|0.28602728|9.575105|2.1520147
1509253451707|0.27240694|9.575105|2.1520147
1509253451839|0.25878662|9.575105|2.1520147
1509253451971|0.25878662|9.575105|2.1520147
1509253452103|0.25878662|9.575105|2.1520147
1509253452236|0.23154591|9.575105|2.165635
1509253452367|0.21792556|9.561484|2.192876
1509253452500|0.2043052|9.547864|2.2473574
1509253452632|0.2043052|9.547864|2.2609777
1509253452762|0.19068487|9.534244|2.3018386
1509253452896|0.19068487|9.534244|2.3018386
1509253453034|0.19068487|9.534244|2.3018386
1509253453159|0.19068487|9.534244|2.315459
1509253453292|0.19068487|9.534244|2.315459
1509253453432|0.19068487|9.534244|2.3290794
1509253453559|0.19068487|9.534244|2.3290794
1509253453697|0.19068487|9.534244|2.3290794
