1509516397945|0.0|-0.013620348|-0.05448139
1509516398079|0.0|-0.013620348|-0.05448139
1509516398210|0.013620348|-0.027240695|-0.05448139
1509516398341|0.013620348|-0.040861044|-0.068101734
1509516398474|0.013620348|-0.040861044|-0.068101734
1509516398606|0.0|-0.013620348|-0.068101734
1509516398737|0.0|0.013620348|-0.05448139
1509516398870|-0.013620348|0.013620348|-0.05448139
1509516399002|0.0|0.013620348|-0.05448139
1509516399134|0.0|0.013620348|-0.027240695
1509516399267|0.013620348|-0.027240695|-0.08172209
1509516399400|0.013620348|-0.027240695|-0.08172209
1509516399530|0.013620348|-0.040861044|-0.08172209
1509516399662|0.027240695|-0.027240695|-0.05448139
1509516399794|0.027240695|-0.027240695|-0.068101734
1509516399926|0.027240695|-0.027240695|-0.068101734
1509516400057|0.013620348|-0.027240695|-0.068101734
1509516400190|0.0|-0.027240695|-0.068101734
1509516400324|0.013620348|-0.027240695|-0.08172209
1509516400454|0.027240695|-0.040861044|-0.05448139
1509516400586|0.013620348|-0.040861044|-0.08172209
1509516400719|0.013620348|-0.040861044|-0.05448139
1509516400851|0.013620348|-0.027240695|-0.05448139
1509516400982|0.013620348|-0.027240695|-0.068101734
1509516401113|0.0|-0.027240695|-0.068101734
1509516401246|0.013620348|-0.040861044|-0.068101734
1509516401377|0.013620348|-0.040861044|-0.068101734
1509516401511|0.013620348|-0.040861044|-0.068101734
1509516401641|0.013620348|-0.040861044|-0.068101734
1509516401776|0.013620348|-0.05448139|-0.068101734
1509516401907|0.013620348|-0.05448139|-0.068101734
1509516402045|0.013620348|-0.027240695|-0.068101734
1509516402170|0.013620348|-0.027240695|-0.068101734
1509516402302|0.013620348|-0.027240695|-0.08172209
1509516402434|0.0|-0.027240695|-0.08172209
1509516402567|0.013620348|-0.027240695|-0.05448139
1509516402699|0.013620348|-0.027240695|-0.05448139
1509516402830|0.0|-0.027240695|-0.08172209
1509516402963|0.013620348|-0.027240695|-0.05448139
1509516403094|0.013620348|-0.027240695|-0.05448139
1509516403226|0.013620348|-0.027240695|-0.068101734
1509516403358|0.013620348|-0.027240695|-0.068101734
1509516403490|0.013620348|0.0|-0.08172209
1509516403622|0.0|0.0|-0.08172209
1509516403754|0.0|-0.013620348|-0.10896278
1509516403886|0.0|-0.013620348|-0.08172209
1509516404020|0.040861044|-0.027240695|-0.08172209
1509516404153|0.013620348|-0.027240695|-0.08172209
1509516404282|0.027240695|-0.040861044|-0.08172209
1509516404414|0.013620348|-0.013620348|-0.08172209
1509516404547|0.0|-0.027240695|-0.08172209
1509516404677|0.013620348|-0.027240695|-0.08172209
1509516404811|0.013620348|-0.027240695|-0.08172209
1509516404941|0.013620348|-0.027240695|-0.08172209
1509516405073|0.013620348|-0.040861044|-0.08172209
1509516405205|0.013620348|-0.040861044|-0.08172209
1509516405338|0.013620348|-0.027240695|-0.095342435
1509516405469|0.013620348|-0.040861044|-0.068101734
1509516405610|0.0|-0.013620348|-0.068101734
1509516405733|0.0|-0.027240695|-0.068101734
1509516405865|0.0|-0.040861044|-0.068101734
1509516405997|0.0|-0.040861044|-0.068101734
1509516406129|0.0|-0.013620348|-0.08172209
1509516406260|0.0|-0.013620348|-0.05448139
1509516406393|0.0|-0.027240695|-0.05448139
1509516406525|0.0|-0.013620348|-0.05448139
1509516406656|-0.013620348|-0.013620348|-0.05448139
1509516406789|0.0|-0.013620348|-0.05448139
1509516406921|0.0|-0.013620348|-0.05448139
1509516407055|0.0|-0.040861044|-0.05448139
1509516407186|0.0|-0.013620348|-0.05448139
1509516407317|0.0|-0.027240695|-0.05448139
1509516407450|0.0|-0.027240695|-0.05448139
1509516407581|0.0|-0.027240695|-0.05448139
1509516407715|0.0|-0.027240695|-0.05448139
1509516407846|0.013620348|-0.027240695|-0.08172209
1509516407978|0.013620348|-0.027240695|-0.05448139
1509516408110|-0.013620348|-0.027240695|-0.040861044
1509516408242|-0.013620348|-0.013620348|-0.040861044
1509516408374|-0.013620348|-0.013620348|-0.040861044
1509516408505|0.0|-0.027240695|-0.05448139
1509516408638|0.0|-0.027240695|-0.05448139
1509516408779|0.0|-0.040861044|-0.05448139
1509516408903|0.0|-0.013620348|-0.05448139
1509516409034|0.0|-0.013620348|-0.05448139
1509516409166|0.0|-0.013620348|-0.05448139
1509516409298|-0.027240695|0.0|-0.040861044
1509516409431|-0.027240695|0.027240695|-0.027240695
1509516409562|-0.040861044|0.013620348|-0.027240695
1509516409694|-0.013620348|0.013620348|-0.027240695
1509516409826|-0.027240695|0.013620348|-0.040861044
1509516409959|-0.013620348|-0.040861044|-0.068101734
1509516410090|0.013620348|-0.040861044|-0.068101734
1509516410222|0.0|-0.040861044|-0.068101734
1509516410355|0.0|-0.013620348|-0.068101734
1509516410486|0.0|-0.013620348|-0.05448139
1509516410618|0.013620348|-0.027240695|-0.068101734
1509516410750|0.0|-0.040861044|-0.068101734
1509516410882|0.0|-0.040861044|-0.068101734
1509516411014|0.027240695|-0.040861044|-0.068101734
1509516411146|0.027240695|-0.05448139|-0.068101734
1509516411278|0.027240695|-0.040861044|-0.068101734
1509516411410|0.027240695|-0.027240695|-0.08172209
1509516411542|0.013620348|-0.040861044|-0.068101734
1509516411673|0.013620348|-0.040861044|-0.068101734
1509516411807|0.013620348|-0.040861044|-0.068101734
1509516411938|0.013620348|-0.040861044|-0.095342435
1509516412070|0.0|-0.027240695|-0.08172209
1509516412202|0.0|-0.013620348|-0.08172209
1509516412334|0.0|-0.013620348|-0.08172209
1509516412467|-0.013620348|0.013620348|-0.08172209
1509516412598|-0.013620348|0.013620348|-0.068101734
1509516412730|0.0|-0.013620348|-0.095342435
1509516412862|0.0|-0.027240695|-0.095342435
1509516412993|0.0|-0.027240695|-0.095342435
1509516413126|0.0|-0.040861044|-0.10896278
1509516413258|0.0|-0.027240695|-0.10896278
1509516413390|0.0|0.0|-0.068101734
1509516413522|0.0|-0.027240695|-0.08172209
1509516413653|-0.013620348|-0.027240695|-0.068101734
1509516413787|-0.013620348|-0.027240695|-0.08172209
1509516413919|0.013620348|-0.027240695|-0.08172209
1509516414051|0.013620348|-0.040861044|-0.095342435
1509516414183|0.013620348|-0.040861044|-0.068101734
1509516414314|0.013620348|-0.040861044|-0.08172209
1509516414446|0.013620348|-0.027240695|-0.08172209
1509516414578|0.0|-0.027240695|-0.095342435
1509516414709|0.0|-0.027240695|-0.095342435
1509516414842|0.0|-0.013620348|-0.095342435
1509516414974|0.0|-0.027240695|-0.095342435
1509516415106|-0.013620348|-0.027240695|-0.095342435
1509516415240|-0.013620348|-0.027240695|-0.095342435
1509516415370|0.013620348|-0.027240695|-0.095342435
1509516415503|0.013620348|-0.027240695|-0.095342435
1509516415634|0.0|-0.027240695|-0.095342435
1509516415767|0.013620348|-0.027240695|-0.095342435
1509516415899|0.0|-0.027240695|-0.095342435
1509516416029|0.013620348|-0.027240695|-0.095342435
1509516416161|-0.013620348|-0.027240695|-0.10896278
1509516416294|0.013620348|-0.027240695|-0.08172209
1509516416426|-0.013620348|-0.013620348|-0.08172209
1509516416559|0.013620348|-0.013620348|-0.08172209
1509516416690|0.027240695|-0.027240695|-0.08172209
1509516416824|0.027240695|-0.040861044|-0.095342435
1509516416955|0.0|0.0|-0.08172209
1509516417089|0.0|-0.027240695|-0.08172209
1509516417219|0.027240695|-0.027240695|-0.10896278
1509516417350|-0.013620348|-0.013620348|-0.10896278
1509516417483|-0.013620348|0.0|-0.068101734
1509516417614|-0.013620348|0.0|-0.068101734
1509516417746|-0.013620348|0.0|-0.08172209
1509516417878|-0.013620348|0.0|-0.068101734
1509516418010|-0.013620348|0.0|-0.068101734
1509516418142|-0.013620348|0.013620348|-0.068101734
1509516418275|-0.013620348|0.0|-0.068101734
1509516418406|-0.027240695|0.027240695|-0.068101734
1509516418539|-0.013620348|-0.013620348|-0.05448139
1509516418670|0.013620348|-0.013620348|-0.05448139
1509516418802|0.0|-0.027240695|-0.05448139
1509516418934|0.0|-0.027240695|-0.068101734
1509516419065|0.0|-0.027240695|-0.08172209
1509516419198|0.013620348|-0.040861044|-0.08172209
1509516419330|0.013620348|-0.05448139|-0.08172209
1509516419462|0.013620348|-0.05448139|-0.08172209
1509516419594|0.013620348|-0.05448139|-0.095342435
1509516419725|0.013620348|-0.05448139|-0.095342435
1509516419859|0.0|-0.05448139|-0.068101734
1509516419989|0.027240695|-0.05448139|-0.068101734
1509516420122|0.027240695|-0.05448139|-0.08172209
1509516420254|0.0|-0.040861044|-0.08172209
1509516420386|0.027240695|-0.05448139|-0.08172209
1509516420518|0.0|-0.05448139|-0.095342435
1509516420651|0.027240695|-0.040861044|-0.095342435
1509516420782|0.040861044|-0.027240695|-0.10896278
1509516420914|0.013620348|-0.027240695|-0.095342435
1509516421045|0.027240695|-0.040861044|-0.08172209
1509516421178|0.027240695|-0.040861044|-0.08172209
1509516421310|0.013620348|-0.040861044|-0.08172209
1509516421442|0.013620348|-0.040861044|-0.08172209
1509516421575|0.013620348|-0.040861044|-0.08172209
1509516421706|0.013620348|-0.040861044|-0.08172209
1509516421838|0.013620348|-0.040861044|-0.08172209
1509516421970|0.013620348|-0.040861044|-0.08172209
1509516422102|0.013620348|-0.040861044|-0.095342435
1509516422234|0.013620348|-0.05448139|-0.095342435
1509516422369|0.013620348|-0.040861044|-0.068101734
1509516422498|0.013620348|-0.040861044|-0.068101734
1509516422629|0.013620348|-0.05448139|-0.095342435
1509516422762|0.013620348|-0.040861044|-0.095342435
1509516422894|0.027240695|-0.040861044|-0.095342435
1509516423025|0.013620348|-0.027240695|-0.068101734
1509516423158|0.013620348|-0.040861044|-0.068101734
1509516423289|0.027240695|-0.05448139|-0.095342435
1509516423423|0.027240695|-0.040861044|-0.095342435
1509516423555|0.0|-0.027240695|-0.068101734
1509516423687|0.027240695|-0.040861044|-0.068101734
1509516423819|0.013620348|-0.040861044|-0.08172209
1509516423951|0.0|-0.040861044|-0.095342435
1509516424082|0.027240695|-0.040861044|-0.095342435
1509516424215|0.013620348|-0.027240695|-0.068101734
1509516424346|0.0|0.0|-0.05448139
1509516424479|0.0|0.0|-0.05448139
1509516424611|0.0|0.0|-0.05448139
1509516424742|0.0|0.0|-0.05448139
1509516424874|-0.013620348|-0.027240695|-0.068101734
1509516425006|-0.013620348|-0.013620348|-0.05448139
1509516425140|-0.013620348|-0.013620348|-0.05448139
1509516425270|0.0|-0.027240695|-0.08172209
1509516425402|0.0|-0.040861044|-0.08172209
1509516425534|0.0|-0.040861044|-0.095342435
1509516425666|-0.013620348|-0.040861044|-0.095342435
1509516425799|0.013620348|-0.040861044|-0.095342435
1509516425930|0.013620348|-0.040861044|-0.095342435
1509516426062|0.013620348|-0.040861044|-0.095342435
1509516426194|0.027240695|-0.027240695|-0.10896278
1509516426326|0.013620348|-0.027240695|-0.095342435
1509516426458|0.013620348|-0.027240695|-0.095342435
1509516426590|0.0|-0.040861044|-0.095342435
1509516426722|0.0|-0.040861044|-0.095342435
1509516426854|0.013620348|-0.040861044|-0.095342435
1509516426986|0.013620348|-0.013620348|-0.095342435
1509516427118|0.013620348|-0.013620348|-0.10896278
1509516427251|0.0|-0.013620348|-0.10896278
1509516427382|0.0|-0.013620348|-0.10896278
1509516427514|0.0|-0.013620348|-0.10896278
1509516427646|0.013620348|-0.040861044|-0.095342435
1509516427778|0.0|-0.013620348|-0.10896278
1509516427910|0.0|-0.013620348|-0.10896278
1509516428042|0.013620348|-0.05448139|-0.095342435
1509516428174|0.013620348|-0.040861044|-0.095342435
1509516428306|0.0|-0.027240695|-0.095342435
1509516428439|0.0|-0.027240695|-0.095342435
1509516428570|-0.013620348|-0.027240695|-0.095342435
1509516428705|-0.013620348|-0.027240695|-0.10896278
1509516428834|-0.013620348|-0.027240695|-0.10896278
1509516428967|0.013620348|-0.027240695|-0.10896278
1509516429099|0.013620348|-0.027240695|-0.10896278
1509516429230|0.0|-0.040861044|-0.10896278
1509516429363|0.013620348|-0.040861044|-0.10896278
1509516429494|0.0|-0.027240695|-0.095342435
1509516429627|0.0|-0.027240695|-0.095342435
1509516429758|0.0|-0.027240695|-0.095342435
1509516429890|0.0|-0.027240695|-0.095342435
1509516430024|0.0|-0.027240695|-0.095342435
1509516430154|0.0|-0.040861044|-0.095342435
1509516430286|0.0|-0.027240695|-0.095342435
1509516430419|0.0|-0.027240695|-0.095342435
1509516430550|0.0|-0.027240695|-0.10896278
1509516430682|0.0|-0.040861044|-0.10896278
