1509412124441|-0.20954895|0.070739746|-0.009613037
1509412124569|0.15299988|-0.18243408|-0.34091187
1509412124683|-0.2610321|0.10731506|-0.17366028
1509412124811|0.09867859|0.13146973|-0.053634644
1509412124924|0.1505127|0.3175354|0.13987732
1509412125041|0.07345581|0.005050659|0.0131073
1509412125169|0.07701111|-0.0549469|-0.06997681
1509412125286|0.06813049|0.13182068|-0.040145874
1509412125403|0.19525146|0.03488159|-0.26350403
1509412125528|0.009185791|-0.13555908|-0.056121826
1509412125647|-0.4481659|-0.20054626|0.05821228
1509412125778|-0.2557068|-0.37454224|0.1856842
1509412125887|-0.062179565|-0.016967773|0.15657043
1509412126003|-0.42863464|-0.2033844|0.31103516
1509412126122|-0.20385742|-2.746582E-4|0.1579895
1509412126242|-0.23155212|0.04020691|0.0791626
1509412126362|0.059265137|-0.07910156|-0.022750854
1509412126484|-0.038391113|-0.08016968|-0.009963989
1509412126617|-0.47799683|-0.25628662|-0.05328369
1509412126728|0.11428833|0.25752258|-0.028427124
1509412126843|0.115722656|0.010391235|-0.0021514893
1509412126961|-0.009277344|0.06506348|0.01133728
1509412127082|0.1462555|-0.009155273|-0.001449585
1509412127207|-0.38745117|-0.20941162|-0.43643188
1509412127322|0.38771057|1.0823975|-0.7343445
1509412127442|1.1056976|0.3409729|-0.15093994
1509412127562|0.19845581|-0.20124817|-0.03517151
1509412127687|0.3664093|0.45140076|0.0124053955
1509412127806|0.074523926|0.5930786|-0.42399597
1509412127931|0.43067932|0.19857788|-0.54081726
1509412128043|-1.0784454|-0.28860474|0.13278198
1509412128164|0.23147583|-0.36317444|0.045074463
1509412128283|-0.067871094|-0.40151978|0.47436523
1509412128405|-0.47906494|-0.3869629|0.7030487
1509412128525|-0.08454895|-0.48034668|0.47792053
1509412128650|0.71261597|-0.013046265|0.21658325
1509412128765|0.08695984|0.18153381|-0.21592712
1509412128886|-0.53622437|0.3832245|0.20947266
1509412129003|-0.04727173|-0.05104065|0.104019165
1509412129123|0.07524109|0.0022125244|0.027679443
1509412129247|0.043273926|0.01676941|0.019866943
1509412129366|0.0077667236|0.011810303|-0.028427124
1509412129487|-0.18434143|-0.048217773|0.10046387
1509412129612|-0.0046539307|-0.023345947|0.036193848
1509412129726|-0.025253296|0.0107421875|0.002105713
1509412129842|-0.13319397|0.0025787354|0.0077819824
1509412129965|0.32876587|0.028137207|-0.26704407
1509412130088|-0.06289673|0.009674072|0.10473633
1509412130204|-0.15628052|-0.24102783|-0.09625244
1509412130327|0.11039734|-0.1763916|-0.12004089
1509412130450|0.032974243|-0.058502197|0.09158325
1509412130569|-0.05331421|0.01676941|0.05253601
1509412130686|0.053222656|-0.046081543|0.022354126
1509412130807|-0.059692383|0.0036315918|-0.04547119
1509412130926|0.06742859|-0.041107178|0.035476685
1509412131045|-0.0039520264|0.0107421875|0.0013885498
1509412131174|0.05961609|-0.01802063|0.0017547607
1509412131293|-0.030929565|-0.009506226|0.05644226
1509412131407|0.05180359|-0.022994995|0.06460571
1509412131528|0.021972656|0.0039978027|-0.08097839
1509412131644|0.04824829|0.02494812|0.017730713
1509412131771|0.0066986084|0.014282227|-0.12110901
1509412131887|-0.13851929|-0.0038146973|0.04437256
1509412132006|0.05783081|0.017486572|-0.077438354
1509412132129|-0.05189514|0.020324707|-0.0071258545
1509412132248|0.022323608|0.01890564|-0.05116272
1509412132363|-0.025970459|0.0036315918|0.011703491
1509412132483|0.016296387|0.028137207|-0.06500244
1509412132604|0.06352234|0.08531189|-0.035888672
1509412132725|-0.16586304|0.007537842|-0.11755371
1509412132858|0.35255432|-0.032226562|-0.12075806
1509412132966|0.02268982|0.04020691|-0.11010742
1509412133085|-0.106918335|0.21739197|-0.022750854
1509412133204|0.07772827|-0.056365967|0.07702637
1509412133331|-0.10231018|0.024230957|-0.004989624
1509412133444|-0.002532959|-0.024414062|0.03477478
1509412133565|-0.17474365|0.0022125244|-0.013153076
1509412133686|0.21905518|-0.09011841|0.053588867
1509412133811|-0.08917236|0.013580322|0.031219482
1509412133925|0.047180176|0.050857544|0.051818848
1509412134047|0.12281799|-0.04145813|-0.013168335
1509412134164|-0.04371643|-0.044662476|0.11395264
1509412134284|-0.09378052|-0.11886597|0.070632935
1509412134406|0.016296387|-0.13130188|0.13064575
1509412134525|-0.15841675|-0.2665863|0.12213135
1509412134643|0.015930176|-0.065963745|-3.0517578E-5
1509412134766|-0.17793274|-0.09791565|-0.018844604
1509412134890|0.04257202|-0.010559082|-0.11187744
1509412135007|0.03794861|-0.08016968|-0.041915894
1509412135124|0.18850708|0.05050659|-0.029144287
1509412135245|0.12602234|-0.0048828125|-0.045822144
1509412135364|-0.076034546|0.2507782|-0.07849121
1509412135485|0.32806396|-0.09472656|-0.07246399
1509412135607|-0.30718994|0.2315979|-0.053634644
1509412135733|0.35150146|-0.06845093|-0.071395874
1509412135846|-0.048690796|0.02067566|-0.01991272
1509412135967|-0.006790161|0.018554688|-0.05718994
1509412136096|0.25172424|0.16732788|-0.3316803
1509412136208|-0.20954895|-0.036849976|-0.019561768
1509412136328|-0.03378296|0.021392822|-0.030212402
1509412136444|0.060317993|0.03878784|-0.10192871
1509412136565|-0.011764526|-0.056732178|0.0049438477
1509412136691|0.17678833|-0.08761597|0.060333252
1509412136805|-0.15379333|-0.06384277|0.20202637
1509412136927|-0.040878296|0.043762207|0.07595825
1509412137045|0.005279541|-0.054244995|0.061401367
1509412137166|-0.1708374|0.04978943|0.12638855
1509412137284|0.060317993|-0.046081543|-0.00819397
1509412137413|-0.06929016|-0.11105347|0.23895264
1509412137531|-0.06538391|-0.03187561|0.1182251
1509412137650|-0.04550171|0.007537842|-0.07246399
1509412137765|-0.062179565|0.0057678223|0.029800415
1509412137892|0.085876465|-0.081588745|0.096206665
1509412138008|-0.07531738|0.027770996|-0.09732056
1509412138130|0.009552002|-0.02619934|0.15550232
1509412138246|0.07807922|0.039138794|-0.19390869
1509412138365|0.052856445|-0.08016968|0.18995667
1509412138485|-0.15592957|0.04978943|-0.12359619
1509412138611|-0.048690796|-0.040039062|0.0642395
1509412138727|-0.5514984|0.28912354|0.0038909912
1509412138850|0.5609894|-0.17071533|-0.001449585
1509412138969|-0.39596558|0.09310913|-0.027359009
1509412139085|-0.36506653|-0.055664062|0.1729126
1509412139210|-0.16693115|-0.10253906|0.279068
1509412139331|-0.13426208|0.06222534|-0.0110321045
1509412139445|-0.026672363|0.02885437|0.0045928955
1509412139568|-0.17829895|-0.16645813|0.087677
1509412139691|0.08872986|-0.028320312|0.019500732
1509412139808|0.2715912|-0.11495972|0.045425415
1509412139925|-0.09378052|0.33564758|0.043655396
1509412140046|-0.19711304|-0.20480347|-0.033050537
1509412140165|0.013458252|-0.052108765|0.041168213
1509412140294|-0.018859863|-0.016601562|-0.05683899
1509412140404|0.099731445|0.017837524|-0.14099121
1509412140535|-0.023483276|-0.08477783|-0.06037903
1509412140648|0.4129181|-0.01411438|-0.2336731
1509412140765|0.15193176|0.21385193|-0.4215088
1509412140889|0.19348145|0.0068359375|-0.054000854
1509412141011|0.047546387|0.04588318|-0.15022278
1509412141126|-0.07461548|-0.00630188|-0.046539307
1509412141247|0.20982361|0.11442566|-0.14064026
1509412141371|-0.09414673|0.2784729|-0.0110321045
1509412141488|0.0031585693|0.010375977|-0.007843018
1509412141607|-0.338089|0.24403381|0.16331482
1509412141727|0.18885803|-0.101119995|0.024124146
1509412141849|-0.46343994|0.40808105|0.08804321
1509412141970|0.25561523|-0.087265015|-0.059326172
1509412142091|-0.6033478|0.054763794|0.17965698
1509412142215|0.14802551|-0.11532593|0.2481842
1509412142330|-0.21913147|-0.016952515|0.1849823
1509412142447|-0.14137268|-0.22077942|0.20521545
1509412142572|-0.24398804|-0.14160156|0.18284607
1509412142694|-0.19534302|-0.019805908|0.1537323
1509412142806|0.10293579|-0.1018219|0.1182251
1509412142927|0.031906128|0.011444092|-0.0692749
1509412143048|0.017349243|-0.0055999756|-0.063583374
1509412143166|-0.06750488|-0.0126953125|0.031219482
1509412143287|0.04576111|0.026000977|-0.2059784
1509412143411|0.05392456|0.046951294|-0.15519714
