1509505529467|0.095342435|-0.08172209|9.80665
1509505529602|0.095342435|-0.08172209|9.80665
1509505529730|0.095342435|-0.08172209|9.80665
1509505529861|0.095342435|-0.08172209|9.80665
1509505529992|0.095342435|-0.08172209|9.80665
1509505530125|0.095342435|-0.08172209|9.80665
1509505530257|0.095342435|-0.08172209|9.80665
1509505530388|0.095342435|-0.08172209|9.80665
1509505530521|0.095342435|-0.08172209|9.80665
1509505530653|0.08172209|-0.08172209|9.80665
1509505530786|0.095342435|-0.08172209|9.80665
1509505530917|0.095342435|-0.08172209|9.80665
1509505531050|0.095342435|-0.08172209|9.80665
1509505531180|0.095342435|-0.08172209|9.80665
1509505531313|0.095342435|-0.08172209|9.80665
1509505531445|0.095342435|-0.08172209|9.80665
1509505531578|0.095342435|-0.08172209|9.80665
1509505531709|0.095342435|-0.08172209|9.80665
1509505531844|0.095342435|-0.08172209|9.80665
1509505531974|0.10896278|-0.08172209|9.80665
1509505532106|0.10896278|-0.08172209|9.80665
1509505532237|0.10896278|-0.08172209|9.80665
1509505532370|0.10896278|-0.08172209|9.80665
1509505532501|0.095342435|-0.08172209|9.80665
1509505532633|0.095342435|-0.095342435|9.80665
1509505532766|0.095342435|-0.095342435|9.80665
1509505532897|0.095342435|-0.095342435|9.80665
1509505533030|0.095342435|-0.095342435|9.80665
1509505533162|0.095342435|-0.08172209|9.80665
1509505533294|0.095342435|-0.08172209|9.80665
1509505533426|0.08172209|-0.08172209|9.80665
1509505533557|0.08172209|-0.08172209|9.80665
1509505533689|0.08172209|-0.08172209|9.80665
1509505533821|0.08172209|-0.08172209|9.80665
1509505533953|0.095342435|-0.08172209|9.80665
1509505534086|0.095342435|-0.08172209|9.80665
1509505534217|0.095342435|-0.08172209|9.80665
1509505534349|0.095342435|-0.08172209|9.80665
1509505534482|0.095342435|-0.08172209|9.80665
1509505534613|0.095342435|-0.08172209|9.80665
1509505534746|0.095342435|-0.08172209|9.80665
1509505534881|0.095342435|-0.08172209|9.80665
1509505535009|0.095342435|-0.08172209|9.80665
1509505535143|0.095342435|-0.08172209|9.80665
1509505535273|0.095342435|-0.08172209|9.80665
1509505535407|0.095342435|-0.08172209|9.80665
1509505535538|0.095342435|-0.08172209|9.80665
1509505535670|0.095342435|-0.08172209|9.80665
1509505535801|0.10896278|-0.08172209|9.80665
1509505535934|0.10896278|-0.08172209|9.80665
1509505536066|0.10896278|-0.08172209|9.80665
1509505536197|0.10896278|-0.08172209|9.80665
1509505536330|0.10896278|-0.08172209|9.80665
1509505536461|0.10896278|-0.08172209|9.80665
1509505536594|0.10896278|-0.08172209|9.80665
1509505536725|0.10896278|-0.08172209|9.80665
1509505536857|0.10896278|-0.08172209|9.80665
1509505536989|0.095342435|-0.08172209|9.80665
1509505537121|0.095342435|-0.08172209|9.80665
1509505537254|0.095342435|-0.08172209|9.80665
1509505537386|0.095342435|-0.08172209|9.80665
1509505537517|0.095342435|-0.08172209|9.80665
1509505537649|0.095342435|-0.08172209|9.80665
1509505537781|0.095342435|-0.08172209|9.80665
1509505537913|0.095342435|-0.08172209|9.80665
1509505538045|0.095342435|-0.08172209|9.80665
1509505538177|0.095342435|-0.08172209|9.80665
1509505538314|0.095342435|-0.08172209|9.80665
1509505538442|0.095342435|-0.08172209|9.80665
1509505538573|0.095342435|-0.08172209|9.80665
1509505538705|0.10896278|-0.095342435|9.80665
1509505538837|0.10896278|-0.095342435|9.80665
1509505538970|0.10896278|-0.095342435|9.80665
1509505539102|0.10896278|-0.095342435|9.80665
1509505539233|0.10896278|-0.095342435|9.80665
1509505539365|0.10896278|-0.095342435|9.80665
1509505539497|0.10896278|-0.095342435|9.80665
1509505539629|0.10896278|-0.095342435|9.80665
1509505539762|0.10896278|-0.095342435|9.80665
1509505539893|0.10896278|-0.095342435|9.80665
1509505540026|0.10896278|-0.095342435|9.80665
1509505540157|0.10896278|-0.095342435|9.80665
1509505540289|0.10896278|-0.095342435|9.80665
1509505540422|0.10896278|-0.095342435|9.80665
1509505540553|0.10896278|-0.095342435|9.80665
1509505540687|0.095342435|-0.08172209|9.80665
1509505540818|0.095342435|-0.08172209|9.80665
1509505540950|0.095342435|-0.08172209|9.80665
1509505541081|0.095342435|-0.08172209|9.80665
1509505541213|0.095342435|-0.068101734|9.80665
1509505541353|0.095342435|-0.068101734|9.80665
1509505541478|0.095342435|-0.068101734|9.80665
1509505541609|0.08172209|-0.068101734|9.80665
1509505541742|0.08172209|-0.068101734|9.80665
1509505541872|0.08172209|-0.068101734|9.80665
1509505542006|0.08172209|-0.068101734|9.80665
1509505542138|0.08172209|-0.068101734|9.80665
1509505542270|0.08172209|-0.068101734|9.80665
1509505542402|0.08172209|-0.068101734|9.80665
1509505542534|0.08172209|-0.068101734|9.80665
1509505542666|0.08172209|-0.068101734|9.80665
1509505542798|0.08172209|-0.068101734|9.80665
1509505542930|0.08172209|-0.068101734|9.80665
1509505543062|0.08172209|-0.068101734|9.80665
1509505543194|0.08172209|-0.068101734|9.80665
1509505543326|0.08172209|-0.068101734|9.80665
1509505543457|0.08172209|-0.068101734|9.80665
1509505543590|0.08172209|-0.068101734|9.80665
1509505543721|0.068101734|-0.05448139|9.80665
1509505543854|0.08172209|-0.068101734|9.80665
1509505543986|0.08172209|-0.068101734|9.80665
1509505544118|0.08172209|-0.068101734|9.80665
1509505544250|0.08172209|-0.068101734|9.80665
1509505544382|0.08172209|-0.08172209|9.80665
1509505544514|0.08172209|-0.08172209|9.80665
1509505544646|0.08172209|-0.08172209|9.80665
1509505544779|0.08172209|-0.08172209|9.80665
1509505544910|0.095342435|-0.08172209|9.80665
1509505545041|0.095342435|-0.08172209|9.80665
1509505545173|0.095342435|-0.08172209|9.80665
1509505545306|0.095342435|-0.08172209|9.80665
1509505545438|0.095342435|-0.08172209|9.80665
1509505545570|0.095342435|-0.12258312|9.80665
1509505545701|0.095342435|-0.12258312|9.80665
1509505545833|0.095342435|-0.10896278|9.80665
1509505545965|0.095342435|-0.095342435|9.80665
1509505546098|0.095342435|-0.095342435|9.80665
1509505546230|0.095342435|-0.095342435|9.80665
1509505546361|0.095342435|-0.08172209|9.80665
1509505546493|0.095342435|-0.08172209|9.80665
1509505546625|0.08172209|-0.08172209|9.80665
1509505546767|0.08172209|-0.08172209|9.80665
1509505546889|0.08172209|-0.08172209|9.80665
1509505547022|0.095342435|-0.08172209|9.80665
1509505547154|0.08172209|-0.08172209|9.80665
1509505547286|0.095342435|-0.095342435|9.80665
1509505547417|0.08172209|-0.095342435|9.80665
1509505547550|0.095342435|-0.08172209|9.80665
1509505547682|0.095342435|-0.08172209|9.80665
1509505547814|0.095342435|-0.08172209|9.80665
1509505547946|0.095342435|-0.08172209|9.80665
1509505548079|0.095342435|-0.08172209|9.80665
1509505548211|0.095342435|-0.08172209|9.80665
1509505548342|0.095342435|-0.08172209|9.80665
1509505548474|0.095342435|-0.08172209|9.80665
1509505548606|0.10896278|-0.095342435|9.80665
1509505548738|0.10896278|-0.095342435|9.80665
1509505548870|0.10896278|-0.095342435|9.80665
1509505549002|0.10896278|-0.095342435|9.80665
1509505549134|0.10896278|-0.095342435|9.80665
1509505549266|0.10896278|-0.095342435|9.80665
1509505549398|0.10896278|-0.095342435|9.80665
1509505549530|0.10896278|-0.095342435|9.80665
1509505549662|0.10896278|-0.095342435|9.80665
1509505549794|0.10896278|-0.095342435|9.80665
1509505549931|0.10896278|-0.095342435|9.80665
1509505550058|0.10896278|-0.095342435|9.80665
1509505550190|0.10896278|-0.095342435|9.80665
1509505550322|0.10896278|-0.095342435|9.80665
1509505550454|0.10896278|-0.095342435|9.80665
1509505550585|0.10896278|-0.095342435|9.80665
1509505550719|0.10896278|-0.095342435|9.80665
1509505550850|0.095342435|-0.095342435|9.80665
1509505550982|0.095342435|-0.095342435|9.80665
1509505551114|0.095342435|-0.08172209|9.80665
1509505551246|0.095342435|-0.08172209|9.80665
1509505551379|0.095342435|-0.08172209|9.80665
1509505551509|0.095342435|-0.08172209|9.80665
1509505551641|0.095342435|-0.08172209|9.80665
1509505551775|0.095342435|-0.08172209|9.80665
1509505551906|0.095342435|-0.095342435|9.80665
1509505552038|0.095342435|-0.08172209|9.80665
1509505552170|0.095342435|-0.08172209|9.80665
1509505552302|0.095342435|-0.08172209|9.80665
1509505552433|0.08172209|-0.08172209|9.80665
1509505552566|0.08172209|-0.08172209|9.80665
1509505552698|0.095342435|-0.095342435|9.80665
1509505552830|0.095342435|-0.08172209|9.80665
1509505552961|0.08172209|-0.08172209|9.80665
1509505553094|0.095342435|-0.095342435|9.80665
1509505553228|0.095342435|-0.08172209|9.80665
1509505553358|0.095342435|-0.08172209|9.80665
1509505553489|0.095342435|-0.08172209|9.80665
1509505553622|0.08172209|-0.08172209|9.80665
1509505553753|0.095342435|-0.08172209|9.80665
1509505553886|0.08172209|-0.08172209|9.80665
1509505554018|0.08172209|-0.08172209|9.80665
1509505554150|0.095342435|-0.08172209|9.80665
1509505554282|0.095342435|-0.08172209|9.80665
1509505554414|0.10896278|-0.08172209|9.80665
1509505554546|0.10896278|-0.08172209|9.80665
1509505554678|0.10896278|-0.08172209|9.80665
1509505554812|0.10896278|-0.08172209|9.80665
1509505554943|0.10896278|-0.08172209|9.80665
1509505555074|0.10896278|-0.08172209|9.80665
1509505555206|0.10896278|-0.08172209|9.80665
1509505555338|0.10896278|-0.08172209|9.80665
1509505555470|0.10896278|-0.08172209|9.80665
1509505555602|0.10896278|-0.08172209|9.80665
1509505555733|0.10896278|-0.08172209|9.80665
1509505555866|0.10896278|-0.08172209|9.80665
1509505555997|0.10896278|-0.08172209|9.80665
1509505556129|0.10896278|-0.08172209|9.80665
1509505556261|0.095342435|-0.08172209|9.80665
1509505556393|0.095342435|-0.08172209|9.80665
1509505556526|0.095342435|-0.08172209|9.80665
1509505556658|0.095342435|-0.08172209|9.80665
1509505556791|0.095342435|-0.08172209|9.80665
1509505556922|0.095342435|-0.08172209|9.80665
1509505557054|0.095342435|-0.08172209|9.80665
1509505557185|0.095342435|-0.095342435|9.80665
1509505557317|0.095342435|-0.095342435|9.80665
1509505557453|0.10896278|-0.095342435|9.80665
1509505557582|0.10896278|-0.095342435|9.80665
1509505557714|0.10896278|-0.095342435|9.80665
1509505557847|0.10896278|-0.095342435|9.80665
1509505557978|0.095342435|-0.095342435|9.80665
1509505558111|0.08172209|-0.095342435|9.80665
1509505558241|0.095342435|-0.08172209|9.80665
1509505558373|0.095342435|-0.08172209|9.80665
1509505558506|0.095342435|-0.08172209|9.80665
1509505558638|0.095342435|-0.095342435|9.80665
1509505558770|0.095342435|-0.095342435|9.80665
1509505558902|0.095342435|-0.095342435|9.80665
1509505559035|0.095342435|-0.08172209|9.80665
1509505559166|0.10896278|-0.095342435|9.80665
1509505559298|0.10896278|-0.08172209|9.80665
1509505559430|0.10896278|-0.08172209|9.80665
1509505559562|0.10896278|-0.10896278|9.80665
1509505559694|0.10896278|-0.10896278|9.80665
1509505559827|0.10896278|-0.10896278|9.80665
1509505559959|0.10896278|-0.10896278|9.80665
1509505560089|0.10896278|-0.10896278|9.80665
1509505560221|0.10896278|-0.095342435|9.80665
1509505560354|0.10896278|-0.095342435|9.80665
1509505560485|0.10896278|-0.095342435|9.80665
1509505560618|0.10896278|-0.095342435|9.80665
1509505560750|0.10896278|-0.08172209|9.80665
1509505560882|0.095342435|-0.08172209|9.80665
1509505561014|0.095342435|-0.08172209|9.80665
1509505561145|0.095342435|-0.08172209|9.80665
1509505561278|0.095342435|-0.08172209|9.80665
1509505561420|0.095342435|-0.08172209|9.80665
1509505561540|0.095342435|-0.08172209|9.80665
1509505561674|0.095342435|-0.08172209|9.80665
1509505561806|0.095342435|-0.08172209|9.80665
1509505561939|0.08172209|-0.08172209|9.80665
1509505562069|0.08172209|-0.08172209|9.80665
1509505562202|0.08172209|-0.08172209|9.80665
1509505562334|0.095342435|-0.095342435|9.80665
1509505562468|0.08172209|-0.095342435|9.80665
1509505562598|0.095342435|-0.08172209|9.80665
1509505562730|0.095342435|-0.095342435|9.80665
1509505562862|0.08172209|-0.095342435|9.80665
1509505562994|0.08172209|-0.095342435|9.80665
1509505563127|0.08172209|-0.095342435|9.80665
1509505563258|0.08172209|-0.095342435|9.80665
1509505563390|0.095342435|-0.095342435|9.80665
1509505563522|0.095342435|-0.08172209|9.80665
1509505563654|0.095342435|-0.095342435|9.80665
1509505563786|0.08172209|-0.08172209|9.80665
1509505563918|0.08172209|-0.08172209|9.80665
1509505564050|0.095342435|-0.095342435|9.80665
1509505564205|0.095342435|-0.095342435|9.80665
1509505564313|0.10896278|-0.10896278|9.80665
1509505564446|0.10896278|-0.10896278|9.80665
1509505564578|0.10896278|-0.10896278|9.80665
1509505564711|0.10896278|-0.095342435|9.80665
1509505564841|0.10896278|-0.095342435|9.80665
1509505564974|0.095342435|-0.095342435|9.80665
1509505565105|0.095342435|-0.095342435|9.80665
1509505565238|0.095342435|-0.095342435|9.80665
1509505565370|0.095342435|-0.095342435|9.80665
1509505565502|0.095342435|-0.095342435|9.80665
1509505565633|0.095342435|-0.08172209|9.80665
1509505565765|0.10896278|-0.08172209|9.80665
1509505565898|0.10896278|-0.08172209|9.80665
1509505566030|0.10896278|-0.08172209|9.80665
1509505566162|0.10896278|-0.08172209|9.80665
1509505566294|0.10896278|-0.08172209|9.80665
1509505566436|0.10896278|-0.08172209|9.80665
1509505566558|0.10896278|-0.08172209|9.80665
1509505566690|0.10896278|-0.08172209|9.80665
1509505566821|0.10896278|-0.08172209|9.80665
1509505566953|0.095342435|-0.08172209|9.80665
1509505567085|0.095342435|-0.08172209|9.80665
1509505567218|0.08172209|-0.095342435|9.80665
1509505567350|0.08172209|-0.095342435|9.80665
1509505567481|0.08172209|-0.08172209|9.80665
1509505567614|0.08172209|-0.08172209|9.80665
1509505567746|0.095342435|-0.08172209|9.80665
1509505567878|0.095342435|-0.095342435|9.80665
1509505568010|0.095342435|-0.095342435|9.80665
1509505568142|0.095342435|-0.08172209|9.80665
1509505568273|0.095342435|-0.095342435|9.80665
1509505568406|0.095342435|-0.095342435|9.80665
1509505568537|0.095342435|-0.095342435|9.80665
1509505568668|0.095342435|-0.095342435|9.80665
1509505568801|0.095342435|-0.08172209|9.80665
1509505568934|0.095342435|-0.08172209|9.80665
1509505569066|0.095342435|-0.08172209|9.80665
1509505569198|0.095342435|-0.08172209|9.80665
1509505569333|0.095342435|-0.068101734|9.80665
1509505569462|0.095342435|-0.068101734|9.80665
1509505569594|0.10896278|-0.095342435|9.80665
1509505569726|0.10896278|-0.08172209|9.80665
1509505569858|0.10896278|-0.08172209|9.80665
1509505569990|0.095342435|-0.08172209|9.80665
1509505570122|0.095342435|-0.08172209|9.80665
1509505570254|0.095342435|-0.08172209|9.80665
1509505570386|0.095342435|-0.08172209|9.80665
1509505570518|0.095342435|-0.08172209|9.80665
1509505570649|0.095342435|-0.08172209|9.80665
