1509091674646|-5.64|-49.68|-4.7999997
1509091674778|-5.64|-50.039997|-4.98
1509091674910|-5.64|-50.039997|-4.98
1509091675042|-5.2799997|-49.92|-4.2
1509091675173|-5.1|-50.28|-3.12
1509091675306|-4.68|-50.52|-1.9799999
1509091675437|-4.14|-50.52|-1.1999999
1509091675570|-3.3|-50.7|-0.53999996
1509091675702|-2.9399998|-50.579998|-0.12
1509091675834|-2.58|-50.28|-0.24
1509091675967|-2.28|-49.98|-0.06
1509091676100|-2.1|-49.8|-0.59999996
1509091676230|-1.8|-49.8|-0.59999996
1509091676363|-1.26|-49.5|-0.29999998
1509091676494|-0.71999997|-49.559998|0.17999999
1509091676628|-0.48|-49.62|1.3199999
1509091676758|0.12|-49.8|1.56
1509091676890|0.06|-49.739998|2.04
1509091677022|0.12|-50.1|1.86
1509091677154|-0.24|-50.28|1.26
1509091677286|-0.84|-50.1|0.9
1509091677419|-1.02|-50.039997|0.78
1509091677549|-0.9|-49.92|0.65999997
1509091677683|-0.84|-49.92|0.65999997
1509091677814|-0.71999997|-49.62|0.71999997
1509091677945|-0.84|-49.98|0.48
1509091678078|-1.26|-50.1|0.29999998
1509091678210|-1.14|-50.1|0.12
1509091678342|-0.9|-50.34|0.84
1509091678474|-0.12|-50.34|1.62
1509091678607|0.65999997|-50.879997|2.82
1509091678738|1.4399999|-51.239998|3.4199998
1509091678870|2.28|-51.539997|3.48
1509091679001|2.58|-51.719997|3.6
1509091679133|3.0|-51.059998|3.6
1509091679265|3.1799998|-50.7|3.6599998
1509091679401|3.0|-50.52|3.36
1509091679529|2.7|-50.46|2.3999999
1509091679661|2.04|-50.28|1.3199999
1509091679904|1.74|-50.399998|0.96
1509091679991|0.35999998|-50.1|0.24
1509091680123|0.35999998|-50.28|0.48
1509091680256|0.29999998|-50.28|0.35999998
1509091680389|0.65999997|-50.28|0.35999998
1509091680520|0.48|-50.94|0.35999998
1509091680652|0.84|-50.94|0.35999998
1509091680785|1.3199999|-50.64|0.48
1509091680916|1.56|-50.64|0.71999997
1509091681048|1.8|-50.34|0.71999997
1509091681180|1.68|-50.64|0.48
1509091681312|1.68|-50.94|0.48
1509091681449|1.68|-51.059998|0.29999998
1509091681575|1.62|-50.94|0.24
1509091681708|2.1|-50.64|0.53999996
1509091681839|1.92|-50.64|0.71999997
1509091681971|1.92|-50.82|1.0799999
1509091682103|2.34|-51.3|1.38
1509091682235|2.3999999|-51.78|1.62
1509091682367|2.76|-52.14|2.1599998
1509091682499|3.06|-52.199997|2.52
1509091682631|3.06|-52.32|2.8799999
1509091682763|3.06|-51.96|2.6399999
1509091682895|2.8799999|-51.48|2.34
1509091683031|2.3999999|-51.36|1.38
1509091683159|1.4399999|-50.7|0.35999998
1509091683291|0.65999997|-50.52|-0.24
1509091683424|-0.12|-50.46|-1.02
1509091683555|-1.02|-49.8|-1.9799999
1509091683687|-1.0799999|-49.98|-2.52
1509091683819|-1.86|-49.98|-3.12
1509091683951|-1.92|-50.1|-3.54
1509091684083|-1.8|-50.399998|-3.1799998
1509091684216|-2.7|-50.1|-3.72
1509091684347|-3.1799998|-49.86|-4.56
1509091684479|-4.56|-49.32|-5.8199997
1509091684611|-6.12|-49.079998|-7.44
1509091684743|-6.3599997|-48.96|-8.22
1509091684875|-6.6|-49.079998|-8.46
