1509412124439|1.8173218|29.771423|-41.95099
1509412124521|1.0787964|29.49524|-42.251587
1509412124640|-0.08544922|31.021118|-43.31665
1509412124790|2.3773193|32.10907|-42.062378
1509412124900|3.6026|31.05774|-42.88788
1509412124982|3.491211|30.586243|-41.39099
1509412125096|3.3966064|29.638672|-43.49518
1509412125247|3.8650513|28.813171|-41.836548
1509412125365|3.88031|29.54712|-43.933105
1509412125517|3.239441|29.01764|-43.000793
1509412125632|2.909851|30.838013|-43.09082
1509412125797|2.4505615|30.230713|-43.597412
1509412125903|2.3590088|31.069946|-43.032837
1509412126055|2.720642|31.437683|-41.053772
1509412126170|2.5634766|31.736755|-41.636658
1509412126323|3.5552979|32.408142|-42.08069
1509412126439|2.4246216|32.8537|-41.4032
1509412126595|0.36773682|34.432983|-41.542053
1509412126708|1.4572144|35.125732|-40.19928
1509412126861|0.85754395|35.494995|-41.055298
1509412126977|1.3809204|35.41565|-39.81018
1509412127132|0.25787354|34.536743|-41.49933
1509412127246|-0.50964355|36.956787|-40.400696
1509412127361|-0.032043457|38.07373|-39.08539
1509412127515|0.7369995|30.639648|-41.31775
1509412127631|2.268982|28.031921|-43.215942
1509412127784|4.1488647|27.578735|-41.462708
1509412127902|5.8929443|28.526306|-41.111755
1509412128055|5.6152344|32.011414|-42.36145
1509412128170|6.718445|32.167053|-40.13977
1509412128323|3.9016724|30.558777|-40.412903
1509412128438|2.56958|30.53894|-40.83252
1509412128598|2.4414062|29.005432|-43.000793
1509412128710|0.67749023|24.27826|-43.632507
1509412128863|2.583313|25.869751|-42.356873
1509412128977|1.8035889|28.430176|-42.72461
1509412129130|0.18005371|26.748657|-42.658997
1509412129249|0.9689331|26.274109|-42.407227
1509412129362|2.015686|26.974487|-40.81726
1509412129515|2.0339966|27.671814|-41.159058
1509412129631|1.3946533|28.367615|-40.682983
1509412129787|2.0248413|28.68805|-40.812683
1509412129901|1.9104004|28.353882|-40.58838
1509412129987|2.7236938|26.905823|-40.756226
1509412130130|1.4953613|28.22113|-42.027283
1509412130247|2.3864746|30.783081|-41.218567
1509412130328|1.4389038|30.151367|-40.455627
1509412130438|1.3626099|29.800415|-40.98053
1509412130593|2.3620605|30.844116|-41.584778
1509412130712|0.83465576|29.571533|-43.234253
1509412130862|0.69122314|29.80957|-42.54608
1509412130976|0.9170532|30.401611|-41.5802
1509412131130|1.3717651|28.614807|-42.25464
1509412131246|1.133728|28.80249|-41.06903
1509412131361|-0.25787354|28.559875|-41.685486
1509412131515|1.0864258|29.367065|-43.081665
1509412131631|0.6149292|29.58374|-41.653442
1509412131783|0.3555298|29.36554|-42.689514
1509412131906|1.5350342|28.294373|-42.50641
1509412132054|0.9124756|29.536438|-42.515564
1509412132168|1.0177612|29.85382|-41.619873
1509412132249|1.0421753|29.125977|-42.01355
1509412132330|1.8127441|30.323792|-41.4032
1509412132439|1.4221191|29.61731|-41.867065
1509412132591|2.0950317|29.188538|-42.55829
1509412132707|4.0496826|32.18994|-40.194702
1509412132861|2.4215698|29.244995|-42.225647
1509412132975|1.8051147|30.133057|-43.800354
1509412133130|3.8101196|30.74646|-41.879272
1509412133245|2.1865845|28.999329|-41.004944
1509412133403|3.2653809|28.591919|-41.664124
1509412133515|2.56958|31.382751|-41.427612
1509412133634|3.5842896|30.769348|-42.018127
1509412133784|2.9403687|30.030823|-42.41638
1509412133898|2.4337769|29.821777|-43.499756
1509412134054|3.1478882|30.651855|-42.836
1509412134167|1.3519287|29.907227|-43.156433
1509412134321|0.5508423|30.282593|-43.08014
1509412134436|0.3189087|29.315186|-44.01245
1509412134593|-0.8041382|29.362488|-44.932556
1509412134706|-2.0767212|28.756714|-44.61212
1509412134860|-1.6906738|29.302979|-44.76776
1509412134977|-2.684021|28.689575|-44.682312
1509412135130|-2.9129028|27.92511|-44.480896
1509412135248|-3.7887573|27.278137|-46.418762
1509412135398|-2.104187|28.22113|-44.937134
1509412135514|-3.9108276|26.367188|-45.39337
1509412135634|-3.7368774|27.651978|-46.105957
1509412135783|-3.842163|25.238037|-44.433594
1509412135898|-4.019165|26.115417|-45.93506
1509412135983|-4.8309326|25.842285|-45.240784
1509412136128|-2.696228|26.26648|-46.115112
1509412136243|-2.1850586|26.730347|-45.507812
1509412136405|-3.2806396|25.177002|-45.010376
1509412136517|-3.9047241|26.365662|-45.27588
1509412136628|-4.5318604|26.438904|-45.487976
1509412136710|-4.5272827|25.180054|-45.81299
1509412136858|-4.460144|27.262878|-44.151306
1509412136975|-5.635071|25.100708|-45.422363
1509412137128|-5.050659|25.827026|-45.237732
1509412137248|-5.1620483|26.835632|-44.673157
1509412137398|-6.651306|23.953247|-46.289062
1509412137513|-6.1904907|26.042175|-44.596863
1509412137629|-6.5994263|26.016235|-44.66858
1509412137711|-6.616211|24.168396|-44.622803
1509412137859|-5.6396484|25.161743|-44.787598
1509412137975|-6.3430786|25.848389|-42.362976
1509412138135|-6.7962646|23.771667|-42.591858
1509412138244|-7.6324463|24.717712|-42.816162
1509412138398|-5.393982|24.143982|-43.377686
1509412138514|-5.934143|25.831604|-43.121338
1509412138667|-6.4712524|24.153137|-43.833923
1509412138790|-4.3548584|26.820374|-41.888428
1509412138898|-4.373169|25.860596|-43.30597
1509412139053|-4.420471|26.724243|-42.63611
1509412139172|-4.7180176|29.62799|-42.23633
1509412139322|-3.312683|29.257202|-40.289307
1509412139437|-2.1759033|30.432129|-40.634155
1509412139590|-2.8762817|30.895996|-41.159058
1509412139709|-2.1469116|30.760193|-41.282654
1509412139859|-2.1835327|29.898071|-42.13562
1509412139975|-2.3895264|28.871155|-43.25714
1509412140126|-3.2104492|30.60608|-42.881775
1509412140244|-3.0807495|29.771423|-43.655396
1509412140397|-3.17688|28.578186|-43.90869
1509412140514|-4.260254|30.60913|-46.157837
1509412140666|-6.2835693|26.412964|-46.177673
1509412140781|-5.181885|28.320312|-47.32361
1509412140897|-6.7855835|26.74408|-47.73407
1509412141051|-7.0770264|25.593567|-47.598267
1509412141166|-6.9900513|25.944519|-48.651123
1509412141322|-6.819153|25.050354|-47.87903
1509412141439|-6.0897827|23.680115|-47.68524
1509412141589|-6.8511963|24.09668|-48.327637
1509412141671|-5.7785034|23.977661|-48.48938
1509412141782|-8.061218|22.662354|-46.94519
1509412141896|-6.704712|22.994995|-46.739197
1509412141977|-8.251953|21.577454|-46.818542
1509412142128|-7.739258|23.15979|-46.11206
1509412142242|-8.215332|22.479248|-45.121765
1509412142398|-8.511353|24.932861|-44.200134
1509412142512|-8.651733|23.402405|-43.667603
1509412142594|-7.447815|24.55597|-42.993164
1509412142707|-8.9782715|24.75586|-43.68744
1509412142859|-9.547424|25.737|-41.947937
1509412142973|-8.023071|25.386047|-43.45703
1509412143128|-7.1762085|24.694824|-43.77899
1509412143243|-7.258606|25.253296|-44.171143
1509412143397|-7.9803467|24.137878|-43.588257
