1509196531328|-6.440872|6.7540436|-3.0735626
1509196531442|-6.282852|6.87854|-2.9059753
1509196531575|-6.3187714|6.8809357|-2.9490662
1509196531707|-6.2445526|6.830658|-2.8987885
1509196531837|-6.3323364|6.835449|-2.9809875
1509196531955|-6.4289093|6.6790314|-2.5867462
1509196532075|-6.341919|6.7580414|-2.8540955
1509196532194|-6.3371277|6.8162994|-2.4558563
1509196532314|-6.2637024|6.979904|-3.1445923
1509196532434|-6.2724915|6.896103|-2.9434814
1509196532553|-6.6994476|6.4779205|-2.3920135
1509196532675|-6.306793|6.6223755|-2.4845886
1509196532793|-6.4975433|6.790756|-2.5220947
1509196532914|-6.52388|6.777191|-2.9203339
1509196533035|-6.1743317|7.1251526|-3.2850494
1509196533154|-6.5142975|6.7372894|-2.9187317
1509196533273|-6.386612|6.6048126|-2.789444
1509196533401|-6.214218|6.8434296|-2.7838593
1509196533520|-6.2637024|6.9160614|-2.9642334
1509196533637|-6.3842163|6.7819824|-2.803009
1509196533756|-6.434494|6.951172|-3.2307892
1509196533875|-6.324356|6.760437|-2.6928864
1509196533994|-6.403366|6.9024963|-2.932312
1509196534114|-6.4336853|6.766815|-2.9275208
1509196534241|-6.046631|6.9104614|-2.892395
1509196534359|-6.4504547|6.6423187|-2.3153992
1509196534476|-6.169525|7.395691|-3.9937286
1509196534594|-6.808792|6.3645935|-2.6625671
1509196534717|-6.317169|6.8330536|-2.4797974
1509196534836|-6.5454254|6.8490143|-2.9418793
1509196534955|-6.1878815|7.0996094|-3.1230469
1509196535075|-6.3147736|6.8506165|-2.7631226
1509196535195|-6.6786957|6.5673065|-2.8804321
1509196535316|-6.291641|6.940796|-2.8516998
1509196535435|-6.5158997|6.711746|-2.858078
1509196535556|-6.506317|6.90329|-2.9083557
1509196535676|-6.4847717|6.5377655|-2.31221
1509196535795|-6.495941|6.6734467|-2.820572
1509196535916|-6.3506927|6.9503784|-2.7471466
1509196536038|-6.336334|6.890518|-2.8453064
1509196536156|-6.585327|6.4795227|-2.1861115
1509196536282|-6.446457|7.0238037|-3.2555237
1509196536400|-6.4759827|6.6032104|-2.6314392
1509196536515|-6.4368896|6.8194885|-2.5811615
1509196536640|-6.408951|6.9368134|-2.968216
1509196536756|-6.566971|6.74527|-2.7495422
1509196536874|-6.556595|6.6072083|-2.4829865
1509196536995|-6.41774|6.8490143|-2.8437195
1509196537117|-6.437683|6.949585|-2.9945526
1509196537246|-6.722595|6.8745575|-3.1078796
1509196537360|-6.238968|6.8984985|-2.8588867
1509196537475|-6.173523|6.6463013|-2.310608
1509196537595|-6.460037|6.8945007|-2.892395
1509196537724|-6.064987|6.8194885|-2.8676605
1509196537844|-6.3307343|6.9240265|-3.0121155
1509196537955|-6.3475037|6.937607|-2.7527313
1509196538075|-6.5366516|6.7388916|-2.6689453
1509196538197|-6.235779|7.134735|-3.323349
1509196538317|-6.1344147|7.2201233|-3.5045166
1509196538435|-6.250931|6.921646|-2.2371826
1509196538556|-6.1088715|7.118759|-3.1174622
1509196538677|-6.7185974|6.4244385|-1.9418945
1509196538795|-6.376236|6.813904|-3.3058014
1509196538916|-6.4337006|7.108383|-3.402359
1509196539042|-6.561386|6.685425|-1.1510162
1509196539163|-6.0163116|7.3023224|-3.3512878
1509196539276|-6.33313|7.1219635|-3.2132263
1509196539397|-6.4943542|6.109207|-1.7583466
1509196539517|-6.6755066|6.527405|-2.8500977
1509196539636|-6.206253|7.179413|-3.9426575
1509196539757|-6.6100616|6.599228|-2.98497
1509196539875|-5.933304|7.303116|-3.7503204
1509196539997|-6.7050476|6.4300385|-2.219635
1509196540121|-6.7170105|6.465149|-2.4127655
1509196540242|-6.1862946|7.082855|-2.6306305
1509196540356|-6.085739|7.078064|-3.2331696
1509196540477|-6.707428|6.1291656|-1.6250763
1509196540596|-6.57016|6.5760803|-2.897995
1509196540720|-6.087326|7.08844|-2.8277588
1509196540836|-6.167938|7.2432556|-3.6721191
1509196540956|-6.532654|6.276001|-1.8421478
1509196541077|-6.6292114|6.3638|-2.7080536
1509196541197|-6.15596|7.087631|-3.0081177
1509196541318|-6.067383|7.424423|-3.6968536
1509196541437|-6.5454254|6.994278|-2.9243164
1509196541556|-6.5126953|6.4076843|-2.267517
1509196541678|-6.245346|6.7253113|-2.774292
1509196541796|-6.309189|7.08844|-3.3800201
1509196541917|-6.568573|7.046936|-3.0224915
1509196542040|-6.5214844|6.5760803|-2.5141144
1509196542157|-6.154373|6.730896|-2.7926483
1509196542276|-6.1982574|7.0788574|-3.486969
1509196542410|-6.4799805|6.5752716|-2.264328
1509196542520|-6.4073486|6.442795|-2.4199371
1509196542640|-6.3738403|7.000656|-2.9243317
1509196542758|-6.2158203|7.0325775|-3.0081177
1509196542877|-6.5079193|6.327881|-1.8134155
1509196543001|-6.6172485|6.888916|-3.1246338
1509196543120|-6.5589905|7.034973|-2.8413239
1509196543240|-6.3291473|6.9088745|-2.7415771
1509196543357|-6.6890717|6.5760803|-2.4797974
1509196543479|-6.5637817|6.978302|-3.0328522
1509196543596|-6.3395233|7.076462|-2.5596008
1509196543719|-6.4161377|6.9431915|-2.705658
1509196543837|-6.3219604|6.99028|-2.9362946
1509196543959|-6.5334473|6.6391296|-2.1565857
1509196544079|-6.530258|7.173828|-3.3433075
1509196544198|-6.322754|6.8777466|-2.7032623
1509196544320|-6.3115845|6.861786|-2.423935
1509196544438|-6.4767914|6.710144|-2.8708496
1509196544557|-6.4281006|7.038162|-3.1988525
1509196544677|-6.6739197|6.5018616|-2.0711823
1509196544798|-6.580536|6.4539795|-2.130249
1509196544920|-6.3890076|7.098816|-2.6426086
1509196545040|-6.511902|6.791565|-2.9362946
1509196545158|-6.406555|6.6854095|-2.188507
1509196545278|-6.461624|6.849823|-2.6665497
1509196545401|-6.6683197|6.5968323|-2.100708
1509196545518|-6.4967346|6.6894073|-2.6274414
1509196545637|-6.448059|7.086838|-3.1461792
1509196545757|-6.534256|6.461151|-1.9993591
1509196545878|-6.5454254|6.85141|-2.7814636
1509196545997|-6.6108704|7.0964203|-2.4566498
1509196546120|-6.3498993|6.8641815|-2.6793213
1509196546246|-6.6443787|6.741272|-2.3497162
1509196546358|-6.6068726|7.1291504|-3.1493835
1509196546478|-6.6276245|6.7819824|-2.4143524
1509196546598|-6.5023193|6.8593903|-2.4015808
1509196546718|-6.525467|6.835449|-2.609085
1509196546846|-6.413742|6.5792694|-2.1278534
1509196546959|-6.4368896|6.7061615|-2.4023895
1509196547079|-6.5621796|6.811508|-2.6833038
1509196547199|-6.2980194|6.971924|-2.6410065
1509196547320|-6.5294647|6.7835693|-2.5588074
1509196547439|-6.372238|6.947983|-2.4813995
