1509502458746|0.05448139|-0.068101734|9.80665
1509502458878|0.05448139|-0.068101734|9.80665
1509502459012|0.068101734|-0.08172209|9.80665
1509502459143|0.068101734|-0.08172209|9.80665
1509502459273|0.068101734|-0.08172209|9.80665
1509502459406|0.068101734|-0.08172209|9.80665
1509502459539|0.068101734|-0.08172209|9.80665
1509502459671|0.068101734|-0.08172209|9.80665
1509502459803|0.068101734|-0.08172209|9.80665
1509502459934|0.068101734|-0.068101734|9.80665
1509502460067|0.068101734|-0.068101734|9.80665
1509502460199|0.068101734|-0.068101734|9.80665
1509502460329|0.068101734|-0.068101734|9.80665
1509502460463|0.068101734|-0.068101734|9.80665
1509502460594|0.068101734|-0.08172209|9.80665
1509502460726|0.068101734|-0.08172209|9.80665
1509502460860|0.068101734|-0.068101734|9.80665
1509502460990|0.068101734|-0.068101734|9.80665
1509502461123|0.068101734|-0.068101734|9.80665
1509502461255|0.068101734|-0.068101734|9.80665
1509502461387|0.068101734|-0.068101734|9.80665
1509502461518|0.068101734|-0.068101734|9.80665
1509502461651|0.068101734|-0.068101734|9.80665
1509502461782|0.068101734|-0.068101734|9.80665
1509502461915|0.068101734|-0.068101734|9.80665
1509502462046|0.068101734|-0.068101734|9.80665
1509502462178|0.068101734|-0.068101734|9.80665
1509502462309|0.068101734|-0.068101734|9.80665
1509502462443|0.068101734|-0.068101734|9.80665
1509502462575|0.068101734|-0.05448139|9.80665
1509502462706|0.068101734|-0.05448139|9.80665
1509502462838|0.068101734|-0.068101734|9.80665
1509502462971|0.068101734|-0.068101734|9.80665
1509502463103|0.068101734|-0.068101734|9.80665
1509502463235|0.068101734|-0.068101734|9.80665
1509502463367|0.05448139|-0.08172209|9.80665
1509502463498|0.068101734|-0.08172209|9.80665
1509502463631|0.05448139|-0.08172209|9.80665
1509502463762|0.05448139|-0.08172209|9.80665
1509502463894|0.05448139|-0.08172209|9.80665
1509502464037|0.05448139|-0.08172209|9.80665
1509502464159|0.05448139|-0.08172209|9.80665
1509502464291|0.08172209|-0.08172209|9.80665
1509502464422|0.068101734|-0.08172209|9.80665
1509502464555|0.05448139|-0.068101734|9.80665
1509502464687|0.05448139|-0.068101734|9.80665
1509502464819|0.05448139|-0.068101734|9.80665
1509502464950|0.05448139|-0.068101734|9.80665
1509502465083|0.05448139|-0.068101734|9.80665
1509502465215|0.05448139|-0.068101734|9.80665
1509502465349|0.05448139|-0.068101734|9.80665
1509502465479|0.05448139|-0.068101734|9.80665
1509502465611|0.05448139|-0.068101734|9.80665
1509502465744|0.05448139|-0.068101734|9.80665
1509502465876|0.05448139|-0.068101734|9.80665
1509502466007|0.05448139|-0.068101734|9.80665
1509502466138|0.05448139|-0.068101734|9.80665
1509502466269|0.05448139|-0.068101734|9.80665
1509502466402|0.05448139|-0.068101734|9.80665
1509502466536|0.068101734|-0.068101734|9.80665
1509502466667|0.068101734|-0.068101734|9.80665
1509502466799|0.068101734|-0.068101734|9.80665
1509502466931|0.05448139|-0.05448139|9.80665
1509502467063|0.068101734|-0.05448139|9.80665
1509502467195|0.05448139|-0.05448139|9.80665
1509502467328|0.05448139|-0.05448139|9.80665
1509502467459|0.05448139|-0.05448139|9.80665
1509502467591|0.05448139|-0.05448139|9.80665
1509502467723|0.040861044|-0.068101734|9.80665
1509502467855|0.05448139|-0.05448139|9.80665
1509502467987|0.040861044|-0.08172209|9.80665
1509502468119|0.040861044|-0.08172209|9.80665
1509502468251|0.040861044|-0.08172209|9.80665
1509502468387|0.040861044|-0.08172209|9.80665
1509502468515|0.05448139|-0.08172209|9.80665
1509502468647|0.05448139|-0.08172209|9.80665
1509502468779|0.05448139|-0.08172209|9.80665
1509502468912|0.05448139|-0.08172209|9.80665
1509502469042|0.05448139|-0.08172209|9.80665
1509502469176|0.068101734|-0.08172209|9.80665
1509502469308|0.068101734|-0.08172209|9.80665
1509502469439|0.068101734|-0.08172209|9.80665
1509502469571|0.05448139|-0.08172209|9.80665
1509502469702|0.05448139|-0.08172209|9.80665
1509502469835|0.05448139|-0.08172209|9.80665
1509502469966|0.05448139|-0.08172209|9.80665
1509502470099|0.05448139|-0.08172209|9.80665
1509502470232|0.05448139|-0.08172209|9.80665
1509502470362|0.05448139|-0.08172209|9.80665
1509502470495|0.05448139|-0.08172209|9.80665
1509502470627|0.05448139|-0.08172209|9.80665
1509502470759|0.05448139|-0.08172209|9.80665
1509502470890|0.05448139|-0.08172209|9.80665
1509502471024|0.068101734|-0.08172209|9.80665
1509502471155|0.068101734|-0.068101734|9.80665
1509502471300|0.068101734|-0.08172209|9.80665
1509502471418|0.068101734|-0.08172209|9.80665
1509502471550|0.068101734|-0.08172209|9.80665
1509502471684|0.040861044|-0.08172209|9.80665
1509502471815|0.068101734|-0.08172209|9.80665
1509502471947|0.068101734|-0.08172209|9.80665
1509502472080|0.040861044|-0.08172209|9.80665
1509502472211|0.068101734|-0.08172209|9.80665
1509502472342|0.068101734|-0.08172209|9.80665
1509502472475|0.068101734|-0.08172209|9.80665
1509502472606|0.068101734|-0.08172209|9.80665
1509502472740|0.05448139|-0.068101734|9.80665
1509502472871|0.05448139|-0.068101734|9.80665
1509502473003|0.05448139|-0.068101734|9.80665
1509502473135|0.05448139|-0.08172209|9.80665
1509502473267|0.05448139|-0.08172209|9.80665
1509502473406|0.068101734|-0.08172209|9.80665
1509502473531|0.068101734|-0.08172209|9.80665
1509502473663|0.068101734|-0.08172209|9.80665
1509502473796|0.05448139|-0.08172209|9.80665
1509502473927|0.05448139|-0.08172209|9.80665
1509502474058|0.05448139|-0.08172209|9.80665
1509502474192|0.068101734|-0.08172209|9.80665
1509502474323|0.068101734|-0.08172209|9.80665
1509502474455|0.068101734|-0.08172209|9.80665
1509502474587|0.068101734|-0.08172209|9.80665
1509502474719|0.05448139|-0.08172209|9.80665
1509502474851|0.05448139|-0.08172209|9.80665
1509502474983|0.05448139|-0.08172209|9.80665
1509502475115|0.05448139|-0.08172209|9.80665
1509502475247|0.05448139|-0.08172209|9.80665
1509502475380|0.068101734|-0.068101734|9.80665
1509502475511|0.068101734|-0.068101734|9.80665
1509502475642|0.068101734|-0.08172209|9.80665
1509502475777|0.068101734|-0.08172209|9.80665
1509502475907|0.08172209|-0.068101734|9.80665
1509502476039|0.08172209|-0.068101734|9.80665
1509502476171|0.068101734|-0.068101734|9.80665
1509502476313|0.08172209|-0.068101734|9.80665
1509502476435|0.08172209|-0.068101734|9.80665
1509502476567|0.08172209|-0.08172209|9.80665
1509502476699|0.08172209|-0.068101734|9.80665
1509502476831|0.08172209|-0.068101734|9.80665
1509502476967|0.08172209|-0.068101734|9.80665
1509502477095|0.08172209|-0.068101734|9.80665
1509502477226|0.068101734|-0.08172209|9.80665
1509502477360|0.068101734|-0.068101734|9.80665
1509502477491|0.068101734|-0.08172209|9.80665
1509502477624|0.068101734|-0.068101734|9.80665
1509502477755|0.068101734|-0.068101734|9.80665
1509502477887|0.068101734|-0.068101734|9.80665
1509502478019|0.05448139|-0.08172209|9.80665
1509502478151|0.05448139|-0.08172209|9.80665
1509502478283|0.05448139|-0.08172209|9.80665
1509502478415|0.05448139|-0.08172209|9.80665
1509502478547|0.05448139|-0.08172209|9.80665
1509502478679|0.05448139|-0.08172209|9.80665
1509502478811|0.068101734|-0.068101734|9.80665
1509502478944|0.068101734|-0.08172209|9.80665
1509502479075|0.068101734|-0.068101734|9.80665
1509502479208|0.068101734|-0.068101734|9.80665
1509502479340|0.068101734|-0.068101734|9.80665
1509502479471|0.068101734|-0.068101734|9.80665
1509502479603|0.068101734|-0.068101734|9.80665
1509502479735|0.068101734|-0.068101734|9.80665
1509502479867|0.05448139|-0.068101734|9.80665
1509502480000|0.05448139|-0.068101734|9.80665
1509502480131|0.068101734|-0.068101734|9.80665
1509502480263|0.068101734|-0.068101734|9.80665
1509502480396|0.05448139|-0.05448139|9.80665
1509502480527|0.040861044|-0.05448139|9.80665
1509502480660|0.040861044|-0.05448139|9.80665
1509502480791|0.05448139|-0.05448139|9.80665
1509502480925|0.05448139|-0.05448139|9.80665
1509502481055|0.05448139|-0.05448139|9.80665
1509502481187|0.05448139|-0.05448139|9.80665
1509502481330|0.05448139|-0.05448139|9.80665
1509502481451|0.040861044|-0.040861044|9.80665
1509502481582|0.040861044|-0.040861044|9.80665
1509502481716|0.040861044|-0.040861044|9.80665
1509502481848|0.040861044|-0.040861044|9.80665
1509502481979|0.040861044|-0.040861044|9.80665
1509502482111|0.040861044|-0.040861044|9.80665
1509502482244|0.040861044|-0.040861044|9.80665
1509502482375|0.05448139|-0.05448139|9.80665
1509502482506|0.05448139|-0.05448139|9.80665
1509502482639|0.040861044|-0.068101734|9.80665
1509502482771|0.05448139|-0.068101734|9.80665
1509502482903|0.068101734|-0.068101734|9.80665
1509502483035|0.068101734|-0.068101734|9.80665
1509502483168|0.05448139|-0.068101734|9.80665
1509502483299|0.068101734|-0.08172209|9.80665
1509502483431|0.068101734|-0.08172209|9.80665
1509502483563|0.05448139|-0.08172209|9.80665
1509502483695|0.05448139|-0.08172209|9.80665
1509502483827|0.068101734|-0.08172209|9.80665
1509502483960|0.068101734|-0.08172209|9.80665
1509502484092|0.068101734|-0.08172209|9.80665
1509502484223|0.068101734|-0.068101734|9.80665
1509502484356|0.05448139|-0.05448139|9.80665
1509502484487|0.05448139|-0.05448139|9.80665
1509502484622|0.05448139|-0.05448139|9.80665
1509502484752|0.05448139|-0.05448139|9.80665
1509502484883|0.05448139|-0.027240695|9.80665
1509502485015|0.05448139|-0.027240695|9.80665
1509502485147|0.05448139|-0.040861044|9.80665
1509502485279|0.05448139|-0.05448139|9.80665
1509502485410|0.05448139|-0.05448139|9.80665
1509502485542|0.05448139|-0.040861044|9.80665
1509502485676|0.05448139|-0.040861044|9.80665
1509502485807|0.068101734|-0.05448139|9.80665
1509502485939|0.068101734|-0.068101734|9.80665
1509502486071|0.05448139|-0.068101734|9.80665
1509502486204|0.05448139|-0.068101734|9.80665
1509502486346|0.068101734|-0.068101734|9.80665
1509502486467|0.068101734|-0.068101734|9.80665
1509502486599|0.068101734|-0.068101734|9.80665
1509502486731|0.068101734|-0.068101734|9.80665
1509502486863|0.068101734|-0.068101734|9.80665
1509502486995|0.068101734|-0.068101734|9.80665
1509502487127|0.05448139|-0.08172209|9.80665
1509502487259|0.068101734|-0.08172209|9.80665
1509502487391|0.05448139|-0.068101734|9.80665
1509502487522|0.068101734|-0.068101734|9.80665
1509502487655|0.068101734|-0.068101734|9.80665
