1509504065274|-41.879997|-32.219997|-45.3
1509504065405|-41.34|-31.92|-45.84
1509504065538|-41.879997|-32.04|-45.96
1509504065670|-41.7|-31.859999|-46.079998
1509504065803|-41.52|-31.56|-46.44
1509504065935|-41.879997|-32.1|-46.44
1509504066066|-41.7|-31.74|-46.32
1509504066198|-41.52|-32.1|-45.96
1509504066330|-41.52|-32.399998|-45.66
1509504066462|-41.16|-31.98|-45.3
1509504066594|-40.98|-32.04|-45.48
1509504066726|-40.98|-31.859999|-45.36
1509504066858|-40.98|-31.619999|-45.6
1509504066990|-40.98|-31.439999|-45.6
1509504067122|-41.34|-31.619999|-45.36
1509504067255|-41.7|-31.679998|-45.66
1509504067386|-41.7|-32.16|-45.96
1509504067518|-42.3|-32.04|-45.96
1509504067650|-41.94|-31.859999|-46.2
1509504067782|-41.76|-31.74|-45.899998
1509504067914|-41.579998|-31.439999|-45.66
1509504068046|-40.98|-31.679998|-45.66
1509504068178|-40.8|-31.8|-45.84
1509504068310|-40.8|-31.859999|-46.5
1509504068442|-40.98|-31.92|-46.5
1509504068574|-40.98|-31.92|-46.92
1509504068706|-41.34|-31.92|-46.379997
1509504068838|-41.52|-32.52|-46.2
1509504068969|-41.34|-32.88|-46.32
1509504069101|-41.7|-32.94|-45.899998
1509504069234|-41.7|-32.52|-46.379997
1509504069366|-41.34|-31.98|-46.14
1509504069499|-41.16|-31.74|-45.899998
1509504069630|-40.68|-32.16|-45.719997
1509504069762|-40.5|-32.88|-45.6
1509504069894|-40.14|-32.88|-45.6
1509504070026|-40.5|-32.7|-45.6
1509504070158|-40.5|-32.34|-45.42
1509504070290|-40.8|-31.74|-45.66
1509504070422|-41.52|-31.98|-45.36
1509504070554|-41.7|-31.74|-45.36
1509504070686|-42.18|-31.8|-45.66
1509504070818|-41.879997|-32.1|-45.3
1509504070950|-41.52|-31.619999|-45.42
1509504071082|-41.52|-31.92|-45.48
1509504071214|-40.98|-32.1|-45.18
1509504071346|-41.16|-31.92|-45.059998
1509504071478|-41.52|-32.399998|-45.18
1509504071610|-41.16|-32.46|-45.48
1509504071743|-41.7|-32.46|-45.84
1509504071874|-41.7|-32.579998|-45.96
1509504072015|-41.52|-32.219997|-46.14
1509504072138|-41.52|-32.219997|-45.96
1509504072270|-40.86|-31.74|-46.14
1509504072402|-40.68|-31.859999|-46.26
1509504072535|-40.68|-32.04|-46.14
1509504072666|-40.98|-31.74|-45.719997
1509504072798|-41.34|-32.219997|-45.3
1509504072930|-41.52|-31.859999|-45.12
1509504073062|-41.7|-31.859999|-45.48
1509504073194|-41.7|-32.219997|-45.899998
1509504073326|-42.239998|-31.98|-46.2
1509504073458|-42.239998|-32.219997|-46.079998
1509504073590|-42.18|-32.46|-45.48
1509504073722|-42.18|-32.04|-44.94
1509504073854|-41.879997|-32.04|-44.64
1509504073986|-42.059998|-31.8|-44.94
1509504074118|-41.7|-31.619999|-45.3
1509504074250|-41.52|-32.04|-45.719997
1509504074382|-41.7|-32.28|-45.84
1509504074514|-41.7|-32.52|-45.66
1509504074646|-42.059998|-32.46|-45.36
1509504074778|-41.879997|-32.1|-45.36
1509504074910|-41.7|-31.859999|-45.6
1509504075043|-41.16|-31.199999|-45.899998
1509504075175|-41.04|-31.38|-46.079998
1509504075307|-41.16|-31.56|-46.079998
1509504075438|-41.16|-31.679998|-45.719997
1509504075573|-41.52|-31.679998|-45.84
1509504075703|-41.52|-31.199999|-45.66
1509504075834|-41.7|-31.38|-45.36
1509504075966|-41.7|-31.5|-45.48
1509504076098|-41.34|-31.74|-45.239998
1509504076230|-41.16|-32.219997|-45.6
1509504076362|-40.98|-32.219997|-45.899998
1509504076494|-40.86|-31.8|-46.079998
1509504076626|-41.16|-31.74|-46.32
1509504076759|-41.34|-31.56|-46.62
1509504076890|-41.52|-31.199999|-46.62
1509504077022|-41.52|-31.38|-46.44
1509504077154|-41.7|-31.74|-46.2
1509504077286|-41.7|-31.5|-45.899998
1509504077418|-41.52|-31.439999|-45.6
1509504077550|-41.34|-31.439999|-46.14
1509504077682|-41.16|-31.439999|-46.14
1509504077814|-40.559998|-31.32|-45.96
1509504077946|-40.44|-31.32|-46.14
1509504078078|-40.26|-31.619999|-45.6
1509504078210|-40.44|-31.679998|-45.84
1509504078343|-40.98|-31.98|-46.079998
1509504078474|-41.34|-32.34|-46.079998
1509504078606|-41.879997|-31.98|-45.899998
1509504078738|-41.34|-31.859999|-45.36
1509504078870|-41.34|-32.16|-45.3
1509504079002|-40.98|-32.04|-45.3
1509504079134|-40.98|-32.34|-45.3
1509504079266|-41.52|-32.579998|-45.3
1509504079398|-41.7|-32.34|-44.94
1509504079530|-41.34|-32.28|-44.94
1509504079662|-41.7|-32.1|-44.94
1509504079794|-41.34|-31.859999|-44.94
1509504079926|-41.34|-31.859999|-44.82
1509504080058|-41.34|-31.679998|-45.12
1509504080190|-40.86|-32.1|-45.42
1509504080322|-40.68|-32.16|-45.719997
1509504080454|-40.32|-31.98|-45.719997
1509504080586|-40.5|-32.04|-45.3
1509504080718|-40.68|-31.859999|-45.48
1509504080850|-40.68|-31.98|-45.66
1509504080982|-40.68|-31.8|-45.84
1509504081114|-40.379997|-32.1|-45.96
1509504081246|-40.559998|-31.92|-45.6
1509504081378|-40.739998|-31.859999|-45.239998
1509504081511|-41.28|-32.28|-45.3
1509504081642|-41.7|-31.619999|-45.42
1509504081774|-41.34|-31.8|-45.719997
1509504081906|-41.7|-31.5|-46.02
1509504082038|-41.52|-31.019999|-46.02
1509504082170|-41.52|-31.32|-45.96
1509504082302|-41.7|-31.38|-45.84
1509504082434|-41.52|-31.92|-45.84
1509504082566|-41.34|-32.1|-46.14
1509504082698|-41.34|-32.16|-46.44
1509504082830|-41.34|-32.16|-46.44
1509504082962|-41.16|-31.98|-46.32
1509504083094|-41.7|-32.399998|-45.96
1509504083226|-42.059998|-32.94|-45.42
1509504083358|-41.7|-32.7|-45.66
1509504083490|-41.52|-32.399998|-45.48
1509504083622|-41.16|-32.1|-45.96
1509504083754|-40.68|-31.8|-45.84
1509504083886|-41.34|-31.8|-45.719997
1509504084018|-41.7|-32.219997|-45.899998
1509504084150|-41.16|-31.679998|-45.6
1509504084282|-41.34|-31.56|-45.719997
1509504084414|-41.04|-31.619999|-45.6
1509504084546|-41.46|-31.74|-45.719997
1509504084678|-41.76|-32.52|-45.719997
1509504084810|-41.579998|-32.28|-46.26
1509504084942|-41.46|-32.04|-46.44
1509504085074|-40.86|-31.859999|-46.14
1509504085206|-40.5|-31.619999|-46.26
1509504085338|-40.98|-32.1|-45.899998
1509504085470|-41.16|-32.76|-45.719997
1509504085602|-41.16|-32.52|-45.719997
1509504085734|-41.52|-32.399998|-45.84
1509504085866|-41.52|-32.16|-45.84
1509504085998|-42.059998|-31.98|-46.14
1509504086130|-42.059998|-32.1|-46.62
1509504086262|-42.18|-32.04|-46.2
1509504086394|-41.879997|-32.04|-46.2
1509504086526|-40.98|-32.04|-45.899998
1509504086658|-41.34|-31.98|-45.6
1509504086790|-40.98|-32.34|-45.42
1509504086922|-40.68|-32.579998|-45.42
1509504087054|-41.16|-32.46|-45.3
1509504087186|-40.68|-32.52|-45.66
1509504087318|-40.8|-33.0|-45.66
1509504087450|-41.16|-33.18|-45.36
1509504087582|-40.98|-33.12|-45.539997
1509504087714|-41.52|-33.18|-45.3
1509504087846|-41.34|-32.64|-45.3
1509504087978|-41.7|-32.46|-45.42
1509504088111|-41.879997|-32.94|-45.3
1509504088242|-41.7|-33.12|-45.3
1509504088375|-41.34|-33.18|-45.42
1509504088506|-40.86|-32.52|-45.719997
1509504088638|-40.32|-31.98|-45.719997
1509504088770|-40.32|-31.74|-45.36
1509504088902|-40.5|-31.619999|-45.48
1509504089034|-40.32|-32.219997|-45.42
1509504089166|-40.32|-31.859999|-45.66
1509504089298|-40.32|-31.92|-45.899998
1509504089430|-40.5|-31.679998|-45.6
1509504089562|-40.86|-31.679998|-45.899998
1509504089698|-40.98|-32.04|-45.84
1509504089826|-40.8|-32.16|-45.84
1509504089958|-40.8|-32.64|-46.5
1509504090090|-40.8|-32.46|-45.84
1509504090222|-41.1|-32.88|-45.48
1509504090354|-40.92|-32.76|-45.48
1509504090487|-40.92|-32.28|-44.94
1509504090619|-41.1|-32.46|-45.42
1509504090750|-40.68|-32.1|-45.539997
1509504090882|-41.16|-32.1|-45.18
1509504091014|-41.52|-32.399998|-45.18
1509504091146|-41.52|-32.579998|-44.879997
1509504091278|-41.879997|-32.579998|-45.3
1509504091410|-41.52|-32.16|-45.6
1509504091542|-41.16|-32.219997|-45.719997
1509504091674|-41.16|-31.92|-45.719997
1509504091806|-41.16|-32.04|-45.84
1509504091938|-41.1|-32.219997|-45.66
1509504092070|-41.579998|-31.8|-45.36
1509504092203|-41.76|-31.859999|-45.48
1509504092334|-41.94|-31.679998|-45.3
1509504092466|-41.879997|-31.92|-45.66
1509504092598|-41.52|-32.1|-46.32
1509504092730|-41.16|-32.28|-46.14
1509504092862|-41.34|-32.82|-45.96
1509504092994|-41.34|-32.82|-45.84
1509504093126|-41.16|-32.88|-45.66
1509504093258|-41.34|-32.76|-45.96
1509504093390|-41.34|-32.04|-45.96
1509504093523|-41.879997|-32.04|-45.899998
