1509504200120|-24.84|-42.239998|-41.7
1509504200244|-24.779999|-42.059998|-42.18
1509504200376|-24.6|-42.78|-42.18
1509504200508|-24.539999|-42.719997|-42.54
1509504200640|-24.96|-42.6|-42.239998
1509504200772|-25.14|-42.66|-42.12
1509504200904|-25.199999|-42.78|-42.12
1509504201036|-25.26|-42.96|-41.7
1509504201168|-25.439999|-43.14|-41.879997
1509504201300|-25.38|-43.14|-41.399998
1509504201432|-25.56|-43.079998|-41.7
1509504201564|-25.439999|-42.96|-41.879997
1509504201696|-25.199999|-42.84|-41.7
1509504201828|-25.14|-42.899998|-42.0
1509504201960|-24.84|-42.3|-41.82
1509504202092|-24.96|-42.18|-42.18
1509504202224|-25.019999|-42.059998|-42.0
1509504202356|-25.32|-42.0|-42.3
1509504202488|-25.619999|-41.579998|-42.3
1509504202620|-25.619999|-41.399998|-41.879997
1509504202753|-25.56|-41.579998|-42.18
1509504202884|-25.38|-41.579998|-42.0
1509504203019|-25.019999|-42.239998|-42.3
1509504203148|-25.26|-42.84|-42.3
1509504203280|-25.26|-42.66|-42.18
1509504203413|-25.26|-42.54|-42.0
1509504203544|-25.14|-42.3|-41.52
1509504203676|-25.199999|-41.579998|-41.7
1509504203808|-25.199999|-41.579998|-41.7
1509504203940|-25.32|-41.7|-41.399998
1509504204072|-25.8|-41.82|-41.52
1509504204204|-25.92|-42.059998|-41.399998
1509504204336|-25.92|-42.42|-41.579998
1509504204468|-25.8|-42.54|-42.0
1509504204600|-25.56|-42.36|-41.879997
1509504204732|-25.14|-42.48|-41.879997
1509504204864|-25.14|-42.36|-41.7
1509504204996|-24.96|-42.54|-41.7
1509504205129|-24.84|-42.54|-42.0
1509504205261|-24.84|-42.6|-42.36
1509504205392|-25.14|-42.719997|-42.36
1509504205524|-25.199999|-42.6|-42.48
1509504205656|-25.26|-42.96|-42.48
1509504205788|-25.199999|-43.02|-42.18
1509504205920|-24.96|-43.02|-42.18
1509504206052|-25.08|-42.96|-41.7
1509504206184|-25.08|-42.78|-41.399998
1509504206316|-25.199999|-42.6|-41.7
1509504206448|-25.26|-42.36|-41.7
1509504206580|-25.019999|-42.6|-42.18
1509504206712|-25.019999|-42.6|-42.18
1509504206844|-25.26|-42.54|-42.18
1509504206976|-25.26|-42.78|-42.059998
1509504207108|-25.56|-42.36|-41.579998
1509504207240|-25.439999|-42.36|-41.579998
1509504207372|-25.199999|-42.48|-41.34
1509504207504|-25.439999|-42.54|-41.76
1509504207636|-25.38|-42.719997|-41.76
1509504207768|-25.38|-42.12|-41.94
1509504207900|-25.32|-42.18|-42.3
1509504208032|-25.5|-41.82|-42.0
1509504208164|-25.74|-41.82|-42.18
1509504208296|-25.619999|-42.66|-42.36
1509504208428|-25.68|-42.78|-41.879997
1509504208560|-25.26|-43.02|-41.879997
1509504208692|-25.26|-43.02|-42.18
1509504208824|-25.439999|-42.6|-42.18
1509504208956|-25.619999|-42.48|-42.66
1509504209088|-25.56|-42.18|-42.78
1509504209220|-25.199999|-42.239998|-42.3
1509504209352|-25.14|-42.36|-42.18
1509504209484|-24.84|-42.3|-41.579998
1509504209616|-24.96|-42.6|-41.94
1509504209748|-25.199999|-42.54|-42.239998
1509504209880|-25.199999|-42.48|-42.42
1509504210012|-25.619999|-42.54|-42.899998
1509504210144|-25.92|-42.239998|-42.36
1509504210276|-25.74|-41.94|-42.36
1509504210408|-25.56|-41.579998|-41.879997
1509504210540|-25.5|-41.399998|-41.879997
1509504210672|-24.84|-41.579998|-42.18
1509504210804|-24.84|-41.94|-42.18
1509504210936|-25.14|-42.239998|-42.96
1509504211068|-25.019999|-42.42|-42.48
1509504211200|-25.439999|-42.42|-42.18
1509504211332|-25.56|-42.18|-41.879997
1509504211464|-25.56|-42.239998|-41.579998
1509504211596|-25.56|-42.3|-41.879997
1509504211728|-25.199999|-42.0|-41.7
1509504211860|-25.14|-42.0|-41.879997
1509504211992|-24.84|-42.239998|-41.579998
1509504212124|-24.6|-42.12|-41.52
1509504212256|-24.84|-42.719997|-41.7
1509504212388|-25.019999|-43.079998|-41.579998
1509504212520|-25.26|-42.84|-42.18
1509504212652|-25.619999|-42.899998|-42.18
1509504212784|-25.56|-42.66|-42.48
1509504212916|-25.26|-42.239998|-42.96
1509504213055|-25.26|-42.36|-42.3
1509504213180|-25.019999|-41.94|-42.66
1509504213312|-25.74|-41.94|-42.78
1509504213444|-25.8|-42.059998|-42.36
1509504213576|-25.56|-42.0|-42.48
1509504213708|-25.38|-42.36|-42.3
1509504213840|-24.72|-42.3|-41.7
1509504213972|-24.359999|-42.48|-41.879997
1509504214104|-24.42|-42.239998|-41.7
1509504214236|-24.6|-42.18|-41.52
1509504214368|-24.72|-42.12|-41.7
1509504214500|-24.6|-41.879997|-41.879997
1509504214632|-24.779999|-41.879997|-42.0
1509504214764|-25.019999|-42.059998|-41.879997
1509504214896|-25.439999|-41.82|-42.18
1509504215028|-25.8|-41.94|-42.18
1509504215160|-25.619999|-41.82|-42.0
1509504215292|-25.32|-41.579998|-42.42
1509504215425|-25.019999|-42.18|-42.12
1509504215556|-25.019999|-42.18|-42.239998
1509504215688|-25.38|-42.42|-42.239998
1509504215820|-25.74|-42.6|-42.0
1509504215952|-25.74|-42.78|-42.18
1509504216084|-25.8|-42.84|-42.18
1509504216216|-25.56|-42.899998|-42.18
1509504216348|-25.38|-42.899998|-42.3
1509504216480|-25.439999|-42.239998|-42.3
1509504216612|-25.439999|-42.18|-42.3
1509504216744|-25.439999|-42.18|-42.66
1509504216876|-25.38|-42.18|-42.48
1509504217008|-25.14|-42.36|-42.48
1509504217140|-25.26|-42.6|-42.18
1509504217272|-25.38|-42.6|-42.18
1509504217404|-25.38|-42.78|-41.879997
1509504217536|-25.08|-42.84|-41.7
1509504217668|-25.38|-42.719997|-41.579998
1509504217800|-25.38|-42.78|-41.28
1509504217932|-25.439999|-42.48|-41.7
1509504218068|-26.039999|-42.48|-41.76
1509504218196|-25.619999|-42.239998|-41.7
1509504218328|-25.619999|-42.059998|-42.18
1509504218460|-25.56|-42.12|-42.0
1509504218592|-25.199999|-41.879997|-42.0
1509504218724|-25.199999|-42.12|-42.36
1509504218856|-25.14|-42.059998|-41.579998
1509504218988|-25.14|-42.239998|-41.399998
1509504219121|-25.019999|-42.48|-41.7
1509504219252|-24.6|-42.48|-41.579998
1509504219384|-24.6|-42.6|-41.879997
1509504219516|-24.359999|-42.6|-41.7
1509504219648|-24.0|-42.54|-41.7
1509504219781|-23.82|-42.3|-41.7
1509504219912|-24.06|-42.36|-41.7
1509504220044|-24.359999|-42.3|-42.0
1509504220176|-24.779999|-42.48|-41.879997
1509504220308|-25.14|-42.6|-41.7
1509504220440|-24.66|-42.54|-41.879997
1509504220572|-24.42|-42.54|-42.0
1509504220704|-24.6|-42.36|-41.879997
1509504220836|-24.779999|-42.18|-42.18
1509504220969|-24.96|-42.3|-42.18
1509504221100|-25.199999|-42.3|-42.18
1509504221232|-25.019999|-42.36|-42.3
1509504221364|-25.32|-42.36|-42.0
1509504221496|-25.14|-41.94|-42.18
1509504221628|-25.5|-42.0|-41.879997
1509504221760|-25.38|-41.76|-41.7
1509504221892|-25.439999|-41.879997|-42.0
1509504222024|-25.619999|-41.7|-42.0
1509504222157|-25.32|-41.399998|-42.18
1509504222288|-25.32|-41.82|-42.3
1509504222420|-25.019999|-42.0|-41.879997
1509504222552|-25.08|-42.78|-41.399998
1509504222684|-25.439999|-43.14|-41.1
1509504222817|-25.68|-42.899998|-40.92
1509504222948|-25.98|-42.719997|-41.399998
1509504223080|-25.859999|-42.18|-41.879997
1509504223213|-25.74|-42.239998|-42.3
1509504223344|-25.74|-41.94|-42.059998
1509504223476|-25.439999|-42.12|-41.94
1509504223608|-25.92|-42.36|-41.94
1509504223740|-25.74|-42.36|-42.12
1509504223872|-25.439999|-42.719997|-42.66
1509504224004|-25.8|-42.66|-42.239998
1509504224136|-25.619999|-42.3|-41.94
1509504224268|-25.56|-42.059998|-41.46
1509504224400|-25.619999|-42.0|-41.46
1509504224532|-24.96|-42.0|-41.7
1509504224664|-24.6|-42.239998|-41.52
1509504224796|-24.96|-42.42|-42.0
1509504224929|-25.14|-42.719997|-41.879997
1509504225060|-25.38|-42.48|-41.879997
1509504225192|-25.98|-42.6|-42.0
1509504225325|-25.619999|-42.66|-41.399998
1509504225456|-25.199999|-42.42|-41.219997
1509504225588|-25.26|-42.66|-41.1
1509504225720|-24.779999|-42.42|-41.399998
1509504225852|-24.779999|-41.879997|-41.879997
1509504225984|-25.14|-41.879997|-42.3
1509504226117|-25.019999|-42.0|-42.66
1509504226248|-25.14|-42.18|-42.48
1509504226381|-25.199999|-42.239998|-42.3
1509504226512|-25.14|-42.12|-42.18
1509504226645|-25.14|-41.94|-42.0
1509504226776|-25.56|-42.059998|-42.0
1509504226908|-25.56|-42.059998|-41.879997
1509504227040|-25.56|-42.3|-41.579998
1509504227172|-26.099998|-41.879997|-42.18
1509504227304|-25.619999|-41.879997|-42.0
1509504227436|-25.92|-41.879997|-42.18
1509504227568|-26.279999|-41.879997|-42.3
1509504227700|-25.98|-42.18|-42.0
1509504227832|-25.98|-42.36|-42.18
1509504227965|-25.74|-42.54|-41.879997
1509504228097|-25.199999|-42.12|-41.7
1509504228228|-25.199999|-42.12|-41.52
1509504228360|-25.199999|-41.879997|-41.7
1509504228492|-25.019999|-41.879997|-41.879997
1509504228624|-25.199999|-42.42|-42.18
1509504228756|-24.6|-42.3|-42.0
1509504228888|-24.539999|-42.3|-42.18
1509504229020|-24.66|-42.42|-42.18
1509504229152|-24.6|-41.879997|-41.82
1509504229284|-25.32|-41.879997|-42.3
1509504229416|-25.56|-42.0|-41.879997
1509504229548|-25.5|-41.94|-42.18
1509504229686|-25.439999|-42.36|-42.36
1509504229812|-25.38|-42.18|-42.0
1509504229944|-25.56|-42.18|-42.18
1509504230076|-25.74|-42.3|-42.0
1509504230208|-25.74|-41.94|-42.239998
1509504230340|-25.74|-42.239998|-42.42
1509504230472|-25.38|-42.059998|-42.239998
1509504230604|-25.38|-41.82|-42.12
1509504230736|-25.38|-42.3|-41.7
1509504230868|-25.199999|-42.12|-41.879997
1509504231000|-25.199999|-42.3|-42.0
1509504231132|-25.019999|-42.239998|-42.3
1509504231265|-25.019999|-42.48|-43.02
1509504231396|-24.96|-42.719997|-42.899998
1509504231528|-25.14|-42.78|-42.899998
1509504231660|-25.14|-42.96|-42.54
1509504231792|-25.199999|-42.36|-41.82
1509504231924|-25.74|-42.3|-41.399998
1509504232056|-25.56|-41.94|-41.219997
1509504232188|-25.38|-41.579998|-41.399998
1509504232320|-25.56|-41.76|-41.399998
1509504232452|-25.32|-41.7|-41.52
1509504232584|-25.619999|-41.879997|-41.7
