1509412145813|-1.0855241|0.18476439|-0.035798073
1509412145936|-0.09529686|-0.6399646|-0.47657204
1509412146054|-0.43422496|-0.15797949|0.9473791
1509412146171|0.0677073|-0.12656355|0.22757196
1509412146292|0.98061776|-0.89705896|-0.17973661
1509412146408|-2.135528|1.365735|-0.36173964
1509412146533|-0.33849525|-0.14277983|-0.38082123
1509412146648|1.1714134|-0.6089277|1.2945013
1509412146773|1.2021725|-0.018649578|-1.6516285
1509412146888|-2.338231|0.53953934|2.0359564
1509412147008|-1.2135901|0.6387644|-0.7101345
1509412147128|0.49245834|-0.61491776|-0.8058653
1509412147249|-0.046607733|-0.32045078|0.72469187
1509412147370|0.63638544|-0.65767956|0.09481573
1509412147488|0.36250842|-0.95609045|1.144917
1509412147614|-0.57445467|0.020556927|-0.22240257
1509412147729|-0.12808537|-0.44799566|0.82361126
1509412147853|-0.98802614|0.16426325|0.23821259
1509412147976|0.87416124|-0.59967756|0.09534311
1509412148091|0.0250144|-0.24756765|0.6528473
1509412148208|-0.10642457|0.24876547|-2.164514
1509412148331|-0.6959958|-0.12256813|0.62551355
1509412148452|0.3583579|0.11709738|-0.30694246
1509412148570|0.41969442|-0.1428256|0.74567556
1509412148692|-0.498137|-0.027915|0.7099395
1509412148808|0.13680053|0.22077703|-1.459249
1509412148931|0.17445278|-0.12840319|0.91082335
1509412149048|-0.30535913|0.19050598|-2.3997812
1509412149168|-1.2643974|0.54419565|-0.15657187
1509412149292|-0.21531844|0.16894484|0.14186573
1509412149412|0.5416169|-0.34080124|0.015316963
1509412149532|0.019221187|0.18291664|-0.2801752
1509412149649|0.5862532|0.02062416|0.27586555
1509412149771|0.0111275315|0.50200224|-1.1257377
1509412149893|0.42607993|0.0069823265|0.3100133
1509412150011|-0.19756359|0.01965189|0.21920443
1509412150129|0.2623061|-0.12455225|0.41913986
1509412150255|0.17566025|-0.30162668|0.37239838
1509412150370|-0.96863985|0.08971071|-0.7434211
1509412150491|0.054142833|-0.26629686|0.3748927
1509412150608|-1.1041461|0.14891052|0.46921062
1509412150733|1.3337398|-1.0296416|0.41758585
1509412150851|-1.403935|-0.06787634|0.19635868
1509412150972|-0.0438751|-0.58060074|0.3238387
1509412151089|0.020176709|-0.3526988|0.33363914
1509412151212|-0.5618999|0.0048623085|-0.28159046
1509412151330|0.20667851|-0.24395466|-0.6890664
1509412151450|-0.6987295|-0.4519415|1.2135916
1509412151571|0.07921064|-0.2644639|-0.25613928
1509412151694|-0.23506975|-0.2729621|0.81049967
1509412151811|-0.5283499|0.3877554|-2.162435
1509412151932|-0.5025774|0.13953066|0.7936492
1509412152052|-0.3924352|0.1517663|-0.45399427
1509412152169|-0.114745736|0.10302496|-0.20233297
1509412152291|-0.042013884|0.10111904|0.30949688
1509412152411|-0.3189174|0.085464|-0.24926901
1509412152528|0.19197893|-0.39887714|-0.79154634
1509412152650|0.5205991|0.49773645|0.92880344
1509412152770|0.1241616|-0.83790827|0.6373768
1509412152892|-0.5988325|0.43325424|-1.2976665
1509412153012|0.24315786|-0.15134287|0.14350605
1509412153130|-0.3117844|0.4540825|0.35462856
1509412153252|0.5045291|0.18340683|-0.5352998
1509412153373|0.12855566|0.10587406|-0.30234575
1509412153495|-0.20522779|-0.03655052|-0.24342585
1509412153612|0.4920783|0.12388754|0.5458665
1509412153731|-0.5175737|0.6531801|-1.0983429
1509412153855|-0.93493724|0.068330765|-0.17472076
1509412153972|0.47863162|-0.032334328|0.3574438
1509412154091|0.15589058|-0.021480083|0.31124735
1509412154212|-0.073007345|0.6224556|-0.9200945
1509412154332|0.24193144|-0.43262625|0.73620653
1509412154453|-0.3808658|0.6445732|-1.8035579
1509412154574|-0.24340951|0.08617544|0.91709805
1509412154703|0.26355612|0.12155247|-0.5765796
1509412154810|0.0030338764|0.039774895|0.15404367
1509412154934|0.035001516|0.10064745|-0.5266619
1509412155052|0.13212395|-0.114943504|0.55870914
1509412155174|-0.30083364|0.19308758|0.24230576
1509412155291|0.4107468|0.026638985|-0.08084917
1509412155411|0.48547328|-0.054130077|-0.46650362
1509412155532|-1.0768869|0.6843295|0.8583107
1509412155662|0.86589587|0.07020044|-0.5434623
