1509087099589|-2.5819788|6.5762897|6.80119
1509087099712|-2.2414613|6.5570893|6.9390798
1509087099831|-1.9197631|6.594049|7.000244
1509087099957|-1.7908471|6.6319575|6.9986
1509087100072|-1.75085|6.6702294|6.972298
1509087100195|-1.6923313|6.663907|6.9927635
1509087100316|-1.6858732|6.6202745|7.035637
1509087100434|-1.6671042|6.5621424|7.094324
1509087100552|-1.6410526|6.6514015|7.0168514
1509087100669|-1.65702|6.5885067|7.072216
1509087100793|-1.6502913|6.633104|7.0319886
1509087100914|-1.5909425|6.7354794|6.9478493
1509087101036|-1.5440508|6.798527|6.896834
1509087101156|-1.50325|6.7517457|6.951587
1509087101276|-1.4400842|6.779215|6.938213
1509087101395|-1.4420967|6.7060747|7.008517
1509087101510|-1.3988563|6.7662754|6.9592466
1509087101630|-1.3323004|6.786823|6.952294
1509087101752|-0.90418977|6.8285756|6.9802146
1509087101874|-0.09603749|7.058312|6.807452
1509087101995|0.3345249|7.3234186|6.513526
1509087102116|0.3811667|7.4546976|6.3602343
1509087102232|0.32832623|7.5790386|6.21456
1509087102355|-0.106818065|7.4536276|6.372003
1509087102475|-0.2711151|7.3359203|6.502396
1509087102594|-0.31955224|7.087277|6.770434
1509087102716|-0.30089808|6.9700785|6.8918676
1509087102832|-0.048196975|6.746188|7.1173744
1509087102952|0.17381194|6.5609055|7.286611
1509087103071|0.2648635|6.304223|7.507131
1509087103193|0.323807|6.0992846|7.672305
1509087103317|0.33403578|6.064097|7.69971
