1509087099588|-2.9054413|6.504257|6.0651093
1509087099709|-2.3180542|6.445999|6.828064
1509087099829|-1.8296509|6.6000214|7.1121674
1509087099949|-1.9086456|6.5617065|6.9852753
1509087100069|-1.7290802|6.72612|6.788147
1509087100189|-1.8104858|6.619171|6.880722
1509087100310|-1.8128815|6.505844|6.848007
1509087100429|-1.8049011|6.485901|7.162445
1509087100549|-1.5973969|6.645508|6.5766754
1509087100668|-1.7689972|6.4747314|7.2079315
1509087100791|-1.7618103|6.615982|7.0004425
1509087100910|-1.5255737|6.6925964|6.889511
1509087101030|-1.7761688|6.6989746|6.710739
1509087101150|-1.5726624|6.6670685|7.0962067
1509087101271|-1.2223206|6.8601837|6.4697266
1509087101399|-1.4290161|6.6925964|7.035553
1509087101509|-1.3946991|6.6135864|7.0331573
1509087101628|-0.94618225|6.8641815|6.704361
1509087101750|0.9324646|6.765213|7.029175
1509087101870|1.0825043|6.9791107|7.360367
1509087101990|0.4312744|6.899292|7.1855927
1509087102111|-0.13215637|7.0150146|6.907074
1509087102229|-1.5080261|7.0788574|6.476898
1509087102350|-1.9629211|7.0597076|6.374756
1509087102477|-1.6125641|6.7724|6.3500214
1509087102590|-1.2079468|7.033371|6.9509583
1509087102718|-0.7107544|6.69339|6.4832916
1509087102829|0.19346619|6.662277|7.191971
1509087102950|0.7489166|6.4316254|7.2909393
1509087103073|1.2612762|6.2823944|7.378723
1509087103190|0.78163147|6.2321167|8.155243
1509087103318|0.46081543|5.6040344|7.469696
