1509412124441|0.1257025|-0.08784962|0.39076948
1509412124564|1.1427397|-0.53573465|-0.6192751
1509412124686|-0.50789046|0.35184574|0.42067432
1509412124806|0.16681433|-0.10916948|-0.05199337
1509412124930|-0.14994514|0.15769196|0.7821326
1509412125042|-0.11820638|0.066274166|0.14395714
1509412125165|0.1558547|-0.08379221|0.10082483
1509412125291|0.22551036|-0.1677742|0.040895462
1509412125403|-0.14285898|0.1287446|0.12602377
1509412125524|0.11730552|-0.021616459|-0.09613943
1509412125644|-0.3720448|0.3300271|1.0213056
1509412125775|-0.42848563|0.17283249|-0.3798318
1509412125890|0.012423992|0.012771606|-0.17418909
1509412126004|0.28037083|-0.015787601|0.38509083
1509412126123|0.17578983|-0.1549716|-0.09737682
1509412126243|0.20462179|-0.07563734|0.31282473
1509412126363|0.03510499|-0.01597023|-0.098948956
1509412126482|-0.0767777|0.077289104|-0.14961195
1509412126607|0.08477068|0.003520012|0.30961132
1509412126726|-0.1135174|-0.013471127|-0.46006632
1509412126841|-0.083168745|-0.0027947426|-0.3365097
1509412126962|-0.020175815|0.0055418015|-0.03232336
1509412127082|-0.07515335|-0.03742838|-0.021621704
1509412127204|0.029799223|0.1633687|-0.57638407
1509412127323|-0.44317532|-0.72892046|-0.46293736
1509412127442|-0.18707228|-0.3877678|1.2760744
1509412127563|-0.035413027|-0.22324133|-1.0349321
1509412127684|0.73528576|-0.3505392|-0.08353329
1509412127810|0.5597999|-0.35400343|0.6007881
1509412127925|-0.9324064|0.29900742|-0.5719147
1509412128044|-0.2781|0.49855947|-0.98626566
1509412128166|-0.8449807|0.105760574|0.15952826
1509412128284|-0.70124006|0.028099537|-0.5420723
1509412128406|0.21283865|-0.07159567|-0.15331984
1509412128526|-0.02029562|-0.26902914|0.33529043
1509412128647|1.0549811|-0.41417027|0.44385195
1509412128763|-0.44396484|0.3635435|-1.1698713
1509412128888|-0.036524415|-0.3803048|0.3503561
1509412129005|0.10417652|-3.7908554E-4|0.10499811
1509412129123|-0.090535164|-0.098854065|0.17790031
1509412129252|-0.0023622513|0.007194519|-0.13210583
1509412129369|0.1010195|-0.03842354|0.0467968
1509412129488|-0.1199733|0.3695693|-0.065322876
1509412129607|0.17559493|0.06273317|-0.23849535
1509412129728|-0.072838426|0.16872501|-0.074622154
1509412129843|0.44079745|-0.051338673|0.17263794
1509412129966|-0.4793781|0.44937468|-0.469666
1509412130084|0.3355962|0.24085426|-0.117791176
1509412130205|-0.5272515|0.7853613|-2.6789846
1509412130331|-0.16127455|-0.05491543|1.386455
1509412130447|-0.21687615|0.27309752|-1.0090508
1509412130571|0.24303198|0.022209644|0.33135366
1509412130689|-0.015931726|0.14474344|-0.2516117
1509412130805|-0.105689526|0.11480427|-0.004169941
1509412130922|0.06486106|0.12192345|-0.06043148
1509412131046|0.11598563|0.08607149|-0.037234306
1509412131166|-0.17442727|0.10160303|-0.27559137
1509412131293|-0.025904775|0.12937164|0.013697624
1509412131412|0.27532506|-0.11598873|-0.15401793
1509412131530|-0.31848288|0.14207077|0.14509058
1509412131644|0.07870734|-0.1261282|0.12543297
1509412131772|-0.21711993|0.004552841|0.10235357
1509412131891|0.052466273|-0.29210567|0.69006395
1509412132009|-0.16021252|-0.0909524|-0.08518076
1509412132132|-0.1499753|-0.22320747|0.34980917
1509412132252|-0.17744493|-0.27279043|0.15626907
1509412132364|-0.1900438|-0.40810585|0.3475666
1509412132483|-0.16317093|-0.3586831|0.33482647
1509412132605|-0.40332472|-0.14339876|-0.64895535
1509412132728|-0.11680496|-0.5472369|2.2007098
1509412132856|-0.16706765|-0.027261257|-0.5335636
1509412132964|0.03973472|-0.047686577|0.16618633
1509412133085|-0.07202697|0.07178211|0.24533606
1509412133206|0.004013896|0.1880188|-0.5278754
1509412133328|0.08701718|0.032216072|0.28193808
1509412133449|-0.11912346|0.24354458|-0.48272038
1509412133566|-0.07947087|-0.111243725|1.6985183
1509412133688|0.021518111|0.31518602|-0.9593711
1509412133812|0.07538843|0.057837963|0.2981906
1509412133926|0.17398536|0.19650698|-1.0694046
1509412134048|-0.15383947|0.19437838|-0.2923441
1509412134165|-0.10444021|0.15761709|-0.21109676
1509412134286|0.03132081|0.0772419|0.33473492
1509412134407|-0.14420259|0.1929264|-0.31040764
1509412134527|0.14117312|-0.13634586|0.6270585
1509412134643|0.043456793|0.07231426|-0.18566227
1509412134771|0.18289804|-0.04569149|0.49612427
1509412134894|-0.09932506|0.10685301|-0.04608774
1509412135010|0.17177618|0.07837868|0.3065138
1509412135125|-0.16111243|0.42405653|-1.0138493
1509412135247|0.32440865|0.23656797|-0.060645103
1509412135365|-0.3031546|0.7101369|-1.5824404
1509412135485|0.25520897|0.29568768|-0.011829853
1509412135611|0.23116648|0.6297927|-1.4178143
1509412135730|-0.07937038|0.42370605|-0.28504753
1509412135848|0.112923265|0.42479706|-0.8190026
1509412135968|0.39903355|0.18257189|0.056856155
1509412136093|0.5238435|-0.018776894|-0.104578495
1509412136212|-0.25084233|0.08691454|1.1569481
1509412136329|0.30589437|0.270051|-0.28789902
1509412136445|0.322289|0.13326502|-0.2015028
1509412136566|-0.28898835|0.53879595|-1.8369823
1509412136685|-0.3698361|0.34618282|-0.022236824
1509412136806|0.1225729|0.35404062|-0.9577074
1509412136929|0.05902469|0.10717583|0.60211563
1509412137046|-0.115434766|0.5030575|-0.9154196
1509412137167|0.34420705|0.09222078|0.42823362
1509412137285|-0.29407024|0.4633627|-0.6774726
1509412137418|0.08135426|0.27514362|-0.29570103
1509412137527|0.49305522|0.13343143|0.014427185
1509412137649|-0.040587664|0.40317917|-0.26757812
1509412137765|0.009370923|0.29037285|-0.4459157
1509412137890|0.1782924|0.09858322|-0.20281124
1509412138013|-0.22698796|0.4302268|0.020529747
1509412138132|0.79433227|0.17589426|-0.4475484
1509412138247|-0.30735314|0.55205965|-0.67291355
1509412138366|0.28351933|0.08400011|-0.5164423
1509412138486|-0.01264441|0.18075609|0.4405589
1509412138616|-0.31508088|0.34499502|-0.052853107
1509412138730|0.51744926|0.16439009|-0.83476734
1509412138853|-0.10455507|0.38617897|-0.6927409
1509412138972|-0.35824543|0.26823568|-0.41334343
1509412139086|-0.16611111|-0.41381025|0.29354095
1509412139214|-0.43016654|-0.72587013|0.26635456
1509412139335|0.20279083|-0.8367505|0.79681873
1509412139446|-0.32884407|-0.33460045|0.8811984
1509412139570|-0.3188187|-0.7170296|0.861475
1509412139695|-0.0739975|-0.5523057|0.5142107
1509412139812|-0.26397246|-0.07253885|0.17541075
1509412139927|0.0051395|-0.01792574|-0.28957415
1509412140048|-0.27544037|-0.2310729|1.0072083
1509412140165|0.035932958|-0.06507826|0.015721321
1509412140289|-0.028290749|-0.05181694|0.41172314
1509412140405|-0.074683994|0.037879467|-0.06533432
1509412140534|0.18929118|0.029361248|0.8490896
1509412140649|0.51347363|-0.05888939|-0.61955166
1509412140766|-0.04959941|0.5344467|-0.5943546
1509412140894|-0.17296815|0.16539383|0.029695988
1509412141010|-0.10216117|0.053492546|-0.1533885
1509412141127|0.09462941|-0.003144741|0.3815856
1509412141250|0.6563761|-0.10596657|-0.20052338
1509412141374|-0.503986|-0.06138277|0.55025244
1509412141490|0.46784163|0.08892918|0.47634745
1509412141609|0.6551355|-0.27367592|0.6089163
1509412141728|-0.5108135|0.067355156|-0.7151289
1509412141854|0.91966987|-0.46645927|1.2110915
1509412141974|-0.57066894|0.47385597|-0.55991316
1509412142087|-0.010302067|-0.01954937|0.28843403
1509412142207|0.5833272|0.08122158|-0.4182973
1509412142334|-0.17294925|0.06990671|-0.38255548
1509412142448|-0.34803867|-0.14343786|0.4344244
1509412142574|0.16887844|-0.19791174|0.0010352135
1509412142693|0.30249915|-0.08871555|0.09370232
1509412142808|-0.030781869|-0.20677662|-0.27426195
1509412142928|0.22522272|-0.1902113|0.619606
1509412143050|-0.06717015|0.025094986|-0.43853235
1509412143168|0.35945576|-0.049419403|0.07652378
1509412143288|0.19386376|0.15012741|-0.07458401
1509412143415|-0.28143388|0.45674276|-0.49476814
