1509500080625|0.040861044|-0.05448139|9.80665
1509500080755|0.05448139|-0.040861044|9.80665
1509500080888|0.05448139|-0.040861044|9.80665
1509500081020|0.05448139|-0.040861044|9.80665
1509500081152|0.05448139|-0.040861044|9.80665
1509500081285|0.05448139|-0.040861044|9.80665
1509500081416|0.05448139|-0.040861044|9.80665
1509500081548|0.05448139|-0.040861044|9.80665
1509500081680|0.05448139|-0.040861044|9.80665
1509500081811|0.05448139|-0.040861044|9.80665
1509500081944|0.05448139|-0.040861044|9.80665
1509500082076|0.05448139|-0.05448139|9.80665
1509500082207|0.05448139|-0.05448139|9.80665
1509500082340|0.05448139|-0.05448139|9.80665
1509500082472|0.05448139|-0.040861044|9.80665
1509500082604|0.05448139|-0.040861044|9.80665
1509500082736|0.05448139|-0.068101734|9.80665
1509500082868|0.05448139|-0.068101734|9.80665
1509500083000|0.05448139|-0.068101734|9.80665
1509500083132|0.05448139|-0.068101734|9.80665
1509500083264|0.05448139|-0.068101734|9.80665
1509500083396|0.05448139|-0.068101734|9.80665
1509500083528|0.05448139|-0.068101734|9.80665
1509500083660|0.05448139|-0.068101734|9.80665
1509500083792|0.05448139|-0.05448139|9.80665
1509500083924|0.05448139|-0.05448139|9.80665
1509500084056|0.05448139|-0.05448139|9.80665
1509500084187|0.05448139|-0.05448139|9.80665
1509500084320|0.05448139|-0.05448139|9.80665
1509500084452|0.05448139|-0.068101734|9.80665
1509500084585|0.05448139|-0.05448139|9.80665
1509500084716|0.05448139|-0.05448139|9.80665
1509500084847|0.040861044|-0.08172209|9.80665
1509500084980|0.040861044|-0.08172209|9.80665
1509500085113|0.05448139|-0.040861044|9.80665
1509500085244|0.05448139|-0.05448139|9.80665
1509500085376|0.05448139|-0.068101734|9.80665
1509500085508|0.05448139|-0.068101734|9.80665
1509500085640|0.05448139|-0.068101734|9.80665
1509500085772|0.05448139|-0.068101734|9.80665
1509500085904|0.05448139|-0.068101734|9.80665
1509500086036|0.05448139|-0.05448139|9.80665
1509500086168|0.05448139|-0.05448139|9.80665
1509500086300|0.05448139|-0.05448139|9.80665
1509500086432|0.05448139|-0.05448139|9.80665
1509500086564|0.05448139|-0.05448139|9.80665
1509500086697|0.05448139|-0.068101734|9.80665
1509500086828|0.05448139|-0.068101734|9.80665
1509500086959|0.05448139|-0.05448139|9.80665
1509500087092|0.05448139|-0.05448139|9.80665
1509500087223|0.05448139|-0.05448139|9.80665
1509500087356|0.05448139|-0.05448139|9.80665
1509500087488|0.05448139|-0.05448139|9.80665
1509500087620|0.05448139|-0.05448139|9.80665
1509500087753|0.05448139|-0.05448139|9.80665
1509500087884|0.05448139|-0.05448139|9.80665
1509500088015|0.05448139|-0.05448139|9.80665
1509500088148|0.05448139|-0.05448139|9.80665
1509500088280|0.05448139|-0.05448139|9.80665
1509500088418|0.05448139|-0.05448139|9.80665
1509500088544|0.05448139|-0.05448139|9.80665
1509500088685|0.05448139|-0.05448139|9.80665
1509500088808|0.05448139|-0.05448139|9.80665
1509500088940|0.05448139|-0.05448139|9.80665
1509500089072|0.05448139|-0.05448139|9.80665
1509500089204|0.040861044|-0.068101734|9.80665
1509500089336|0.05448139|-0.068101734|9.80665
1509500089468|0.05448139|-0.068101734|9.80665
1509500089601|0.040861044|-0.05448139|9.80665
1509500089732|0.040861044|-0.05448139|9.80665
1509500089864|0.027240695|-0.05448139|9.80665
1509500089995|0.040861044|-0.05448139|9.80665
1509500090128|0.040861044|-0.05448139|9.80665
1509500090260|0.05448139|-0.05448139|9.80665
1509500090392|0.05448139|-0.05448139|9.80665
1509500090524|0.05448139|-0.05448139|9.80665
1509500090656|0.068101734|-0.05448139|9.80665
1509500090787|0.068101734|-0.05448139|9.80665
1509500090922|0.068101734|-0.05448139|9.80665
1509500091052|0.068101734|-0.05448139|9.80665
1509500091184|0.068101734|-0.05448139|9.80665
1509500091315|0.068101734|-0.05448139|9.80665
1509500091452|0.068101734|-0.05448139|9.80665
1509500091580|0.068101734|-0.05448139|9.80665
1509500091712|0.068101734|-0.05448139|9.80665
1509500091844|0.068101734|-0.05448139|9.80665
1509500091976|0.068101734|-0.05448139|9.80665
1509500092108|0.08172209|-0.05448139|9.80665
1509500092240|0.08172209|-0.05448139|9.80665
1509500092372|0.08172209|-0.05448139|9.80665
1509500092505|0.08172209|-0.040861044|9.80665
1509500092636|0.08172209|-0.040861044|9.80665
1509500092768|0.08172209|-0.040861044|9.80665
1509500092901|0.08172209|-0.040861044|9.80665
1509500093044|0.08172209|-0.040861044|9.80665
1509500093165|0.068101734|-0.05448139|9.80665
1509500093296|0.05448139|-0.068101734|9.80665
1509500093428|0.05448139|-0.068101734|9.80665
1509500093560|0.040861044|-0.068101734|9.80665
1509500093692|0.040861044|-0.068101734|9.80665
1509500093824|0.05448139|-0.068101734|9.80665
1509500093956|0.05448139|-0.05448139|9.80665
1509500094088|0.05448139|-0.040861044|9.80665
1509500094220|0.05448139|-0.05448139|9.80665
1509500094352|0.05448139|-0.05448139|9.80665
1509500094484|0.05448139|-0.05448139|9.80665
1509500094616|0.05448139|-0.05448139|9.80665
1509500094747|0.05448139|-0.05448139|9.80665
1509500094880|0.05448139|-0.05448139|9.80665
1509500095013|0.05448139|-0.068101734|9.80665
1509500095144|0.05448139|-0.068101734|9.80665
1509500095276|0.05448139|-0.068101734|9.80665
1509500095408|0.05448139|-0.05448139|9.80665
1509500095539|0.05448139|-0.05448139|9.80665
1509500095672|0.05448139|-0.05448139|9.80665
1509500095804|0.05448139|-0.05448139|9.80665
1509500095936|0.05448139|-0.05448139|9.80665
1509500096068|0.040861044|-0.05448139|9.80665
1509500096200|0.05448139|-0.05448139|9.80665
1509500096332|0.05448139|-0.05448139|9.80665
1509500096463|0.05448139|-0.05448139|9.80665
1509500096596|0.05448139|-0.05448139|9.80665
1509500096728|0.05448139|-0.068101734|9.80665
1509500096860|0.040861044|-0.08172209|9.80665
1509500096992|0.040861044|-0.08172209|9.80665
1509500097124|0.040861044|-0.068101734|9.80665
1509500097256|0.040861044|-0.068101734|9.80665
1509500097388|0.040861044|-0.05448139|9.80665
1509500097520|0.040861044|-0.068101734|9.80665
1509500097652|0.05448139|-0.068101734|9.80665
1509500097784|0.05448139|-0.068101734|9.80665
1509500097916|0.05448139|-0.068101734|9.80665
1509500098048|0.05448139|-0.068101734|9.80665
1509500098180|0.05448139|-0.068101734|9.80665
1509500098312|0.05448139|-0.068101734|9.80665
1509500098444|0.05448139|-0.05448139|9.80665
1509500098576|0.05448139|-0.05448139|9.80665
1509500098708|0.05448139|-0.05448139|9.80665
1509500098839|0.05448139|-0.05448139|9.80665
1509500098972|0.05448139|-0.05448139|9.80665
1509500099104|0.05448139|-0.05448139|9.80665
1509500099236|0.05448139|-0.05448139|9.80665
1509500099368|0.05448139|-0.05448139|9.80665
1509500099505|0.05448139|-0.05448139|9.80665
1509500099632|0.05448139|-0.068101734|9.80665
1509500099765|0.05448139|-0.068101734|9.80665
1509500099896|0.05448139|-0.068101734|9.80665
1509500100030|0.05448139|-0.068101734|9.80665
1509500100160|0.05448139|-0.068101734|9.80665
1509500100292|0.05448139|-0.068101734|9.80665
1509500100424|0.05448139|-0.068101734|9.80665
1509500100556|0.05448139|-0.068101734|9.80665
1509500100688|0.05448139|-0.068101734|9.80665
1509500100820|0.068101734|-0.068101734|9.80665
1509500100952|0.068101734|-0.068101734|9.80665
1509500101083|0.068101734|-0.068101734|9.80665
1509500101215|0.068101734|-0.068101734|9.80665
1509500101348|0.068101734|-0.068101734|9.80665
1509500101480|0.068101734|-0.068101734|9.80665
1509500101611|0.068101734|-0.068101734|9.80665
1509500101743|0.068101734|-0.068101734|9.80665
1509500101876|0.068101734|-0.068101734|9.80665
1509500102008|0.068101734|-0.068101734|9.80665
1509500102140|0.040861044|-0.068101734|9.80665
1509500102272|0.040861044|-0.068101734|9.80665
1509500102404|0.040861044|-0.068101734|9.80665
1509500102540|0.040861044|-0.068101734|9.80665
1509500102668|0.05448139|-0.068101734|9.80665
1509500102800|0.05448139|-0.05448139|9.80665
1509500102933|0.05448139|-0.05448139|9.80665
1509500103066|0.05448139|-0.068101734|9.80665
1509500103196|0.05448139|-0.068101734|9.80665
1509500103328|0.05448139|-0.068101734|9.80665
1509500103460|0.05448139|-0.068101734|9.80665
1509500103592|0.05448139|-0.068101734|9.80665
1509500103724|0.05448139|-0.068101734|9.80665
1509500103856|0.05448139|-0.068101734|9.80665
1509500103988|0.05448139|-0.068101734|9.80665
1509500104120|0.05448139|-0.068101734|9.80665
1509500104252|0.05448139|-0.068101734|9.80665
1509500104385|0.05448139|-0.068101734|9.80665
1509500104515|0.05448139|-0.068101734|9.80665
1509500104648|0.05448139|-0.068101734|9.80665
1509500104780|0.05448139|-0.068101734|9.80665
1509500104913|0.05448139|-0.068101734|9.80665
1509500105044|0.05448139|-0.068101734|9.80665
1509500105176|0.05448139|-0.068101734|9.80665
1509500105308|0.05448139|-0.068101734|9.80665
1509500105440|0.05448139|-0.068101734|9.80665
1509500105573|0.05448139|-0.068101734|9.80665
1509500105704|0.05448139|-0.05448139|9.80665
1509500105837|0.05448139|-0.05448139|9.80665
1509500105968|0.05448139|-0.05448139|9.80665
1509500106100|0.040861044|-0.068101734|9.80665
1509500106232|0.05448139|-0.05448139|9.80665
1509500106364|0.05448139|-0.05448139|9.80665
1509500106496|0.05448139|-0.05448139|9.80665
1509500106628|0.05448139|-0.05448139|9.80665
1509500106760|0.05448139|-0.05448139|9.80665
