1509512630182|0.08172209|-0.040861044|9.80665
1509512630310|0.08172209|-0.040861044|9.80665
1509512630442|0.08172209|-0.040861044|9.80665
1509512630574|0.08172209|-0.040861044|9.80665
1509512630705|0.08172209|-0.040861044|9.80665
1509512630837|0.08172209|-0.040861044|9.80665
1509512630970|0.08172209|-0.05448139|9.80665
1509512631101|0.08172209|-0.05448139|9.80665
1509512631235|0.08172209|-0.05448139|9.80665
1509512631366|0.08172209|-0.05448139|9.80665
1509512631497|0.08172209|-0.05448139|9.80665
1509512631629|0.08172209|-0.05448139|9.80665
1509512631761|0.08172209|-0.05448139|9.80665
1509512631895|0.08172209|-0.05448139|9.80665
1509512632027|0.08172209|-0.05448139|9.80665
1509512632158|0.08172209|-0.05448139|9.80665
1509512632292|0.08172209|-0.05448139|9.80665
1509512632423|0.068101734|-0.05448139|9.80665
1509512632554|0.068101734|-0.05448139|9.80665
1509512632686|0.068101734|-0.05448139|9.80665
1509512632818|0.068101734|-0.05448139|9.80665
1509512632951|0.068101734|-0.05448139|9.80665
1509512633083|0.068101734|-0.05448139|9.80665
1509512633215|0.068101734|-0.068101734|9.80665
1509512633346|0.068101734|-0.068101734|9.80665
1509512633479|0.068101734|-0.068101734|9.80665
1509512633611|0.068101734|-0.068101734|9.80665
1509512633743|0.068101734|-0.068101734|9.80665
1509512633875|0.068101734|-0.068101734|9.80665
1509512634007|0.068101734|-0.068101734|9.80665
1509512634138|0.068101734|-0.068101734|9.80665
1509512634271|0.068101734|-0.068101734|9.80665
1509512634403|0.068101734|-0.068101734|9.80665
1509512634535|0.068101734|-0.068101734|9.80665
1509512634666|0.068101734|-0.068101734|9.80665
1509512634802|0.068101734|-0.040861044|9.80665
1509512634931|0.08172209|-0.05448139|9.80665
1509512635063|0.08172209|-0.05448139|9.80665
1509512635195|0.08172209|-0.05448139|9.80665
1509512635328|0.068101734|-0.05448139|9.80665
1509512635458|0.068101734|-0.05448139|9.80665
1509512635590|0.068101734|-0.05448139|9.80665
1509512635723|0.068101734|-0.05448139|9.80665
1509512635854|0.095342435|-0.040861044|9.80665
1509512635986|0.095342435|-0.040861044|9.80665
1509512636118|0.095342435|-0.040861044|9.80665
1509512636251|0.095342435|-0.040861044|9.80665
1509512636382|0.08172209|-0.040861044|9.80665
1509512636514|0.08172209|-0.040861044|9.80665
1509512636646|0.08172209|-0.040861044|9.80665
1509512636779|0.08172209|-0.05448139|9.80665
1509512636911|0.08172209|-0.05448139|9.80665
1509512637043|0.08172209|-0.05448139|9.80665
1509512637174|0.08172209|-0.05448139|9.80665
1509512637306|0.08172209|-0.05448139|9.80665
1509512637438|0.08172209|-0.05448139|9.80665
1509512637570|0.08172209|-0.05448139|9.80665
1509512637703|0.08172209|-0.05448139|9.80665
1509512637836|0.08172209|-0.05448139|9.80665
1509512637967|0.08172209|-0.05448139|9.80665
1509512638099|0.08172209|-0.05448139|9.80665
1509512638231|0.08172209|-0.05448139|9.80665
1509512638363|0.08172209|-0.05448139|9.80665
1509512638495|0.08172209|-0.05448139|9.80665
1509512638627|0.08172209|-0.05448139|9.80665
1509512638759|0.08172209|-0.05448139|9.80665
1509512638891|0.08172209|-0.05448139|9.80665
1509512639022|0.08172209|-0.05448139|9.80665
1509512639155|0.08172209|-0.05448139|9.80665
1509512639286|0.08172209|-0.05448139|9.80665
1509512639417|0.08172209|-0.05448139|9.80665
1509512639550|0.08172209|-0.05448139|9.80665
1509512639682|0.08172209|-0.05448139|9.80665
1509512639815|0.08172209|-0.05448139|9.80665
1509512639947|0.08172209|-0.05448139|9.80665
1509512640078|0.08172209|-0.05448139|9.80665
1509512640210|0.08172209|-0.05448139|9.80665
1509512640342|0.08172209|-0.05448139|9.80665
1509512640475|0.08172209|-0.05448139|9.80665
1509512640607|0.08172209|-0.05448139|9.80665
1509512640739|0.08172209|-0.05448139|9.80665
1509512640871|0.08172209|-0.05448139|9.80665
1509512641001|0.08172209|-0.05448139|9.80665
1509512641134|0.08172209|-0.05448139|9.80665
1509512641267|0.08172209|-0.05448139|9.80665
1509512641398|0.08172209|-0.05448139|9.80665
1509512641533|0.08172209|-0.05448139|9.80665
1509512641664|0.08172209|-0.05448139|9.80665
1509512641795|0.08172209|-0.05448139|9.80665
1509512641928|0.08172209|-0.05448139|9.80665
1509512642058|0.08172209|-0.05448139|9.80665
1509512642190|0.08172209|-0.05448139|9.80665
1509512642323|0.08172209|-0.05448139|9.80665
1509512642456|0.08172209|-0.05448139|9.80665
1509512642586|0.08172209|-0.05448139|9.80665
1509512642718|0.08172209|-0.05448139|9.80665
1509512642850|0.08172209|-0.05448139|9.80665
1509512642982|0.08172209|-0.05448139|9.80665
1509512643115|0.08172209|-0.05448139|9.80665
1509512643246|0.08172209|-0.05448139|9.80665
1509512643378|0.08172209|-0.05448139|9.80665
1509512643511|0.08172209|-0.05448139|9.80665
1509512643642|0.08172209|-0.05448139|9.80665
1509512643775|0.08172209|-0.05448139|9.80665
1509512643907|0.095342435|-0.068101734|9.80665
1509512644039|0.10896278|-0.068101734|9.80665
1509512644170|0.10896278|-0.05448139|9.80665
1509512644303|0.10896278|-0.05448139|9.80665
1509512644435|0.10896278|-0.068101734|9.80665
1509512644567|0.095342435|-0.068101734|9.80665
1509512644699|0.095342435|-0.068101734|9.80665
1509512644831|0.08172209|-0.068101734|9.80665
1509512644963|0.08172209|-0.068101734|9.80665
1509512645095|0.08172209|-0.068101734|9.80665
1509512645227|0.08172209|-0.068101734|9.80665
1509512645358|0.08172209|-0.068101734|9.80665
1509512645489|0.08172209|-0.068101734|9.80665
1509512645622|0.08172209|-0.068101734|9.80665
1509512645754|0.08172209|-0.068101734|9.80665
1509512645887|0.095342435|-0.068101734|9.80665
1509512646019|0.08172209|-0.05448139|9.80665
1509512646150|0.08172209|-0.05448139|9.80665
1509512646283|0.08172209|-0.068101734|9.80665
1509512646419|0.08172209|-0.068101734|9.80665
1509512646549|0.08172209|-0.068101734|9.80665
1509512646679|0.08172209|-0.068101734|9.80665
1509512646811|0.08172209|-0.068101734|9.80665
1509512646944|0.08172209|-0.068101734|9.80665
1509512647074|0.08172209|-0.068101734|9.80665
1509512647206|0.08172209|-0.068101734|9.80665
1509512647338|0.08172209|-0.068101734|9.80665
1509512647471|0.08172209|-0.068101734|9.80665
1509512647602|0.08172209|-0.068101734|9.80665
1509512647735|0.08172209|-0.068101734|9.80665
1509512647867|0.08172209|-0.068101734|9.80665
1509512647998|0.08172209|-0.068101734|9.80665
1509512648131|0.08172209|-0.068101734|9.80665
1509512648262|0.08172209|-0.068101734|9.80665
1509512648394|0.08172209|-0.068101734|9.80665
1509512648526|0.08172209|-0.068101734|9.80665
1509512648657|0.08172209|-0.068101734|9.80665
1509512648790|0.08172209|-0.068101734|9.80665
1509512648922|0.08172209|-0.068101734|9.80665
1509512649055|0.08172209|-0.068101734|9.80665
1509512649187|0.08172209|-0.068101734|9.80665
1509512649319|0.08172209|-0.068101734|9.80665
1509512649454|0.08172209|-0.068101734|9.80665
1509512649583|0.08172209|-0.068101734|9.80665
1509512649715|0.08172209|-0.068101734|9.80665
1509512649850|0.095342435|-0.068101734|9.80665
1509512649978|0.095342435|-0.068101734|9.80665
1509512650111|0.095342435|-0.068101734|9.80665
1509512650243|0.095342435|-0.068101734|9.80665
1509512650375|0.095342435|-0.068101734|9.80665
1509512650507|0.08172209|-0.068101734|9.80665
1509512650639|0.08172209|-0.068101734|9.80665
1509512650771|0.08172209|-0.068101734|9.80665
1509512650903|0.08172209|-0.068101734|9.80665
1509512651034|0.08172209|-0.068101734|9.80665
1509512651166|0.08172209|-0.068101734|9.80665
1509512651298|0.08172209|-0.068101734|9.80665
1509512651431|0.08172209|-0.068101734|9.80665
1509512651564|0.08172209|-0.068101734|9.80665
1509512651695|0.08172209|-0.068101734|9.80665
1509512651827|0.08172209|-0.068101734|9.80665
1509512651959|0.08172209|-0.068101734|9.80665
1509512652090|0.08172209|-0.068101734|9.80665
1509512652222|0.08172209|-0.08172209|9.80665
1509512652355|0.08172209|-0.08172209|9.80665
1509512652487|0.08172209|-0.08172209|9.80665
1509512652619|0.08172209|-0.08172209|9.80665
1509512652750|0.08172209|-0.08172209|9.80665
1509512652883|0.095342435|-0.068101734|9.80665
1509512653016|0.08172209|-0.040861044|9.80665
1509512653147|0.08172209|-0.040861044|9.80665
1509512653278|0.08172209|-0.040861044|9.80665
1509512653411|0.08172209|-0.040861044|9.80665
1509512653542|0.08172209|-0.040861044|9.80665
1509512653675|0.08172209|-0.040861044|9.80665
1509512653807|0.08172209|-0.05448139|9.80665
1509512653938|0.095342435|-0.05448139|9.80665
1509512654071|0.08172209|-0.05448139|9.80665
1509512654202|0.08172209|-0.05448139|9.80665
1509512654335|0.08172209|-0.05448139|9.80665
1509512654467|0.08172209|-0.05448139|9.80665
1509512654598|0.08172209|-0.05448139|9.80665
1509512654730|0.08172209|-0.068101734|9.80665
1509512654863|0.08172209|-0.068101734|9.80665
1509512654994|0.08172209|-0.068101734|9.80665
1509512655132|0.10896278|-0.05448139|9.80665
1509512655258|0.10896278|-0.05448139|9.80665
1509512655391|0.095342435|-0.068101734|9.80665
1509512655523|0.095342435|-0.068101734|9.80665
1509512655655|0.095342435|-0.068101734|9.80665
1509512655787|0.095342435|-0.068101734|9.80665
1509512655919|0.095342435|-0.068101734|9.80665
1509512656050|0.10896278|-0.05448139|9.80665
1509512656183|0.095342435|-0.068101734|9.80665
1509512656314|0.095342435|-0.068101734|9.80665
1509512656446|0.10896278|-0.05448139|9.80665
1509512656578|0.10896278|-0.05448139|9.80665
1509512656711|0.10896278|-0.068101734|9.80665
1509512656843|0.10896278|-0.068101734|9.80665
1509512656975|0.10896278|-0.068101734|9.80665
1509512657107|0.095342435|-0.068101734|9.80665
1509512657239|0.08172209|-0.068101734|9.80665
1509512657371|0.095342435|-0.068101734|9.80665
1509512657503|0.08172209|-0.068101734|9.80665
1509512657634|0.08172209|-0.068101734|9.80665
1509512657767|0.08172209|-0.068101734|9.80665
1509512657899|0.095342435|-0.05448139|9.80665
1509512658036|0.095342435|-0.05448139|9.80665
1509512658164|0.095342435|-0.05448139|9.80665
1509512658295|0.095342435|-0.05448139|9.80665
1509512658426|0.095342435|-0.05448139|9.80665
1509512658561|0.10896278|-0.068101734|9.80665
1509512658691|0.10896278|-0.068101734|9.80665
1509512658823|0.10896278|-0.068101734|9.80665
1509512658955|0.10896278|-0.068101734|9.80665
1509512659086|0.095342435|-0.05448139|9.80665
1509512659219|0.10896278|-0.068101734|9.80665
1509512659351|0.10896278|-0.05448139|9.80665
1509512659484|0.10896278|-0.05448139|9.80665
1509512659615|0.095342435|-0.05448139|9.80665
1509512659746|0.095342435|-0.05448139|9.80665
1509512659879|0.10896278|-0.068101734|9.80665
1509512660009|0.10896278|-0.068101734|9.80665
1509512660143|0.10896278|-0.068101734|9.80665
1509512660275|0.095342435|-0.05448139|9.80665
1509512660407|0.095342435|-0.05448139|9.80665
1509512660538|0.095342435|-0.05448139|9.80665
1509512660670|0.095342435|-0.05448139|9.80665
1509512660802|0.095342435|-0.068101734|9.80665
1509512660935|0.095342435|-0.068101734|9.80665
1509512661070|0.095342435|-0.068101734|9.80665
1509512661198|0.095342435|-0.068101734|9.80665
