1509412145814|-3.5335236|6.0453644|7.3731384
1509412145930|-2.1257172|5.3175354|7.2015533
1509412146048|-2.1975555|5.5210266|7.944565
1509412146168|-1.8950806|5.521042|7.990036
1509412146289|-1.1800232|5.312744|7.409851
1509412146407|-4.5933533|6.981491|6.2742004
1509412146531|-3.206314|5.9815216|7.0036316
1509412146646|-0.8663788|5.2057953|8.588593
1509412146771|-2.9908295|6.3510284|5.1082153
1509412146886|-7.8127594|6.5281982|8.078629
1509412147006|-5.905365|6.8506165|5.6852264
1509412147127|-2.7059174|6.0828705|5.6644745
1509412147246|-1.7418518|5.793976|7.796112
1509412147367|-0.90148926|5.4292603|7.402664
1509412147486|-0.689209|5.075714|8.646057
1509412147612|-2.373932|6.5329895|6.5303802
1509412147727|-1.8623657|5.4029236|7.9621124
1509412147847|-3.2901|6.2097626|7.9142303
1509412147972|-1.3148956|5.6670837|6.899887
1509412148087|-1.7993164|5.803543|8.17041
1509412148206|-2.4377747|6.8538055|4.4450226
1509412148327|-3.091385|6.2033844|8.877487
1509412148446|-1.3875122|6.9400024|6.030792
1509412148567|-1.8057098|6.454773|7.3468018
1509412148691|-2.7266693|6.8386383|5.444214
1509412148807|-2.2478333|6.791565|5.471344
1509412148927|-2.0810394|6.3661804|7.615753
1509412149046|-2.401062|6.5154266|5.7706146
1509412149170|-3.5399017|6.8210907|7.1201477
1509412149287|-1.9397736|6.803528|7.038742
1509412149415|-0.5750885|5.9527893|7.3835144
1509412149529|-0.862381|7.06131|6.583847
1509412149647|0.079330444|6.6989746|6.8200836
1509412149770|-0.7466583|7.50264|6.745865
1509412149894|0.21180725|6.5178223|7.3954773
1509412150008|-1.0634918|6.253662|7.3212585
1509412150127|-0.7913513|6.296753|7.74823
1509412150258|-1.0395508|6.177841|7.229477
1509412150367|-3.0865936|6.9056854|5.6628723
1509412150488|-1.8344269|6.2361145|7.6269226
1509412150607|-2.3443909|5.979126|7.9397736
1509412150728|-0.53837585|5.2273407|7.6221313
1509412150848|-2.1321106|6.1411285|7.4936523
1509412150968|-1.1504822|5.771637|7.6652374
1509412151087|-0.99406433|6.038986|7.676407
1509412151213|-1.4210358|6.3598022|7.1959686
1509412151332|-0.8687744|6.1866302|7.2781677
1509412151447|-1.7378693|5.925659|8.115341
1509412151568|-1.3116913|6.133148|6.9661255
1509412151691|-1.475296|5.999878|7.641281
1509412151808|-1.9900513|7.0253906|5.53598
1509412151928|-2.42659|6.640732|8.147263
1509412152048|-2.0993958|7.1818085|5.58786
1509412152168|-1.8400269|6.873764|6.5559235
1509412152291|-1.4010773|6.742874|6.927017
1509412152409|-1.3491974|6.4986725|6.8974915
1509412152527|-0.95176697|6.5178223|6.4114685
1509412152647|-0.5367737|6.67984|7.810486
1509412152770|-2.3364105|5.833084|6.527191
1509412152896|-2.19516|7.0277863|6.3428345
1509412153010|-1.0299835|6.217743|7.35318
1509412153128|-1.2191162|6.6734467|7.5399323
1509412153249|-0.40029907|6.3638|6.7578278
1509412153370|-0.73709106|6.181839|7.1911774
1509412153489|-0.9198456|6.3238983|7.69635
1509412153614|0.04421997|6.279999|7.2717896
1509412153728|-1.5894318|7.0980225|6.3755646
1509412153852|-1.6820068|6.653488|7.3523865
1509412153968|-0.20877075|6.3558197|7.7059326
1509412154088|-0.8113098|6.4795227|7.298111
1509412154208|-1.2829742|7.1969757|6.221527
1509412154329|-0.841629|6.6167755|6.9349976
1509412154449|-1.7418518|7.5768585|5.0379944
1509412154573|-1.2869568|6.61438|7.8025055
1509412154696|-1.0092316|6.739685|6.355606
1509412154808|-0.7961426|6.346237|7.5112
1509412154929|-1.0666962|6.511444|6.7977295
1509412155055|-0.52560425|6.2688293|8.196747
1509412155169|-0.9437866|6.59523|7.239853
1509412155289|-0.772995|6.5760803|6.826462
1509412155410|-0.35720825|6.3470306|6.8304443
1509412155529|-1.8679504|7.1235504|8.096985
1509412155650|-0.42185974|6.5992126|5.9565735
