1509091674648|-2.8538885|5.2768207|7.4507556
1509091674780|-2.9496565|5.2385135|7.5082164
1509091674912|-3.1411927|5.506664|7.1634517
1509091675045|-2.9592333|5.305551|7.603985
1509091675175|-3.3997664|5.6886234|6.885724
1509091675312|-4.050989|5.985504|5.7843914
1509091675440|-3.466804|5.4300494|7.28795
1509091675571|-4.453215|5.8226986|6.3685765
1509091675704|-3.3901896|5.449203|6.435614
1509091675836|-4.2999864|5.6982|7.3645644
1509091675969|-3.5242648|5.2768207|7.0006456
1509091676102|-3.7445314|4.855441|7.776367
1509091676233|-3.3039982|5.3821654|6.4164605
1509091676365|-3.323152|5.4779334|7.517793
1509091676496|-3.2465374|5.3247046|6.205771
1509091676630|-4.012682|5.305551|7.690176
1509091676761|-3.3806129|5.133168|6.6079965
1509091676904|-4.4436383|4.9799395|8.111555
1509091677025|-2.8921957|5.3342814|5.8226986
1509091677157|-4.003105|4.807557|8.130709
1509091677289|-2.719813|5.2385135|6.1195793
1509091677422|-4.156334|5.861006|6.3589997
1509091677552|-2.7485435|5.2002063|6.0621185
1509091677684|-4.0318356|5.497087|7.3166804
1509091677817|-2.9879637|5.161899|6.244078
1509091677947|-4.10845|5.650316|7.249643
1509091678081|-3.2369606|4.673482|8.1402855
1509091678213|-4.2425256|5.0374002|7.651869
1509091678343|-3.8977604|5.085284|6.7803793
1509091678477|-3.9456444|5.046977|6.349423
1509091678608|-4.367024|5.363012|6.4739213
1509091678742|-3.6870706|4.8745947|6.215348
1509091678872|-4.175488|4.7500963|7.690176
1509091679002|-4.10845|4.9320555|6.4068837
1509091679135|-4.1946416|5.104438|6.14831
1509091679267|-3.8498764|4.855441|6.0525417
1509091679403|-4.367024|4.5298295|7.8529816
1509091679531|-4.1180267|4.280833|7.872135
1509091679903|-3.7349546|4.405331|7.6710224
1509091679994|-3.7062242|4.654328|7.201759
1509091680125|-4.2521024|4.8362875|6.6654577
1509091680258|-3.7349546|4.855441|6.799533
1509091680391|-3.8402996|4.5777135|7.7189064
1509091680522|-3.7732618|4.912902|6.6846113
1509091680655|-4.3287168|4.759673|7.843405
1509091680786|-3.7349546|5.1140146|5.401319
1509091680918|-3.715801|4.663905|7.0485296
1509091681050|-3.6583402|4.951209|7.517793
1509091681183|-3.8786068|4.4819455|8.743625
1509091681315|-3.86903|4.7309427|6.9719152
1509091681452|-4.0701427|5.161899|5.813122
1509091681578|-3.8019924|4.7309427|6.83784
1509091681710|-4.2425256|5.0757074|7.4507556
1509091681843|-3.6774938|4.3287168|7.833828
1509091681976|-4.7022123|5.161899|6.9144545
1509091682106|-4.0318356|4.951209|6.4547677
1509091682270|-3.916914|5.00867|6.129156
1509091682412|-4.6255975|4.9895163|8.130709
1509091682506|-4.6255975|4.9320555|7.4603324
1509091682636|-4.213795|4.8267107|7.2592196
1509091682765|-4.0892963|5.0661306|6.2345014
1509091682897|-4.0222588|5.1523223|6.2823853
1509091683030|-4.232949|5.0374002|7.785944
1509091683162|-3.3327289|4.309563|8.571242
1509091683294|-3.1124623|4.76925|7.52737
1509091683427|-3.7253778|5.2385135|6.157887
1509091683557|-2.7581203|4.5681367|6.8091097
1509091683690|-3.4859576|5.1810527|6.895301
1509091683821|-3.3423057|4.3478703|9.232041
1509091683952|-3.4955344|4.912902|6.9623384
1509091684086|-3.3327289|4.960786|5.7843914
1509091684219|-3.074155|4.7979803|7.038953
1509091684349|-3.265691|4.5202527|8.39886
1509091684481|-2.5474305|4.232949|7.8050976
1509091684612|-2.6910827|4.223372|8.39886
1509091684746|-2.6719291|4.175488|8.590396
1509091684876|-2.6910827|4.4244847|7.8625584
