1509425523436|0.09860247|0.042260896|0.770251|0.6286533
1509425523557|0.08764063|0.057191223|0.7624682|0.6385065
1509425523680|0.06840426|0.07031466|0.77351385|0.6261414
1509425523800|0.049769923|0.045375835|0.7854811|0.61521006
1509425523920|0.088369794|0.054503724|0.7874416|0.607582
1509425524038|0.110015586|0.019663274|0.79403615|0.5975086
1509425524156|0.1000384|0.01746834|0.7931336|0.6005216
1509425524283|0.100714214|0.021911344|0.77423966|0.62444335
1509425524400|0.10324828|0.013792568|0.77480507|0.6235597
1509425524520|0.12893671|0.03221116|0.7532957|0.6441144
1509425524637|0.112066746|0.020849941|0.72097105|0.68352544
1509425524758|0.10788815|0.041052327|0.7051126|0.6996364
1509425524881|0.08699884|0.041848257|0.71091515|0.6966201
1509425524997|0.064349264|0.040814295|0.7158877|0.69404477
1509425525119|0.12452296|0.03825074|0.720209|0.6814176
1509425525240|0.0982607|0.014189353|0.7613856|0.64065236
1509425525359|0.099335045|0.014507784|0.7650436|0.6361056
1509425525482|0.099658735|0.011220761|0.76322293|0.63830477
1509425525602|0.11095814|-0.02715979|0.77622557|0.6200198
1509425525721|0.15533485|-0.0017186163|0.7782306|0.6084614
1509425525837|0.13653259|-0.010999136|0.78088564|0.6094715
1509425525958|0.098502226|0.07157233|0.8008414|0.58636826
1509425526079|0.09879136|0.11240925|0.81695515|0.5569459
1509425526197|0.12189415|0.106355764|0.81595963|0.55501366
1509425526321|0.118180186|0.09801479|0.8219186|0.548522
1509425526440|0.10493309|0.08104215|0.83358556|0.5362427
1509425526563|0.16051738|0.065111674|0.8138319|0.55468214
1509425526677|0.20019005|0.057199284|0.7869006|0.5808956
