1509196494287|1014.3337
1509196494414|1014.3389
1509196494553|1014.33563
1509196494680|1014.3334
1509196494814|1014.3341
1509196494949|1014.34375
1509196495081|1014.3309
1509196495215|1014.3309
1509196495347|1014.3252
1509196495481|1014.32086
1509196495614|1014.3475
1509196495747|1014.3622
1509196495881|1014.352
1509196496014|1014.3459
1509196496154|1014.3497
1509196496282|1014.35114
1509196496415|1014.34814
1509196496548|1014.33527
1509196496681|1014.33527
1509196496817|1014.32074
1509196496949|1014.33374
1509196497085|1014.31335
1509196497215|1014.3005
1509196497355|1014.3033
1509196497491|1014.32196
1509196497615|1014.31256
1509196497749|1014.3052
1509196497883|1014.2995
1509196498015|1014.3172
1509196498148|1014.3172
1509196498282|1014.3247
1509196498416|1014.3094
1509196498549|1014.2979
1509196498630|1014.30206
1509196498748|1014.32416
1509196498883|1014.32416
1509196499015|1014.31775
1509196499153|1014.3134
1509196499288|1014.3383
1509196499415|1014.3264
1509196499548|1014.31793
1509196499681|1014.31696
1509196499816|1014.316
1509196499949|1014.30786
1509196500082|1014.3096
1509196500216|1014.3144
1509196500358|1014.30804
1509196500487|1014.30804
1509196500616|1014.30707
1509196500748|1014.306
1509196500882|1014.29443
1509196501021|1014.29346
1509196501149|1014.2883
1509196501282|1014.2823
1509196501417|1014.2636
1509196501553|1014.32007
1509196501682|1014.32855
1509196501815|1014.3055
1509196501952|1014.3055
1509196502083|1014.27997
1509196502225|1014.297
1509196502353|1014.2943
1509196502484|1014.2896
1509196502619|1014.26996
1509196502755|1014.2928
1509196502882|1014.29315
1509196503018|1014.2809
1509196503151|1014.2813
1509196503286|1014.2854
1509196503422|1014.2854
1509196503550|1014.2803
1509196503684|1014.2769
1509196503816|1014.2943
1509196503950|1014.29333
1509196504088|1014.2848
1509196504217|1014.3178
1509196504350|1014.3076
1509196504483|1014.2911
1509196504618|1014.30804
1509196504759|1014.2969
1509196504883|1014.2969
1509196505017|1014.27405
1509196505158|1014.267
1509196505290|1014.2708
1509196505416|1014.2647
1509196505550|1014.2674
1509196505683|1014.2759
1509196505817|1014.2725
1509196505950|1014.28
1509196506083|1014.296
1509196506216|1014.2913
1509196506355|1014.31
1509196506483|1014.31
1509196506617|1014.29987
1509196506753|1014.2751
1509196506885|1014.309
1509196507019|1014.309
1509196507153|1014.303
1509196507283|1014.2911
1509196507417|1014.2945
1509196507556|1014.28595
1509196507690|1014.2605
1509196507819|1014.27277
1509196507950|1014.27277
1509196508084|1014.269
1509196508225|1014.2745
1509196508353|1014.2779
