1509422145301|1.8890381|18.206787|-41.186523
1509422145415|0.9384155|18.39447|-41.545105
1509422145570|-1.083374|16.682434|-40.756226
1509422145684|-0.82855225|17.759705|-40.403748
1509422145767|-1.4953613|18.153381|-40.885925
1509422145877|-4.0527344|18.878174|-40.734863
1509422146030|-4.3045044|18.16864|-41.192627
1509422146146|-4.13208|18.475342|-41.638184
1509422146301|-3.9260864|19.091797|-40.464783
1509422146416|-4.042053|18.69049|-40.246582
1509422146571|-2.5421143|19.47174|-42.062378
1509422146686|-4.4448853|18.93158|-42.108154
1509422146838|-3.8162231|18.46466|-40.963745
1509422146954|-4.0985107|18.928528|-40.8432
1509422147068|-2.5131226|20.352173|-40.63263
1509422147153|-4.26178|19.60907|-40.70282
1509422147237|-4.0771484|19.332886|-41.30249
1509422147347|-2.6809692|20.269775|-42.295837
1509422147494|-3.6987305|19.20929|-41.38031
1509422147580|-4.8583984|18.493652|-40.415955
1509422147686|-3.3843994|18.904114|-41.10565
1509422147847|-3.842163|18.486023|-42.314148
1509422147954|-4.501343|19.0094|-40.927124
1509422148068|-4.803467|18.925476|-41.10565
1509422148227|-4.335022|19.366455|-40.60974
1509422148337|-4.4799805|19.534302|-40.72876
1509422148500|-4.3304443|19.065857|-40.8432
1509422148608|-6.14624|21.018982|-39.8407
1509422148766|-9.4314575|24.015808|-39.83307
1509422148879|-17.515564|33.47931|-36.801147
1509422148965|-23.458862|36.53412|-29.974365
1509422149068|-22.673035|38.46588|-30.610657
1509422149149|-21.331787|37.46338|-32.685852
1509422149300|-24.50409|32.901|-32.424927
1509422149416|-19.694519|27.426147|-35.74829
1509422149577|-12.358093|22.473145|-39.84375
1509422149684|-13.586426|33.10089|-37.721252
1509422149838|-19.015503|37.721252|-35.058594
1509422149953|-17.87262|37.557983|-32.50885
1509422150068|-12.442017|33.673096|-35.801697
1509422150223|-9.118652|33.122253|-37.5885
1509422150338|-9.858704|33.441162|-36.57837
1509422150491|-11.587524|34.750366|-37.79602
1509422150572|-12.904358|34.136963|-36.380005
1509422150686|-16.47644|36.49292|-35.35919
1509422150837|-15.206909|35.54535|-32.699585
1509422150953|-16.786194|37.316895|-34.422302
1509422151074|-15.916443|37.342834|-35.27832
1509422151226|-16.409302|36.78589|-34.884644
1509422151310|-16.514587|36.410522|-34.71527
1509422151422|-16.752625|37.171936|-34.857178
1509422151569|-16.015625|37.290955|-34.99756
1509422151683|-16.378784|37.269592|-34.53827
1509422151838|-16.590881|37.28943|-34.384155
1509422151952|-17.105103|36.262512|-35.12726
1509422152111|-15.9210205|37.3291|-34.210205
1509422152225|-16.874695|36.801147|-35.07843
1509422152338|-16.29486|36.30066|-35.188293
1509422152490|-17.208862|37.763977|-34.350586
1509422152576|-16.999817|35.169983|-34.820557
1509422152684|-16.819763|38.320923|-33.966064
1509422152838|-17.573547|36.07025|-34.399414
1509422152952|-16.61377|36.979675|-35.206604
1509422153106|-16.300964|37.721252|-34.828186
1509422153223|-16.227722|36.276245|-34.710693
1509422153336|-17.636108|37.11548|-35.043335
1509422153493|-16.744995|36.528015|-34.48639
1509422153574|-17.158508|36.505127|-35.424805
1509422153687|-17.347717|37.283325|-33.840942
1509422153840|-16.802979|36.769104|-34.890747
1509422153954|-16.513062|37.09259|-34.658813
1509422154109|-17.729187|36.528015|-35.325623
1509422154224|-16.618347|37.091064|-34.77478
1509422154338|-17.30957|37.869263|-34.62372
1509422154421|-17.015076|35.932922|-34.487915
1509422154570|-17.140198|37.049866|-34.51538
1509422154682|-16.789246|37.39624|-35.22644
1509422154763|-16.931152|36.920166|-34.91516
1509422154876|-17.286682|36.184692|-34.069824
1509422155029|-15.673828|37.1994|-34.674072
1509422155147|-17.721558|36.84082|-35.01129
1509422155298|-16.758728|36.52191|-34.30481
1509422155415|-16.934204|37.287903|-34.570312
1509422155567|-16.28418|36.872864|-34.22699
1509422155683|-15.995789|36.979675|-34.42383
1509422155836|-15.109253|35.86731|-34.44519
1509422155952|-16.854858|37.1109|-34.59778
1509422156033|-18.23883|37.709045|-34.474182
1509422156143|-17.469788|37.350464|-34.054565
1509422156318|-17.320251|37.22229|-34.95941
1509422156416|-17.918396|37.538147|-33.83026
1509422156500|-17.611694|37.312317|-33.277893
1509422156612|-17.967224|36.720276|-35.020447
1509422156761|-17.344666|37.16278|-34.646606
1509422156844|-16.827393|37.01477|-34.895325
1509422156955|-18.388367|37.010193|-34.38263
1509422157105|-17.259216|37.042236|-33.799744
1509422157230|-16.767883|36.914062|-34.66339
1509422157337|-17.677307|37.387085|-34.602356
1509422157489|-16.85028|36.18927|-34.501648
1509422157604|-16.886902|36.273193|-33.467102
1509422157759|-16.978455|37.072754|-34.129333
1509422157873|-17.256165|36.601257|-35.466003
1509422158028|-16.862488|36.96747|-34.396362
1509422158113|-16.757202|36.698914|-34.89685
1509422158220|-16.792297|36.75537|-34.713745
1509422158308|-15.19165|38.009644|-34.135437
1509422158415|-16.26892|36.827087|-34.976196
1509422158496|-17.037964|37.08954|-33.415222
1509422158612|-17.314148|36.984253|-35.40802
1509422158760|-17.149353|35.276794|-33.772278
1509422158874|-17.462158|37.945557|-35.090637
1509422159028|-16.004944|37.327576|-34.631348
1509422159143|-17.527771|37.287903|-34.106445
1509422159297|-17.15393|37.40387|-35.85968
1509422159413|-16.114807|37.44507|-35.754395
1509422159570|-16.653442|37.89215|-34.988403
1509422159684|-16.809082|37.165833|-34.062195
1509422159835|-17.982483|36.531067|-33.90045
1509422159953|-16.39862|37.33673|-34.561157
1509422160103|-16.400146|36.13739|-33.988953
1509422160225|-16.793823|37.823486|-35.80475
1509422160374|-18.070984|37.324524|-34.0271
1509422160491|-17.29126|37.145996|-34.27124
1509422160605|-17.877197|37.927246|-34.501648
1509422160759|-16.400146|36.84082|-35.699463
1509422160842|-16.04004|38.072205|-34.075928
1509422160953|-17.250061|36.549377|-34.62372
1509422161105|-16.23993|36.740112|-34.21173
1509422161220|-17.817688|36.917114|-34.770203
1509422161376|-17.512512|36.749268|-31.93512
1509422161503|-16.818237|36.468506|-34.921265
1509422161611|-17.910767|37.902832|-33.425903
1509422161766|-16.326904|37.94861|-34.85565
1509422161873|-16.900635|37.63275|-34.39331
1509422162034|-16.845703|36.891174|-33.387756
1509422162143|-18.218994|36.949158|-35.18524
1509422162224|-16.952515|37.371826|-34.197998
1509422162374|-16.345215|37.179565|-34.246826
1509422162489|-17.56134|37.112427|-33.88214
1509422162573|-16.885376|37.605286|-34.62982
1509422162681|-15.979004|36.586|-34.153748
1509422162763|-16.864014|37.361145|-34.199524
1509422162875|-17.58728|37.14142|-34.506226
1509422163028|-16.981506|36.66992|-33.909607
1509422163143|-15.792847|37.701416|-34.32617
1509422163224|-16.656494|37.257385|-33.631897
1509422163377|-18.115234|36.961365|-34.26361
1509422163487|-16.114807|38.067627|-34.03778
1509422163568|-16.694641|37.3291|-33.5968
1509422163649|-16.471863|37.260437|-33.48236
1509422163761|-16.880798|36.471558|-33.68683
1509422163872|-16.499329|37.521362|-33.86841
1509422164028|-17.29889|36.613464|-34.332275
1509422164144|-17.251587|37.376404|-34.909058
1509422164296|-17.578125|36.720276|-33.843994
1509422164411|-16.786194|36.590576|-33.262634
1509422164567|-17.022705|37.117004|-33.64563
1509422164690|-16.39862|36.868286|-34.147644
1509422164834|-17.152405|37.023926|-34.535217
1509422164948|-16.45813|36.383057|-34.213257
1509422165032|-16.288757|36.59973|-33.554077
1509422165141|-17.068481|37.449646|-33.21228
1509422165222|-17.201233|37.216187|-34.32617
1509422165373|-16.950989|37.65564|-34.79309
1509422165488|-17.816162|36.813354|-32.991028
1509422165577|-16.644287|37.986755|-34.220886
1509422165684|-17.192078|36.91101|-33.724976
1509422165834|-16.786194|35.983276|-33.984375
1509422165952|-16.601562|37.283325|-34.088135
1509422166113|-16.714478|38.882446|-34.288025
1509422166218|-16.488647|37.138367|-34.42993
1509422166299|-17.155457|36.756897|-34.695435
1509422166410|-17.318726|38.40332|-35.32257
1509422166567|-17.401123|36.979675|-34.32007
1509422166680|-17.915344|36.763|-34.274292
1509422166835|-16.900635|37.416077|-33.955383
1509422166951|-16.990662|36.575317|-34.98535
1509422167042|-16.08429|37.65564|-34.025574
1509422167147|-16.807556|36.062622|-34.449768
1509422167295|-17.362976|37.509155|-34.965515
1509422167410|-16.319275|38.26294|-34.083557
1509422167493|-17.86499|37.516785|-33.529663
1509422167645|-16.664124|36.865234|-34.869385
1509422167757|-17.745972|36.49292|-34.010315
1509422167872|-17.471313|38.272095|-34.91211
1509422168032|-16.836548|37.22992|-33.901978
1509422168149|-16.929626|37.628174|-34.036255
1509422168295|-16.577148|38.51776|-33.44879
1509422168413|-16.503906|38.267517|-34.254456
1509422168568|-18.215942|36.97815|-34.109497
1509422168681|-17.526245|38.21411|-34.155273
1509422168834|-17.488098|37.316895|-34.062195
1509422168952|-17.622375|36.886597|-34.248352
1509422169102|-17.471313|37.3291|-34.21936
1509422169217|-17.254639|38.059998|-33.473206
1509422169371|-17.893982|38.041687|-34.625244
1509422169490|-16.853333|37.239075|-34.565735
1509422169641|-16.583252|37.61902|-34.0271
1509422169756|-17.137146|38.227844|-33.651733
1509422169840|-17.132568|37.85553|-34.202576
1509422169952|-17.323303|37.18109|-34.31244
1509422170103|-16.668701|37.945557|-32.86743
1509422170219|-17.32788|38.31024|-33.68683
1509422170374|-17.074585|37.478638|-34.762573
1509422170486|-17.718506|37.1994|-33.529663
1509422170570|-17.059326|38.360596|-33.395386
1509422170679|-17.462158|37.04071|-34.179688
1509422170836|-16.604614|37.382507|-33.958435
1509422170949|-16.86554|37.313843|-33.013916
1509422171102|-15.672302|37.464905|-32.843018
1509422171217|-17.454529|37.469482|-33.58307
1509422171371|-16.647339|37.034607|-32.6828
1509422171486|-12.019348|34.851074|-35.742188
1509422171570|-8.592224|31.425476|-38.900757
1509422171678|-4.924011|24.198914|-40.41443
1509422171833|-0.17547607|18.780518|-41.52832
1509422171951|0.9689331|15.72113|-42.689514
1509422172103|0.3112793|16.462708|-41.60309
1509422172222|-1.890564|18.72406|-41.2735
1509422172370|-3.2653809|18.261719|-41.68701
1509422172486|-4.3670654|18.727112|-42.008972
1509422172643|-7.0861816|17.49878|-42.7948
