1509512892924|0.013620348|-0.013620348|-0.12258312
1509512893056|0.0|-0.013620348|-0.12258312
1509512893188|-0.013620348|-0.013620348|-0.10896278
1509512893320|0.013620348|-0.027240695|-0.12258312
1509512893452|0.013620348|-0.027240695|-0.12258312
1509512893584|0.013620348|-0.027240695|-0.12258312
1509512893716|0.013620348|-0.013620348|-0.12258312
1509512893848|0.027240695|-0.040861044|-0.12258312
1509512893980|0.0|-0.027240695|-0.12258312
1509512894112|0.013620348|-0.040861044|-0.10896278
1509512894244|0.013620348|-0.027240695|-0.10896278
1509512894375|0.0|-0.027240695|-0.12258312
1509512894508|0.013620348|-0.027240695|-0.12258312
1509512894640|0.013620348|-0.027240695|-0.12258312
1509512894772|0.013620348|-0.027240695|-0.12258312
1509512894904|0.013620348|-0.027240695|-0.12258312
1509512895036|0.013620348|-0.027240695|-0.12258312
1509512895168|-0.013620348|-0.027240695|-0.12258312
1509512895300|-0.013620348|-0.027240695|-0.12258312
1509512895432|0.0|-0.013620348|-0.12258312
1509512895565|0.0|-0.013620348|-0.10896278
1509512895696|0.0|-0.013620348|-0.12258312
1509512895828|0.0|-0.027240695|-0.12258312
1509512895960|0.0|-0.027240695|-0.12258312
1509512896093|0.0|-0.027240695|-0.12258312
1509512896224|-0.013620348|-0.013620348|-0.12258312
1509512896356|-0.013620348|-0.027240695|-0.12258312
1509512896488|0.0|-0.027240695|-0.12258312
1509512896620|0.013620348|-0.027240695|-0.12258312
1509512896752|0.013620348|-0.027240695|-0.12258312
1509512896884|0.013620348|-0.027240695|-0.10896278
1509512897016|-0.013620348|0.0|-0.095342435
1509512897148|0.0|-0.027240695|-0.12258312
1509512897283|0.0|-0.027240695|-0.12258312
1509512897412|-0.013620348|-0.040861044|-0.12258312
1509512897544|-0.013620348|-0.027240695|-0.12258312
1509512897676|0.013620348|-0.027240695|-0.12258312
1509512897808|0.013620348|-0.027240695|-0.10896278
1509512897940|0.0|-0.027240695|-0.10896278
1509512898072|0.013620348|-0.040861044|-0.10896278
1509512898204|0.0|-0.027240695|-0.10896278
1509512898336|0.013620348|-0.027240695|-0.10896278
1509512898468|0.013620348|0.0|-0.10896278
1509512898603|0.013620348|0.0|-0.10896278
1509512898732|-0.013620348|0.0|-0.095342435
1509512898864|0.0|0.013620348|-0.10896278
1509512898996|0.0|0.013620348|-0.095342435
1509512899128|0.0|0.0|-0.095342435
1509512899267|0.0|0.0|-0.10896278
1509512899393|0.027240695|-0.027240695|-0.10896278
1509512899525|0.027240695|-0.040861044|-0.12258312
1509512899656|0.013620348|-0.05448139|-0.10896278
1509512899788|0.0|-0.040861044|-0.12258312
1509512899919|0.027240695|-0.040861044|-0.12258312
1509512900052|0.027240695|-0.040861044|-0.12258312
1509512900184|0.040861044|-0.040861044|-0.12258312
1509512900316|0.027240695|-0.027240695|-0.10896278
1509512900448|0.0|-0.027240695|-0.12258312
1509512900580|0.040861044|-0.05448139|-0.10896278
1509512900712|0.0|-0.040861044|-0.12258312
1509512900844|0.013620348|-0.040861044|-0.13620347
1509512900976|0.027240695|-0.05448139|-0.12258312
1509512901108|0.013620348|-0.040861044|-0.12258312
1509512901239|0.013620348|-0.040861044|-0.12258312
1509512901372|0.013620348|-0.040861044|-0.12258312
1509512901504|0.013620348|-0.040861044|-0.12258312
1509512901636|0.0|-0.027240695|-0.12258312
1509512901767|0.0|-0.027240695|-0.10896278
1509512901900|0.013620348|-0.027240695|-0.12258312
1509512902032|0.0|-0.027240695|-0.12258312
1509512902164|0.013620348|-0.027240695|-0.12258312
1509512902296|-0.013620348|-0.013620348|-0.095342435
1509512902428|0.0|0.0|-0.095342435
1509512902560|0.0|-0.027240695|-0.12258312
1509512902692|0.013620348|-0.027240695|-0.12258312
1509512902824|0.013620348|-0.05448139|-0.10896278
1509512902956|0.0|-0.027240695|-0.12258312
1509512903086|-0.013620348|-0.027240695|-0.10896278
1509512903219|0.0|-0.013620348|-0.10896278
1509512903351|-0.013620348|0.0|-0.095342435
1509512903484|-0.013620348|0.0|-0.095342435
1509512903617|-0.013620348|0.0|-0.095342435
1509512903748|0.0|-0.013620348|-0.10896278
1509512903880|0.027240695|-0.027240695|-0.10896278
1509512904012|0.027240695|-0.040861044|-0.12258312
1509512904144|0.027240695|-0.040861044|-0.12258312
1509512904276|0.027240695|-0.040861044|-0.12258312
1509512904408|0.013620348|-0.040861044|-0.12258312
1509512904540|0.013620348|-0.040861044|-0.095342435
1509512904674|0.013620348|-0.040861044|-0.12258312
1509512904804|0.027240695|-0.040861044|-0.10896278
1509512904936|0.013620348|-0.040861044|-0.10896278
1509512905068|0.013620348|-0.040861044|-0.12258312
1509512905200|0.027240695|-0.040861044|-0.12258312
1509512905333|0.013620348|-0.040861044|-0.12258312
1509512905464|0.013620348|-0.040861044|-0.10896278
1509512905596|0.013620348|-0.040861044|-0.10896278
1509512905728|0.040861044|-0.027240695|-0.12258312
1509512905859|0.027240695|-0.027240695|-0.12258312
1509512905992|0.0|-0.040861044|-0.12258312
1509512906124|0.013620348|-0.040861044|-0.12258312
1509512906255|0.013620348|-0.040861044|-0.12258312
1509512906388|0.013620348|-0.040861044|-0.12258312
1509512906520|0.013620348|-0.040861044|-0.12258312
1509512906653|0.0|-0.027240695|-0.12258312
1509512906784|0.0|-0.040861044|-0.12258312
1509512906916|0.013620348|-0.040861044|-0.12258312
1509512907048|0.0|-0.05448139|-0.12258312
1509512907179|0.013620348|-0.027240695|-0.10896278
1509512907312|0.013620348|-0.027240695|-0.12258312
1509512907444|0.027240695|-0.040861044|-0.12258312
1509512907575|0.027240695|-0.040861044|-0.12258312
1509512907708|0.013620348|-0.040861044|-0.10896278
1509512907840|0.013620348|-0.040861044|-0.12258312
1509512907972|0.0|-0.027240695|-0.12258312
1509512908104|0.0|-0.027240695|-0.12258312
1509512908235|0.013620348|-0.040861044|-0.12258312
1509512908368|0.0|-0.027240695|-0.10896278
1509512908500|-0.013620348|-0.040861044|-0.095342435
1509512908632|0.0|-0.013620348|-0.095342435
1509512908764|0.013620348|0.0|-0.095342435
1509512908896|0.013620348|0.0|-0.095342435
1509512909028|0.013620348|-0.013620348|-0.10896278
1509512909160|0.013620348|-0.027240695|-0.10896278
1509512909291|0.013620348|-0.040861044|-0.12258312
1509512909423|0.027240695|-0.05448139|-0.12258312
1509512909556|0.013620348|-0.040861044|-0.12258312
1509512909688|0.013620348|-0.040861044|-0.12258312
1509512909820|0.013620348|-0.040861044|-0.12258312
1509512909952|0.027240695|-0.040861044|-0.12258312
1509512910084|0.0|-0.040861044|-0.12258312
1509512910215|0.013620348|-0.040861044|-0.10896278
1509512910348|0.027240695|-0.040861044|-0.12258312
1509512910480|0.013620348|-0.040861044|-0.12258312
1509512910611|0.027240695|-0.040861044|-0.12258312
1509512910745|0.027240695|-0.040861044|-0.12258312
1509512910875|0.027240695|-0.040861044|-0.12258312
1509512911007|0.0|-0.013620348|-0.10896278
1509512911140|0.0|-0.040861044|-0.12258312
1509512911272|0.0|-0.027240695|-0.12258312
1509512911404|0.0|-0.040861044|-0.12258312
1509512911536|0.0|-0.040861044|-0.12258312
1509512911667|0.0|-0.027240695|-0.12258312
1509512911800|0.0|-0.027240695|-0.12258312
1509512911934|0.0|-0.013620348|-0.10896278
1509512912064|0.0|-0.027240695|-0.12258312
1509512912196|0.013620348|-0.027240695|-0.12258312
1509512912327|0.013620348|-0.027240695|-0.12258312
1509512912460|0.0|-0.040861044|-0.12258312
1509512912593|0.013620348|-0.027240695|-0.12258312
1509512912724|0.013620348|-0.027240695|-0.12258312
1509512912856|0.0|-0.027240695|-0.12258312
1509512912988|0.013620348|-0.027240695|-0.12258312
1509512913120|0.013620348|-0.027240695|-0.12258312
1509512913254|0.013620348|-0.027240695|-0.10896278
1509512913385|0.013620348|-0.027240695|-0.12258312
1509512913516|-0.013620348|-0.027240695|-0.12258312
1509512913648|0.0|-0.027240695|-0.12258312
1509512913780|0.013620348|-0.040861044|-0.12258312
1509512913912|0.0|-0.05448139|-0.12258312
1509512914043|0.0|-0.040861044|-0.12258312
1509512914176|0.0|-0.040861044|-0.12258312
1509512914308|0.0|-0.040861044|-0.12258312
1509512914440|-0.013620348|-0.05448139|-0.12258312
1509512914572|0.013620348|-0.040861044|-0.12258312
1509512914704|0.013620348|-0.027240695|-0.12258312
1509512914836|0.0|-0.040861044|-0.12258312
1509512914967|0.013620348|-0.027240695|-0.12258312
1509512915100|0.013620348|-0.013620348|-0.12258312
1509512915232|0.0|-0.027240695|-0.12258312
1509512915364|0.013620348|-0.013620348|-0.10896278
1509512915495|0.0|-0.027240695|-0.12258312
1509512915627|0.013620348|-0.027240695|-0.12258312
1509512915760|0.0|-0.027240695|-0.12258312
1509512915892|0.0|-0.027240695|-0.12258312
1509512916024|0.0|-0.027240695|-0.12258312
1509512916156|0.013620348|-0.027240695|-0.12258312
1509512916288|0.0|-0.027240695|-0.12258312
1509512916420|0.013620348|-0.027240695|-0.12258312
1509512916552|-0.013620348|-0.027240695|-0.10896278
1509512916685|0.0|-0.027240695|-0.12258312
1509512916817|0.0|-0.027240695|-0.12258312
1509512916947|0.0|-0.013620348|-0.12258312
1509512917080|0.013620348|-0.040861044|-0.12258312
1509512917212|0.0|-0.027240695|-0.10896278
1509512917344|0.0|-0.027240695|-0.10896278
1509512917476|-0.013620348|-0.027240695|-0.10896278
1509512917608|0.0|-0.040861044|-0.12258312
1509512917740|0.013620348|-0.027240695|-0.12258312
1509512917872|0.0|-0.027240695|-0.12258312
1509512918004|0.013620348|-0.027240695|-0.12258312
1509512918143|0.0|-0.027240695|-0.12258312
1509512918268|0.013620348|-0.027240695|-0.12258312
1509512918400|0.013620348|-0.027240695|-0.12258312
1509512918533|0.0|-0.027240695|-0.12258312
1509512918664|-0.013620348|-0.013620348|-0.10896278
1509512918796|-0.013620348|-0.027240695|-0.10896278
1509512918928|-0.013620348|-0.040861044|-0.12258312
1509512919060|0.0|-0.027240695|-0.12258312
1509512919192|-0.013620348|-0.027240695|-0.12258312
1509512919324|0.0|-0.013620348|-0.12258312
1509512919455|0.0|-0.027240695|-0.12258312
