1509498784612|0.05746084|-0.08619126|9.768343
1509498784744|0.047884032|-0.095768064|9.758766
1509498784876|0.047884032|-0.095768064|9.758766
1509498785008|0.047884032|-0.095768064|9.758766
1509498785140|0.047884032|-0.095768064|9.758766
1509498785272|0.047884032|-0.095768064|9.758766
1509498785685|0.047884032|-0.095768064|9.758766
1509498785805|0.06703765|-0.095768064|9.758766
1509498785933|0.06703765|-0.095768064|9.758766
1509498786065|0.05746084|-0.095768064|9.749189
1509498786198|0.05746084|-0.095768064|9.749189
1509498786328|0.05746084|-0.095768064|9.749189
1509498786460|0.05746084|-0.095768064|9.749189
1509498786592|0.05746084|-0.095768064|9.749189
1509498786724|0.05746084|-0.095768064|9.749189
1509498786856|0.05746084|-0.076614454|9.768343
1509498786988|0.05746084|-0.095768064|9.749189
1509498787121|0.05746084|-0.095768064|9.749189
1509498787252|0.05746084|-0.095768064|9.749189
1509498787387|0.05746084|-0.095768064|9.749189
1509498787518|0.05746084|-0.095768064|9.768343
1509498787655|0.05746084|-0.10534488|9.758766
1509498787782|0.05746084|-0.08619126|9.749189
1509498787912|0.05746084|-0.08619126|9.749189
1509498788044|0.05746084|-0.08619126|9.749189
1509498788176|0.02873042|-0.06703765|9.77792
1509498788308|0.047884032|-0.095768064|9.749189
1509498788440|0.047884032|-0.095768064|9.768343
1509498788572|0.047884032|-0.095768064|9.758766
1509498788704|0.047884032|-0.095768064|9.758766
1509498788836|0.047884032|-0.095768064|9.758766
1509498788969|0.047884032|-0.10534488|9.758766
1509498789100|0.047884032|-0.08619126|9.749189
1509498789243|0.047884032|-0.08619126|9.768343
1509498789366|0.047884032|-0.08619126|9.758766
1509498789498|0.047884032|-0.08619126|9.758766
1509498789632|0.047884032|-0.08619126|9.758766
1509498789760|0.047884032|-0.08619126|9.758766
1509498789892|0.047884032|-0.08619126|9.758766
1509498790024|0.047884032|-0.08619126|9.749189
1509498790156|0.047884032|-0.08619126|9.768343
1509498790296|0.047884032|-0.08619126|9.768343
1509498790420|0.047884032|-0.08619126|9.758766
1509498790553|0.047884032|-0.095768064|9.758766
1509498790686|0.047884032|-0.095768064|9.758766
1509498790816|0.047884032|-0.076614454|9.758766
1509498790948|0.047884032|-0.095768064|9.758766
1509498791086|0.047884032|-0.095768064|9.758766
1509498791213|0.047884032|-0.095768064|9.758766
1509498791345|0.047884032|-0.095768064|9.758766
1509498791476|0.047884032|-0.095768064|9.758766
1509498791609|0.038307227|-0.076614454|9.768343
1509498791741|0.038307227|-0.05746084|9.787497
1509498791872|0.038307227|-0.076614454|9.768343
1509498792004|0.05746084|-0.076614454|9.768343
1509498792137|0.05746084|-0.095768064|9.758766
1509498792268|0.05746084|-0.095768064|9.758766
1509498792400|0.05746084|-0.095768064|9.749189
1509498792533|0.05746084|-0.095768064|9.749189
1509498792671|0.05746084|-0.076614454|9.749189
1509498792796|0.05746084|-0.08619126|9.749189
1509498792928|0.05746084|-0.08619126|9.749189
1509498793060|0.05746084|-0.08619126|9.749189
1509498793192|0.047884032|-0.08619126|9.768343
1509498793325|0.047884032|-0.095768064|9.758766
1509498793456|0.047884032|-0.095768064|9.758766
1509498793588|0.047884032|-0.095768064|9.749189
1509498793720|0.047884032|-0.076614454|9.768343
1509498793853|0.047884032|-0.076614454|9.758766
1509498793984|0.038307227|-0.076614454|9.77792
1509498794116|0.02873042|-0.05746084|9.77792
1509498794256|0.02873042|-0.06703765|9.77792
1509498794384|0.047884032|-0.095768064|9.749189
1509498794512|0.047884032|-0.095768064|9.749189
1509498794644|0.047884032|-0.095768064|9.749189
1509498794777|0.047884032|-0.095768064|9.749189
1509498794908|0.06703765|-0.095768064|9.749189
1509498795041|0.05746084|-0.095768064|9.749189
1509498795172|0.05746084|-0.076614454|9.749189
1509498795306|0.05746084|-0.076614454|9.768343
1509498795437|0.05746084|-0.08619126|9.758766
1509498795571|0.047884032|-0.095768064|9.758766
1509498795700|0.047884032|-0.076614454|9.758766
1509498795834|0.06703765|-0.08619126|9.758766
1509498795968|0.047884032|-0.08619126|9.758766
1509498796097|0.06703765|-0.08619126|9.758766
1509498796228|0.05746084|-0.10534488|9.758766
1509498796360|0.05746084|-0.08619126|9.749189
1509498796492|0.05746084|-0.095768064|9.749189
1509498796624|0.05746084|-0.095768064|9.749189
1509498796756|0.05746084|-0.095768064|9.749189
1509498796889|0.047884032|-0.076614454|9.768343
1509498797022|0.047884032|-0.076614454|9.768343
1509498797158|0.038307227|-0.05746084|9.787497
1509498797288|0.038307227|-0.05746084|9.787497
1509498797416|0.038307227|-0.06703765|9.787497
1509498797548|0.038307227|-0.076614454|9.768343
1509498797682|0.05746084|-0.08619126|9.768343
1509498797813|0.05746084|-0.08619126|9.749189
1509498797944|0.05746084|-0.08619126|9.749189
1509498798076|0.05746084|-0.08619126|9.749189
1509498798209|0.05746084|-0.08619126|9.768343
1509498798342|0.05746084|-0.095768064|9.749189
1509498798472|0.05746084|-0.095768064|9.749189
1509498798605|0.047884032|-0.08619126|9.758766
1509498798736|0.047884032|-0.06703765|9.77792
1509498798873|0.038307227|-0.06703765|9.77792
1509498799006|0.038307227|-0.076614454|9.758766
1509498799133|0.06703765|-0.08619126|9.758766
1509498799266|0.06703765|-0.10534488|9.749189
1509498799402|0.06703765|-0.10534488|9.749189
1509498799529|0.06703765|-0.10534488|9.749189
1509498799661|0.06703765|-0.08619126|9.749189
1509498799793|0.06703765|-0.08619126|9.749189
1509498799925|0.05746084|-0.08619126|9.739613
1509498800057|0.05746084|-0.08619126|9.739613
1509498800188|0.05746084|-0.08619126|9.739613
1509498800321|0.05746084|-0.095768064|9.758766
1509498800453|0.05746084|-0.095768064|9.758766
1509498800584|0.05746084|-0.095768064|9.758766
1509498800717|0.05746084|-0.095768064|9.758766
1509498800849|0.05746084|-0.095768064|9.758766
1509498800985|0.05746084|-0.095768064|9.749189
1509498801113|0.05746084|-0.095768064|9.749189
1509498801245|0.05746084|-0.095768064|9.749189
1509498801376|0.05746084|-0.095768064|9.749189
1509498801509|0.05746084|-0.095768064|9.749189
1509498801640|0.05746084|-0.095768064|9.749189
1509498801772|0.05746084|-0.095768064|9.749189
1509498801908|0.05746084|-0.095768064|9.749189
1509498802036|0.05746084|-0.095768064|9.749189
1509498802168|0.05746084|-0.10534488|9.749189
1509498802306|0.05746084|-0.08619126|9.749189
1509498802435|0.05746084|-0.095768064|9.749189
1509498802567|0.047884032|-0.076614454|9.768343
1509498802700|0.047884032|-0.076614454|9.758766
1509498802829|0.047884032|-0.08619126|9.758766
1509498802960|0.06703765|-0.08619126|9.758766
1509498803093|0.06703765|-0.095768064|9.749189
1509498803224|0.05746084|-0.095768064|9.749189
1509498803356|0.076614454|-0.095768064|9.749189
1509498803488|0.05746084|-0.10534488|9.749189
1509498803621|0.05746084|-0.10534488|9.749189
1509498803752|0.05746084|-0.10534488|9.749189
1509498803884|0.05746084|-0.10534488|9.749189
1509498804022|0.05746084|-0.10534488|9.749189
1509498804152|0.047884032|-0.08619126|9.768343
1509498804283|0.047884032|-0.06703765|9.768343
1509498804412|0.047884032|-0.095768064|9.739613
1509498804544|0.06703765|-0.10534488|9.739613
1509498804676|0.06703765|-0.10534488|9.758766
1509498804808|0.06703765|-0.10534488|9.758766
1509498804940|0.06703765|-0.10534488|9.749189
1509498805072|0.06703765|-0.10534488|9.730036
1509498805204|0.06703765|-0.10534488|9.730036
1509498805337|0.06703765|-0.11492168|9.749189
1509498805469|0.06703765|-0.10534488|9.749189
1509498805601|0.06703765|-0.10534488|9.749189
1509498805734|0.06703765|-0.08619126|9.749189
1509498805869|0.06703765|-0.08619126|9.749189
1509498805998|0.06703765|-0.08619126|9.749189
1509498806129|0.06703765|-0.095768064|9.749189
1509498806260|0.038307227|-0.076614454|9.768343
1509498806393|0.038307227|-0.076614454|9.758766
1509498806524|0.038307227|-0.076614454|9.77792
1509498806657|0.06703765|-0.08619126|9.739613
1509498806789|0.06703765|-0.10534488|9.758766
1509498806920|0.06703765|-0.10534488|9.749189
1509498807052|0.06703765|-0.11492168|9.749189
1509498807186|0.06703765|-0.095768064|9.749189
1509498807317|0.047884032|-0.095768064|9.749189
1509498807450|0.06703765|-0.095768064|9.749189
1509498807586|0.06703765|-0.10534488|9.739613
1509498807716|0.06703765|-0.10534488|9.739613
1509498807844|0.06703765|-0.08619126|9.739613
1509498807976|0.06703765|-0.10534488|9.739613
1509498808108|0.06703765|-0.10534488|9.739613
1509498808240|0.05746084|-0.08619126|9.739613
1509498808372|0.05746084|-0.10534488|9.739613
1509498808504|0.05746084|-0.10534488|9.739613
1509498808636|0.05746084|-0.10534488|9.739613
1509498808769|0.05746084|-0.10534488|9.739613
1509498808901|0.05746084|-0.08619126|9.739613
1509498809039|0.05746084|-0.095768064|9.739613
1509498809172|0.05746084|-0.095768064|9.739613
1509498809296|0.05746084|-0.095768064|9.758766
1509498809428|0.05746084|-0.095768064|9.739613
1509498809560|0.05746084|-0.095768064|9.739613
1509498809693|0.047884032|-0.095768064|9.758766
1509498809824|0.06703765|-0.095768064|9.749189
1509498809956|0.06703765|-0.10534488|9.749189
1509498810088|0.06703765|-0.08619126|9.749189
1509498810220|0.06703765|-0.08619126|9.749189
1509498810352|0.047884032|-0.08619126|9.749189
1509498810487|0.06703765|-0.08619126|9.749189
1509498810618|0.05746084|-0.08619126|9.739613
1509498810751|0.05746084|-0.095768064|9.739613
1509498810881|0.05746084|-0.095768064|9.739613
1509498811013|0.047884032|-0.095768064|9.739613
1509498811144|0.06703765|-0.10534488|9.739613
1509498811276|0.047884032|-0.08619126|9.758766
1509498811408|0.06703765|-0.10534488|9.758766
1509498811540|0.06703765|-0.10534488|9.749189
1509498811673|0.06703765|-0.10534488|9.739613
1509498811804|0.06703765|-0.10534488|9.739613
1509498811936|0.06703765|-0.08619126|9.739613
1509498812072|0.06703765|-0.095768064|9.739613
1509498812201|0.05746084|-0.095768064|9.739613
1509498812335|0.05746084|-0.095768064|9.739613
1509498812472|0.05746084|-0.095768064|9.739613
1509498812596|0.05746084|-0.095768064|9.739613
1509498812728|0.05746084|-0.095768064|9.739613
1509498812860|0.05746084|-0.095768064|9.739613
1509498812993|0.05746084|-0.095768064|9.758766
1509498813125|0.05746084|-0.095768064|9.739613
1509498813257|0.05746084|-0.10534488|9.739613
1509498813389|0.05746084|-0.10534488|9.739613
1509498813520|0.05746084|-0.10534488|9.739613
1509498813654|0.05746084|-0.10534488|9.739613
1509498813784|0.05746084|-0.10534488|9.739613
1509498813918|0.05746084|-0.10534488|9.739613
1509498814049|0.05746084|-0.10534488|9.739613
1509498814183|0.05746084|-0.10534488|9.739613
1509498814313|0.05746084|-0.08619126|9.758766
1509498814444|0.05746084|-0.10534488|9.749189
1509498814576|0.076614454|-0.11492168|9.749189
1509498814708|0.076614454|-0.11492168|9.739613
1509498814840|0.076614454|-0.11492168|9.739613
1509498814973|0.076614454|-0.11492168|9.730036
1509498815104|0.06703765|-0.095768064|9.749189
1509498815236|0.05746084|-0.095768064|9.749189
1509498815368|0.076614454|-0.095768064|9.749189
1509498815501|0.05746084|-0.095768064|9.749189
1509498815633|0.05746084|-0.095768064|9.749189
1509498815767|0.05746084|-0.095768064|9.749189
1509498815896|0.076614454|-0.095768064|9.739613
1509498816028|0.047884032|-0.076614454|9.758766
1509498816161|0.05746084|-0.095768064|9.749189
1509498816293|0.05746084|-0.095768064|9.749189
1509498816425|0.05746084|-0.095768064|9.749189
1509498816557|0.05746084|-0.095768064|9.749189
