1509087532734|-12.059999|-36.239998|-36.6
1509087532851|-11.5199995|-36.6|-36.48
1509087532984|-11.5199995|-36.719997|-36.719997
1509087533115|-11.219999|-36.42|-36.48
1509087533247|-11.5199995|-36.36|-36.059998
1509087533379|-11.88|-36.3|-35.7
1509087533511|-11.88|-36.54|-35.64
1509087533644|-12.42|-36.6|-35.7
1509087533776|-11.82|-36.78|-35.7
1509087533907|-11.94|-36.6|-35.76
1509087534039|-11.34|-36.719997|-35.46
1509087534171|-10.74|-36.96|-35.399998
1509087534304|-10.74|-37.44|-34.98
1509087534436|-10.2|-37.98|-34.98
1509087534567|-9.599999|-38.34|-34.739998
1509087534699|-9.0|-38.579998|-34.44
1509087534831|-8.82|-38.82|-34.62
1509087534963|-8.04|-38.82|-34.2
1509087535095|-8.22|-39.059998|-34.2
1509087535227|-8.04|-39.059998|-33.899998
1509087535358|-7.2599998|-39.239998|-33.6
1509087535490|-7.3799996|-39.84|-33.42
1509087535623|-6.8999996|-39.84|-33.18
1509087535755|-6.8999996|-40.68|-32.34
1509087535887|-6.8399997|-40.68|-31.98
1509087536019|-7.02|-40.98|-31.56
1509087536151|-6.96|-41.94|-30.72
1509087536283|-6.96|-41.94|-30.96
1509087536414|-7.74|-42.66|-30.599998
1509087536546|-7.74|-42.66|-30.24
1509087536679|-8.16|-42.42|-30.96
1509087536811|-8.7|-42.0|-31.26
1509087536942|-8.5199995|-41.82|-31.26
1509087537075|-9.059999|-42.059998|-31.5
1509087537207|-9.24|-41.34|-31.74
1509087537341|-9.36|-41.94|-31.019999
1509087537472|-9.719999|-41.94|-31.019999
1509087537603|-9.24|-41.399998|-31.5
1509087537735|-8.88|-42.0|-31.019999
1509087537867|-8.5199995|-41.82|-31.439999
1509087537999|-8.4|-41.76|-32.16
1509087538131|-8.5199995|-41.879997|-31.859999
1509087538263|-8.7|-41.879997|-32.399998
1509087538395|-8.4|-41.82|-33.0
1509087538527|-7.74|-41.82|-32.82
1509087538659|-8.099999|-41.579998|-33.12
1509087538790|-8.28|-41.16|-33.12
1509087538923|-9.059999|-41.04|-32.52
1509087539055|-9.66|-40.26|-32.64
1509087539188|-9.66|-40.079998|-32.64
1509087539319|-9.96|-40.079998|-32.76
1509087539451|-10.38|-39.66|-33.42
1509087539584|-10.62|-39.899998|-33.66
1509087539716|-10.74|-39.6|-34.14
1509087539848|-10.74|-39.239998|-34.02
1509087539980|-9.96|-39.0|-33.96
1509087540111|-9.96|-39.0|-34.14
1509087540243|-10.08|-39.42|-33.66
1509087540375|-10.559999|-39.6|-33.66
1509087540507|-10.44|-40.379997|-33.54
1509087540639|-10.44|-40.62|-33.3
1509087540772|-10.2|-40.2|-33.6
1509087540905|-9.42|-40.2|-33.54
1509087541035|-9.42|-39.239998|-33.84
1509087541168|-9.179999|-38.64|-33.96
1509087541299|-9.179999|-38.879997|-33.899998
1509087541431|-9.78|-38.82|-34.38
1509087541563|-10.44|-39.36|-34.14
1509087541695|-11.34|-39.54|-34.14
1509087541827|-11.5199995|-39.719997|-34.14
1509087541959|-11.639999|-39.96|-33.719997
1509087542091|-11.219999|-39.96|-33.48
1509087542223|-10.8|-39.66|-33.78
1509087542356|-11.34|-39.059998|-33.899998
1509087542487|-11.34|-38.46|-34.32
1509087542619|-11.94|-37.86|-34.86
1509087542751|-12.66|-37.44|-35.52
1509087542883|-13.2|-36.239998|-37.02
1509087543015|-12.24|-35.219997|-40.26
1509087543148|-10.139999|-32.52|-44.579998
1509087543279|-7.5|-30.48|-48.899998
1509087543411|-4.8599997|-29.34|-53.219997
1509087543543|-4.7999997|-27.66|-56.1
1509087543675|-7.2599998|-27.18|-58.199997
1509087543807|-9.9|-26.58|-59.64
1509087543939|-12.059999|-25.38|-60.42
1509087544071|-13.44|-25.14|-60.78
1509087544203|-13.139999|-25.08|-61.079998
1509087544335|-13.0199995|-25.08|-60.96
1509087544467|-13.2|-25.5|-61.199997
1509087544599|-13.259999|-25.32|-61.199997
1509087544731|-13.799999|-25.619999|-60.78
1509087544863|-13.799999|-25.26|-61.079998
1509087544995|-13.44|-25.14|-61.02
1509087545127|-13.0199995|-25.26|-60.96
1509087545259|-12.78|-25.019999|-61.079998
1509087545392|-12.78|-25.199999|-60.42
1509087545523|-13.38|-25.199999|-60.48
1509087545655|-13.74|-25.019999|-60.78
1509087545788|-13.559999|-25.26|-60.78
1509087545919|-13.38|-25.5|-61.32
1509087546051|-13.0199995|-25.5|-61.26
1509087546183|-12.599999|-25.619999|-61.44
1509087546316|-12.96|-25.26|-61.26
