1509087532735|-3.0645783|1.6753027|9.180114
1509087532852|-3.0918188|1.6889231|9.166493
1509087532986|-3.1190596|1.7025435|9.152873
1509087533118|-3.1599207|1.7297841|9.125632
1509087533249|-3.1735408|1.7434045|9.125632
1509087533381|-3.214402|1.7570248|9.112013
1509087533514|-3.2416425|1.7706451|9.0983925
1509087533646|-3.2825036|1.7978858|9.071152
1509087533778|-3.323365|1.8251265|9.057531
1509087533909|-3.323365|1.838747|9.057531
1509087534041|-3.323365|1.8523673|9.043911
1509087534173|-3.323365|1.8523673|9.043911
1509087534307|-3.3097444|1.8659877|9.057531
1509087534439|-3.296124|1.8659877|9.057531
1509087534570|-3.2825036|1.879608|9.057531
1509087534702|-3.2825036|1.8932283|9.057531
1509087534834|-3.2825036|1.9068487|9.057531
1509087534965|-3.2825036|1.920469|9.043911
1509087535098|-3.3097444|1.9340893|9.030291
1509087535229|-3.3506055|1.9613299|9.01667
1509087535360|-3.3914666|1.9885707|9.00305
1509087535492|-3.445948|2.002191|8.975809
1509087535626|-3.5140495|2.0294318|8.948568
1509087535757|-3.5549107|2.0430522|8.921328
1509087535889|-3.6230123|2.0566726|8.894087
1509087536021|-3.650253|2.083913|8.866846
1509087536152|-3.677494|2.0975335|8.853226
1509087536285|-3.7047346|2.1247742|8.839605
1509087536415|-3.718355|2.1520147|8.825985
1509087536548|-3.7319753|2.192876|8.812365
1509087536681|-3.7319753|2.2201166|8.798745
1509087536813|-3.7047346|2.2609777|8.798745
1509087536943|-3.650253|2.3018386|8.812365
1509087537077|-3.568531|2.3426998|8.839605
1509087537208|-3.486809|2.3699405|8.866846
1509087537343|-3.405087|2.3971813|8.894087
1509087537474|-3.323365|2.4108014|8.921328
1509087537605|-3.2280223|2.4380422|8.948568
1509087537737|-3.1463003|2.4516625|8.975809
1509087537869|-3.050958|2.465283|9.00305
1509087538001|-2.9556153|2.4789033|9.030291
1509087538133|-2.8738933|2.465283|9.057531
1509087538265|-2.8330321|2.4516625|9.071152
1509087538397|-2.7921712|2.4380422|9.084772
1509087538529|-2.7785509|2.4244218|9.0983925
1509087538660|-2.75131|2.4108014|9.112013
1509087538791|-2.75131|2.3971813|9.112013
1509087538925|-2.75131|2.383561|9.112013
1509087539057|-2.73769|2.3699405|9.125632
1509087539190|-2.7240696|2.3290794|9.139253
1509087539321|-2.6968286|2.2882183|9.152873
1509087539453|-2.6968286|2.2609777|9.166493
1509087539586|-2.669588|2.233737|9.180114
1509087539718|-2.6559677|2.2201166|9.180114
1509087539850|-2.6423473|2.192876|9.193734
1509087539982|-2.628727|2.165635|9.207355
1509087540113|-2.6151068|2.1383946|9.220975
1509087540246|-2.6014864|2.1247742|9.220975
1509087540378|-2.6014864|2.1111538|9.220975
1509087540511|-2.587866|2.0975335|9.234595
1509087540641|-2.587866|2.0975335|9.234595
1509087540774|-2.587866|2.0975335|9.234595
1509087540907|-2.6014864|2.083913|9.234595
1509087541038|-2.628727|2.083913|9.220975
1509087541170|-2.6423473|2.083913|9.220975
1509087541301|-2.6559677|2.083913|9.220975
1509087541433|-2.6559677|2.083913|9.220975
1509087541566|-2.6559677|2.083913|9.220975
1509087541697|-2.669588|2.083913|9.207355
1509087541829|-2.6968286|2.070293|9.207355
1509087541961|-2.6968286|2.070293|9.207355
1509087542093|-2.6968286|2.070293|9.207355
1509087542225|-2.6968286|2.070293|9.207355
1509087542357|-2.6968286|2.070293|9.207355
1509087542489|-2.6832085|2.0566726|9.220975
1509087542621|-2.6559677|2.0430522|9.220975
1509087542753|-2.587866|2.0566726|9.234595
1509087542886|-2.5061438|2.083913|9.261836
1509087543017|-2.4244218|2.083913|9.275456
1509087543150|-2.3563201|2.083913|9.302697
1509087543282|-2.3018386|2.0158114|9.329938
1509087543376|-2.2882183|1.9477097|9.343558
1509087543479|-2.2745981|1.7161638|9.39804
1509087543611|-2.2473574|1.4982383|9.438901
1509087543743|-2.192876|1.293933|9.479762
1509087543876|-2.0566726|1.1032481|9.534244
1509087544007|-1.8523673|0.939804|9.588725
1509087544139|-1.6208212|0.7763598|9.643206
1509087544271|-1.4301364|0.55843425|9.697687
1509087544403|-1.293933|0.27240694|9.724928
1509087544536|-1.1441091|0.05448139|9.752169
1509087544667|-0.99428535|-0.08172209|9.765789
1509087544799|-0.8036005|-0.13620347|9.779409
1509087544931|-0.58567494|-0.16344418|9.79303
1509087545063|-0.38136974|-0.17706451|9.80665
1509087545195|-0.19068487|-0.17706451|9.80665
1509087545327|-0.068101734|-0.16344418|9.80665
1509087545460|0.0|-0.14982383|9.80665
1509087545591|0.040861044|-0.12258312|9.80665
1509087545723|0.05448139|-0.10896278|9.80665
1509087545856|0.05448139|-0.10896278|9.80665
1509087545987|0.05448139|-0.10896278|9.80665
1509087546119|0.05448139|-0.10896278|9.80665
1509087546252|0.05448139|-0.10896278|9.80665
