1509425388407|-0.2729187|0.4878235|0.17434692
1509425388527|0.8576813|0.7782898|-0.08451843
1509425388656|0.7263031|-1.7428436|-0.7687683
1509425388769|-0.5846863|0.10255432|0.6799927
1509425388887|-0.41389465|0.11569214|-0.37994385
1509425389008|0.42590332|0.2506256|-0.6753845
1509425389134|-0.09466553|-0.57922363|-0.08770752
1509425389253|-0.15538025|-0.12080383|-0.35650635
1509425389370|-0.42915344|0.9473114|-0.030532837
1509425389493|0.29699707|-0.32817078|-0.33555603
1509425389607|0.3495636|-1.3749695|0.38526917
1509425389728|0.77388|-0.20175171|0.17079163
1509425389850|0.37121582|-0.28308105|0.43214417
1509425389971|-0.55415344|1.5953522|1.7914276
1509425390086|-0.1585846|-0.16519165|-0.2737732
1509425390207|-0.17988586|-0.6204071|-1.5925751
1509425390328|0.13934326|-1.1920929|-0.5997467
1509425390457|1.1896973|0.6248932|-0.39059448
1509425390571|-1.9936676|0.9373627|0.42256165
1509425390690|-0.7402191|0.36531067|-0.1803894
1509425390808|0.7539978|-0.21951294|0.18251038
1509425390938|-0.46714783|0.44769287|0.843338
1509425391050|-0.29740906|-0.92082214|0.4161682
1509425391168|0.71635437|0.52119446|0.4662323
1509425391291|-0.32867432|0.10432434|0.22619629
1509425391413|-0.31730652|-0.68148804|-0.5695648
1509425391534|0.1386261|0.17996216|-0.48078918
1509425391655|0.89497375|0.7892914|-0.6750183
1509425391772|-0.25836182|-0.92259216|-0.26454163
1509425391888|0.87153625|0.5389557|-1.5574188
1509425392011|-0.2182312|0.5822754|0.14451599
1509425392128|-1.0178833|0.03579712|0.9512787
1509425392254|0.4177246|-1.7644958|0.2783966
1509425392370|1.2553864|0.4611969|0.048294067
1509425392494|-1.2835083|0.87202454|0.89126587
1509425392610|-0.120224|0.10610962|-1.1245575
1509425392733|0.72132874|-0.49719238|-0.66152954
1509425392857|0.040267944|-0.2685089|-0.8302002
1509425392968|-0.0690918|-0.68681335|-0.52197266
1509425393091|0.41027832|0.85427856|0.28974915
1509425393209|-0.67700195|-0.04623413|0.9100952
1509425393327|-0.14756775|0.12136841|0.28193665
1509425393449|0.96669006|0.5709076|0.25708008
1509425393571|-0.33683777|-0.22483826|0.7701874
1509425393690|-0.45188904|-0.0831604|0.046157837
1509425393814|-0.8179779|-0.28733826|-0.2652588
1509425393929|1.3437958|-0.3881836|-0.43000793
1509425394057|-0.45259094|-0.506073|0.016693115
1509425394170|0.42518616|1.0424652|-0.6405792
1509425394291|-0.3471222|0.07485962|0.98713684
1509425394408|-1.0711517|-0.8441162|0.8287811
1509425394531|1.4950714|-0.2003479|-0.76379395
1509425394651|0.1769867|0.36993408|0.45237732
1509425394773|1.2234192|0.3131256|-0.19708252
1509425394891|0.8097534|0.42285156|-0.4772339
1509425395010|0.48554993|-0.8430481|-0.03515625
1509425395129|-0.6400757|-1.0046234|0.90867615
1509425395249|-0.42417908|0.2460022|-1.4476929
1509425395371|-0.29919434|0.51623535|-0.29081726
1509425395494|-0.91989136|-0.87820435|0.97187805
1509425395609|0.56295776|-0.4513855|0.14772034
1509425395732|0.53526306|1.42099|0.17115784
1509425395854|-0.32688904|0.083724976|0.7598877
1509425395976|0.1506958|0.55955505|0.09126282
1509425396089|-0.32582092|0.018035889|-0.32313538
1509425396208|0.49798584|-1.0447388|-0.60435486
1509425396330|-0.6617279|-1.2048798|-0.74072266
1509425396450|0.25971985|0.85214233|-1.0919037
1509425396579|-0.4643097|0.07272339|0.10296631
1509425396689|-1.9975739|0.7264404|0.5450592
1509425396811|0.7373047|0.48461914|-1.2513275
1509425396931|0.21035767|-0.23051453|0.85292053
1509425397048|-0.23562622|0.8347473|0.77835083
1509425397169|-0.50016785|0.4530182|-0.5127411
1509425397293|0.20573425|0.28222656|0.17327881
1509425397412|1.326767|-1.5780792|-1.3752594
1509425397537|-0.10850525|-0.6197052|0.13458252
1509425397654|-0.245224|1.7803497|0.7623749
1509425397769|-0.20793152|-0.7432709|0.32170105
1509425397889|-1.6762238|-0.015686035|1.1682434
1509425398013|0.9230194|0.71507263|0.0138549805
1509425398131|-0.25587463|-0.5994568|0.07279968
1509425398251|-0.78105164|0.31098938|-1.2044525
1509425398376|-0.8389282|-0.19395447|-0.69277954
1509425398497|0.9343872|-0.1854248|-0.36857605
1509425398613|-0.0058898926|0.02017212|0.15090942
1509425398733|-0.37269592|0.111068726|-0.5138092
1509425398850|-0.031097412|0.12030029|0.39450073
1509425398969|-0.98558044|1.1188202|1.8216095
1509425399089|0.76039124|-1.3554382|-0.054336548
1509425399211|0.66166687|0.24494934|3.5095215E-4
1509425399329|-0.48916626|0.306015|1.3944397
1509425399453|-0.13442993|0.21972656|-0.17434692
1509425399577|-0.08401489|-0.49505615|-0.6377411
1509425399692|1.2546692|-0.16802979|-0.92037964
1509425399810|0.56614685|-1.0912628|-0.43286133
1509425399930|0.6517334|0.09083557|-0.2677307
1509425400049|-0.99090576|0.6429901|0.77835083
1509425400170|-2.302246|0.5847626|1.9806824
1509425400294|1.9051971|0.027618408|-0.57666016
1509425400411|0.4081421|0.14622498|0.43569946
1509425400533|-0.707901|0.63305664|0.41722107
1509425400660|-0.89183044|-0.40983582|-1.1135559
1509425400771|0.8441925|0.004196167|-1.0375671
1509425400890|0.31297302|-0.44250488|-0.46446228
1509425401009|-0.064834595|0.052124023|-0.5752411
1509425401137|-0.45046997|0.42852783|0.077056885
1509425401252|-0.60954285|-0.1023407|0.6118164
1509425401373|0.29841614|-0.60336304|0.10652161
1509425401493|0.8718872|-0.32070923|-0.061782837
1509425401619|-0.2807312|-0.40841675|0.57702637
1509425401730|-0.050994873|-0.11476135|-0.20417786
1509425401849|-0.7110901|0.7030029|-0.057876587
1509425401970|0.73020935|0.31419373|-1.0471497
1509425402090|-0.5683594|-0.15133667|-0.86605835
1509425402210|-0.36416626|-0.7659912|-1.4672241
1509425402337|0.54200745|0.30708313|0.116119385
1509425402452|-0.48277283|-0.023147583|0.4825592
1509425402570|1.2727814|0.008102417|-0.012069702
1509425402693|0.15141296|0.6905823|1.846817
1509425402811|0.065475464|0.8670502|1.1014862
1509425402934|-0.04032898|0.3944397|-0.81848145
1509425403055|0.8253784|0.24246216|-1.1277618
1509425403170|0.038131714|-0.8718109|-0.41723633
1509425403290|-0.25160217|-1.3575745|-0.7843933
1509425403410|0.2053833|0.16789246|-0.16973877
1509425403530|-0.49697876|-0.32035828|0.6285095
1509425403651|-0.060928345|0.06455994|0.8092499
1509425403770|0.43051147|0.16896057|0.56282043
1509425403890|0.66452026|-0.3068695|0.5503845
1509425404017|-0.11773682|0.9703827|0.38952637
1509425404136|-0.3595581|0.85427856|-0.27412415
1509425404250|0.89390564|-0.53092957|-0.22157288
1509425404374|-0.60066223|-0.46380615|-0.09942627
1509425404494|0.020736694|0.45231628|-1.2736969
1509425404611|-0.31304932|0.19239807|0.22264099
1509425404736|-1.1819458|-0.04977417|1.1018372
1509425404857|0.92266846|-0.6690521|-0.9633484
1509425404975|-0.3396759|-0.12080383|1.053894
1509425405093|-0.35813904|0.52119446|0.4854126
1509425405214|-0.6358185|0.23713684|-0.7041321
1509425405331|0.30906677|0.66500854|-0.008514404
1509425405452|0.66700745|-0.8760681|-0.22050476
1509425405574|0.87046814|-0.24720764|-0.51771545
1509425405692|0.4827118|-0.11618042|-0.59051514
1509425405811|-0.6091919|-0.13748169|-0.030181885
1509425405932|-1.076477|0.27690125|0.8518524
1509425406057|0.5523071|0.812027|-0.12072754
1509425406173|-0.897171|-0.21560669|0.66329956
1509425406309|-0.34535217|-0.10624695|0.49073792
1509425406412|0.41488647|-0.003982544|-0.57063293
1509425406533|0.08786011|-0.45706177|-0.605072
1509425406657|-0.32263184|-0.16731262|-0.43605042
1509425406772|0.82289124|-0.39172363|-1.2563019
1509425406892|-0.69725037|-0.18258667|0.13458252
1509425407012|-1.0324554|0.42462158|1.2847137
1509425407133|0.17947388|-0.4602661|0.7605896
1509425407251|0.68440247|0.023376465|0.6462555
1509425407373|0.16810608|0.08869934|0.2471466
1509425407490|-0.8233032|-0.3040161|-0.21376038
1509425407611|-0.2537384|-0.041259766|-0.5617523
1509425407735|0.54663086|0.41253662|-0.78118896
1509425407866|0.015060425|-0.20637512|-0.42433167
1509425407976|0.13117981|0.032592773|-0.7730255
1509425408092|-0.7150116|0.8578186|0.40693665
1509425408211|-0.73773193|0.19914246|1.147644
1509425408330|0.9343872|-0.56111145|0.6714783
1509425408455|0.75434875|-0.52879333|0.9576721
1509425408573|0.1741333|1.3854828|1.2857666
1509425408695|-0.3041687|0.5858307|0.17327881
1509425408812|-0.14260864|-0.039123535|0.06889343
1509425408934|0.6304321|-0.90625|-1.3269653
1509425409053|0.33641052|-1.208786|-1.5084076
1509425409173|-0.31481934|0.35110474|-0.43782043
1509425409296|-0.44229126|0.0617218|0.40338135
1509425409413|-1.6478119|0.18138123|1.2176056
1509425409533|0.8935394|0.29359436|-0.50671387
1509425409663|0.55088806|-0.14245605|0.63383484
1509425409779|-0.7636566|0.52368164|0.5276642
1509425409893|-0.4174347|0.36247253|-0.55322266
1509425410012|1.1680298|-0.63568115|-0.558197
1509425410138|-0.0023345947|-0.33810425|-0.08557129
1509425410255|0.075424194|0.22079468|-0.85398865
1509425410372|-0.22923279|0.048217773|0.18322754
1509425410495|-0.502655|0.5208435|0.54470825
1509425410613|0.502594|0.19238281|0.30963135
1509425410733|-0.14614868|0.6934204|0.75953674
1509425410851|-0.06625366|0.5954132|0.40621948
1509425410971|0.008666992|0.19238281|0.017745972
1509425411111|-0.48846436|-0.43292236|-0.47332764
1509425411216|0.6602478|-0.082092285|-0.6057739
1509425411332|0.059799194|-0.37716675|-0.19920349
1509425411456|-0.121292114|0.33052063|0.030883789
1509425411576|-0.7096863|0.686676|0.8156433
1509425411692|-0.9749298|0.008804321|0.8213196
1509425411812|0.6734009|0.023361206|0.09907532
1509425411933|0.32080078|-0.045166016|0.14595032
1509425412053|-0.67593384|0.2772522|0.2034607
1509425412180|0.8576813|-0.41445923|-0.88594055
1509425412304|0.22846985|-0.2280426|-0.43675232
1509425412415|0.17201233|0.639801|-0.16369629
1509425412540|-0.42311096|-0.38711548|-0.3675232
1509425412652|0.15957642|0.67282104|0.08984375
1509425412780|-0.5406494|-0.5433502|0.14807129
1509425412905|0.95106506|-1.2187347|-1.3461456
1509425413014|0.06442261|0.9853058|0.5617523
1509425413142|-0.016906738|-0.6530762|-0.12783813
1509425413255|0.30162048|0.14231873|-0.42468262
1509425413377|0.049850464|-0.28875732|-0.7187042
1509425413496|0.104888916|-0.54867554|0.020950317
1509425413613|-0.6706238|0.09899902|0.032318115
1509425413740|-0.3680725|-0.205307|-0.20381165
1509425413855|-0.078323364|0.25134277|0.13742065
1509425413972|-0.71073914|0.46296692|1.1796112
1509425414102|-0.36665344|-0.09843445|0.89198303
1509425414214|0.7330475|0.25276184|0.38278198
1509425414336|0.34742737|0.35110474|0.20240784
1509425414453|-0.1820221|0.09439087|0.25317383
1509425414576|-0.7398529|0.06739807|-0.24536133
1509425414694|0.9272766|-0.3604889|-0.6100464
1509425414812|0.56437683|-0.35125732|-0.5308533
1509425414939|0.1301117|-0.13996887|-0.8554077
1509425415056|-0.4557953|0.53434753|0.049362183
1509425415173|-1.092102|0.23216248|0.57347107
1509425415294|0.59669495|-1.3067932|-0.74568176
1509425415415|-0.14686584|0.4452057|1.0304718
1509425415538|0.2948761|0.3607025|0.21980286
1509425415654|-0.10247803|0.07627869|-0.20097351
1509425415772|0.032821655|0.07237244|-0.28477478
1509425415893|0.67977905|-0.057235718|-0.6604614
1509425416013|0.038131714|-0.40415955|-0.075286865
1509425416133|-0.3197937|0.98742676|0.19778442
1509425416253|-0.0041046143|-0.21560669|0.017044067
1509425416379|-0.37234497|-0.13215637|0.36325073
1509425416493|0.50968933|-0.068237305|-0.17364502
1509425416613|0.1975708|-0.26815796|0.48327637
1509425416736|-0.5814972|0.42071533|0.5305023
1509425416855|0.01789856|-0.51068115|-0.925354
1509425416974|0.17201233|-0.29159546|-0.21447754
1509425417093|0.008666992|0.25416565|0.026641846
1509425417213|0.15318298|0.34968567|-0.23365784
1509425417333|0.27676392|0.90753174|0.46871948
1509425417458|-0.35565186|-0.36154175|0.25849915
1509425417574|-0.4263153|-0.029541016|0.8266449
1509425417694|0.45217896|0.23820496|0.2581482
1509425417816|0.17520142|0.30389404|0.47511292
1509425417933|-0.9291229|-0.09062195|0.22619629
1509425418052|0.46636963|-0.62431335|-1.0514221
1509425418181|0.70783997|-7.7819824E-4|-0.4264679
1509425418295|0.034591675|-0.24153137|-0.046157837
1509425418413|0.0015716553|0.5077057|-0.29400635
1509425418536|-0.1706543|-0.036636353|-0.21269226
1509425418658|-0.82081604|-0.054397583|0.54896545
1509425418773|1.0501404|-0.47305298|-0.41723633
1509425418897|-0.15538025|0.054611206|1.0354309
1509425419015|-0.39826965|0.6142273|0.4072876
1509425419141|-0.4089203|-0.40097046|-0.5944214
1509425419255|0.06690979|0.13450623|0.1526947
1509425419382|0.64675903|0.23358154|-0.076690674
1509425419497|0.30197144|0.19451904|-0.5042267
1509425419617|0.3971405|0.86421204|0.14630127
1509425419740|0.15673828|-1.5102539|-0.51878357
1509425419853|-0.28393555|0.31524658|0.18855286
1509425419976|-0.094314575|0.4107666|0.2503357
1509425420099|-0.3819275|0.72431946|0.98324585
1509425420217|-0.69085693|0.37028503|0.6895752
1509425420338|-0.12059021|-0.7084656|-0.17292786
1509425420456|-0.85313416|-0.7233887|0.10154724
1509425420577|0.41844177|0.43952942|-0.2272644
1509425420693|0.39749146|-0.621109|-0.91825867
1509425420814|0.98587036|-0.52630615|-0.61039734
1509425420933|-0.33718872|-0.6157837|0.5035095
1509425421057|-0.76542664|0.401886|1.3230591
1509425421178|0.3985443|0.6671448|0.83410645
1509425421301|0.39500427|0.06135559|-0.072784424
1509425421414|-0.16426086|-0.29196167|-0.17008972
1509425421536|-0.18592834|-0.0796051|0.069244385
1509425421653|0.4820099|-0.62680054|-0.34692383
1509425421777|-0.29458618|0.09225464|-0.5684967
1509425421895|0.7216797|0.058517456|-0.7733917
1509425422015|-0.37304688|0.26908875|0.32632446
1509425422138|-0.38050842|-0.4602661|0.24821472
1509425422255|0.23060608|-0.5163727|0.47155762
1509425422381|0.26255798|0.34117126|0.4161682
1509425422502|0.10418701|0.81521606|0.42965698
1509425422614|0.045944214|0.21121216|-0.07954407
1509425422742|0.047729492|-0.73262024|-0.2783966
1509425422859|0.62332153|-0.010360718|-0.44776917
1509425422980|-0.16000366|-0.33172607|-0.6253052
1509425423100|-0.2494812|0.49847412|-0.08308411
1509425423214|-0.088272095|-0.1385498|-0.13067627
1509425423339|-0.6067047|0.18919373|0.2904663
1509425423453|1.0171204|-0.13180542|-0.9463043
1509425423575|0.12797546|0.4228363|0.5851898
1509425423694|-0.10850525|0.3752594|0.36787415
1509425423813|-0.10745239|-0.31752014|-0.8284302
1509425423942|0.6006012|-0.013916016|-0.4903717
1509425424056|0.20645142|-0.003616333|-0.6334839
1509425424175|-0.4660797|-0.28875732|-0.05857849
1509425424302|-0.26759338|0.927063|0.9892731
1509425424414|-0.8549042|-0.37504578|0.5194855
1509425424541|-0.8023529|0.17214966|1.0322418
1509425424659|0.5370331|0.05744934|0.33450317
1509425424777|0.4994049|-0.0554657|0.0095825195
1509425424899|-0.5069275|0.10646057|-0.016326904
1509425425018|-0.5328369|-0.50393677|-1.0808868
1509425425147|1.010376|-0.80007935|-0.7105255
1509425425255|-0.38404846|-0.3416748|-0.5830536
1509425425376|0.20077515|0.34436035|-0.5063629
1509425425494|0.05305481|0.46722412|0.6015167
1509425425615|-1.0061798|-0.3189392|1.4775238
1509425425744|0.0104522705|-0.75001526|-0.7850952
1509425425858|0.5128937|0.06916809|0.19636536
1509425425975|-0.6958313|0.5726929|0.19920349
1509425426105|0.065841675|-0.52453613|-1.8517914
1509425426217|0.07826233|-0.14068604|0.68922424
1509425426336|0.2401886|0.016983032|-0.27874756
1509425426454|-0.7167816|0.30673218|-0.5716858
1509425426575|0.8978119|-0.003616333|-0.27200317
1509425426703|0.1585083|0.0020599365|1.2928772
1509425426816|-0.9088745|0.50523376|1.3322906
1509425426937|1.1467285|0.26304626|-0.26879883
1509425427057|0.39179993|0.11392212|0.40550232
1509425427181|-0.9202423|0.71188354|0.4225464
1509425427296|0.05482483|-0.23869324|-1.31987
1509425427417|0.8750763|-1.3135376|-0.7556305
1509425427538|-0.49235535|-0.2479248|-0.104400635
1509425427654|0.018249512|0.9462433|-0.016693115
1509425427778|-0.01902771|0.37667847|1.0865784
1509425427896|-0.40039062|-0.09025574|0.8795624
1509425428017|0.4983368|-0.07783508|-0.62034607
1509425428135|-0.39648438|1.2583618|0.86854553
1509425428256|0.1265564|0.6792145|0.52020264
1509425428385|0.8970947|-1.4420776|-1.3653107
1509425428500|-0.015823364|0.073791504|-0.2677307
1509425428620|-0.4245453|0.753067|-0.04473877
1509425428737|-0.1081543|0.21368408|0.16156006
1509425428861|-0.25445557|0.6014404|0.6164398
1509425428978|-0.5456238|-0.539093|0.33129883
1509425429095|-0.91882324|0.17214966|0.7431946
1509425429215|0.6030884|0.687027|0.72154236
1509425429336|0.32859802|-0.6047821|0.50457764
1509425429459|-0.15679932|-0.24508667|-0.15907288
1509425429577|0.18017578|0.0048980713|-0.42219543
1509425429697|0.06939697|-0.32958984|-0.30039978
1509425429821|-0.34358215|-0.050842285|-0.50564575
1509425429936|0.3225708|0.041122437|-0.47262573
