1509425527998|0.08449745|-0.30957508|1.2230806
1509425528126|1.1130612|-0.6128869|-1.0364637
1509425528240|-0.05663067|-0.52187634|-1.5829554
1509425528362|-0.26653194|0.5198481|-0.8303633
1509425528477|0.43929926|0.1130774|2.9564142
1509425528602|-1.9578332|-0.2994697|-0.012310028
1509425528720|-2.339156|0.042621613|-0.9876261
1509425528839|-0.1885047|0.07847631|-0.8071947
1509425528961|-0.543574|1.725086|-1.9155407
1509425529091|2.4502635|1.8589101|0.05842209
1509425529204|0.9535978|-2.038601|5.45949
1509425529319|0.28290272|-1.1258547|-3.5996294
1509425529440|-1.435509|-0.38760948|-0.8069849
1509425529563|-1.2003831|-0.21597254|0.4531288
1509425529679|-1.569066|1.162641|-1.8683643
1509425529805|0.40864646|-3.2481008|6.198514
1509425529922|-3.5214|-0.5133936|-2.4249258
1509425530040|0.27378678|-0.014453709|-3.0697184
1509425530157|2.731129|1.7727127|0.22671509
1509425530279|0.2484872|0.77710897|5.55482
1509425530399|1.3089268|-2.3103802|-0.47544575
1509425530521|0.66223323|-1.3009535|-3.766635
1509425530636|-0.35694146|-0.96441174|-0.8370333
1509425530761|-0.5744999|0.064784765|1.3243532
1509425530884|-1.1326519|-0.06906915|2.0326319
1509425531007|-2.324269|-1.8916504|-1.0328207
1509425531118|-2.1859093|-0.5097933|-1.863884
1509425531239|1.3591434|1.7010374|-2.0142794
1509425531365|2.594801|1.4154613|1.7596264
1509425531485|0.10553205|-1.4347026|2.0601978
1509425531602|0.029699326|-0.695657|-0.42940044
1509425531729|-1.1547052|-0.19504428|-1.0349998
1509425531844|-0.28845578|0.4346645|-1.9294643
1509425531963|1.3714769|0.92877364|0.69017124
1509425532078|0.7389641|-3.4745038|4.729333
1509425532204|-2.3178625|-0.5788915|-2.091115
1509425532319|0.04966128|0.73526764|-2.906537
1509425532438|2.9753718|1.7734587|-0.88831997
1509425532563|2.3848834|0.23032498|5.6501064
1509425532679|-1.2317605|-0.8184645|-1.0090027
1509425532802|-0.20745397|-1.4814303|-2.1562023
1509425532921|-0.51265913|-0.34370422|-1.9844589
1509425533038|0.18223819|0.81385493|1.4059534
1509425533163|0.83635175|0.03487754|3.1879168
1509425533277|-1.896068|-1.2763283|-0.6182623
1509425533399|-0.84868|-0.4308648|-3.0701265
1509425533520|1.245002|1.2017937|-1.778718
1509425533638|-1.0059285|1.502981|4.8740387
1509425533759|0.12787116|-1.7211275|1.822464
1509425533879|1.1952248|-0.7825494|-3.5578814
1509425534000|0.32700634|-0.6094332|-2.595519
1509425534118|0.384633|0.9202218|1.3930168
1509425534241|0.6736338|1.9449387|1.0787973
1509425534361|-0.56425035|-3.3940897|3.5214367
1509425534483|-2.6252608|-0.9006369|-2.615285
1509425534597|-0.25907707|0.58369017|-3.5158548
1509425534716|3.415747|1.9792197|2.0040045
1509425534841|0.1988861|1.0383527|2.292037
1509425534959|-0.02689147|-0.45189214|1.118433
1509425535077|-1.3551021|-1.9053903|-1.7377768
1509425535197|-2.4545436|-1.1591041|-2.5751104
1509425535322|1.1349211|1.3116839|-1.085002
1509425535436|0.45374465|0.79691195|2.0155306
1509425535556|-3.0044897|-0.84046364|-0.70399284
1509425535677|-0.36979795|-0.57862234|-2.9764376
1509425535800|2.3569958|1.909688|-1.5299845
1509425535917|1.9399993|1.2252512|3.7579708
1509425536040|0.3430593|-1.4174886|2.612669
1509425536157|-0.6285255|-1.2089252|-1.657568
1509425536279|-1.2877705|-1.1322353|-2.2799225
1509425536398|-1.0534695|-0.23581529|-0.368618
1509425536517|-0.7987038|0.62694025|1.485343
1509425536637|2.42667|-1.7008295|1.5549488
1509425536760|-0.45699704|-0.85324574|-1.1956053
1509425536878|0.4546392|2.865017|-4.5453825
1509425536998|3.1948771|0.83398366|4.8779793
1509425537118|0.4324273|-2.777447|5.1618223
1509425537238|-1.7951827|-1.1935258|-2.623559
1509425537358|-2.1053798|-0.8926637|-2.3420076
1509425537478|-1.9194871|-0.22236204|-1.1373568
1509425537598|1.8046236|1.2718873|0.9994459
1509425537718|2.5436764|-2.8707755|5.5514393
1509425537838|-2.9336333|-0.1502862|-3.4328718
1509425537959|0.7657839|0.7945361|-3.8291492
1509425538080|4.304185|2.0464888|0.371006
1509425538199|-0.33820698|-1.2456028|7.8097944
1509425538321|-0.7669827|-0.21033788|-3.870018
1509425538438|1.3237305|-1.5171244|-1.4980736
1509425538560|-2.1102176|0.005350113|-1.6578941
1509425538679|-1.6497464|0.17036438|0.036831856
1509425538798|1.6146778|-0.20754099|3.5719633
1509425538921|-2.2708821|-0.730345|0.6730423
1509425539038|-0.38304925|-0.33496165|-3.9626808
1509425539158|2.6333308|1.2553692|-1.9922371
1509425539278|-0.16801298|0.93756294|4.2001925
1509425539399|0.22498572|-1.0140216|1.2850866
1509425539519|-0.48964405|-1.0871935|-1.546422
1509425539638|-1.9009933|-0.43010163|-2.090684
1509425539766|-0.17682135|0.2976668|-1.2077293
1509425539886|2.0806732|1.5676202|3.0836353
1509425540000|0.44024014|-2.6775208|3.1478949
1509425540126|-2.0300047|-0.790205|-2.3975964
1509425540248|0.53664446|1.4176216|-3.4964867
1509425540370|2.9186378|1.5154366|0.11126518
1509425540484|1.2744157|-0.4002657|5.3289385
1509425540607|-1.4248874|-1.2858737|-1.1087847
1509425540720|-1.7208989|-1.1240592|-2.8600187
1509425540842|-0.7511451|-0.7568736|-0.37707138
1509425540964|0.49650955|1.2990544|-0.3840189
1509425541084|2.3463137|-1.9467915|5.5655766
1509425541204|-3.0749383|-0.15610504|-1.6131
1509425541326|-0.25985837|0.44041014|-3.9376059
1509425541444|1.2829931|1.2802684|-0.24713516
1509425541566|-0.9964011|2.0847025|3.0288153
1509425541686|1.2321231|-1.522414|0.44359493
1509425541808|0.34711194|-1.1149446|-2.0472498
1509425541923|-0.9970262|-0.057204247|-1.4667397
1509425542039|0.535627|0.91032386|0.022408485
1509425542161|0.44628668|0.8420274|2.3609695
1509425542281|-2.5924354|-1.7484417|0.86159515
1509425542401|-0.18004155|-0.1300683|-3.5259714
1509425542536|2.5245962|1.2677433|-1.3858232
1509425542646|0.9806886|0.75399756|4.1056204
1509425542766|-0.4367211|-0.844908|2.8313007
1509425542885|-0.10936403|-1.2397876|-2.0542727
1509425543005|-0.81190085|-0.80617785|-2.4443092
1509425543120|-1.0080385|-0.17840314|-0.7009754
1509425543244|0.899407|1.3988354|0.881732
1509425543363|1.5422742|-2.1410563|5.3653526
1509425543484|-2.1460304|-0.93566155|-1.632308
1509425543601|0.39285445|1.0300527|-4.999653
1509425543730|2.2071166|1.5966604|0.9280977
1509425543844|-1.1286175|0.78979063|4.224208
1509425543959|-0.0049960613|-1.0035005|-0.9123125
1509425544081|0.48861885|-1.7343454|-1.5489302
1509425544205|-1.6146581|0.61574626|-1.6958151
1509425544323|0.7877245|1.5830662|0.29522705
1509425544443|1.9262278|1.8396378|2.135169
1509425544559|-1.776943|-3.161071|1.3710232
1509425544686|-1.0315573|-1.5391595|-3.7818184
1509425544801|0.078116894|1.4666107|-3.114231
1509425544921|0.59627914|1.8783652|3.4770947
1509425545046|-0.028656721|0.10034633|4.6825466
1509425545160|-0.13239264|-1.1875908|-1.5871124
1509425545292|-0.5424092|-1.4085224|-2.8010035
1509425545400|-0.927516|-0.051226616|-1.04844
1509425545523|0.24615037|1.7797613|0.53905964
1509425545640|1.4211832|-1.5683967|4.944989
1509425545765|-3.3813343|-1.1570165|-1.7810488
1509425545880|-0.6716151|0.15959263|-3.9804707
1509425546007|1.8761537|1.5622709|0.10125637
1509425546123|0.26513767|1.3947397|4.645417
1509425546242|-0.14368677|-1.5313501|1.2000942
1509425546360|-0.36187887|-1.450984|-2.157278
1509425546483|-1.0865228|-0.5163913|-2.0785227
1509425546604|0.5897522|0.694505|0.34379196
1509425546728|1.093407|0.7925074|2.5031118
1509425546843|-1.8152912|-2.2759352|1.0899572
1509425546965|-0.6426991|-0.43401504|-2.6395588
1509425547087|1.1945325|1.6197224|-2.976756
1509425547208|2.9655447|1.4080564|3.1644936
1509425547321|-0.06812048|-1.5417876|5.010598
1509425547451|-1.1004918|-0.60311174|-3.722499
1509425547566|0.1891594|-0.81643176|-2.6738691
1509425547688|-0.12359619|0.33948898|-1.6021271
1509425547806|0.70071566|1.3781943|2.0368423
1509425547921|1.0500253|-1.0315162|3.787428
1509425548044|-2.950601|-0.8873887|-1.5052366
1509425548165|-0.39069903|-0.31332755|-3.282114
1509425548284|1.8698894|1.905614|-0.60689545
1509425548404|-0.27185345|1.118799|4.866644
1509425548529|-0.44720662|-2.1555047|1.726326
1509425548642|-0.3510599|-1.0393183|-3.4594316
1509425548761|-0.8062614|0.26533973|-2.2689333
1509425548890|0.7541188|1.5722322|0.73729324
1509425549003|0.5659549|-0.2742288|3.4734182
1509425549127|-1.5543786|-2.4644074|0.81801605
1509425549244|-0.41051245|0.0036870241|-3.1542606
1509425549366|0.91585445|1.9018706|-2.6792507
1509425549481|2.0924933|0.9968227|2.9213858
1509425549602|-0.22961569|-0.3942238|3.3909206
1509425549727|0.24033403|-1.9051583|-2.0847454
1509425549851|-0.64993906|-0.4215386|-1.7502632
1509425549961|-0.5986147|0.6954999|-0.7092428
1509425550082|0.1574024|0.9172008|1.5162172
1509425550205|0.59126425|-1.8738918|3.7661219
1509425550321|-3.1527736|-0.5745075|-1.3189545
1509425550444|-0.19543314|0.2921474|-4.0110903
1509425550565|2.5617723|1.5426857|-0.18591118
1509425550688|0.2148304|1.428664|4.3154125
1509425550808|0.027230978|-1.672123|1.1307554
1509425550924|0.12785745|-1.2532723|-2.1298437
1509425551048|-1.3619232|0.08746815|-2.3682432
1509425551166|0.44299304|0.71762466|-0.6720381
1509425551285|1.3547444|1.2036867|1.3560829
1509425551406|-0.049888134|-2.9833202|3.331706
1509425551533|-1.262543|-0.22565603|-2.6590328
1509425551648|0.7287843|1.646101|-3.0774841
1509425551769|2.194828|1.4211533|1.2885523
1509425551887|0.118196726|0.27648425|2.96807
1509425552007|-0.37365746|-1.6015944|0.6964798
1509425552124|-1.7732203|-1.1388893|-3.6140099
1509425552241|0.42870522|0.001814127|-1.7462101
1509425552368|1.5378103|1.5246558|1.8144207
1509425552488|0.51161146|-1.9383157|5.522148
1509425552609|-3.863014|-1.4316154|-2.1803007
1509425552725|-0.3801415|-0.57127905|-3.380844
1509425552842|1.288721|1.7447534|-2.0518608
1509425552963|0.050972104|1.9235914|4.637141
1509425553083|0.27923942|-0.79926467|2.868372
1509425553215|-0.53382754|-1.1114886|-2.0790672
1509425553328|-0.084163666|-0.68802905|-2.0804825
1509425553442|0.12115514|-0.30620742|-0.8301935
1509425553562|0.77855027|1.645571|0.76024246
1509425553686|1.182628|-2.5753412|4.5184116
1509425553806|-2.0461128|-0.49167418|-3.1583176
1509425553922|0.90684724|1.0879381|-3.8572655
1509425554042|1.8180318|1.6368556|2.2674227
1509425554162|-0.77710927|0.9643302|3.9174194
1509425554286|0.23896372|-1.6481977|-0.9780569
1509425554407|-0.83040047|-1.0787594|-2.7898169
1509425554521|-0.7168263|-0.18430948|-1.956747
1509425554643|1.212854|1.1763005|0.64735985
1509425554762|0.7160504|-0.12840712|4.00373
1509425554887|-3.7772794|-1.1616404|-0.20632839
1509425555004|-0.89408016|-0.06811571|-2.988472
1509425555124|1.6553822|1.7896254|-3.1112032
1509425555243|1.2675838|1.0946774|4.8563986
1509425555365|-0.7495575|-2.0660849|4.3605623
1509425555489|-0.27200556|-1.0767851|-3.7271976
1509425555608|-1.3153112|-0.62754107|-2.4154387
1509425555724|-0.98843884|0.77682424|-0.7805519
1509425555843|1.7119999|1.0264021|1.9344816
1509425555963|1.2475986|-2.9813309|4.5561666
1509425556090|-2.5042903|-0.3979361|-2.5646086
1509425556206|-0.8030813|0.79697466|-3.6444607
1509425556329|2.2861245|1.8265783|-0.8962889
1509425556445|1.5555468|1.1281263|5.297285
1509425556568|-0.5211754|-2.1534407|0.12734985
1509425556686|-1.3689382|-1.3684559|-2.5946598
1509425556811|-1.36743|-0.35162497|-1.3269167
1509425556924|0.6665845|0.55718803|0.45530415
1509425557050|-0.7246977|1.0821164|2.1613941
1509425557165|-3.0922983|-2.270968|1.3213263
1509425557287|-1.3108816|-1.0287261|-2.432928
1509425557407|2.1915421|1.1092917|-2.3297806
1509425557529|4.162243|2.1576743|1.9673862
1509425557644|0.5777229|-2.3380558|5.099414
1509425557764|-0.43156672|-0.6711793|-2.4244194
1509425557891|-0.54968333|-0.83390856|-2.9296837
1509425558004|0.63596237|-0.4408393|-0.35577965
1509425558122|-0.1635735|0.93861794|0.8322191
1509425558248|1.4452245|-1.8897359|4.3912935
1509425558365|-3.1650946|-0.82164264|-1.581645
1509425558485|-0.68694615|0.5927887|-4.3337774
1509425558611|3.230188|1.201967|1.1875544
1509425558725|0.4544549|1.5896745|4.0795555
1509425558846|-0.5270486|-1.1078236|-0.5412941
1509425558968|-0.3266735|-1.4147587|-2.8940191
1509425559087|-0.4132042|-0.18413424|-1.5309162
1509425559210|0.7049345|1.6450257|1.6300421
1509425559327|1.1584406|1.5672479|2.365944
1509425559445|-1.1235436|-2.7143292|1.0523634
1509425559573|-0.7189362|-1.8913422|-2.8801403
1509425559693|-1.0476887|1.3571246|-4.908312
1509425559804|3.9198709|2.3018365|3.893118
1509425559924|0.20205116|-0.8090856|6.160632
1509425560049|-1.3364906|-1.0476503|-3.8257256
1509425560164|0.21951199|-1.4534156|-2.3086653
1509425560286|-0.32393074|0.07701588|-1.0743294
1509425560404|1.1043291|1.828404|0.9042444
1509425560524|1.3885999|-1.4707803|4.762642
1509425560651|-4.741029|-1.2088828|-2.1607914
1509425560770|-2.0469415|-0.20463467|-2.5156326
1509425560884|2.2416701|1.8433746|-0.38594055
1509425561007|2.4388537|2.0081077|2.7123308
1509425561129|0.38473976|-2.1962888|2.4661894
1509425561247|-0.66518474|-0.64080834|-2.700965
1509425561369|-0.41783404|-0.5544255|-1.7754717
1509425561495|0.17729676|0.45919323|-0.121751785
1509425561616|0.31351316|1.4590788|0.8158169
1509425561728|0.9646199|-3.354171|3.5837507
1509425561848|-1.954428|-0.44072366|-3.018178
1509425561967|-0.009919405|1.3195555|-3.4540129
1509425562087|2.8122406|1.7011849|2.4922943
1509425562211|-0.06284034|0.20246816|5.0743017
1509425562328|-1.4828422|-1.2060759|-2.3331175
1509425562446|-0.688231|-1.4099998|-2.7926035
1509425562573|-0.73368144|-0.69361496|-1.9190073
1509425562683|1.0667858|1.7705119|1.1075459
1509425562805|0.9511411|-0.16234326|4.990224
1509425562937|-3.2735405|-1.1345751|-1.3498735
1509425563050|-0.84985006|-0.31025028|-3.3916092
1509425563164|1.6351205|1.8985362|-2.4787674
1509425563290|1.227576|0.9778973|6.0064573
1509425563409|0.023802161|-1.5708938|1.672205
1509425563535|0.5573369|-1.1640096|-2.6633425
1509425563647|-1.4386879|-0.57801414|-1.5974932
1509425563764|-0.9042038|0.057498217|-0.40091038
1509425563889|1.0988672|0.7966664|-0.24328518
1509425564007|1.2380083|-2.1960287|4.740941
1509425564127|-1.5968329|0.15451002|-2.7669783
1509425564249|0.9041357|0.3407879|-3.2673159
1509425564370|1.9725108|1.0106616|1.6474447
1509425564488|-1.6377503|1.9269333|3.3579016
1509425564608|-0.12168336|-1.3780468|-0.7324114
1509425564731|1.1082054|-1.0372593|-2.153696
1509425564851|-0.4094628|-0.64434433|-1.4294186
1509425564968|-0.18314111|0.60194016|0.11474991
1509425565087|0.83481276|0.6028671|3.3313274
1509425565209|-2.1798308|-2.0997174|1.7907925
1509425565330|-1.4118571|-0.72471404|-3.2555704
1509425565447|1.0550311|1.0137177|-3.905655
1509425565568|3.0172582|1.8062315|3.751028
1509425565685|0.425709|-0.8009845|4.7211676
1509425565806|-0.90899014|-0.6242256|-3.6094398
1509425565926|-0.51168466|-1.5811813|-1.2833576
1509425566053|-1.4241941|0.032105446|-1.9496498
1509425566169|0.34689796|1.245558|1.4723253
1509425566289|1.3873138|-1.3150384|4.6452827
1509425566410|-1.8803332|-1.0834875|-1.3345251
1509425566524|-1.4027519|0.10337615|-4.032009
1509425566651|1.748579|1.6787035|0.015678406
1509425566773|-0.4291414|1.2879441|5.321726
1509425566890|-0.6162381|-1.286938|0.7203531
1509425567011|-0.43342233|-1.1671827|-2.257884
1509425567128|-0.31884027|-1.217444|-1.1939077
1509425567248|-0.6585301|0.8487122|-0.6746483
1509425567372|0.9387975|1.4639537|2.0640526
1509425567487|-0.2784028|-3.269802|3.1207247
1509425567622|-2.7421098|-0.9327915|-1.5815153
1509425567732|-1.0734172|1.3224375|-4.0656824
1509425567852|3.827007|1.552634|3.2781687
1509425567970|0.8224381|0.648545|3.640441
1509425568085|-0.3021853|-1.5469518|-2.7352877
1509425568206|-0.601382|-1.2800751|-1.7571774
1509425568326|-1.5041127|0.36512017|-1.3733311
1509425568445|0.9708009|1.7269487|0.5998144
1509425568571|1.2646232|-1.0440495|4.5309105
1509425568694|-4.0426497|-0.98496723|-1.0743904
1509425568808|-1.2444272|-0.2557168|-2.4525566
1509425568926|1.1584277|1.5403831|-1.6247044
1509425569050|1.8548051|1.4235699|3.3244915
1509425569171|2.2087607|-1.2749164|1.9775648
1509425569288|0.6479869|-1.2875905|-2.654481
1509425569411|-1.156178|-1.3151677|-0.7955313
1509425569525|-1.2679021|-0.037989855|-0.52567005
1509425569657|0.18438315|1.5006554|0.22915077
1509425569767|0.7640617|-3.179421|5.3158627
1509425569885|-2.7107387|-0.2920828|-3.0050592
1509425570006|-0.2560594|0.83263135|-3.6957712
1509425570133|4.0451155|1.6569937|0.7849541
1509425570246|1.0028892|0.83908105|3.9634142
1509425570366|-1.4174168|-0.85061455|-1.3065338
1509425570486|0.17749214|-0.90174246|-0.64378643
1509425570608|0.12639904|-0.62594104|-2.390812
1509425570735|1.2593621|0.77182126|0.06660366
1509425570847|0.6859907|0.8001275|3.0184736
1509425570967|-3.1596305|-2.8566244|1.7653141
1509425571084|-1.8569596|-0.5910392|-3.5103617
1509425571207|0.7826965|0.8879483|-2.5168943
1509425571337|3.5375109|1.9801855|1.9084368
1509425571456|1.5298591|-0.74395347|4.009511
1509425571582|-0.6811092|-0.22285771|-3.1487675
1509425571690|-0.030886889|-1.4380274|-0.58077526
1509425571814|-1.245789|0.20127034|-1.3153105
1509425571928|0.32308912|1.0203032|0.53674984
1509425572049|0.70653224|-1.4200729|4.1155205
1509425572167|-3.8142397|-0.74501896|-1.7756443
1509425572292|-0.31004524|-0.22896743|-1.9533453
1509425572409|3.34728|1.3953226|-1.3225174
1509425572532|1.18918|1.7217181|2.8825645
1509425572648|-0.17610097|-1.9746296|2.8086805
1509425572771|-0.24641418|-1.1071062|-2.530322
1509425572889|-0.69949627|-0.37052035|-2.3251572
1509425573008|0.121405005|0.22033739|0.42158985
1509425573130|0.97767127|1.7905698|0.6853218
1509425573252|1.1501727|-2.9331665|2.3105278
1509425573375|-1.5855339|-0.5052855|-2.06534
1509425573490|-0.5907607|1.0356085|-3.5802479
1509425573610|2.4210725|1.3303988|2.1892862
1509425573729|-0.29686856|1.0613236|3.5566711
1509425573847|-0.8010423|-0.951664|-2.2556362
1509425573966|-0.13024902|-1.2673457|-1.7414255
1509425574090|-1.2111926|0.37754583|-1.4115038
1509425574211|1.038949|1.6257262|0.5817747
1509425574326|1.8412118|-1.0796281|4.5802
1509425574449|-3.8161852|-0.9595473|-1.0315199
1509425574569|-0.7139816|0.2537285|-2.1452885
1509425574690|1.7671919|1.5875387|-0.42451
1509425574809|0.29770923|1.2609203|3.3295937
1509425574927|1.0356591|-2.0245068|1.083683
1509425575047|0.82247615|-1.0001144|-2.715107
1509425575172|-1.0537508|-0.41758227|-0.9887104
1509425575291|-0.049334645|0.7664764|0.33018494
1509425575411|1.5815518|1.4328678|1.3930111
1509425575527|1.2491426|-2.2057958|1.5809498
1509425575647|-1.222183|-0.8583667|-2.3312473
1509425575774|1.1273806|1.2977128|-2.0720835
1509425575892|0.58865565|1.1005418|1.8313637
1509425576012|-0.7727744|-0.09857297|1.7558336
1509425576130|0.43227398|-0.9615135|-1.3813019
1509425576256|-0.058780193|-0.53440785|-0.5144148
1509425576370|-0.20590657|0.0488317|-0.51208687
1509425576491|0.31457654|0.5339179|0.5905218
1509425576608|-1.2580707|-0.6018331|0.9976568
1509425576730|-0.91502243|-1.0094986|-0.23292923
1509425576849|0.96459115|0.15968275|-1.771431
1509425576969|0.4218539|1.2903476|-0.55760956
1509425577086|-0.5271035|1.0515087|1.7873716
1509425577208|0.53773797|-1.0592577|0.92578983
1509425577327|0.6488931|-1.443857|-1.1208401
1509425577454|-0.6564578|0.24816895|-1.4422789
1509425577571|0.48364592|0.0423069|0.45008183
1509425577694|0.6620424|0.6885717|0.50389385
1509425577811|-1.3030767|-0.9755986|2.2840405
1509425577930|-0.77028644|-0.75560045|-0.8353157
1509425578054|0.31462276|0.42248368|-2.5446253
1509425578170|-0.24197626|1.4789767|0.15403557
1509425578291|0.08178663|1.1776052|1.3331165
