1509425388408|0.089517936|0.10456586|0.98822665|0.066787995
1509425388529|0.05151777|0.14840041|0.98471296|0.07525736
1509425388652|0.10330614|0.18157741|0.9717551|0.109770425
1509425388771|0.109734066|0.1808908|0.9722521|0.09981438
1509425388888|0.12216323|0.13465433|0.977595|0.10607734
1509425389011|0.10937236|0.16218135|0.970345|0.14200494
1509425389136|0.12391169|0.16206078|0.96567917|0.16076685
1509425389249|0.14782651|0.15198027|0.96032184|0.18119404
1509425389373|0.10889901|0.14164995|0.9668975|0.18216896
1509425389490|0.12245115|0.14947057|0.96309143|0.18740098
1509425389609|0.17861968|0.1549787|0.9524562|0.19210373
1509425389732|0.2227127|0.19106227|0.94030005|0.17242429
1509425389853|0.24176525|0.21576945|0.93427485|0.14874023
1509425389971|0.18947758|0.18544088|0.96326596|0.04276194
1509425390087|0.16836981|0.16586351|0.9713829|0.023583194
1509425390208|0.18951051|0.16072504|0.96235543|0.11011493
1509425390332|0.2180846|0.17175923|0.9488658|0.15030524
1509425390458|0.2275336|0.2208362|0.93437296|0.16250227
1509425390574|0.1780666|0.16415231|0.9582766|0.15182947
1509425390692|0.12741487|0.09434745|0.9748054|0.15690263
1509425390809|0.1276524|0.11310458|0.9743861|0.14657392
1509425390933|0.11056462|0.118346244|0.9808966|0.10775689
1509425391053|0.11530068|0.06880946|0.98942715|0.05481737
1509425391170|0.121636845|0.10664829|0.9857708|0.04567794
1509425391294|0.119672395|0.0941155|0.98790574|0.029377198
1509425391416|0.1431419|0.07742867|0.9853845|0.050324395
1509425391530|0.16174132|0.08890235|0.97774404|0.09976349
1509425391653|0.116567306|0.13647649|0.9758358|0.12462239
1509425391777|0.14366573|0.12670827|0.9709295|0.14353076
1509425391890|0.14433478|0.17087603|0.95143986|0.2114972
1509425392013|0.09072825|0.20288906|0.9502685|0.21816088
1509425392129|0.06816244|0.14586277|0.97280616|0.16651155
1509425392256|0.14370686|0.13801108|0.9692151|0.14464934
1509425392374|0.14720732|0.18959558|0.9631677|0.12120831
1509425392499|0.10005175|0.17475863|0.9762008|0.08050504
1509425392613|0.082837366|0.1327134|0.98177665|0.107887775
1509425392730|0.096919514|0.14366128|0.9727564|0.15399055
1509425392853|0.12381426|0.18774873|0.9490756|0.2206264
1509425392970|0.13735977|0.1673545|0.9442136|0.24816407
1509425393092|0.118239194|0.1917282|0.9440096|0.24105118
1509425393210|0.11302793|0.17174396|0.958522|0.19739363
1509425393329|0.11159426|0.14868128|0.9674788|0.1715381
1509425393450|0.11936985|0.23428136|0.95052236|0.16543971
1509425393574|0.123852655|0.20976505|0.9638408|0.10802821
1509425393691|0.13031603|0.19566637|0.9661706|0.10605076
1509425393817|0.1454742|0.15068696|0.96917534|0.12973015
1509425393933|0.16791922|0.17258877|0.9620752|0.12817004
1509425394054|0.17685722|0.17766725|0.9585038|0.13574363
1509425394171|0.15502451|0.19208328|0.9543786|0.16802663
1509425394294|0.13654888|0.20036392|0.96151537|0.12921636
1509425394409|0.18677844|0.11940484|0.9714156|0.0849001
1509425394535|0.2137247|0.1434295|0.9605881|0.10497726
1509425394653|0.19051708|0.16321722|0.96562284|0.06808757
1509425394776|0.17899081|0.23268525|0.95407635|0.059650727
1509425394895|0.16872288|0.25577497|0.9493307|0.069878235
1509425395013|0.19288707|0.30474594|0.9266288|0.106223986
1509425395129|0.28026742|0.2760892|0.91389483|0.10010588
1509425395250|0.2622089|0.24220389|0.9206681|0.15796831
1509425395375|0.20330909|0.254953|0.9268893|0.18585116
1509425395495|0.23153642|0.20426951|0.93798685|0.15762466
1509425395610|0.29353237|0.20618618|0.9222288|0.14429145
1509425395738|0.24221772|0.25921962|0.92497957|0.13619302
1509425395859|0.24267712|0.23204371|0.9374697|0.09172797
1509425395978|0.21179996|0.23351853|0.9464333|0.06981274
1509425396090|0.21094859|0.22713228|0.9460258|0.09458744
1509425396209|0.24409084|0.22495918|0.9354049|0.12178163
1509425396331|0.29743877|0.20905894|0.914272|0.17869315
1509425396454|0.2710873|0.2313757|0.9035207|0.2379649
1509425396576|0.24404663|0.23380165|0.9103122|0.23897657
1509425396691|0.20234343|0.14443818|0.94360435|0.21864487
1509425396812|0.13177462|0.14896017|0.9430536|0.2666387
1509425396933|0.14585294|0.15509197|0.9486252|0.23405904
1509425397049|0.12124356|0.15684325|0.96266055|0.18434998
1509425397169|0.07015766|0.13424471|0.96942496|0.1930583
1509425397296|0.058696777|0.13256018|0.96918344|0.19916308
1509425397416|0.14260966|0.20172064|0.92997783|0.2722362
1509425397538|0.19541946|0.18080333|0.92210585|0.28078845
1509425397658|0.12241083|0.19387902|0.9425752|0.24285488
1509425397770|0.1428492|0.17260788|0.9516739|0.2100414
1509425397890|0.13223815|0.08579315|0.97207785|0.17383112
1509425398015|0.11827878|0.11709741|0.9685741|0.18483107
1509425398133|0.14104486|0.10950545|0.969368|0.16864361
1509425398253|0.12444498|0.06706329|0.9640338|0.22506638
1509425398370|0.11761629|0.045014903|0.9516184|0.28029013
1509425398495|0.13731694|0.059379064|0.947251|0.28343204
1509425398625|0.12869708|0.077561446|0.94917756|0.276556
1509425398738|0.13304701|0.06476568|0.9405369|0.3057682
1509425398851|0.114135936|0.057749704|0.9461874|0.29726645
1509425398970|0.073595904|0.038936973|0.97095644|0.22430153
1509425399090|0.110890865|0.018758766|0.97873133|0.17157008
1509425399212|0.12093947|0.08519839|0.9711694|0.18693534
1509425399331|0.11458513|0.08080682|0.981474|0.13057302
1509425399458|0.0910246|0.044826258|0.9889633|0.10796616
1509425399580|0.09680166|0.03879235|0.98175675|0.15899155
1509425399697|0.13133955|0.119136475|0.96062934|0.21388698
1509425399811|0.17308398|0.13004155|0.9486129|0.23079135
1509425399931|0.19871376|0.17206974|0.9326036|0.24729611
1509425400051|0.16049944|0.14459845|0.95119077|0.22037993
1509425400173|0.12224363|0.027045906|0.981706|0.14345126
1509425400291|0.17034262|0.079958856|0.97250134|0.13722667
1509425400416|0.16034056|0.11031771|0.9761696|0.09598897
1509425400541|0.13200454|0.09882942|0.983105|0.07944899
1509425400658|0.1418143|0.04922125|0.9799277|0.131178
1509425400774|0.13015975|0.051163368|0.9753936|0.170435
1509425400891|0.15485044|0.1052374|0.958531|0.21485975
1509425401010|0.1633361|0.098984875|0.950746|0.24414209
1509425401134|0.12906079|0.08384398|0.95527345|0.25251964
1509425401251|0.13310681|0.05303467|0.96113557|0.2359838
1509425401375|0.14343095|0.03726146|0.9665939|0.20912994
1509425401496|0.19944948|0.12021079|0.94483405|0.23034307
1509425401614|0.219784|0.08936537|0.9524975|0.19093819
1509425401731|0.23082164|0.088437766|0.9484303|0.19844417
1509425401850|0.18004966|0.061944433|0.9596324|0.20700401
1509425401971|0.16373362|0.10126097|0.94966626|0.24712642
1509425402052|0.15245287|0.095918916|0.9452064|0.2722913
1509425402157|0.16230425|0.080688216|0.9195785|0.3486002
1509425402271|0.17979163|0.064688176|0.893508|0.4063666
1509425402396|0.17785418|0.092440985|0.8991429|0.38905594
1509425402516|0.15676472|0.07238291|0.91478235|0.36518323
1509425402641|0.17694923|0.12375978|0.9165734|0.33654964
1509425402752|0.15235335|0.13222462|0.9510227|0.23422407
1509425402870|0.12096863|0.13064747|0.96868795|0.1730362
1509425402990|0.08587418|0.1602026|0.9514276|0.24848816
1509425403113|0.097123705|0.20494898|0.92817724|0.2950422
1509425403236|0.14682846|0.17257744|0.91699106|0.3283076
1509425403354|0.18466468|0.15795325|0.8919536|0.38127226
1509425403479|0.17880523|0.15806346|0.8959714|0.37453955
1509425403599|0.18880698|0.13113393|0.9094584|0.34646967
1509425403715|0.20979653|0.14416537|0.9150848|0.3127644
1509425403835|0.21149823|0.17085262|0.9236741|0.27000737
1509425403953|0.2306709|0.17493647|0.92802507|0.2344305
1509425404076|0.16025475|0.17899382|0.9441865|0.22536963
1509425404197|0.12804972|0.17532869|0.9526976|0.2126745
1509425404312|0.16231932|0.1961045|0.93979156|0.22800723
1509425404432|0.17716567|0.1708297|0.93239623|0.2647014
1509425404552|0.12663667|0.19101995|0.92520684|0.3024348
1509425404670|0.12995166|0.1618394|0.9352931|0.28661367
1509425404791|0.12709884|0.08832381|0.9591284|0.23689152
1509425404911|0.14016657|0.12663901|0.9499069|0.24898346
1509425405033|0.14689033|0.11854787|0.95991284|0.20721236
1509425405156|0.11917111|0.07967189|0.9713723|0.18943714
1509425405277|0.077188976|0.064995304|0.9662665|0.23695241
1509425405397|0.09372162|0.121843226|0.9572699|0.24495888
1509425405513|0.1338623|0.13905208|0.9483421|0.25177902
1509425405633|0.15880744|0.20314243|0.922695|0.28661346
1509425405759|0.16731611|0.20561714|0.9116432|0.3140598
1509425405878|0.1470862|0.16694349|0.9217107|0.31771824
1509425405996|0.15520659|0.14833477|0.93040407|0.29707912
1509425406114|0.1222518|0.16361478|0.9420178|0.26624653
1509425406234|0.12903246|0.10923389|0.9539139|0.24792497
1509425406354|0.12542258|0.11355633|0.95498204|0.24368706
1509425406471|0.12329885|0.11997613|0.9502201|0.25977844
1509425406595|0.12938006|0.12299849|0.93923223|0.29321492
1509425406713|0.14165331|0.11876737|0.9245322|0.33327007
1509425406836|0.15460746|0.14741315|0.8975885|0.38561743
1509425406957|0.14656031|0.10633431|0.9124598|0.36691996
1509425407079|0.10055355|0.060106307|0.9462897|0.30135024
1509425407197|0.15244684|0.08258312|0.94769186|0.26799268
1509425407316|0.1631465|0.10394796|0.9552605|0.2237307
1509425407433|0.152108|0.09896168|0.9598931|0.21371709
1509425407551|0.19665651|0.06447053|0.946121|0.249048
1509425407675|0.17854121|0.06355191|0.9438262|0.27069587
1509425407794|0.15622391|0.11310647|0.9344315|0.29939735
1509425407912|0.17645173|0.105178095|0.9184348|0.33805305
1509425408037|0.14858714|0.11938813|0.91452974|0.35679647
1509425408151|0.10634025|0.08869307|0.93470645|0.3273364
1509425408279|0.099971294|0.05891395|0.9573727|0.26452297
1509425408391|0.1397546|0.09774347|0.96140164|0.21592067
1509425408510|0.16529371|0.13703592|0.96337044|0.1606754
1509425408634|0.08738132|0.11259953|0.9875184|0.06703123
1509425408755|0.0695055|0.1078288|0.988853|0.07557572
1509425408872|0.1003465|0.13160206|0.9815847|0.095409356
1509425408992|0.14942929|0.14723304|0.96254486|0.17175758
1509425409114|0.18766154|0.1740648|0.9323743|0.25526986
1509425409232|0.16951145|0.16780786|0.9326716|0.27061048
1509425409354|0.15024596|0.11709935|0.9541196|0.23101874
1509425409480|0.16304545|0.06267987|0.9606544|0.21594112
1509425409595|0.1585047|0.11170013|0.9592746|0.20540607
1509425409717|0.16583483|0.11921836|0.96555054|0.16123877
1509425409841|0.12718572|0.091224946|0.97417414|0.16274688
1509425409958|0.12035778|0.07589402|0.9729731|0.18187205
1509425410075|0.15117228|0.121639386|0.96051186|0.19941865
1509425410195|0.17304985|0.11799989|0.9527188|0.22012873
1509425410312|0.16386029|0.13565823|0.9445377|0.25019032
1509425410436|0.15457465|0.11604471|0.952974|0.23341131
1509425410558|0.12345533|0.09972438|0.9653275|0.20725983
1509425410688|0.11025198|0.13133968|0.96805274|0.18294331
1509425410798|0.08351134|0.122701585|0.9790558|0.13935533
1509425410915|0.051051185|0.12375289|0.9849331|0.10947968
1509425411038|0.06746058|0.12531835|0.98101926|0.13170283
1509425411154|0.09118077|0.105685905|0.975983|0.16725345
1509425411276|0.08802839|0.13391595|0.9699633|0.18299906
1509425411397|0.105570965|0.13535221|0.9640378|0.20289344
1509425411514|0.08148267|0.12685405|0.9700961|0.19021603
1509425411639|0.055067934|0.07991568|0.9843047|0.14739479
1509425411755|0.078531675|0.04164331|0.9886889|0.1208009
1509425411876|0.06917964|0.06393712|0.99065465|0.098638415
1509425411996|0.068142965|0.08105076|0.99030536|0.08990332
1509425412117|0.0690702|0.055294797|0.9894196|0.11498132
1509425412234|0.09047656|0.099290214|0.9797474|0.14849399
1509425412353|0.09792227|0.13091871|0.9691556|0.18441506
1509425412477|0.074703984|0.12469646|0.9698599|0.19555536
1509425412594|0.07108244|0.10742012|0.96788687|0.21587767
1509425412715|0.04618548|0.12915665|0.9703052|0.19923174
1509425412835|0.12934855|0.07615403|0.95860314|0.24197003
1509425412952|0.13296868|0.15336135|0.93947417|0.2760216
1509425413074|0.095987946|0.13210522|0.95713854|0.23920774
1509425413198|0.12201812|0.14191814|0.9482038|0.25667167
1509425413312|0.1259336|0.15623385|0.93336034|0.2976074
1509425413437|0.1463431|0.1586009|0.9210792|0.3241026
1509425413553|0.16587272|0.15434839|0.9148555|0.33421886
1509425413673|0.16616522|0.102949806|0.9195557|0.3408925
1509425413800|0.15054844|0.099327706|0.9180711|0.35300797
1509425413920|0.13961074|0.10085509|0.92664874|0.33415446
1509425414036|0.10332308|0.061353117|0.95522445|0.27038193
1509425414155|0.11733591|0.067628704|0.9622438|0.23610495
1509425414287|0.114901744|0.09519147|0.9672298|0.2054331
1509425414400|0.098141864|0.117924586|0.969588|0.19068578
1509425414513|0.085723065|0.10368591|0.9739001|0.18280974
1509425414636|0.08706093|0.06620078|0.9747977|0.19444081
1509425414753|0.10844412|0.11624256|0.96001333|0.23043847
1509425414875|0.13791591|0.14526176|0.9418301|0.26987827
1509425414996|0.11510284|0.15146439|0.9336707|0.3034286
1509425415113|0.088403456|0.12798175|0.9428485|0.29468995
1509425415233|0.068735234|0.055757295|0.9575416|0.2743733
1509425415355|0.10730564|0.08844611|0.94083476|0.30901903
1509425415473|0.09838118|0.08968284|0.9563812|0.26002532
1509425415598|0.0726944|0.10039654|0.96281034|0.2400672
1509425415718|0.08562998|0.10828143|0.9490099|0.28341287
1509425415837|0.09705462|0.12221842|0.9405408|0.30170524
1509425415956|0.10008737|0.14622997|0.9310304|0.31903255
1509425416078|0.10920306|0.14153841|0.92590415|0.33278075
1509425416197|0.07183093|0.13956009|0.9370413|0.31195664
1509425416317|0.08752407|0.12882277|0.9379599|0.30979908
1509425416434|0.1018289|0.118640505|0.9412222|0.2994263
1509425416552|0.11192936|0.12843437|0.94248706|0.28756657
1509425416676|0.11387523|0.13770455|0.9487341|0.26071724
1509425416799|0.110233106|0.11000325|0.95384103|0.2567786
1509425416914|0.12686409|0.1016333|0.9412622|0.2959758
1509425417037|0.14011772|0.11815955|0.93136466|0.31458732
1509425417153|0.12642035|0.118174665|0.93335617|0.31448206
1509425417273|0.09602966|0.13707703|0.93388593|0.31598306
1509425417395|0.05263819|0.17114493|0.9423997|0.28252697
1509425417519|0.080059424|0.13920352|0.94815856|0.27424124
1509425417640|0.09506558|0.1302221|0.95397884|0.25284204
1509425417759|0.09196448|0.14778367|0.95938265|0.22200769
1509425417880|0.071256354|0.14449319|0.9687488|0.18860002
1509425417997|0.09429192|0.1071873|0.96583956|0.21627252
1509425418117|0.10856658|0.12805289|0.9522071|0.25518104
1509425418234|0.10848069|0.15796131|0.94440037|0.2671855
1509425418365|0.12014931|0.15761417|0.9386738|0.28215843
1509425418477|0.10032214|0.1657662|0.9368705|0.2910853
1509425418598|0.09487595|0.14183442|0.94043154|0.29405785
1509425418716|0.091936566|0.09216612|0.955305|0.26541567
1509425418838|0.10026509|0.14671478|0.9491849|0.25974938
1509425418956|0.10347872|0.14171061|0.96051395|0.21592404
1509425419074|0.07312313|0.11146959|0.9713558|0.19671166
1509425419201|0.0993248|0.10176706|0.96084434|0.23781547
1509425419315|0.10634443|0.12938575|0.95657885|0.23855205
1509425419439|0.10439677|0.15477863|0.95350134|0.23660116
1509425419559|0.073214054|0.18182544|0.946583|0.25604674
1509425419684|0.059840262|0.21956334|0.9415312|0.24845542
1509425419801|0.13923278|0.2024718|0.9247817|0.2905137
1509425419913|0.13641398|0.19975254|0.9283436|0.28225586
1509425420040|0.10379473|0.19127524|0.94519585|0.24340348
1509425420159|0.071719386|0.17464706|0.9647964|0.1830917
1509425420276|0.06666864|0.1407633|0.9732541|0.16887109
1509425420398|0.08854516|0.11763009|0.9751287|0.1656712
1509425420517|0.11746623|0.087745115|0.97290087|0.17879139
1509425420647|0.110426836|0.10726335|0.9669212|0.20338115
1509425420755|0.14897875|0.14221698|0.94500786|0.2540468
1509425420878|0.18145846|0.17279524|0.9305221|0.26710162
1509425420995|0.1839504|0.13940485|0.94384164|0.23641387
1509425421119|0.15254955|0.097683966|0.96799344|0.1737102
1509425421236|0.12633236|0.1306718|0.975462|0.124253094
1509425421355|0.13336307|0.13899451|0.9729993|0.12715043
1509425421477|0.1404758|0.14151406|0.96990526|0.13972886
1509425421597|0.14696218|0.115568206|0.97464293|0.122952335
1509425421718|0.16741769|0.1385587|0.96506274|0.14637856
1509425421835|0.16666317|0.1441116|0.9564287|0.19157076
1509425421954|0.15567939|0.18123378|0.94855565|0.20775099
1509425422079|0.15191351|0.14292891|0.9596116|0.18878354
1509425422207|0.16190198|0.12674502|0.9629537|0.17448111
1509425422318|0.18721819|0.14688432|0.95868844|0.15585509
1509425422435|0.1684587|0.1624352|0.96414965|0.12510759
1509425422555|0.12430631|0.16336738|0.97418237|0.093956314
1509425422676|0.1284821|0.16789447|0.9722871|0.099807836
1509425422797|0.1557383|0.17697209|0.9649636|0.115202926
1509425422916|0.15573397|0.1992703|0.9587523|0.12973955
1509425423037|0.15002783|0.19819048|0.9535943|0.16991177
1509425423154|0.12649803|0.18779173|0.959843|0.16563211
1509425423284|0.13988605|0.17531733|0.9589331|0.17361733
1509425423398|0.121992655|0.1417883|0.9693095|0.1595397
1509425423517|0.11566988|0.19860785|0.9561858|0.18133962
1509425423639|0.10273935|0.20974872|0.96134067|0.14585686
1509425423756|0.083169036|0.19317168|0.9696636|0.12457978
1509425423878|0.10674315|0.20551488|0.9534104|0.19333427
1509425423998|0.10632832|0.24221697|0.9369987|0.22816366
1509425424114|0.12277781|0.23288515|0.9315776|0.2507054
1509425424239|0.08878817|0.20914592|0.9428897|0.24358499
1509425424360|0.081619225|0.1960118|0.95795155|0.19299342
1509425424481|0.08873399|0.1449488|0.972106|0.16163567
1509425424596|0.100125894|0.12176908|0.979119|0.12834765
1509425424715|0.10663405|0.14633057|0.97855717|0.0981956
1509425424841|0.09757503|0.16948849|0.97630847|0.092598826
1509425424960|0.113032185|0.13290006|0.9756014|0.13327897
1509425425081|0.1281324|0.118775636|0.96913266|0.17394355
1509425425200|0.1685762|0.16434781|0.94840306|0.21237588
1509425425316|0.17476599|0.15247725|0.93761533|0.25900787
1509425425441|0.14467521|0.17132556|0.93943024|0.2592054
1509425425560|0.13633409|0.16069755|0.9543204|0.21180636
1509425425678|0.15578206|0.06835422|0.97642493|0.1328684
1509425425796|0.15282807|0.093912035|0.9709592|0.15831086
1509425425920|0.15759642|0.12247311|0.96730393|0.1564826
1509425426043|0.14136085|0.07402899|0.9736556|0.1628852
1509425426156|0.1626035|0.09348595|0.9508807|0.24626483
1509425426277|0.18459012|0.12645786|0.9499954|0.2178157
1509425426411|0.16830295|0.10871488|0.95121413|0.23462059
1509425426518|0.15837681|0.101739004|0.94397986|0.2710497
1509425426641|0.17295387|0.14946288|0.9404379|0.25164324
1509425426757|0.17638347|0.12823413|0.95976096|0.17692882
1509425426875|0.14666225|0.09743949|0.977081|0.11961798
1509425426998|0.14767072|0.14617936|0.9727239|0.10311697
1509425427116|0.12609445|0.15823856|0.97618264|0.07828293
1509425427238|0.10768472|0.1309916|0.9810343|0.09389859
1509425427358|0.12406758|0.13301942|0.9744423|0.13181525
1509425427480|0.17725296|0.17300285|0.9534444|0.17203252
1509425427602|0.17454879|0.15359166|0.9536264|0.19115175
1509425427717|0.12435655|0.16321905|0.96557325|0.15988518
1509425427834|0.1183983|0.15516807|0.9766373|0.08991261
1509425427957|0.12539878|0.1222075|0.9837605|0.03944412
1509425428080|0.10588679|0.13671952|0.9835342|0.052499525
1509425428199|-0.04277007|-0.13347122|-0.99012285|0.003584698
1509425428315|-0.0316659|-0.14248155|-0.9891713|0.015374422
1509425428434|0.111925066|0.20158781|0.9703807|0.07208606
1509425428558|0.10068194|0.2036888|0.970155|0.084695466
1509425428678|0.06000048|0.17751636|0.9802567|0.06312469
1509425428801|0.03990381|0.16995734|0.98328495|0.051700078
1509425428920|0.025917837|0.15816076|0.98696685|0.01448873
1509425429036|0.06895038|0.12501529|0.98974216|0.0052390704
1509425429155|-0.0705303|-0.10162364|-0.9919218|0.028095173
1509425429279|-0.061682515|-0.1226857|-0.9876092|0.07597101
1509425429402|-0.07856005|-0.13943025|-0.98084813|0.11101578
1509425429518|-0.08905325|-0.14967124|-0.98121923|0.08292703
1509425429642|-0.08681687|-0.140858|-0.9827518|0.08258831
1509425429758|-0.086252|-0.13944165|-0.98479396|0.057423275
1509425429880|-0.086452164|-0.14075789|-0.9861403|0.015509333
