1509425432292|1.098465|2.7589264|8.444138
1509425432402|2.003479|3.14917|10.188721
1509425432515|0.5717468|2.1100922|9.967651
1509425432635|-0.02520752|1.5857697|9.96286
1509425432754|0.96199036|2.8738403|7.9190216
1509425432876|1.3386841|4.829117|8.5542755
1509425432995|0.7161865|6.023819|9.575806
1509425433128|1.653122|4.205017|9.984421
1509425433235|0.33311462|4.74292|6.039566
1509425433356|0.8566437|4.9735565|6.781769
1509425433476|1.1934357|5.689438|7.2119293
1509425433596|2.9092865|6.853012|8.025955
1509425433715|1.1040497|2.8123932|13.804764
1509425433836|-0.32847595|3.82753|5.6868286
1509425433955|1.900528|4.2313538|5.7027893
1509425434076|3.5684814|6.6167755|3.0204773
1509425434195|5.2978973|3.26091|14.346649
1509425434316|2.923645|0.628891|10.806427
1509425434435|0.365036|1.0638275|7.9788666
1509425434557|-0.9038849|2.6847076|7.028366
1509425434676|3.6562653|4.6902466|7.3851166
1509425434795|6.1526337|5.548172|7.919815
1509425434915|4.1606445|1.5602264|11.922119
1509425435036|-1.3683624|2.4468842|8.799286
1509425435155|0.55178833|2.6472015|6.4186554
1509425435277|2.6786346|5.943207|6.9573364
1509425435401|3.8829193|5.314331|12.165527
1509425435516|3.1766357|0.846756|11.940475
1509425435638|2.8582|1.6224823|5.8600006
1509425435756|1.9691467|2.4843903|6.434616
1509425435880|0.78323364|4.8538513|6.619766
1509425436003|2.2029877|4.866623|12.150375
1509425436116|2.4519958|0.549881|13.114441
1509425436245|1.1064453|3.2768707|4.8488464
1509425436358|3.162262|3.8450928|6.26622
1509425436477|4.4144287|4.8139496|9.136871
1509425436600|3.002655|5.1930237|10.570206
1509425436716|3.2348938|2.1220703|8.373108
1509425436836|2.7353058|2.1061096|6.5646973
1509425436957|1.0952759|3.3670502|8.204727
1509425437077|2.7137604|3.9967194|9.220657
1509425437197|5.233261|3.0366516|11.873444
1509425437317|4.3011017|-0.6240845|9.508759
1509425437442|0.28683472|1.9448853|6.689987
1509425437556|-2.1728058|5.789978|8.574234
1509425437677|6.957077|5.8266907|7.7953186
1509425437796|4.817459|1.8778534|13.835083
1509425437921|3.2987366|3.2704926|6.1002197
1509425438040|-0.17604065|2.9919586|6.9405823
1509425438159|0.46081543|2.9839783|8.905426
1509425438276|2.4783325|3.8770142|8.504791
1509425438399|3.8222656|2.2537384|12.169525
1509425438517|1.5956573|0.9385376|9.669968
1509425438642|1.4368439|1.0247192|7.014801
1509425438756|4.1813965|3.6088715|5.958969
1509425438878|4.3872986|4.182678|11.66275
1509425439004|4.015396|1.0247192|12.606064
1509425439117|2.6650696|1.5737915|6.8934937
1509425439237|0.4903412|2.7573242|6.7410736
1509425439356|1.1982269|2.8858185|7.0946045
1509425439479|4.0936127|3.499527|10.120087
1509425439598|6.0401|-1.2776947|15.678619
1509425439717|0.0051116943|1.8475342|7.8559723
1509425439839|1.8877563|2.2625275|4.5878906
1509425439959|5.707306|3.1914825|8.470474
1509425440079|4.15506|4.0174713|13.388977
1509425440202|4.344208|1.3559265|9.9109955
1509425440316|1.7050018|1.2130737|6.9262238
1509425440446|1.0082855|2.7158203|7.744232
1509425440558|2.403305|3.4277039|8.375504
1509425440677|3.4208374|4.4380493|10.887817
1509425440802|2.51503|2.5610046|6.7650146
1509425440916|1.4679718|3.013504|7.7817535
1509425441036|3.002655|4.023056|7.621338
1509425441157|3.9459686|3.4612274|10.936508
1509425441284|1.6339722|3.375824|11.719406
1509425441406|2.424057|1.944107|8.193558
1509425441517|1.0386047|2.6056976|6.199188
1509425441637|0.045013428|2.7453613|8.200729
1509425441759|2.9403992|4.509094|9.372299
1509425441877|3.309906|-0.106933594|14.525421
1509425441999|0.07455444|2.2154388|6.5519257
1509425442117|3.3937073|2.5155182|5.761841
1509425442238|3.9962463|3.987152|7.9605103
1509425442360|2.5796814|3.8027954|13.770447
1509425442488|2.6020203|1.177948|10.238998
1509425442597|2.3578186|2.2912598|5.9868927
1509425442718|2.082489|1.8722687|7.8160706
1509425442837|0.81755066|3.7277832|7.7873383
1509425442960|3.29953|4.1156464|10.567001
1509425443079|3.612381|-0.5658264|13.674667
1509425443201|-1.1616669|1.9983673|6.361191
1509425443318|2.2476807|1.7413788|6.8719482
1509425443437|3.6826172|3.7277832|8.793701
1509425443560|1.9332428|4.7165833|13.43367
1509425443677|3.5030518|0.70869446|11.254944
1509425443801|2.3091278|1.1771545|6.2311096
1509425443917|-0.14970398|2.7549286|7.24704
1509425444037|0.47198486|3.5418243|7.8671417
1509425444157|3.229309|3.7285767|10.737793
1509425444278|2.8151093|-0.56422424|13.419296
1509425444397|0.074539185|2.3447266|6.006851
1509425444519|2.4152832|3.07576|7.4968414
1509425444638|4.7807465|4.720581|9.869492
1509425444765|3.436798|4.5019073|12.182297
1509425444892|1.9460144|2.0542297|7.8671417
1509425444998|1.3123474|1.0446777|7.251831
1509425445116|-0.37158203|2.6527863|8.725861
1509425445247|1.7656403|2.762909|11.547821
1509425445361|1.0378113|5.0908813|9.100952
1509425445477|1.3402863|2.913742|7.3380127
1509425445600|1.5390015|3.1396027|7.0722656
1509425445718|1.4208832|4.950424|8.360352
1509425445843|2.6570892|4.431671|11.096115
1509425445958|2.9284363|2.7294006|10.627655
1509425446077|2.4575653|2.9424744|7.7083282
1509425446197|1.7161713|3.2601166|6.251053
1509425446318|1.8271027|4.770859|7.4760895
1509425446439|3.5804443|4.5426025|9.5638275
1509425446557|2.131958|-0.21626282|15.571686
1509425446683|-1.1193695|3.272873|5.7610474
1509425446798|2.886139|2.8993835|6.1552887
1509425446917|2.489502|4.495514|6.8615723
1509425447043|3.1048126|4.6966248|13.709793
1509425447167|4.6227264|1.2393951|11.555008
1509425447278|3.0984192|1.2306213|6.211151
1509425447406|-0.13215637|2.4077759|8.10257
1509425447520|0.5023041|3.6727142|6.7546387
1509425447639|2.525406|4.265671|10.658783
1509425447758|4.198166|-0.9425049|14.583679
1509425447878|-1.4090576|2.2282104|6.820877
1509425447999|1.8542328|2.1922913|6.5096283
1509425448119|3.709732|4.1962433|9.256577
1509425448246|3.5062408|3.8099823|13.917297
1509425448359|3.347412|0.4908142|8.465698
1509425448480|3.1790314|1.4732361|7.2254944
1509425448600|-0.019638062|3.0230865|6.982086
1509425448723|1.0322266|4.327133|8.681168
1509425448838|3.4352112|4.225769|10.284485
1509425448958|1.0210571|0.091781616|12.353073
1509425449079|0.30200195|1.8986053|5.984497
1509425449198|2.31073|2.9384918|6.5846405
1509425449326|4.994629|3.7900238|11.285263
1509425449448|2.6251678|1.787674|15.124771
1509425449565|2.9667358|1.1236877|6.5112305
1509425449679|1.9156799|0.9473114|7.686783
1509425449803|0.06895447|2.4835815|7.5670624
1509425449918|0.3099823|3.7198029|9.992401
1509425450043|1.3817749|1.945694|12.875809
1509425450158|-2.140091|1.7836914|7.994034
1509425450283|1.146347|0.336792|7.9102325
1509425450399|2.276413|3.082138|7.342819
1509425450518|4.587616|4.377411|10.631653
1509425450637|0.26208496|0.81004333|15.552521
1509425450763|0.3419037|1.0406799|8.422592
1509425450878|1.2588806|2.130844|5.8584137
1509425450998|-0.1433258|2.4101715|8.596573
1509425451119|1.314743|4.024658|8.831207
1509425451244|2.1367493|2.9289093|11.808792
1509425451358|0.26368713|-0.98002625|11.2860565
1509425451486|-0.007659912|0.29049683|7.8687286
1509425451608|2.131958|1.3742828|8.506393
1509425451719|0.76008606|2.723816|8.115341
1509425451840|1.642746|3.9719849|8.242233
1509425451959|1.7895966|7.026184|11.632416
1509425452087|4.335434|-0.18196106|8.991623
1509425452200|-1.0339661|2.5594025|7.9565277
1509425452318|-0.30693054|3.3255463|6.9956512
1509425452439|0.9923248|4.27446|8.084213
1509425452559|3.281189|5.548172|10.141632
1509425452679|2.9539642|0.66000366|13.634766
1509425452800|-1.6325226|2.4772034|7.1616516
1509425452923|1.7089844|3.082138|5.9286346
1509425453040|2.7943573|3.5625763|9.930145
1509425453158|0.84947205|5.0765076|12.278061
1509425453280|2.6602783|-0.094955444|11.536652
1509425453402|0.50709534|0.2186737|8.1783905
1509425453519|-1.7546234|3.1276245|6.9022827
1509425453639|0.15994263|2.5115204|10.1974945
1509425453760|2.4727325|3.0422363|10.887833
1509425453882|2.549347|-0.20350647|13.3554535
1509425454009|-1.1209564|0.53471375|8.2127075
1509425454122|1.0082855|2.8020172|5.9190674
1509425454240|2.424057|3.4795837|8.875107
1509425454359|2.5309906|3.7237854|11.672333
1509425454480|2.3218994|0.1149292|12.249329
1509425454606|0.9771576|1.4748383|8.120132
1509425454727|-0.07948303|2.1803284|7.19516
1509425454845|1.301178|3.6479797|7.995636
1509425454967|2.470337|3.988739|11.184708
1509425455081|0.64915466|1.1811371|12.394577
1509425455201|-1.4353943|1.2968597|7.480072
1509425455320|1.1766815|2.0254974|6.7705994
1509425455446|3.4695282|3.5234833|9.294891
1509425455559|2.3163147|4.04541|11.274887
1509425455680|1.8717957|0.24182129|13.166306
1509425455800|0.5214691|1.0223236|7.899063
1509425455934|0.25889587|1.0877686|7.1656494
1509425456043|-1.3092957|2.1603699|9.217468
1509425456163|2.7025757|3.116455|8.617325
1509425456282|3.6075897|0.8339844|16.080856
1509425456406|-1.7131195|1.7900696|7.7434387
1509425456520|3.0553284|1.9161682|6.2414703
1509425456645|3.2341003|3.4779816|8.508789
1509425456760|1.187851|4.7317505|12.034653
1509425456881|0.9165039|1.5482635|11.4544525
1509425457000|0.90452576|1.4261475|7.2781677
1509425457120|0.9396515|2.5298767|7.1536713
1509425457255|-0.08267212|2.9105682|7.823242
1509425457360|3.991455|4.373413|9.904617
1509425457482|3.625946|0.64164734|14.757645
1509425457602|-0.90467834|2.2218323|6.4354095
1509425457725|2.274826|3.6256256|5.002884
1509425457841|3.368164|4.126007|10.157593
1509425457966|1.2030182|5.0589447|12.863037
1509425458085|1.5581512|2.0997162|7.7298737
1509425458205|1.0122681|1.1021423|9.508759
1509425458321|-0.90309143|2.5306702|7.6221313
1509425458446|1.0928802|2.932907|9.224655
1509425458560|1.8263092|3.26091|10.729004
1509425458681|-0.39552307|1.1843414|9.518341
1509425458805|1.7097778|3.111679|6.919037
1509425458920|3.0521393|4.1028748|9.283707
1509425459041|2.6355438|5.5130463|6.6636505
1509425459160|4.5333557|4.6734924|11.173538
1509425459285|3.3705597|3.1667328|6.464142
1509425459407|2.617981|2.2018738|8.578217
1509425459520|2.0146484|4.062973|6.468933
1509425459640|1.2237701|3.4628143|11.231796
1509425459769|0.78482056|3.6671295|10.493576
1509425459883|1.27005|1.098938|9.645233
1509425460000|0.7409363|2.1013184|7.6596375
1509425460120|2.3697815|4.7963867|5.167282
1509425460245|4.0752563|6.212158|8.62291
1509425460360|2.8669739|2.7724915|15.286774
1509425460480|2.9180603|2.06221|6.3444366
1509425460607|2.741684|0.7501831|7.8144684
1509425460723|0.72895813|3.0773468|8.766571
1509425460849|0.3634491|4.1491547|11.133636
1509425460960|2.3969269|-0.9895935|12.995514
1509425461091|-1.0962219|2.1475983|6.9142456
1509425461206|2.058548|2.9392853|5.8240814
1509425461321|6.606735|2.737381|8.654831
1509425461442|3.6897888|1.252182|13.558151
1509425461560|0.6954346|-0.6105194|9.323608
1509425461687|2.8582|0.6711731|6.9733124
1509425461801|1.7576599|2.6112823|7.6891785
1509425461921|1.824707|2.3918152|9.154419
1509425462040|4.953125|3.5506134|10.373077
1509425462162|2.768814|-1.8108063|13.201431
1509425462280|-1.238266|0.91778564|7.056305
1509425462400|1.8510437|2.309616|6.026001
1509425462525|5.5684357|3.4077606|10.657974
1509425462644|2.5924377|1.5322876|16.095215
1509425462760|2.17984|1.1316681|7.4808807
1509425462883|2.2572632|1.6360321|7.4162292
1509425463002|1.1335754|2.7397766|6.221527
1509425463122|0.44644165|3.523468|7.3699493
1509425463241|0.7281647|2.1164856|15.075287
1509425463360|-2.0012207|1.1396484|9.034714
1509425463480|-1.8152771|2.3391418|6.5846405
1509425463600|2.1399384|4.711792|12.499924
1509425463720|2.5709076|3.0111237|10.933319
1509425463845|-0.5407562|1.7820892|8.340393
1509425463961|0.30200195|2.2537537|7.4457703
1509425464080|-0.70596313|3.2210083|8.811249
1509425464201|0.030654907|3.6862793|7.8894806
1509425464348|1.0896759|5.6622925|10.104919
1509425464440|-1.9134369|3.0909271|9.586182
1509425464563|-0.32128906|3.8211517|7.1424866
1509425464680|1.0162659|4.234543|8.322037
1509425464804|0.791214|4.818741|9.058655
1509425464920|0.68984985|5.5521545|10.073807
1509425465040|1.6347656|3.3455048|8.297302
1509425465162|1.7169647|1.9281311|5.6676636
1509425465281|0.5023041|0.58418274|8.741028
1509425465401|-0.32289124|0.08300781|11.55661
1509425465520|0.68107605|0.020751953|10.801636
1509425465641|-0.9286194|-1.7533417|10.266937
1509425465760|-1.7003632|-1.3782501|9.361923
1509425465880|0.009109497|0.0039978027|8.745804
1509425466000|-0.9469757|0.8044586|9.534302
1509425466121|-1.3715515|0.767746|10.774506
1509425466240|-0.9110718|-1.6966858|11.579742
1509425466361|-0.7322998|-1.078186|8.259003
1509425466480|-0.5519409|-0.24101257|7.332443
1509425466600|-0.9166565|-0.45010376|9.00119
1509425466721|-1.0164185|-1.9065857|12.692261
1509425466841|-2.94693|-3.0126953|10.642029
1509425466966|-2.7793427|-2.2106323|7.727478
1509425467081|-0.3364563|-0.9592743|8.471268
1509425467201|-0.9222412|-0.10295105|9.948502
1509425467321|-0.78178406|-0.559433|11.7258
1509425467442|-1.8280487|-1.998352|11.961227
1509425467561|0.27645874|-0.37348938|7.452942
1509425467681|-0.4354248|0.21708679|9.158417
1509425467801|-1.1297302|2.4101715|8.73465
1509425467924|0.6547394|3.5290527|9.839966
1509425468041|-2.250229|0.81404114|11.849487
1509425468162|-1.803299|1.7852783|7.638092
1509425468281|-0.18881226|2.7573242|8.068253
1509425468401|0.13279724|4.153946|8.46489
1509425468521|-0.35881042|4.5082855|10.214264
1509425468641|0.8183441|2.8570862|11.100906
1509425468761|1.1231995|1.8890228|8.811249
1509425468884|0.14956665|2.5945282|6.946167
1509425469001|-0.65489197|4.047806|8.689957
1509425469121|-0.9110718|4.0773315|10.453674
1509425469241|-1.9573364|3.3734283|10.026718
1509425469363|-0.5072479|2.1627655|7.2223053
1509425469482|1.1048584|2.7988281|7.6117554
1509425469601|0.04182434|4.0039062|9.122498
1509425469724|-0.35560608|4.2066193|11.257324
1509425469841|-0.73628235|2.5474396|11.699463
1509425469961|0.6172333|3.0079193|7.7115173
1509425470081|0.63079834|3.0917206|7.0754547
1509425470203|-0.34204102|4.0158844|8.253403
1509425470322|-0.22631836|4.5378113|10.985184
1509425470442|-2.062683|1.5793762|11.456848
1509425470562|-1.4816895|2.9464722|7.20874
1509425470682|0.90293884|3.5139008|8.316452
1509425470802|0.24613953|4.033432|8.488037
1509425470922|0.016281128|4.604065|11.258133
1509425471041|0.8183441|2.3327484|10.015549
1509425471163|0.5797272|2.6040955|8.1336975
1509425471282|0.7114105|3.2074432|6.721115
1509425471401|-0.05393982|4.5904846|8.870316
1509425471522|-0.2821808|4.489929|11.994736
1509425471646|-2.0036163|2.671936|10.018738
1509425471762|-1.3284607|2.3742523|7.5119934
1509425471882|0.68426514|3.8849945|8.148865
1509425472003|0.025054932|4.510681|9.332397
1509425472122|-0.17285156|5.355835|9.709885
1509425472242|0.7265625|2.6655579|9.489609
1509425472362|0.43128967|3.2417603|8.175995
1509425472482|0.16233826|3.6040802|7.6492767
1509425472603|0.21740723|4.71579|8.217499
1509425472722|0.97317505|4.7277527|11.31958
1509425472843|-1.1273499|3.1842957|10.22702
1509425472963|-0.029205322|3.9209137|7.092224
1509425473082|1.3977356|5.3550415|6.1672516
1509425473202|1.8231049|5.86261|8.148056
1509425473322|1.8326874|5.0908813|10.764923
1509425473442|1.8646088|1.7030792|9.037109
1509425473562|1.4887238|1.4189758|7.7282867
1509425473683|-0.0068511963|2.6200562|8.389084
1509425473802|1.3426819|4.1100464|9.432953
1509425473922|1.4895172|4.866623|10.408188
1509425474042|-1.2789764|2.5099335|11.56459
1509425474162|-0.35162354|3.9233093|6.8735504
1509425474285|1.2492981|5.3103485|6.4266357
1509425474402|0.4919281|6.1076202|8.341995
1509425474522|0.8845825|5.8458557|10.040283
1509425474642|1.8031616|3.660736|8.736237
1509425474762|1.6722717|3.1459808|8.194351
1509425474883|0.67230225|4.6694946|6.905472
1509425475002|1.8374786|5.8402557|7.645279
1509425475122|0.25491333|5.788391|10.571793
1509425475243|-1.1640472|3.6671295|8.981247
1509425475362|0.12322998|4.009491|7.837616
1509425475484|1.5541687|4.7285614|6.974106
1509425475602|1.2237701|5.594452|7.7458344
1509425475723|0.9037323|5.819504|10.355515
1509425475845|1.824707|4.0964813|9.512756
1509425475963|1.5501709|3.5897064|7.943756
1509425476083|-0.21356201|4.8410797|6.8464203
1509425476203|0.50390625|5.7413025|7.3779297
1509425476323|2.2516785|5.44841|9.805649
1509425476443|-0.7913666|4.455612|10.855896
1509425476566|0.38739014|4.5330353|6.467331
1509425476684|2.1814423|5.1243896|6.9828796
1509425476803|2.286789|5.8817596|6.9318085
1509425476923|2.3362732|6.769211|8.409027
