1509425388383|1023.4371
1509425388500|1023.44257
1509425388634|1023.45734
1509425388773|1023.4422
1509425388900|1023.4566
1509425389034|1023.4489
1509425389167|1023.4527
1509425389302|1023.41046
1509425389434|1023.40155
1509425389568|1023.4211
1509425389702|1023.4827
1509425389835|1023.4388
1509425389972|1023.4388
1509425390105|1023.4393
1509425390234|1023.4393
1509425390367|1023.4637
1509425390501|1023.4477
1509425390639|1023.4494
1509425390771|1023.44305
1509425390902|1023.4527
1509425391036|1023.45184
1509425391170|1023.4383
1509425391306|1023.4451
1509425391435|1023.4451
1509425391573|1023.4637
1509425391702|1023.43756
1509425391836|1023.4139
1509425391969|1023.4189
1509425392104|1023.43243
1509425392238|1023.43585
1509425392375|1023.4112
1509425392503|1023.4299
1509425392635|1023.45575
1509425392769|1023.42
1509425392902|1023.42
1509425393053|1023.4251
1509425393170|1023.4412
1509425393301|1023.4628
1509425393435|1023.41156
1509425393572|1023.415
1509425393705|1023.43024
1509425393837|1023.4632
1509425393968|1023.44464
1509425394102|1023.41925
1509425394237|1023.41925
1509425394369|1023.4395
1509425394503|1023.4316
1509425394637|1023.4151
1509425394775|1023.4244
1509425394902|1023.4527
1509425395037|1023.4412
1509425395168|1023.43866
1509425395306|1023.4412
1509425395437|1023.44635
1509425395573|1023.44635
1509425395703|1023.43317
1509425395836|1023.43317
1509425395978|1023.43317
1509425396103|1023.4455
1509425396236|1023.4484
1509425396370|1023.4439
1509425396503|1023.44684
1509425396638|1023.4484
1509425396768|1023.4755
1509425396905|1023.45526
1509425397039|1023.4477
1509425397170|1023.48065
1509425397309|1023.45184
1509425397436|1023.45184
1509425397573|1023.45233
1509425397704|1023.45013
1509425397838|1023.4511
1509425397971|1023.42645
1509425398103|1023.418
1509425398238|1023.45233
1509425398377|1023.4819
1509425398503|1023.4506
1509425398639|1023.4405
1509425398771|1023.4616
1509425398903|1023.4616
1509425399037|1023.4726
1509425399170|1023.45233
1509425399303|1023.44806
1509425399438|1023.4726
1509425399579|1023.4963
1509425399706|1023.4819
1509425399837|1023.47076
1509425399971|1023.45135
1509425400103|1023.4688
1509425400241|1023.43317
1509425400371|1023.42303
1509425400503|1023.42303
1509425400638|1023.4451
1509425400773|1023.4714
1509425400905|1023.44257
1509425401037|1023.43414
1509425401170|1023.4472
1509425401304|1023.476
1509425401437|1023.43365
1509425401574|1023.43365
1509425401704|1023.4465
1509425401837|1023.4506
1509425401971|1023.4506
1509425402056|1023.4527
1509425402180|1023.4388
1509425402304|1023.4511
1509425402438|1023.45905
1509425402572|1023.43024
1509425402707|1023.43024
1509425402838|1023.4307
1509425402972|1023.4527
1509425403105|1023.4549
1509425403238|1023.4422
1509425403372|1023.4329
1509425403515|1023.4465
1509425403637|1023.4777
1509425403771|1023.46246
1509425403909|1023.4544
1509425404037|1023.45355
1509425404170|1023.45306
1509425404305|1023.45306
1509425404438|1023.4472
1509425404571|1023.45526
1509425404705|1023.46246
1509425404839|1023.48956
1509425404976|1023.4705
1509425405107|1023.4527
1509425405244|1023.4714
1509425405372|1023.4273
1509425405505|1023.4349
1509425405640|1023.42694
1509425405782|1023.42694
1509425405905|1023.43414
1509425406038|1023.42474
1509425406176|1023.42303
1509425406310|1023.4366
1509425406440|1023.45013
1509425406571|1023.45013
1509425406706|1023.4451
1509425406839|1023.4506
1509425406972|1023.4683
1509425407106|1023.46246
1509425407242|1023.46246
1509425407379|1023.4599
1509425407509|1023.4599
1509425407639|1023.4709
1509425407771|1023.44635
1509425407906|1023.4371
1509425408040|1023.4349
1509425408172|1023.4477
1509425408309|1023.4383
1509425408440|1023.41974
1509425408577|1023.43317
1509425408705|1023.45013
1509425408846|1023.45013
1509425408972|1023.42303
1509425409107|1023.4122
1509425409247|1023.4489
1509425409373|1023.45526
1509425409507|1023.4506
1509425409641|1023.42694
1509425409780|1023.44684
1509425409906|1023.48395
1509425410039|1023.476
1509425410172|1023.4777
1509425410306|1023.4777
1509425410439|1023.48114
1509425410581|1023.4815
1509425410706|1023.45526
1509425410839|1023.45233
1509425410973|1023.46246
1509425411112|1023.4722
1509425411239|1023.4561
1509425411373|1023.45013
1509425411507|1023.4637
1509425411640|1023.46796
1509425411773|1023.46796
1509425411906|1023.45953
1509425412040|1023.4511
1509425412182|1023.4561
1509425412308|1023.44977
1509425412440|1023.45233
1509425412572|1023.4511
1509425412709|1023.4544
1509425412844|1023.4393
1509425412972|1023.44257
1509425413106|1023.4307
1509425413244|1023.4477
1509425413378|1023.4477
1509425413516|1023.441
1509425413640|1023.441
1509425413773|1023.43317
1509425413906|1023.43585
1509425414040|1023.45734
1509425414175|1023.4443
1509425414306|1023.4189
1509425414440|1023.4172
1509425414577|1023.4405
1509425414711|1023.4235
1509425414840|1023.4235
1509425414973|1023.4156
1509425415107|1023.4299
1509425415240|1023.45355
1509425415373|1023.4139
1509425415507|1023.4036
1509425415640|1023.43243
1509425415775|1023.44806
1509425415907|1023.4371
1509425416040|1023.4244
1509425416173|1023.43536
1509425416307|1023.43536
1509425416445|1023.4422
1509425416573|1023.4393
1509425416707|1023.4349
1509425416840|1023.457
1509425416977|1023.4726
1509425417115|1023.45905
1509425417241|1023.4489
1509425417375|1023.45905
1509425417507|1023.4582
1509425417653|1023.4395
1509425417777|1023.4395
1509425417908|1023.4268
1509425418041|1023.4522
1509425418182|1023.45734
1509425418310|1023.44415
1509425418440|1023.45
1509425418573|1023.45685
1509425418711|1023.4737
1509425418841|1023.45087
1509425418974|1023.4322
1509425419107|1023.45294
1509425419242|1023.4495
1509425419383|1023.4495
1509425419508|1023.42914
1509425419640|1023.4389
1509425419779|1023.4389
1509425419909|1023.4549
1509425420042|1023.4194
1509425420179|1023.41473
1509425420308|1023.43414
1509425420441|1023.42816
1509425420579|1023.4299
1509425420708|1023.4378
1509425420842|1023.4378
1509425420975|1023.4412
1509425421109|1023.4454
1509425421241|1023.43024
1509425421377|1023.4251
1509425421509|1023.43024
1509425421641|1023.4357
1509425421783|1023.445
1509425421915|1023.43524
1509425422042|1023.45807
1509425422176|1023.4649
1509425422308|1023.4649
1509425422441|1023.44867
1509425422574|1023.4368
1509425422708|1023.44696
1509425422842|1023.44696
1509425422982|1023.4305
1509425423109|1023.4322
1509425423241|1023.4483
1509425423377|1023.46515
1509425423509|1023.4296
1509425423650|1023.4262
1509425423776|1023.4576
1509425423908|1023.4576
1509425424042|1023.4495
1509425424179|1023.4394
1509425424309|1023.44525
1509425424442|1023.4401
1509425424575|1023.4544
1509425424712|1023.44476
1509425424844|1023.43463
1509425424976|1023.4642
1509425425109|1023.4405
1509425425243|1023.4422
1509425425378|1023.4422
1509425425512|1023.4472
1509425425642|1023.4565
1509425425775|1023.45184
1509425425910|1023.4349
1509425426047|1023.4594
1509425426176|1023.48566
1509425426310|1023.4471
1509425426442|1023.45734
1509425426578|1023.45294
1509425426718|1023.45514
1509425426845|1023.45514
1509425426977|1023.47284
1509425427109|1023.45087
1509425427250|1023.4754
1509425427377|1023.49567
1509425427510|1023.46344
1509425427642|1023.46564
1509425427783|1023.46735
1509425427914|1023.48004
1509425428042|1023.4521
1509425428176|1023.45123
1509425428309|1023.4664
1509425428442|1023.4664
1509425428577|1023.48004
1509425428710|1023.4727
1509425428843|1023.4643
1509425428979|1023.46674
1509425429109|1023.46844
1509425429243|1023.4676
1509425429376|1023.46515
1509425429509|1023.46173
1509425429643|1023.4465
1509425429778|1023.4405
1509425429912|1023.4405
