1509425663938|1.118134|3.6974547|9.013823
1509425664046|0.45276517|3.0788755|9.299781
1509425664169|0.6315004|4.026664|8.919504
1509425664291|0.80228144|4.2730393|8.790215
1509425664405|0.939515|4.0358777|8.88816
1509425664524|1.0784997|3.898347|8.933651
1509425664646|1.009643|3.5015311|9.10441
1509425664766|0.8138513|2.937599|9.320867
1509425664884|1.0714216|2.9959717|9.276131
1509425665006|1.0473464|3.310039|9.171537
1509425665123|1.147684|3.4831252|9.095111
1509425665245|1.3540689|3.0862403|9.209343
1509425665364|1.0813438|3.3970985|9.135688
1509425665488|1.3596922|3.3224385|9.125954
1509425665606|1.3392206|3.5244613|9.052902
1509425665728|1.281789|3.6257684|9.021153
1509425665850|1.2709568|3.7575746|8.968595
1509425665969|1.3023795|3.825071|8.9354925
1509425666084|1.3092448|3.7976766|8.946168
1509425666207|1.3250629|3.710791|8.980236
1509425666328|1.1633567|3.6952012|9.009023
1509425666450|1.0071162|3.6722589|9.03718
1509425666569|0.9991806|3.6195605|9.059294
1509425666684|0.85731614|3.6124659|9.076646
1509425666809|0.83226234|3.732051|9.030478
1509425666924|0.6870143|4.0173354|8.919609
1509425667050|0.56935054|3.9914098|8.939512
1509425667166|0.5751656|3.9269233|8.967655
1509425667287|0.58887565|4.1226745|8.878468
1509425667405|1.0562569|3.5445662|9.082442
1509425667524|1.0440717|3.605761|9.059733
1509425667645|1.1372356|3.7564535|8.986999
1509425667765|1.0886493|4.019945|8.87836
1509425667884|0.99764633|4.118394|8.8438635
1509425668005|0.961907|4.077448|8.866766
1509425668129|0.9613912|4.0109873|8.897083
1509425668251|0.97266287|3.9683075|8.914979
1509425668366|1.0180358|3.9446986|8.920389
1509425668490|1.155275|3.8098717|8.962176
1509425668607|1.3125154|3.4482424|9.086105
1509425668724|0.91427433|3.386673|9.15778
1509425668849|1.3770183|3.411041|9.0906
1509425668967|1.2013791|3.4628644|9.095914
1509425669084|1.1922196|3.3425956|9.1419935
1509425669208|1.1835908|3.3023994|9.157711
1509425669323|1.0658354|3.3730068|9.146431
1509425669450|1.0210096|3.5082731|9.100546
1509425669563|1.0222452|3.5402093|9.088032
1509425669686|1.0258728|3.627645|9.053075
1509425669804|0.94988966|3.7872493|8.995823
1509425669924|1.1300356|3.8255305|8.958723
1509425670046|1.2599015|3.9896839|8.869355
1509425670171|1.1399105|4.0337243|8.865668
1509425670287|1.3103348|4.0411787|8.838681
1509425670404|1.2773304|4.0282316|8.849416
1509425670527|1.2462442|4.040013|8.848478
1509425670646|0.9750019|4.182033|8.816482
1509425670765|0.7189071|4.388886|8.740209
1509425670889|0.70021385|4.4676805|8.701719
1509425671005|0.6969149|4.5215554|8.674112
1509425671127|0.6066452|4.601378|8.638847
1509425671250|0.5198642|4.863352|8.499879
1509425671373|0.45587867|4.930405|8.464849
1509425671486|0.34277257|4.982785|8.439475
1509425671609|0.2960533|4.9569707|8.456429
1509425671732|0.32326567|4.9642944|8.451134
1509425671846|0.26692918|4.897969|8.491704
1509425671967|0.23111072|4.8920865|8.496144
1509425672091|0.17444958|4.853944|8.519341
1509425672205|0.15418227|4.851178|8.521308
1509425672325|0.15037456|4.836935|8.529469
1509425672445|0.10187659|4.801337|8.550273
1509425672573|0.08723209|4.7957497|8.553571
1509425672688|0.109026246|4.6979723|8.607413
1509425672809|0.09891284|4.563856|8.67939
1509425672925|0.09467376|4.513093|8.705941
1509425673048|0.07768519|4.358026|8.784757
1509425673166|0.084665306|4.261356|8.831991
1509425673286|0.15735562|4.2736297|8.825062
1509425673408|0.10862145|4.1682677|8.876042
1509425673532|0.14801964|4.141634|8.887933
1509425673660|0.20643143|4.135631|8.889563
1509425673767|0.21990755|4.051074|8.928092
1509425673894|0.26557174|4.048001|8.928244
1509425674021|0.29560253|4.051845|8.925557
1509425674131|0.29989603|4.0254664|8.937341
1509425674257|0.31291705|4.0344324|8.932851
1509425674368|0.39084947|3.9658577|8.960446
1509425674489|0.41715148|3.9449418|8.968491
1509425674604|0.4176323|3.96818|8.95821
1509425674727|0.42685458|3.9818828|8.951693
1509425674857|0.42912737|4.0039773|8.941723
1509425674965|0.41674688|3.9931445|8.94715
1509425675093|0.4156027|3.9879637|8.949514
1509425675206|0.4215673|4.038971|8.926331
1509425675328|0.3788375|4.0802197|8.909471
1509425675453|0.36046278|4.019449|8.937812
1509425675585|0.38354635|4.009592|8.941278
1509425675691|0.36480156|3.9334748|8.975805
1509425675817|0.36879465|3.9295223|8.977372
1509425675931|0.38982835|3.8334892|9.017915
1509425676049|0.48033118|3.7659903|9.041956
1509425676172|0.47545713|3.72856|9.0577135
1509425676292|0.45601535|3.7208195|9.061895
1509425676405|0.48330468|3.6991162|9.069363
1509425676532|0.5047321|3.6740294|9.078389
1509425676657|0.53341055|3.6796725|9.074463
1509425676769|0.5369598|3.648751|9.086731
1509425676890|0.53606164|3.6208944|9.09792
1509425677005|0.54539573|3.650418|9.085559
1509425677129|0.5300496|3.6489387|9.087062
1509425677248|0.53384125|3.6835601|9.07286
1509425677366|0.5420024|3.7247994|9.055523
1509425677486|0.510533|3.7349699|9.053163
1509425677611|0.5279528|3.785203|9.031273
1509425677732|0.5008252|3.776972|9.0362625
1509425677846|0.51428735|3.8163614|9.01894
1509425677973|0.51448286|3.812792|9.020438
1509425678087|0.5435466|3.8378828|9.008085
1509425678206|0.53338766|3.8661687|8.99659
1509425678332|0.50430864|3.8713207|8.996052
1509425678448|0.51582855|3.9586453|8.957313
1509425678574|0.41185892|4.040731|8.925988
1509425678690|0.36730173|4.0876994|8.906526
1509425678807|0.33041114|4.0507216|8.924846
1509425678926|0.28194687|4.0744586|8.915698
1509425679061|0.2368226|4.0434136|8.931131
1509425679173|0.3097793|4.0965247|8.904657
1509425679288|0.23367962|4.0401626|8.932686
1509425679406|0.31317192|4.011154|8.943318
1509425679530|0.30180594|4.0271297|8.936527
1509425679648|0.36441085|3.8679087|9.004271
1509425679771|0.40294728|3.9844015|8.95168
1509425679897|0.410168|3.9421065|8.970058
1509425680008|0.41668218|3.9508848|8.965895
1509425680127|0.44285083|3.9718611|8.955366
1509425680246|0.4416852|4.0090466|8.938839
1509425680366|0.42716286|3.9770184|8.953839
1509425680489|0.44567847|4.005279|8.9403305
1509425680608|0.47457656|4.0167327|8.9337015
1509425680739|0.49788633|4.055219|8.915026
1509425680848|0.5233038|4.093689|8.8959675
1509425680973|0.5140168|4.061433|8.911282
1509425681087|0.49916297|4.003889|8.938126
1509425681207|0.50822693|3.9785714|8.948915
1509425681332|0.4860444|3.98625|8.946729
1509425681450|0.4903458|3.9923303|8.943782
1509425681567|0.47745305|3.9965398|8.9426
1509425681689|0.4761124|4.024424|8.930158
1509425681807|0.4448312|4.040375|8.924566
1509425681932|0.41888562|4.0270195|8.931855
1509425682052|0.38841316|4.048835|8.923366
1509425682170|0.38306817|4.0351806|8.929779
1509425682291|0.3930943|4.00373|8.94349
1509425682412|0.41455927|4.0017333|8.943415
1509425682528|0.43740034|3.9899254|8.9476
1509425682652|0.5349363|3.932498|8.967703
1509425682773|0.6348139|3.6032505|9.098571
1509425682894|0.4347999|3.3409076|9.20976
1509425683007|0.42082956|3.4234166|9.180061
1509425683132|0.49428895|3.596603|9.109913
1509425683248|0.45116156|3.5676122|9.12354
1509425683366|0.53021896|3.593519|9.109109
1509425683496|0.49649513|3.5407865|9.131632
1509425683611|0.47274384|3.476026|9.157737
1509425683727|0.46628183|3.5561852|9.12724
1509425683848|0.42371356|3.593932|9.114521
1509425683966|0.3819072|3.5754244|9.123644
1509425684092|0.32001895|3.55012|9.135898
1509425684207|0.27962628|3.4762595|9.165579
1509425684331|0.2718786|3.4691374|9.168509
1509425684448|0.2397714|3.4699805|9.1690855
1509425684571|0.2423138|3.4487453|9.177027
1509425684693|0.23587653|3.4678323|9.17
1509425684809|0.20713885|3.5236945|9.149376
1509425684929|0.17946693|3.499216|9.1593485
1509425685049|0.22739634|3.5579832|9.135613
1509425685169|0.86846715|3.6432498|9.0632715
1509425685287|1.7613828|4.028664|8.765716
1509425685409|3.9737103|4.101893|7.972106
1509425685527|5.767444|3.6145394|7.0598927
1509425685657|7.0213113|3.5450346|5.8569875
1509425685769|7.8304543|3.7323897|4.5742373
1509425685888|8.219712|4.03598|3.50964
1509425686007|8.629637|4.0682917|2.2690866
1509425686131|8.703314|3.669553|2.6376317
1509425686254|7.334302|2.608582|5.96437
1509425686367|3.0565834|0.78917766|9.284659
1509425686494|1.9182981|-0.45061713|9.606636
1509425686617|1.5931876|-0.99902225|9.624661
1509425686735|2.0461073|-1.196989|9.515831
1509425686848|2.3376489|-0.6746074|9.500036
1509425686972|2.3983886|-0.02245239|9.508818
1509425687089|2.0753148|0.7196689|9.557486
1509425687207|1.7867279|1.0665553|9.583342
1509425687332|1.9911926|0.7188601|9.575426
1509425687449|2.379364|0.47046965|9.501983
1509425687576|2.4912386|-0.16254348|9.483548
1509425687693|1.8709147|-0.17188431|9.624995
1509425687816|1.6080264|-0.008098481|9.673912
1509425687936|2.6224127|1.3390496|9.354159
1509425688051|2.514846|2.0446517|9.255558
1509425688169|3.14888|1.3732778|9.185263
1509425688293|2.8043523|1.6109143|9.258021
1509425688407|1.9186534|1.2879144|9.5305
1509425688528|2.7451186|2.0660348|9.185108
1509425688650|2.614626|1.9418622|9.250043
1509425688782|2.7376556|1.419014|9.309244
1509425688893|3.4503148|0.67728955|9.154615
1509425689009|3.311703|-0.21057293|9.228146
1509425689130|3.308058|-0.10394396|9.231269
1509425689248|3.086004|-0.09386687|9.307961
1509425689369|2.3171215|1.356372|9.431945
1509425689492|1.9402024|2.5099704|9.279335
1509425689608|2.2038147|3.7538023|8.787636
1509425689736|1.6347628|4.9615436|8.299459
1509425689851|1.3026112|4.5902963|8.567542
1509425689967|0.9970141|4.0728493|8.865001
1509425690088|0.3970979|3.761064|9.048044
1509425690207|0.44731987|3.5150213|9.144119
1509425690337|0.5940237|3.7979965|9.021793
1509425690448|0.62567925|3.8653986|8.990973
1509425690573|0.5201777|3.9278195|8.970621
1509425690691|0.63341403|3.985567|8.937809
1509425690810|0.6275114|4.014868|8.925102
1509425690933|0.7294913|3.990805|8.928142
1509425691052|0.8900768|3.7545505|9.015625
1509425691168|1.2229414|3.4612627|9.09365
1509425691289|1.5257924|3.3631694|9.0846815
1509425691406|1.389975|3.624566|9.005603
1509425691528|1.5865619|3.328873|9.086903
1509425691659|1.823938|3.0620818|9.136044
1509425691787|1.77169|3.2658525|9.075556
1509425691899|1.5384685|3.5222092|9.0220585
1509425692010|1.3293564|3.4233646|9.093062
1509425692136|1.3267493|3.5125427|9.059369
1509425692256|1.3474634|3.772803|8.951016
1509425692373|1.5461944|3.5849113|8.996004
1509425692498|1.6014678|3.4731417|9.030115
1509425692612|1.7115799|3.38732|9.042507
1509425692729|1.939841|2.9914372|9.135574
1509425692859|2.0162218|2.9968498|9.117244
1509425692976|1.987908|2.908357|9.152053
1509425693090|1.9465531|2.771646|9.203222
1509425693208|1.9485704|2.7377636|9.212932
1509425693332|1.9645847|2.7825372|9.1961
1509425693452|1.9592296|2.8477883|9.177249
1509425693568|1.8222295|2.7898266|9.223163
1509425693694|1.8414931|2.76441|9.22699
1509425693812|1.8956902|2.820567|9.198975
1509425693928|1.8823154|2.8569589|9.190487
1509425694048|1.6323521|2.828115|9.247031
1509425694171|1.4039749|2.8881757|9.265943
1509425694288|1.3365859|2.8318472|9.293254
1509425694408|1.3451582|2.8343527|9.291253
1509425694538|1.2940624|2.8465729|9.294773
1509425694655|1.1124525|2.8593316|9.314347
1509425694777|1.1828647|2.8499062|9.308558
1509425694897|1.1771141|2.8003554|9.324311
1509425695009|1.1904674|2.8704395|9.301278
1509425695130|1.1549038|2.8834026|9.301751
1509425695249|1.1648486|2.9069724|9.29317
1509425695374|1.1475759|2.8810697|9.303381
1509425695496|1.2089263|3.0190816|9.251703
1509425695609|1.298922|2.9703186|9.25529
1509425695737|1.3451443|3.1123025|9.201877
1509425695852|1.3700988|3.0293884|9.225835
1509425695975|1.3460153|2.9615421|9.251373
1509425696090|1.370018|2.9894607|9.238862
1509425696209|1.361974|3.0272481|9.22774
1509425696334|1.322936|2.9657886|9.253341
1509425696457|1.305633|2.9910035|9.247681
1509425696590|1.3206522|3.0581307|9.223563
1509425696693|1.2781197|3.0157413|9.243489
1509425696810|1.3001423|3.0650012|9.224195
1509425696935|1.2816222|3.059789|9.228517
1509425697055|1.3072469|3.0448213|9.229874
1509425697172|1.3749692|3.0459108|9.219667
1509425697301|1.3303462|3.0473747|9.225729
1509425697412|1.3633515|3.0057294|9.234569
1509425697539|1.4019066|2.9919603|9.233267
1509425697653|1.4038941|2.9988127|9.2307415
1509425697770|1.4400808|2.9433746|9.243003
1509425697889|1.4805545|2.9928498|9.220694
1509425698012|1.4294145|2.9458058|9.243884
1509425698137|1.4701171|2.9768362|9.227546
1509425698254|1.4503262|2.9516146|9.238772
1509425698369|1.4772187|2.9932973|9.221084
1509425698499|1.4453521|2.9483001|9.240609
1509425698615|1.5041046|3.0210507|9.207677
1509425698731|1.4272995|2.942131|9.245381
1509425698852|1.5184577|3.016963|9.206661
1509425698975|1.4626411|2.96785|9.231627
1509425699090|1.5043793|2.9889472|9.218103
1509425699223|1.4693282|2.9791045|9.226938
1509425699340|1.4753957|3.0056388|9.2173605
1509425699452|1.4779754|3.0135741|9.214355
1509425699569|1.422671|2.940353|9.24666
1509425699698|1.4980098|3.0234413|9.207886
1509425699810|1.3768961|2.9690995|9.244403
1509425699931|1.4560362|3.1525636|9.171242
1509425700050|1.4197445|2.914117|9.25541
1509425700170|1.4115648|2.858627|9.27395
1509425700291|1.4967892|2.959165|9.228941
1509425700414|1.4142292|2.83416|9.28105
1509425700536|1.447665|2.835304|9.275543
1509425700649|1.4393264|2.803059|9.286635
1509425700778|1.3426626|2.6523623|9.345192
1509425700889|1.4266406|2.7419243|9.306822
1509425701011|1.4048209|2.6381974|9.340063
1509425701133|1.4474722|2.5342145|9.362316
1509425701255|1.5070066|2.66344|9.316942
1509425701375|1.4326545|2.5679476|9.355402
1509425701492|1.4762788|2.6029336|9.338936
1509425701612|1.4507109|2.6185086|9.338588
1509425701736|1.4777831|2.6274552|9.331829
1509425701852|1.4785546|2.5907257|9.34197
1509425701978|1.5389735|2.6437914|9.317312
1509425702095|1.509054|2.5959952|9.3356285
1509425702214|1.5413215|2.6735058|9.308441
1509425702338|1.5476096|2.6740215|9.30725
1509425702454|1.6269392|2.6801414|9.291948
1509425702578|1.6630532|2.7144473|9.275582
1509425702693|1.8474826|2.7429497|9.232195
1509425702811|1.9738867|2.8004713|9.188663
1509425702938|2.0540292|2.8174531|9.165877
1509425703060|2.2888348|2.8945029|9.085895
1509425703171|2.4069564|2.9189475|9.047469
1509425703296|2.5240571|2.9756484|8.996946
1509425703410|2.5615659|2.959446|8.991688
1509425703535|2.5865064|2.9057622|9.00205
1509425703652|2.6655033|2.9094028|8.977798
1509425703771|2.6507182|2.9636395|8.964424
1509425703891|2.8876867|2.8702474|8.92151
1509425704018|2.848167|2.9004784|8.924437
1509425704134|2.5597913|3.2873585|8.8775625
1509425704254|1.8233056|4.179773|8.681903
1509425704376|1.5246537|4.463812|8.597686
1509425704504|1.4563252|4.556426|8.560868
1509425704610|1.4069556|4.566633|8.563687
1509425704731|1.3250592|4.849725|8.419904
1509425704857|1.5829401|4.9444222|8.319697
1509425704977|1.3646474|5.1505885|8.232835
1509425705097|1.5888335|5.019469|8.273508
1509425705212|1.880702|4.606875|8.450447
1509425705333|2.1298409|3.7024436|8.827575
1509425705454|1.6856483|3.754928|8.901094
1509425705578|1.2714957|4.149257|8.794166
1509425705692|1.1532105|4.9642158|8.378368
1509425705813|1.3557911|5.172608|8.220484
1509425705932|1.2440765|5.2356257|8.198225
1509425706049|1.1649028|5.2818313|8.180198
1509425706172|1.0539106|5.2845345|8.193495
1509425706292|1.1312357|5.3461757|8.14304
1509425706410|1.2164532|5.4193335|8.082169
1509425706530|1.4242247|5.29477|8.130646
1509425706658|1.6287575|5.0567994|8.242955
1509425706779|1.9305708|4.7581363|8.354844
1509425706890|1.871134|4.7415752|8.37775
1509425707012|1.8695719|4.7533436|8.371428
1509425707137|1.9013728|4.601102|8.448966
1509425707256|1.8343835|4.7165546|8.399973
1509425707378|2.0852828|4.464019|8.479064
1509425707493|1.9220551|4.367799|8.567288
1509425707622|1.8417763|4.484041|8.524765
1509425707736|1.9050641|4.6001377|8.44866
1509425707855|1.940975|4.658421|8.408455
1509425707975|1.7624594|4.8989935|8.310474
1509425708092|1.7659572|4.5788374|8.49035
1509425708210|1.8852472|4.419424|8.548972
1509425708335|2.2296257|4.721744|8.30086
1509425708452|1.9868243|4.548|8.458051
1509425708584|1.5770934|4.301917|8.670447
1509425708698|1.5857642|4.2368474|8.700853
1509425708810|1.7664711|4.320143|8.624752
1509425708932|1.6163284|4.228311|8.699383
1509425709050|1.3298707|3.8570726|8.917669
1509425709171|1.228485|3.2872388|9.157253
1509425709292|1.8607411|3.4948256|8.971857
1509425709418|2.2057335|3.9338787|8.708026
1509425709538|1.9871086|3.768358|8.832964
1509425709652|1.6863118|3.7961624|8.883461
1509425709776|1.554485|3.7313197|8.934832
1509425709891|1.6249566|3.217387|9.120214
1509425710017|1.9535326|3.1833804|9.067535
1509425710135|2.8177137|3.193127|8.833733
1509425710257|2.9438405|2.254431|9.078642
1509425710379|2.4976437|2.3280563|9.193058
1509425710493|2.187011|1.9177402|9.365342
1509425710617|2.035436|1.7695724|9.428468
1509425710731|1.0020531|2.047891|9.537947
1509425710852|0.9168878|2.9629748|9.303251
1509425710971|0.5557368|2.5373344|9.456399
1509425711095|0.60584193|2.428004|9.48199
1509425711212|0.7783976|2.0243952|9.563803
1509425711332|0.87616646|0.9146665|9.72451
1509425711456|1.3522824|1.155997|9.64393
1509425711571|1.7702128|0.7421935|9.616959
1509425711697|1.2507344|1.146565|9.658749
1509425711814|1.211922|1.5361716|9.609465
1509425711943|1.5141503|1.1342841|9.622429
1509425712055|1.5861236|1.7614162|9.515882
1509425712173|1.1542572|1.8953807|9.552257
1509425712302|0.73726606|1.950686|9.582362
1509425712412|0.37848598|1.92408|9.608593
1509425712538|1.0548934|0.98184186|9.700184
1509425712652|0.78754795|1.5051408|9.658401
1509425712779|1.3555307|1.7377878|9.555785
1509425712893|1.1802846|2.332673|9.45177
1509425713013|0.7390672|2.7236135|9.39181
1509425713138|1.5194417|2.846833|9.26052
1509425713256|1.7296473|2.9228265|9.199772
1509425713371|0.68805766|3.630655|9.083795
1509425713495|0.83752793|3.2930927|9.199156
1509425713614|1.7745799|2.5523927|9.300889
1509425713739|1.7504752|2.991634|9.173677
1509425713858|2.0683682|2.6811316|9.203465
1509425713972|1.02397|2.218182|9.49745
1509425714091|0.4864366|2.194839|9.545493
1509425714214|1.2519361|2.7885387|9.318106
1509425714336|1.4547144|3.0974996|9.190195
1509425714454|1.3051922|3.9105377|8.898008
1509425714577|1.2526397|3.7631948|8.968815
1509425714692|1.58506|3.0985494|9.168258
1509425714813|1.2415121|4.195453|8.776514
1509425714937|2.084863|4.566489|8.424423
1509425715054|2.4417431|5.1146755|8.003022
1509425715174|2.53213|5.106947|7.9798374
1509425715294|2.2778652|5.23973|7.9703803
1509425715411|1.5760156|5.508329|7.9589496
1509425715530|1.2614145|6.2995563|7.409103
1509425715653|1.232678|6.449015|7.2843037
1509425715778|1.409655|5.3547378|8.093828
1509425715891|1.6739271|5.2949004|8.082845
1509425716016|1.6912055|5.458827|7.969405
