1509425630651|-13.713074|-25.804138|-8.203125
1509425630795|-12.6449585|-25.675964|-8.409119
1509425630912|-11.277771|-25.540161|-8.474731
1509425631026|-7.434082|-25.523376|-7.9818726
1509425631180|-5.264282|-26.321411|-6.8634033
1509425631305|-8.392334|-25.68512|-6.2820435
1509425631449|-11.521912|-19.947815|-12.799072
1509425631565|-12.156677|-23.643494|-7.685852
1509425631719|-14.552307|-23.086548|-6.3980103
1509425631837|-14.274597|-20.188904|-11.552429
1509425631988|-14.2074585|-18.614197|-14.715576
1509425632103|-13.88855|-22.029114|-12.275696
1509425632193|-13.261414|-21.980286|-11.393738
1509425632294|-12.054443|-22.314453|-11.080933
1509425632376|-12.535095|-22.271729|-10.650635
1509425632527|-15.136719|-24.031067|-8.737183
1509425632644|-15.887451|-18.075562|-15.185547
1509425632725|-15.939331|-17.733765|-16.662598
1509425632833|-18.528748|-21.304321|-12.106323
1509425632987|-15.80658|-20.240784|-15.365601
1509425633109|-10.655212|-22.383118|-18.133545
1509425633263|-6.095886|-24.743652|-17.744446
1509425633373|1.7532349|-29.769897|-13.667297
1509425633527|6.315613|-31.129456|-12.306213
1509425633640|5.307007|-32.650757|-7.574463
1509425633795|-3.111267|-34.996033|-8.18634
1509425633910|-9.729004|-29.486084|-13.276672
1509425634063|-20.336914|-26.411438|-10.71167
1509425634178|-26.028442|-22.096252|-11.627197
1509425634296|-26.953125|-18.569946|-13.572693
1509425634448|-25.465393|-17.004395|-13.934326
1509425634565|-24.003601|-23.257446|-11.381531
1509425634646|-23.492432|-24.873352|-6.323242
1509425634794|-24.33014|-25.265503|-6.1691284
1509425634909|-24.594116|-23.226929|-8.280945
1509425635065|-26.29242|-20.742798|-10.0616455
1509425635183|-26.37024|-19.747925|-10.700989
1509425635293|-28.29132|-19.960022|-7.48291
1509425635377|-29.891968|-18.945312|-6.617737
1509425635525|-30.833435|-17.007446|-5.7144165
1509425635642|-32.16095|-12.490845|-5.8029175
1509425635796|-30.859375|-13.520813|-6.336975
1509425635910|-30.97992|-14.326477|-2.5634766
1509425636065|-31.619263|-17.771912|-3.1036377
1509425636181|-31.26831|-14.378357|-4.725647
1509425636295|-31.84967|-12.467957|-5.805969
1509425636452|-34.77173|-6.613159|-6.1325073
1509425636569|-33.10852|-6.993103|-7.4020386
1509425636717|-34.64508|-3.3599854|-7.7819824
1509425636831|-34.32007|-0.16021729|-8.59375
1509425636998|-34.50775|0.38146973|-8.746338
1509425637103|-36.068726|-5.050659|-4.432678
1509425637184|-35.113525|-1.3580322|-7.839966
1509425637294|-35.151672|-3.4683228|-6.7825317
1509425637375|-33.218384|-1.7776489|-8.735657
1509425637529|-34.768677|-1.5411377|-7.699585
1509425637644|-33.554077|-2.7359009|-5.8135986
1509425637793|-34.162903|-3.0151367|-6.536865
1509425637908|-34.274292|-3.68042|-6.8603516
1509425638066|-34.73053|-2.268982|-5.6274414
1509425638186|-35.403442|-1.2969971|-7.0358276
1509425638331|-34.336853|-0.1876831|-7.2906494
1509425638449|-35.229492|1.7715454|-7.8598022
1509425638562|-34.75647|1.5289307|-6.311035
1509425638717|-35.41107|2.418518|-6.9763184
1509425638831|-35.39734|0.7293701|-8.093262
1509425638912|-34.786987|2.684021|-7.8567505
1509425639063|-34.924316|2.041626|-7.2128296
1509425639177|-34.716797|2.4215698|-8.233643
1509425639333|-36.080933|1.4404297|-6.086731
1509425639451|-34.651184|3.3065796|-8.906555
1509425639568|-35.473633|2.0980835|-6.802368
1509425639716|-34.19342|3.9352417|-9.274292
1509425639832|-34.831238|4.1793823|-8.796692
1509425639988|-34.526062|4.005432|-9.751892
1509425640101|-35.691833|3.3874512|-8.023071
1509425640261|-34.465027|3.062439|-8.404541
1509425640372|-34.08966|1.9424438|-7.989502
1509425640527|-33.987427|2.2140503|-8.503723
1509425640649|-35.458374|1.3153076|-8.396912
1509425640792|-35.25238|2.4154663|-8.2595825
1509425640910|-34.236145|2.9571533|-8.631897
1509425641068|-35.70862|0.75683594|-8.795166
1509425641177|-33.784485|1.5808105|-8.357239
1509425641331|-35.18524|2.2140503|-8.26416
1509425641449|-35.646057|1.8280029|-8.053589
1509425641563|-35.60486|0.8163452|-6.47583
1509425641645|-35.897827|0.25177002|-8.853149
1509425641792|-35.388184|-1.8844604|-7.8048706
1509425641908|-35.021973|-1.8630981|-6.3796997
1509425642062|-35.517883|-6.2057495|-6.213379
1509425642178|-34.0744|-9.170532|-4.6875
1509425642337|-34.18274|-8.877563|-4.4540405
1509425642452|-35.409546|-7.296753|-3.8406372
1509425642571|-35.290527|-1.914978|-6.512451
1509425642718|-35.290527|-4.4403076|-7.6141357
1509425642830|-35.160828|-5.986023|-6.5826416
1509425642911|-35.20813|-6.1279297|-5.352783
1509425643066|-36.036682|-4.925537|-6.3217163
1509425643179|-34.394836|-8.505249|-7.2998047
1509425643330|-34.614563|-10.839844|-6.008911
1509425643448|-34.35974|-11.079407|-4.5455933
1509425643607|-34.34906|-11.456299|-4.107666
1509425643723|-34.280396|-10.192871|-5.0704956
1509425643830|-34.248352|-8.502197|-5.3375244
1509425643984|-34.27124|-8.883667|-5.441284
1509425644069|-35.803223|-9.106445|-4.8477173
1509425644178|-33.673096|-7.9071045|-5.7006836
1509425644330|-33.97827|-8.078003|-4.6203613
1509425644453|-33.346558|-9.82666|-5.062866
1509425644605|-33.75702|-9.214783|-4.4311523
1509425644715|-34.609985|-9.764099|-5.932617
1509425644798|-33.66394|-7.2402954|-5.654907
1509425644908|-35.414124|-7.423401|-5.709839
1509425645060|-34.53064|-7.2418213|-6.1920166
1509425645176|-34.835815|-6.8573|-6.288147
1509425645330|-35.16388|-7.258606|-4.8080444
1509425645454|-34.05304|-6.703186|-5.5007935
1509425645599|-34.587097|-8.015442|-5.606079
1509425645715|-33.283997|-7.7041626|-5.0720215
1509425645831|-34.0744|-8.526611|-6.011963
1509425645989|-34.057617|-7.963562|-6.7321777
1509425646103|-34.12018|-9.312439|-7.4783325
1509425646254|-33.67462|-10.5911255|-5.8425903
1509425646368|-31.671143|-14.292908|-6.5567017
1509425646523|-30.99823|-15.6188965|-4.5806885
1509425646604|-31.214905|-14.689636|-2.6626587
1509425646717|-32.614136|-14.115906|-5.886841
1509425646832|-31.762695|-16.549683|-5.404663
1509425646983|-29.577637|-16.670227|-6.251526
1509425647067|-29.719543|-17.60559|-5.206299
1509425647176|-28.141785|-21.360779|-2.2491455
1509425647330|-26.403809|-20.863342|-3.1082153
1509425647445|-23.45581|-24.459839|-5.441284
1509425647599|-20.503235|-27.638245|-6.8847656
1509425647717|-19.242859|-26.9104|-7.293701
1509425647799|-19.181824|-27.76947|-7.003784
1509425647909|-18.54248|-28.4729|-4.6875
1509425647994|-19.14215|-28.782654|-3.276062
1509425648099|-18.641663|-30.395508|-1.5106201
1509425648253|-19.978333|-29.161072|-3.4210205
1509425648370|-19.017029|-29.69513|-1.826477
1509425648526|-16.429138|-30.082703|-1.8463135
1509425648638|-16.998291|-28.321838|-2.3620605
1509425648790|-21.60492|-27.430725|-4.6051025
1509425648907|-24.884033|-24.021912|-5.0445557
1509425649062|-28.695679|-19.300842|-5.9799194
1509425649185|-30.136108|-16.56189|-7.0907593
1509425649329|-31.147766|-8.602905|-9.8220825
1509425649446|-31.152344|-3.5705566|-13.043213
1509425649602|-30.918884|-0.4257202|-14.286804
1509425649717|-31.643677|-1.9683838|-13.925171
1509425649868|-32.780457|-1.2771606|-12.225342
1509425649985|-33.288574|-2.0629883|-12.365723
1509425650067|-32.974243|-1.9805908|-12.716675
1509425650175|-33.078003|-1.7791748|-10.295105
1509425650331|-33.5083|-3.3218384|-10.939026
1509425650445|-33.018494|-4.1793823|-10.220337
1509425650598|-33.421326|-5.180359|-8.639526
1509425650715|-34.28192|-3.010559|-8.892822
1509425650799|-35.510254|-2.2735596|-9.184265
1509425650905|-33.10547|-2.682495|-11.64856
1509425651060|-32.862854|0.47149658|-12.876892
1509425651174|-32.128906|1.3702393|-13.005066
1509425651330|-31.724548|1.2451172|-14.3966675
1509425651456|-31.929016|2.6367188|-14.66217
1509425651602|-31.240845|2.0736694|-15.237427
1509425651715|-32.04193|-0.5722046|-15.757751
1509425651869|-30.61676|-3.8864136|-14.26239
1509425651992|-32.34253|-13.4262085|-7.3150635
1509425652099|-25.038147|-22.23816|-7.356262
1509425652253|-15.12146|-29.53949|-7.9193115
1509425652368|-4.0756226|-32.25708|-5.2230835
1509425652526|5.857849|-31.599426|-7.095337
1509425652641|10.6414795|-27.06604|-12.200928
1509425652789|15.7547|-23.072815|-16.62445
1509425652907|17.033386|-17.933655|-18.959045
1509425653060|20.622253|-14.71405|-19.892883
1509425653174|21.751404|-13.668823|-20.24231
1509425653259|22.135925|-13.4262085|-19.995117
1509425653370|24.108887|-11.64093|-19.967651
1509425653520|21.350098|-8.921814|-22.984314
1509425653635|17.254639|-9.954834|-25.424194
1509425653789|18.527222|-11.84845|-23.36731
1509425653904|19.934082|-12.400818|-21.97113
1509425654058|20.217896|-15.847778|-20.343018
1509425654177|16.636658|-19.75708|-18.66455
1509425654329|13.777161|-23.295593|-16.52832
1509425654448|9.906006|-25.98877|-16.363525
1509425654598|6.726074|-28.079224|-12.9852295
1509425654714|3.8970947|-30.223083|-10.380554
1509425654865|-0.390625|-31.497192|-11.303711
1509425654984|-7.5637817|-31.82373|-9.0408325
1509425655136|-13.772583|-26.602173|-13.298035
1509425655251|-16.671753|-27.288818|-12.345886
1509425655367|-23.519897|-22.60437|-8.642578
1509425655520|-28.451538|-19.403076|-6.5856934
1509425655634|-31.480408|-16.725159|-8.712769
1509425655718|-29.908752|-13.067627|-9.49707
1509425655867|-31.67572|-11.315918|-10.398865
1509425655981|-33.920288|-5.6884766|-8.87146
1509425656134|-33.042908|3.3325195|-11.279297
1509425656252|-32.969666|1.234436|-11.299133
1509425656370|-31.74591|1.6281128|-14.299011
1509425656519|-28.91388|10.107422|-15.930176
1509425656634|-23.45581|16.539001|-21.635437
1509425656790|-17.234802|18.61267|-23.524475
1509425656909|-14.321899|20.68634|-24.569702
1509425657058|-12.121582|21.37909|-23.814392
1509425657179|-12.538147|20.121765|-24.961853
1509425657329|-11.49292|16.65039|-26.972961
1509425657451|-9.27124|19.763184|-25.550842
1509425657596|-8.770752|20.362854|-26.242065
1509425657715|-8.195496|18.859863|-27.88086
1509425657871|-11.225891|16.345215|-26.850891
1509425657980|-11.560059|17.15393|-25.787354
1509425658138|-13.717651|14.477539|-26.643372
1509425658256|-12.95166|15.620422|-25.427246
1509425658366|-13.964844|16.407776|-24.902344
1509425658451|-12.966919|13.414001|-26.05133
1509425658598|-11.378479|13.484192|-26.869202
1509425658720|-10.092163|15.097046|-27.096558
1509425658866|-8.000183|16.160583|-28.938293
1509425658980|-9.77478|16.633606|-26.306152
1509425659138|-12.9776|15.663147|-25.776672
1509425659251|-15.560913|14.639282|-25.505066
1509425659368|-19.644165|12.069702|-25.039673
1509425659525|-22.227478|9.989929|-22.0932
1509425659633|-25.608826|6.0394287|-19.013977
1509425659718|-26.535034|6.462097|-19.13147
1509425659869|-27.745056|2.9159546|-20.631409
1509425659984|-27.853394|0.97351074|-18.330383
1509425660133|-28.941345|1.5029907|-17.80243
1509425660251|-28.819275|1.7349243|-17.611694
1509425660407|-28.486633|2.798462|-18.673706
1509425660524|-26.379395|5.1483154|-19.654846
