1509425433131|63901
1509425434119|63903
1509425435119|63905
1509425436123|63906
1509425437120|63908
1509425438127|63910
1509425439126|63912
1509425440119|63913
1509425441123|63915
1509425442127|63917
1509425443119|63918
1509425444134|63920
1509425445119|63922
1509425446119|63924
1509425447119|63925
1509425448121|63927
1509425449120|63929
1509425450125|63930
1509425451122|63932
1509425452119|63934
1509425453129|63935
1509425454121|63937
1509425455120|63938
1509425456119|63940
1509425457119|63942
1509425458119|63943
1509425459125|63945
1509425460119|63947
1509425461119|63948
1509425462120|63950
1509425463119|63952
1509425464119|63954
1509425465118|63956
1509425466120|63957
1509425467118|63959
1509425469118|63960
1509425470118|63962
1509425471120|63963
1509425472119|63965
1509425473119|63967
1509425474119|63968
1509425475119|63970
1509425476119|63972
