1509425478896|24.406433|-24.029541|-20.013428
1509425479027|21.284485|-26.599121|-19.94934
1509425479139|20.759583|-29.59137|-16.851807
1509425479292|19.189453|-30.97992|-16.044617
1509425479408|18.295288|-32.10144|-16.746521
1509425479562|18.997192|-27.340698|-19.911194
1509425479677|22.949219|-23.143005|-23.371887
1509425479792|25.656128|-17.35382|-24.757385
1509425479946|26.098633|-19.743347|-21.966553
1509425480061|23.921204|-19.97528|-24.267578
1509425480216|22.676086|-22.296143|-23.002625
1509425480334|20.863342|-24.482727|-21.435547
1509425480484|23.309326|-22.038269|-22.58606
1509425480600|26.846313|-21.26007|-18.830872
1509425480754|26.722717|-20.3125|-21.461487
1509425480869|25.738525|-18.391418|-23.461914
1509425481024|27.519226|-15.1901245|-23.06366
1509425481143|29.544067|-18.16864|-19.476318
1509425481293|31.318665|-18.289185|-17.773438
1509425481407|29.43573|-21.159363|-17.5354
1509425481564|29.792786|-20.985413|-16.688538
1509425481682|32.130432|-18.328857|-15.945435
1509425481832|31.619263|-14.820862|-19.985962
1509425481947|30.361938|-11.695862|-22.473145
1509425482063|31.4682|-10.290527|-23.712158
1509425482217|31.66809|-7.485962|-22.317505
1509425482336|31.726074|-6.538391|-24.110413
1509425482485|28.689575|-10.708618|-24.214172
1509425482601|30.549622|-11.503601|-22.062683
1509425482756|31.661987|-14.43634|-21.922302
1509425482869|30.413818|-13.81073|-21.824646
1509425483024|30.181885|-13.88855|-21.548462
1509425483140|28.929138|-9.683228|-24.838257
1509425483292|29.214478|-10.0997925|-26.109314
1509425483419|29.730225|-8.157349|-25.550842
1509425483562|29.73175|-6.57959|-26.496887
1509425483676|31.09436|-6.1080933|-24.591064
1509425483831|29.922485|-4.8828125|-25.616455
1509425483947|32.647705|-8.9401245|-22.351074
1509425484063|32.192993|-8.612061|-20.710754
1509425484217|33.143616|-8.995056|-21.27533
1509425484330|35.469055|-5.5633545|-21.853638
1509425484487|32.133484|-5.973816|-24.423218
1509425484599|34.532166|-6.074524|-23.306274
1509425484680|33.950806|-5.5252075|-22.592163
1509425484830|33.27484|-4.5303345|-22.389221
1509425484950|29.690552|-7.4661255|-28.07312
1509425485061|25.488281|-13.305664|-26.599121
1509425485143|25.834656|-16.093445|-25.169373
1509425485292|27.207947|-19.866943|-23.033142
1509425485410|24.475098|-19.282532|-25.637817
1509425485561|23.348999|-13.647461|-29.92096
1509425485678|25.534058|-5.015564|-32.073975
1509425485832|19.163513|-7.3257446|-33.8974
1509425485950|18.737793|-9.825134|-34.00879
1509425486061|20.959473|-8.9782715|-34.207153
1509425486216|21.694946|-8.708191|-33.08716
1509425486331|22.151184|-12.237549|-30.575562
1509425486485|17.311096|-12.44812|-34.45282
1509425486598|20.64972|-9.233093|-31.504822
1509425486754|27.95868|-7.7026367|-28.968811
1509425486836|29.136658|-9.603882|-27.955627
1509425486948|15.4800415|-11.003113|-35.305786
1509425487029|12.451172|-8.865356|-36.880493
1509425487144|27.554321|-7.1502686|-30.059814
1509425487291|19.937134|-9.265137|-33.033752
1509425487408|18.878174|-12.886047|-31.358337
1509425487561|21.31195|-19.612122|-27.001953
1509425487682|21.543884|-18.69049|-27.867126
1509425487830|30.683899|-13.723755|-24.246216
1509425487948|29.125977|-16.4917|-22.821045
1509425488102|24.284363|-13.142395|-26.948547
1509425488217|26.535034|-10.153198|-27.28424
1509425488299|29.05426|-8.628845|-25.697327
1509425488419|31.648254|-11.244202|-23.294067
1509425488561|29.981995|-16.203308|-22.424316
1509425488676|26.437378|-17.87262|-24.97406
1509425488758|26.202393|-17.451477|-26.115417
1509425488871|27.914429|-15.992737|-24.94049
1509425489022|29.214478|-16.429138|-23.303223
1509425489141|25.839233|-13.761902|-28.536987
1509425489290|27.885437|-11.6241455|-28.477478
1509425489406|30.462646|-11.778259|-25.489807
1509425489561|30.18341|-6.2088013|-28.28064
1509425489676|28.175354|-8.886719|-28.3844
1509425489836|26.98059|-12.359619|-28.971863
1509425489945|29.792786|-11.238098|-28.321838
1509425490098|30.052185|-9.291077|-28.683472
1509425490220|30.78003|-9.440613|-28.233337
1509425490329|29.79126|-9.0286255|-28.727722
1509425490492|30.670166|-12.278748|-25.076294
1509425490599|30.673218|-9.162903|-27.401733
1509425490753|27.848816|-11.026001|-27.282715
1509425490867|25.85907|-13.249207|-27.249146
1509425490948|26.867676|-14.46228|-26.930237
1509425491099|29.862976|-10.961914|-26.628113
1509425491216|29.98352|-12.5946045|-24.778748
1509425491331|26.759338|-14.178467|-26.779175
1509425491483|27.337646|-15.447998|-25.663757
1509425491607|29.641724|-15.966797|-21.463013
1509425491756|33.01239|-13.197327|-21.969604
1509425491870|30.9906|-16.441345|-20.973206
1509425491954|27.781677|-18.986511|-22.166443
1509425492098|26.867676|-20.117188|-23.63739
1509425492213|32.39746|-12.8341675|-21.685791
1509425492298|33.366394|-11.517334|-21.478271
1509425492408|30.667114|-12.928772|-22.546387
1509425492560|30.010986|-14.027405|-22.817993
1509425492677|33.0719|-17.106628|-16.073608
1509425492835|33.148193|-18.588257|-16.226196
1509425492952|29.542542|-17.926025|-20.384216
1509425493098|28.833008|-21.64154|-17.417908
1509425493214|26.51825|-23.184204|-19.39392
1509425493367|32.28302|-17.95044|-15.745544
1509425493482|33.32367|-17.164612|-13.912964
1509425493599|31.265259|-15.579224|-18.75
1509425493755|30.677795|-9.326172|-21.661377
1509425493871|32.45697|-5.6259155|-21.044922
1509425494021|34.788513|-3.6575317|-18.356323
1509425494136|31.155396|-8.74176|-21.748352
1509425494217|28.43628|-11.122131|-22.44873
1509425494367|29.092407|-13.749695|-20.587158
1509425494482|28.797913|-9.457397|-22.387695
1509425494597|29.786682|-10.171509|-21.980286
1509425494758|29.129028|-9.254456|-23.698425
1509425494867|29.426575|-6.752014|-23.316956
1509425494950|30.45044|-6.956482|-23.779297
1509425495098|27.42157|-5.52063|-26.132202
1509425495212|23.48175|-8.2977295|-29.203796
1509425495296|23.912048|-11.92627|-26.67389
1509425495407|24.256897|-15.0390625|-26.374817
1509425495559|28.224182|-12.869263|-23.550415
1509425495676|26.237488|-11.955261|-23.550415
1509425495829|26.269531|-11.608887|-26.274109
1509425495950|29.336548|-8.345032|-25.291443
1509425496098|31.697083|-6.150818|-23.725891
1509425496215|27.624512|-6.95343|-25.601196
1509425496368|21.620178|-8.71582|-30.090332
1509425496482|24.41101|-12.266541|-27.201843
1509425496597|25.088501|-12.95166|-27.038574
1509425496681|26.649475|-10.923767|-25.737
1509425496828|28.016663|-11.006165|-24.234009
1509425496944|28.787231|-11.239624|-23.170471
1509425497098|30.429077|-10.609436|-22.044373
1509425497219|32.440186|-11.347961|-19.847107
1509425497366|31.495667|-12.051392|-19.702148
1509425497484|27.294922|-15.299988|-22.027588
1509425497596|23.420715|-21.269226|-19.908142
1509425497756|25.523376|-18.151855|-20.72754
1509425497865|30.430603|-14.520264|-18.470764
1509425497950|29.49524|-15.522766|-20.115662
1509425498096|27.18811|-15.5303955|-22.709656
1509425498215|28.083801|-13.061523|-23.20404
1509425498368|28.845215|-13.88092|-20.169067
1509425498496|26.589966|-13.835144|-20.910645
1509425498634|26.219177|-17.016602|-21.862793
1509425498756|25.015259|-19.366455|-18.429565
1509425498867|28.012085|-16.696167|-18.901062
1509425499023|30.064392|-10.806274|-20.52002
1509425499108|30.207825|-10.006714|-21.847534
1509425499214|29.371643|-7.5134277|-23.512268
1509425499366|33.46405|-3.8879395|-22.950745
1509425499484|34.495544|-4.937744|-18.965149
1509425499639|32.858276|-7.7651978|-21.531677
1509425499752|30.256653|-10.748291|-24.110413
1509425499867|30.18341|-15.141296|-22.36023
1509425499949|30.352783|-14.556885|-21.331787
1509425500099|32.499695|-15.071106|-21.820068
1509425500216|31.55365|-18.286133|-19.64264
1509425500297|30.68695|-19.148254|-20.507812
1509425500412|30.789185|-15.771484|-23.07434
1509425500557|34.06372|-13.374329|-21.777344
1509425500674|33.065796|-12.986755|-21.844482
1509425500826|29.093933|-13.96637|-22.221375
1509425500942|24.897766|-20.454407|-20.869446
1509425501024|22.479248|-22.558594|-20.231628
1509425501137|22.245789|-23.381042|-19.218445
1509425501288|25.645447|-22.259521|-12.797546
1509425501371|24.468994|-23.414612|-12.478638
1509425501488|22.039795|-20.936584|-17.779541
1509425501634|24.690247|-17.826843|-17.69867
1509425501750|24.250793|-17.843628|-16.459656
1509425501864|21.603394|-17.285156|-21.591187
1509425501947|19.73877|-16.592407|-21.330261
1509425502099|18.560791|-20.54596|-19.66858
1509425502212|19.66095|-20.046997|-19.761658
1509425502365|22.621155|-17.538452|-18.588257
1509425502481|22.665405|-17.715454|-18.852234
1509425502639|19.973755|-16.577148|-21.917725
1509425502750|23.623657|-13.755798|-20.639038
1509425502872|22.57843|-15.330505|-18.560791
1509425503019|20.870972|-17.851257|-20.579529
1509425503134|19.502258|-20.455933|-17.803955
1509425503219|19.361877|-21.5271|-17.243958
1509425503364|18.684387|-24.868774|-15.52124
1509425503482|21.725464|-22.309875|-13.215637
1509425503642|21.598816|-22.19696|-14.205933
1509425503752|22.901917|-20.483398|-15.570068
1509425503835|24.351501|-20.471191|-13.899231
1509425503941|23.675537|-20.222473|-13.381958
1509425504096|22.04132|-18.823242|-15.742493
1509425504211|20.767212|-18.363953|-17.355347
1509425504364|20.928955|-17.941284|-17.578125
1509425504493|21.603394|-13.284302|-20.210266
1509425504636|23.10791|-10.140991|-21.14563
1509425504750|23.931885|-11.077881|-20.13092
1509425504903|23.29712|-12.174988|-20.87555
1509425505026|25.126648|-12.893677|-16.366577
1509425505139|23.542786|-15.483093|-18.995667
1509425505286|21.03424|-15.138245|-18.59436
1509425505404|19.781494|-15.515137|-19.641113
1509425505486|19.84253|-14.144897|-20.611572
1509425505635|21.385193|-7.8079224|-22.285461
1509425505754|21.232605|-6.7214966|-23.114014
1509425505903|21.469116|-5.0445557|-22.90039
1509425506018|19.41681|-4.753113|-24.313354
1509425506139|21.270752|-5.4122925|-23.303223
1509425506288|23.02246|-5.6030273|-23.158264
1509425506402|20.12024|-9.162903|-22.341919
1509425506557|18.560791|-12.017822|-21.736145
1509425506639|18.605042|-11.517334|-22.645569
1509425506748|19.828796|-8.595276|-24.029541
1509425506909|19.715881|-7.348633|-22.85614
1509425507022|19.650269|-8.879089|-23.744202
1509425507134|19.006348|-6.6879272|-25.161743
1509425507216|18.377686|-9.32312|-23.468018
1509425507365|18.151855|-8.059692|-25.152588
1509425507485|17.564392|-6.958008|-25.56305
1509425507633|17.658997|-9.779358|-25.02594
1509425507750|15.834045|-11.553955|-24.049377
1509425507910|16.941833|-9.051514|-24.395752
1509425508017|16.516113|-5.41687|-25.09613
1509425508135|15.916443|-6.071472|-24.595642
1509425508287|15.408325|-3.68042|-26.454163
1509425508406|17.732239|-2.684021|-24.836731
1509425508557|18.560791|-0.21820068|-24.066162
1509425508672|17.593384|-3.1799316|-24.438477
1509425508825|16.827393|-7.398987|-24.67804
1509425508940|16.255188|-7.0388794|-24.563599
1509425509099|18.16864|-3.0838013|-25.775146
1509425509208|18.424988|-3.855896|-26.44043
1509425509363|19.63501|-3.4927368|-26.10321
1509425509482|22.523499|-2.9922485|-25.314331
1509425509635|25.779724|-0.9262085|-23.442078
1509425509747|24.267578|-3.7078857|-24.533081
1509425509832|24.142456|-5.8685303|-24.731445
1509425509944|22.337341|-9.178162|-26.190186
1509425510093|23.327637|-10.882568|-23.76709
1509425510209|25.450134|-10.430908|-21.676636
1509425510369|24.336243|-12.051392|-22.54486
1509425510484|21.77124|-13.072205|-24.465942
1509425510631|24.12262|-9.468079|-23.365784
1509425510749|24.772644|-8.842468|-22.128296
1509425510901|22.920227|-8.779907|-24.145508
1509425511022|19.88678|-14.7994995|-23.999023
1509425511170|18.034363|-17.504883|-23.135376
1509425511286|18.508911|-15.917969|-23.399353
1509425511401|20.281982|-13.88855|-21.794128
1509425511557|18.309021|-16.13617|-23.754883
1509425511670|19.526672|-13.063049|-23.373413
1509425511823|22.483826|-11.697388|-21.835327
1509425511939|20.455933|-12.580872|-22.705078
1509425512098|19.013977|-12.034607|-23.202515
1509425512208|18.03894|-14.868164|-21.305847
1509425512291|17.555237|-15.332031|-21.858215
1509425512404|17.082214|-14.605713|-22.654724
1509425512555|21.504211|-9.936523|-22.477722
1509425512670|20.509338|-9.916687|-21.328735
1509425512829|22.836304|-10.093689|-20.526123
1509425512939|21.540833|-8.3984375|-22.613525
1509425513092|24.562073|-10.247803|-19.197083
1509425513209|25.039673|-9.010315|-20.672607
1509425513361|22.512817|-11.57074|-21.636963
1509425513481|20.220947|-12.966919|-22.390747
1509425513631|22.071838|-11.01532|-23.771667
1509425513746|22.654724|-9.573364|-23.947144
1509425513901|21.282959|-10.920715|-25.375366
1509425514023|23.36731|-7.5149536|-26.861572
1509425514169|26.428223|-7.019043|-25.723267
1509425514286|26.222229|-8.030701|-24.908447
1509425514438|23.014832|-10.321045|-27.822876
1509425514559|23.854065|-11.898804|-26.072693
1509425514670|21.507263|-12.294006|-26.37024
1509425514756|21.295166|-11.842346|-27.668762
1509425514900|22.567749|-10.0112915|-27.07367
1509425515016|20.378113|-12.756348|-26.177979
1509425515101|19.493103|-12.138367|-25.456238
1509425515207|18.54248|-9.625244|-27.18811
1509425515362|19.566345|-10.083008|-24.932861
1509425515477|19.529724|-7.835388|-25.761414
1509425515631|17.268372|-9.127808|-25.617981
1509425515750|16.781616|-12.588501|-24.032593
1509425515900|15.670776|-13.20343|-22.740173
1509425516021|19.08722|-11.073303|-22.860718
1509425516169|17.428589|-10.406494|-22.973633
1509425516286|16.777039|-9.90448|-24.484253
1509425516438|17.78717|-6.752014|-24.641418
1509425516554|20.947266|-8.227539|-23.919678
1509425516669|20.005798|-7.4264526|-23.434448
1509425516822|19.169617|-11.175537|-23.822021
1509425516915|17.572021|-13.018799|-24.630737
1509425517022|16.421509|-13.420105|-24.1333
1509425517169|17.23938|-11.6622925|-26.264954
1509425517287|17.915344|-11.29303|-24.836731
1509425517440|18.852234|-10.566711|-26.222229
1509425517566|20.562744|-10.371399|-25.267029
1509425517669|25.31128|-11.764526|-20.387268
1509425517757|26.09253|-11.842346|-19.743347
1509425517899|24.760437|-13.30719|-21.330261
1509425518016|24.754333|-18.98346|-16.073608
1509425518169|23.690796|-20.574951|-17.044067
1509425518290|24.845886|-19.744873|-16.148376
1509425518438|24.006653|-18.432617|-18.466187
1509425518555|24.31488|-17.927551|-19.117737
1509425518669|23.402405|-14.0625|-22.04895
1509425518826|23.249817|-14.434814|-22.273254
1509425518942|22.827148|-11.578369|-24.757385
1509425519091|23.228455|-13.513184|-23.553467
1509425519209|23.756409|-16.279602|-20.230103
1509425519363|23.814392|-17.414856|-20.645142
1509425519478|23.554993|-17.78717|-19.805908
1509425519629|22.650146|-17.288208|-22.758484
1509425519745|24.191284|-17.156982|-22.354126
1509425519899|24.397278|-13.48114|-23.286438
1509425520016|20.817566|-14.187622|-23.764038
1509425520168|19.766235|-12.692261|-25.894165
1509425520288|19.4458|-13.459778|-25.354004
1509425520443|19.20929|-17.417908|-23.165894
1509425520554|17.373657|-17.185974|-24.96643
1509425520707|16.28418|-14.393616|-27.423096
1509425520823|20.443726|-18.35022|-21.820068
1509425520937|22.857666|-19.740295|-18.640137
1509425521092|23.756409|-16.859436|-20.898438
