1509425724932|15
1509425725264|16
1509425725597|23
1509425725929|45
1509425726261|73
1509425726602|99
1509425726932|109
1509425727263|119
1509425727604|96
1509425727931|52
1509425728265|77
1509425728596|100
1509425728929|113
1509425729267|119
1509425729600|119
1509425729928|96
1509425730262|84
1509425730595|66
1509425730934|35
1509425731261|62
1509425731594|82
1509425731927|100
1509425732260|97
1509425732594|86
1509425732927|23
1509425733260|31
1509425733594|43
1509425733929|47
1509425734261|71
1509425734593|105
1509425734927|113
1509425735260|105
1509425735595|99
1509425735927|77
1509425736260|44
1509425736596|43
1509425736927|40
1509425737260|43
1509425737593|47
1509425737927|111
1509425738260|122
1509425738595|103
1509425738927|86
1509425739260|96
1509425739594|86
1509425739926|92
1509425740260|92
1509425740593|92
1509425740927|92
1509425741260|93
1509425741593|93
1509425741927|92
1509425742260|92
1509425742593|92
1509425742927|92
1509425743261|92
1509425743593|92
1509425743928|92
1509425744262|92
1509425744598|92
1509425744932|92
1509425745262|92
1509425745599|92
1509425745928|92
1509425746266|92
1509425746595|92
1509425746927|92
1509425747262|92
1509425747599|92
1509425747928|92
1509425748271|93
1509425748593|92
1509425748927|92
1509425749265|93
1509425749594|93
1509425749926|92
1509425750261|93
1509425750597|93
1509425750932|93
1509425751278|93
1509425751594|93
1509425751931|93
1509425752259|92
1509425752605|92
1509425752928|93
1509425753262|93
1509425753593|92
1509425753928|93
1509425754262|92
1509425754594|92
1509425754927|92
1509425755264|93
1509425755596|92
1509425755927|93
1509425756260|93
1509425756594|93
1509425756929|93
1509425757263|92
1509425757597|92
1509425757927|92
1509425758266|93
1509425758595|93
1509425758929|92
1509425759261|92
1509425759594|93
1509425759935|92
1509425760261|93
1509425760600|92
1509425760929|92
1509425761261|93
1509425761593|93
1509425761930|93
1509425762261|93
1509425762592|92
1509425762931|93
1509425763265|93
1509425763593|93
1509425763927|93
1509425764259|93
1509425764593|93
1509425764927|93
1509425765260|93
1509425765593|93
1509425765930|93
1509425766263|93
1509425766593|93
1509425766926|93
1509425767267|92
1509425767594|94
1509425767932|93
1509425768259|93
1509425768593|93
1509425768929|93
1509425769258|93
1509425769593|93
1509425769926|93
1509425770259|94
1509425770593|93
1509425770928|94
1509425771260|93
1509425771593|93
1509425771931|94
1509425772259|94
1509425772595|93
1509425772926|93
1509425773260|92
1509425773593|93
1509425773928|94
1509425774258|94
1509425774594|93
1509425774928|94
1509425775270|93
1509425775593|93
1509425775926|93
1509425776258|93
1509425776599|94
1509425776926|94
1509425777260|94
1509425777598|93
1509425777930|93
1509425778269|93
1509425778593|92
1509425778926|93
1509425779259|92
1509425779594|93
1509425779926|93
1509425780260|92
1509425780594|93
1509425780927|93
1509425781263|94
1509425781592|93
1509425781925|94
1509425782259|93
1509425782600|94
1509425782925|94
1509425783259|94
1509425783593|94
1509425783931|93
1509425784258|94
1509425784592|93
1509425784927|92
1509425785259|94
1509425785592|92
1509425785926|92
1509425786259|93
1509425786592|93
1509425786932|93
1509425787261|94
1509425787595|94
1509425787926|93
1509425788260|94
1509425788596|94
1509425788925|94
1509425789258|94
1509425789599|94
1509425789931|93
1509425790258|94
1509425790590|94
1509425790932|94
1509425791259|94
1509425791593|93
1509425791926|93
1509425792257|94
1509425792590|93
1509425792925|94
1509425793260|94
1509425793592|94
1509425793925|93
1509425794258|93
1509425794593|93
1509425794924|93
1509425795258|93
1509425795591|93
1509425795925|93
1509425796260|93
1509425796592|94
1509425796924|94
1509425797258|94
1509425797590|93
1509425797923|93
1509425798257|93
1509425798597|93
1509425798925|93
1509425799258|93
1509425799591|94
1509425799927|93
1509425800257|93
1509425800594|94
1509425800928|93
1509425801258|94
1509425801600|93
1509425801933|93
1509425802259|94
1509425802597|94
1509425802931|94
1509425803264|94
1509425803600|94
1509425803930|94
1509425804261|94
1509425804597|94
1509425804927|94
1509425805261|94
1509425805593|93
1509425805926|93
1509425806258|93
1509425806591|94
1509425806925|93
1509425807256|94
1509425807610|94
1509425807923|94
1509425809224|94
1509425809595|94
1509425809926|93
1509425810257|93
1509425810592|93
1509425810924|93
1509425855636|93
1509425855724|93
1509425855920|93
1509425856429|93
1509425856592|93
1509425875110|93
1509425875256|93
1509425875589|105
1509425875919|75
1509425876252|53
1509425876588|103
1509425876924|99
1509425877257|98
1509425877586|97
1509425877919|97
1509425892257|55
1509425892586|46
1509425892919|42
1509425893250|39
1509425893584|38
1509425893917|36
1509425894257|42
1509425894584|48
1509425894917|47
1509425895251|46
1509425895585|46
