1509425348874|-0.29244995|0.09864807|-0.06036377
1509425348982|0.33073425|-0.008590698|-0.39414978
1509425349099|-0.15821838|-0.2702942|-0.2737732
1509425349223|-0.53460693|0.30744934|0.04473877
1509425349346|0.21391296|0.0070343018|0.016693115
1509425349459|0.7010803|0.6412201|0.31851196
1509425349579|-0.9358673|-0.0362854|-0.0078125
1509425349705|0.22846985|-0.49577332|-0.026626587
1509425349829|0.15708923|0.81095886|1.9071808
1509425349942|-1.0775452|0.34187317|1.2232819
1509425350063|0.06086731|0.433136|-0.4662323
1509425350179|0.23876953|0.24671936|0.32136536
1509425350300|0.4358368|-0.16519165|0.44172668
1509425350423|0.077560425|-0.31219482|-0.44172668
1509425350543|-0.27220154|0.6032257|0.14025879
1509425350662|-0.43589783|0.020523071|-0.068878174
1509425350787|0.46743774|0.28364563|0.56140137
1509425350903|0.40707397|0.12634277|0.40408325
1509425351020|-0.3854828|-0.58525085|0.5241089
1509425351143|-1.3321381|0.18954468|-0.26809692
1509425351272|0.6559906|0.528656|-0.78404236
1509425351382|1.0043335|0.077697754|0.2158966
1509425351505|-1.1904602|-0.13215637|-0.11540222
1509425351622|0.916626|0.2495575|-0.52731323
1509425351750|-0.6351013|0.29785156|0.40800476
1509425351862|-2.141037|-0.099853516|0.5624542
1509425351981|1.3168182|-0.68788147|-0.1487732
1509425352098|-0.21006775|-0.37290955|1.2829285
1509425352222|-0.3794403|0.28399658|0.59228516
1509425352343|-0.40429688|0.5702057|-1.0762634
1509425352470|0.471344|-0.9098053|-0.55145264
1509425352587|-0.020812988|-0.07711792|-0.39556885
1509425352703|0.33180237|-0.6438446|-1.2879028
1509425352828|0.8864441|0.48320007|-0.40159607
1509425352944|-0.83644104|-0.8025665|0.23754883
1509425353061|0.16241455|-0.7546387|0.16653442
1509425353185|1.1211548|1.0591583|1.3326416
1509425353305|-0.22711182|-0.58525085|0.542572
1509425353424|-0.76187134|-0.09060669|-0.2190857
1509425353548|0.3509674|0.5453491|-0.40231323
1509425353661|0.47099304|-0.7279968|-0.30467224
1509425353786|-0.5243225|-0.18826294|-0.098358154
1509425353901|0.1734314|1.119873|0.116119385
1509425354023|-0.4138794|-0.14743042|0.62779236
1509425354147|-0.22462463|1.0122833|1.353241
1509425354267|0.8622894|-0.32710266|-0.43888855
1509425354384|0.020385742|0.1558075|0.6100464
1509425354505|-0.33398438|-0.13215637|-0.2982788
1509425354620|0.295578|0.6248779|-0.40089417
1509425354747|0.60557556|-1.0699463|-0.08345032
1509425354864|-0.41140747|0.1007843|0.024139404
1509425354982|0.8260803|-0.16908264|-0.6757355
1509425355102|-0.50372314|0.64689636|0.37638855
1509425355224|-0.16604614|-0.50891113|0.75917053
1509425355341|-0.08294678|0.2651825|0.16725159
1509425355467|0.06335449|0.6014557|0.46658325
1509425355581|-0.082229614|-0.09132385|0.25247192
1509425355700|0.120162964|0.2584381|-0.42539978
1509425355821|0.2288208|-0.3611908|-0.15730286
1509425355943|0.38861084|-0.82244873|-0.5028076
1509425356064|-0.5129547|-0.047302246|-0.22192383
1509425356188|0.1187439|0.8247986|0.028411865
1509425356309|0.38293457|0.2655487|0.17399597
1509425356425|-0.9799042|0.2453003|0.5777283
1509425356552|0.59562683|0.5691376|-0.0017700195
1509425356663|-0.4149475|-0.15026855|0.044036865
1509425356788|-0.026489258|0.23606873|-0.14807129
1509425356900|0.07470703|-0.7841034|-0.49357605
1509425357023|0.26823425|-0.39741516|-0.48327637
1509425357143|-0.3975525|0.15119934|-0.32383728
1509425357262|0.05909729|0.44059753|-0.30075073
1509425357383|-0.07727051|0.12208557|0.14700317
1509425357503|-0.26261902|-0.06930542|0.18678284
1509425357628|-0.07371521|-0.205307|0.27626038
1509425357742|-0.19657898|0.2374878|0.7879486
1509425357865|0.2053833|-0.0952301|0.03692627
1509425357982|0.17236328|-0.038772583|-0.6444855
1509425358106|-0.086135864|-0.24188232|-0.5294342
1509425358227|0.34422302|-0.27383423|-0.3295288
1509425358345|-0.24308777|-0.3214264|-0.33343506
1509425358467|0.3502655|0.08088684|-0.6341858
1509425358588|-0.39115906|0.50805664|0.48860168
1509425358704|-0.26333618|-0.56536865|0.23577881
1509425358822|1.5263214|-0.56359863|0.1413269
1509425358945|-0.37483215|0.10787964|1.0226593
1509425359063|-0.46679688|0.0038452148|-0.12712097
1509425359183|-0.22285461|-0.21205139|-1.3017426
1509425359304|0.7149353|-0.080322266|-0.8525696
1509425359425|0.8491516|-0.8941803|-1.1380615
1509425359543|-1.2781677|0.35324097|0.49890137
1509425359664|0.1350708|0.08692932|-0.09410095
1509425359784|0.015411377|0.7079773|0.55500793
1509425359908|-0.9504242|0.29856873|0.93637085
1509425360024|1.7354584|-0.57673645|0.10119629
1509425360156|-0.6432648|-0.0061035156|0.66615295
1509425360270|-0.20083618|0.44911194|0.11752319
1509425360387|0.12478638|0.105392456|-0.7158661
1509425360503|0.19580078|-0.1974945|0.03729248
1509425360622|0.058013916|-0.41020203|0.11647034
1509425360747|-0.41104126|0.23002625|0.5901489
1509425360864|0.5537262|0.54286194|0.27270508
1509425360987|-0.3119812|0.45266724|0.38064575
1509425361102|-0.0051727295|0.15724182|0.38171387
1509425361223|0.2167511|0.20872498|0.43356323
1509425361347|-0.21788025|-0.38285828|0.2947235
1509425361464|-0.5502472|0.45906067|-0.17185974
1509425361582|0.22810364|-0.3345642|-0.41828918
1509425361703|0.24232483|0.17570496|-0.4225464
1509425361822|-0.5530853|-0.11831665|-0.42965698
1509425361946|0.020385742|0.39549255|-0.24856567
1509425362068|0.05696106|-0.14707947|0.08984375
1509425362188|-0.6368866|0.22399902|0.45983887
1509425362307|1.1907654|-0.19252014|-0.22903442
1509425362426|-0.2068634|0.19026184|0.5866089
1509425362541|0.057662964|-0.8142853|-0.2783966
1509425362664|0.38186646|0.097229004|-0.6860199
1509425362796|-0.25090027|0.18991089|0.33839417
1509425362902|-0.2963562|-0.5536499|-0.12747192
1509425363027|-0.2928009|-0.1541748|-0.30039978
1509425363148|-0.1820221|0.39372253|0.36006165
1509425363263|-0.54634094|0.23995972|0.654068
1509425363387|-1.1247711|0.101135254|0.7943268
1509425363507|1.3207092|0.17640686|0.2904663
1509425363640|-0.2651062|0.089416504|0.4932251
1509425363744|0.060165405|0.39797974|-0.15588379
1509425363868|0.57928467|-7.7819824E-4|-1.3493347
1509425363984|0.79234314|-0.9641266|-0.049362183
1509425364102|-0.25906372|-0.19358826|-0.4342804
1509425364224|-0.06022644|0.37348938|-0.8067627
1509425364343|0.30480957|-0.024917603|0.12251282
1509425364470|-0.5761719|0.11036682|0.30430603
1509425364585|1.379303|-0.60513306|-0.19424438
1509425364706|-0.3126831|0.19451904|0.53796387
1509425364825|-0.5452728|-0.09062195|0.2503357
1509425364947|-0.09750366|0.43881226|-1.0361481
1509425365061|0.5434265|-0.33598328|-0.47190857
1509425365184|0.08216858|-0.72657776|-0.23329163
1509425365308|-0.61628723|-0.568573|-0.2617035
1509425365426|0.30410767|0.8517914|-0.06036377
1509425365543|-0.53567505|0.24920654|1.1249237
1509425365663|-1.1361389|-0.22946167|1.481781
1509425365790|1.1371307|0.103256226|0.07243347
1509425365903|-0.26049805|-0.29833984|0.46836853
1509425366027|-0.690506|0.5918579|0.2979126
1509425366146|0.61587524|0.7101135|-0.6221161
1509425366263|1.6434937|-0.68218994|-3.5095215E-4
1509425366387|-0.08934021|-0.31396484|-0.108306885
1509425366503|0.46141052|0.15794373|-0.58872986
1509425366631|-0.39257812|0.5630951|0.050064087
1509425366749|0.09460449|-0.2081604|-0.42575073
1509425366864|0.31262207|-1.0095825|0.017044067
1509425366985|-0.5378113|0.13664246|0.765213
1509425367105|-0.60635376|0.32128906|0.40266418
1509425367235|0.20787048|-0.189682|-0.79859924
1509425367347|-0.48028564|0.45196533|-0.047576904
1509425367466|-0.42027283|0.2939453|-0.32917786
1509425367599|-0.34428406|-0.5632324|-0.7400055
1509425367702|-0.02079773|0.39691162|-0.03125
1509425367824|-0.038208008|0.14515686|0.542572
1509425367945|-0.7313385|0.18031311|1.0418243
1509425368064|1.1204529|0.480011|0.1526947
1509425368187|-0.4810028|-0.5170746|0.84085083
1509425368305|-0.09820557|0.5417938|-0.031600952
1509425368425|0.29415894|-0.15701294|-0.478302
1509425368548|0.3215027|-0.4947052|-0.37319946
1509425368665|-0.011566162|-0.27738953|-0.40763855
1509425368788|0.44258118|0.2975006|-0.32774353
1509425368902|0.30622864|0.37242126|0.02130127
1509425369023|-0.42666626|0.23855591|-0.15872192
1509425369147|0.7674866|-0.35658264|0.104034424
1509425369266|-0.5218353|-0.29371643|0.5883789
1509425369388|-0.10354614|-0.16589355|0.21234131
1509425369504|0.31582642|-0.14138794|-0.6274414
1509425369632|-0.012283325|0.2062378|0.19494629
1509425369746|-0.2640381|0.11143494|-0.19459534
1509425369867|-0.37980652|-0.15452576|-0.6167908
1509425369983|0.13685608|0.5453491|0.05078125
1509425370112|-0.44761658|0.13912964|0.22547913
1509425370227|0.06298828|0.36495972|0.22015381
1509425370347|1.2358551|0.031539917|0.08842468
1509425370469|-0.6056366|-0.3310089|0.61039734
1509425370588|0.007598877|0.0038452148|-0.057876587
1509425370708|-0.14117432|-0.07002258|-0.5944214
1509425370832|0.24586487|-0.48086548|-0.32455444
1509425370943|-0.5388794|0.023727417|0.09552002
1509425371068|0.12265015|0.5897217|-0.23791504
1509425371191|0.455719|0.08337402|-0.024505615
1509425371306|-0.16319275|-0.066467285|0.14523315
1509425371424|0.19224548|-0.59768677|0.09196472
1509425371544|-0.27824402|0.24565125|0.6281433
1509425371664|-0.09324646|-0.36793518|-0.024856567
1509425371788|0.25297546|-0.13783264|-0.81030273
1509425371909|0.12832642|0.26660156|-0.04119873
1509425372025|0.16419983|-0.015335083|-0.35543823
1509425372145|-0.6681366|-0.3899536|-0.27235413
1509425372268|0.04524231|0.3919525|0.015274048
1509425372387|0.15673828|0.50379944|0.067108154
1509425372503|-0.06341553|0.0137786865|0.13421631
1509425372635|0.31262207|-0.27668762|-0.255661
1509425372744|-0.25657654|-0.08494568|0.43000793
1509425372866|-0.08401489|0.14942932|-0.08308411
1509425372985|0.32540894|0.1327362|-0.42149353
1509425373106|0.024291992|-0.47233582|0.1924591
1509425373224|-0.12661743|0.20516968|0.11114502
1509425373345|-0.2537384|-0.1222229|-0.2617035
1509425373468|0.4628296|0.08230591|0.17611694
1509425373586|0.26895142|0.40827942|0.2585144
1509425373710|-0.17456055|-0.83309937|0.007095337
1509425373825|-0.13726807|0.64263916|0.70129395
1509425373948|-0.16744995|-0.05758667|0.19139099
1509425374065|0.25935364|-0.029190063|-0.28974915
1509425374191|0.29238892|-0.08174133|-0.15374756
1509425374307|0.046310425|-0.121154785|-0.34336853
1509425374437|-0.2878418|-0.3892517|-0.43107605
1509425374552|0.042404175|0.66856384|-0.04296875
1509425374668|0.069381714|-0.029891968|0.18357849
1509425374788|-0.078689575|0.06704712|0.17506409
1509425374906|0.2636261|-0.7354584|-0.06817627
1509425375030|-0.26652527|-0.205307|0.3526001
1509425375146|-0.037490845|0.03933716|0.045440674
1509425375265|0.7713928|0.23074341|-0.19139099
1509425375389|0.20254517|-0.3622589|0.026641846
1509425375511|-0.014770508|0.20588684|-0.028045654
1509425375626|-0.043884277|-0.39279175|-0.40800476
1509425375748|0.077560425|0.2453003|0.05290222
1509425375867|0.09033203|0.16575623|0.12712097
1509425375987|-0.4373169|0.29252625|0.15979004
1509425376109|0.13899231|-0.09239197|0.27590942
1509425376233|-0.24415588|-0.1300354|0.19387817
1509425376347|-0.26368713|-0.1335907|0.05432129
1509425376471|0.27320862|0.1362915|-0.55607605
1509425376596|0.440094|-0.158432|-0.14700317
1509425376705|-0.44122314|0.16184998|-0.26916504
1509425376828|-0.4529419|-0.33528137|-0.26382446
1509425376952|-0.16390991|0.24636841|0.26382446
1509425377073|-0.2970581|0.51516724|-0.13032532
1509425377193|-0.8421173|0.29429626|0.115753174
1509425377310|0.10134888|-0.2564392|0.34443665
1509425377430|0.15992737|0.3940735|0.58270264
1509425377548|0.14608765|-0.17477417|-0.12286377
1509425377671|0.32078552|0.09474182|-0.35047913
1509425377792|-0.07229614|-0.32640076|-0.3909607
1509425377906|-0.30522156|0.14622498|0.04864502
1509425378027|-0.3151703|-0.13819885|-0.12854004
1509425378152|0.038497925|0.13877869|0.037994385
1509425378271|-0.2874756|0.07521057|-0.008163452
1509425378396|-0.28001404|-0.5295105|0.019180298
1509425378517|-0.21716309|0.38555908|0.6796417
1509425378636|-0.229599|-0.025634766|0.22619629
1509425378747|0.09211731|-0.19537354|-0.28372192
1509425378865|0.081466675|-0.17263794|-0.19708252
1509425378985|-0.10317993|-0.30082703|-0.69277954
1509425379109|-0.19692993|0.47503662|-0.18606567
1509425379233|-0.15574646|0.02407837|-0.22761536
1509425379355|0.028549194|0.019805908|-0.08308411
1509425379475|-0.12094116|0.19807434|-0.14735413
1509425379585|-0.6301422|-0.43399048|-0.43782043
1509425379706|0.12904358|-0.023864746|-0.31993103
1509425379826|-0.0062408447|-0.16696167|-0.4971161
1509425379956|0.13046265|-0.16625977|-0.43284607
1509425380074|0.071517944|-0.13536072|-0.33164978
1509425380193|0.11483765|0.052490234|-0.26419067
1509425380304|-0.24664307|0.19522095|-0.1409607
1509425380427|0.12088013|-0.08102417|-0.17434692
1509425380546|0.17591858|-0.085998535|0.24429321
1509425380665|-0.00730896|0.056381226|0.26560974
1509425380786|0.3925171|-0.109436035|-0.014923096
1509425380909|0.21461487|-0.19146729|0.22903442
1509425381038|0.30410767|0.026565552|0.20204163
1509425381149|-0.2338562|0.11143494|0.36254883
1509425381266|0.054122925|0.15901184|-0.0901947
1509425381392|-0.031097412|-0.024932861|-0.1526947
1509425381505|-0.10601807|-0.08883667|-0.06604004
1509425381626|-0.0027008057|-0.09913635|-0.23045349
1509425381750|0.085006714|-0.13464355|-0.21873474
1509425381867|0.13259888|0.22114563|-0.09977722
1509425381998|0.19793701|0.3156128|0.071014404
1509425382107|0.12585449|-0.24650574|0.113983154
1509425382231|0.3023224|0.48321533|0.38882446
1509425382347|0.24693298|0.17214966|0.36964417
1509425382469|-0.14579773|0.07698059|0.7978821
1509425382590|0.027130127|0.35112|0.523407
1509425382707|-0.24913025|-0.17831421|0.16867065
1509425382832|0.11306763|-0.23016357|-7.171631E-4
1509425382956|0.07044983|-0.029891968|-0.3146057
1509425383072|-0.016906738|-0.52381897|-0.65478516
1509425383189|-0.028259277|0.021240234|-0.35757446
1509425383309|0.03955078|-0.09310913|-0.17150879
1509425383435|0.10986328|0.21121216|0.047927856
1509425383548|-0.010864258|0.38058472|0.22868347
1509425383666|-0.3865509|-0.47731018|0.4811554
1509425383789|-0.34358215|0.14125061|0.87068176
1509425383908|0.15994263|-0.23265076|0.4307251
1509425384029|-0.0066070557|-0.45884705|0.12214661
1509425384149|0.44329834|-0.25076294|-0.2972107
1509425384267|0.55514526|0.17108154|-0.23329163
1509425384389|-0.39897156|0.12882996|-0.36964417
1509425384508|0.1933136|0.29003906|-0.44456482
1509425384626|0.8772125|-0.2124176|-0.35827637
1509425384746|0.28457642|-0.040908813|0.007095337
1509425384874|-0.7199707|-0.14707947|0.4694214
1509425384987|0.01576233|-0.024932861|0.6100464
