1509425348874|2.537384|4.6487427|9.614899
1509425348980|0.98913574|3.8586578|9.980423
1509425349098|2.3530273|2.5809479|8.314056
1509425349220|0.82632446|2.615265|8.07225
1509425349343|0.23814392|3.2218018|7.7881317
1509425349458|1.7744293|4.6942444|8.673187
1509425349578|-1.5503235|2.7693024|12.112061
1509425349702|-2.3060913|2.1747437|9.859116
1509425349826|0.6411743|2.1388245|6.1313477
1509425349940|2.4855042|4.157135|9.955688
1509425350061|0.9468231|2.9320984|12.746521
1509425350178|-1.440979|0.44213867|10.819992
1509425350298|0.27087402|1.8674774|6.464142
1509425350420|0.63319397|2.5945282|6.954956
1509425350538|0.21261597|3.1292267|9.980423
1509425350662|-0.86875916|3.4380798|12.72258
1509425350786|-1.5806427|0.56822205|9.958084
1509425350900|-0.25186157|2.731781|5.37558
1509425351018|1.5605469|3.671112|6.779373
1509425351142|1.6611023|2.6280518|14.52063
1509425351264|-2.4210052|1.8555145|12.824738
1509425351379|0.2485199|2.414154|5.351639
1509425351503|0.27246094|1.2106781|8.363541
1509425351620|-1.4385834|2.4859772|8.484848
1509425351749|0.5462036|3.7924194|10.130463
1509425351859|-0.7913513|-1.6990814|14.004272
1509425351980|-2.6548462|1.3878479|6.314102
1509425352098|0.18307495|2.002365|7.6851807
1509425352220|3.4806976|2.5011444|9.670776
1509425352341|0.49113464|-0.2234497|13.286819
1509425352466|0.39297485|-0.999176|9.675568
1509425352586|0.8374939|-0.38546753|8.706711
1509425352700|-0.22792053|0.7988739|7.6748047
1509425352826|-0.17845154|2.640808|8.817642
1509425352943|-0.23191833|0.9960022|12.623627
1509425353060|1.1806641|-0.26574707|10.366684
1509425353179|1.2046051|1.4309387|5.972519
1509425353301|2.0737|4.126816|6.7338867
1509425353421|4.5349426|2.1116943|13.253296
1509425353547|2.0114594|-0.44691467|12.354675
1509425353659|1.6188049|1.6695557|6.49765
1509425353785|1.4974976|1.7110596|6.7290955
1509425353900|0.60765076|2.4748077|9.515945
1509425354020|3.3689728|2.655182|11.612473
1509425354142|1.6012573|-1.9903717|12.243744
1509425354263|-0.30932617|1.8970032|6.966919
1509425354381|2.210968|2.8115997|6.638916
1509425354504|2.5621185|4.0709534|10.526306
1509425354619|-0.38433838|2.0542297|13.270065
1509425354746|2.140747|1.3208008|7.825638
1509425354861|2.131958|1.1811523|7.4481506
1509425354981|0.9268799|3.1348114|6.741867
1509425355102|1.5677338|3.353485|11.447266
1509425355221|0.66511536|2.0462494|10.381851
1509425355340|-0.48728943|1.028717|10.277313
1509425355463|0.80636597|2.7054596|7.602188
1509425355579|2.061737|4.1619263|7.66922
1509425355699|1.9691467|4.042221|12.173508
1509425355819|0.375412|2.0749817|11.159958
1509425355941|1.3299103|2.1954956|7.494446
1509425356063|0.41133118|2.3431244|7.6668243
1509425356187|0.8087616|2.9768066|9.215881
1509425356308|0.89575195|2.8618774|10.669159
1509425356423|-0.5423584|0.35754395|11.611679
1509425356550|-1.0379639|2.388626|7.3013153
1509425356661|0.4711914|3.7046356|7.7506256
1509425356781|0.33392334|3.778061|10.34993
1509425356899|0.3722229|3.2082367|11.579758
1509425357021|1.1655121|1.3487396|8.621323
1509425357141|0.330719|1.7318115|8.094589
1509425357261|-0.0012664795|2.8275604|8.028351
1509425357380|0.6643219|3.2170105|10.156799
1509425357501|-0.13215637|2.0789642|11.306015
1509425357623|-0.57507324|0.5283203|9.357132
1509425357740|0.92289734|1.6863251|8.606155
1509425357863|1.2149811|3.5139008|7.6748047
1509425357981|0.499115|3.4795837|10.255753
1509425358104|-0.53118896|2.545044|12.227783
1509425358225|0.72735596|1.559433|8.897446
1509425358342|0.90852356|1.1420441|7.751419
1509425358465|-0.43782043|2.9065704|7.2422485
1509425358585|0.45681763|2.8706512|10.38504
1509425358703|-0.41625977|1.3000641|13.14476
1509425358820|-0.55033875|1.7533569|7.80809
1509425358944|2.0058746|2.1292572|6.625351
1509425359061|2.4863129|3.6383972|7.578247
1509425359181|1.3578339|3.8905792|12.141586
1509425359302|0.60046387|1.9568634|11.901367
1509425359422|0.72416687|3.1691284|6.085861
1509425359541|0.21820068|1.3208008|8.081818
1509425359661|-0.13693237|2.6862946|8.569443
1509425359783|1.577301|4.185074|10.649994
1509425359906|-0.6189728|0.32003784|14.2413025
1509425360021|-0.3851471|2.2585297|6.101013
1509425360156|1.8430634|2.5905304|6.855194
1509425360269|1.697815|4.24971|8.83519
1509425360384|0.62042236|4.1739044|12.82074
1509425360501|0.7050171|1.5921478|11.266907
1509425360620|-0.26942444|2.9512634|6.3117065
1509425360742|1.7824097|1.9345245|8.645264
1509425360862|1.5908813|3.4540405|8.159241
1509425360987|1.661911|3.6974487|11.818375
1509425361101|-1.494461|1.1308594|10.705063
1509425361222|0.18946838|2.8498993|6.8727417
1509425361346|2.1678772|4.1739044|6.484894
1509425361463|1.0202637|3.7349548|10.749756
1509425361580|1.2309418|3.1659393|11.638809
1509425361701|0.8502655|1.6376343|9.010773
1509425361820|0.5366211|1.7693176|8.084213
1509425361944|-0.3436432|2.3678741|7.9892426
1509425362067|0.76885986|3.3319397|9.772934
1509425362187|-0.022827148|0.76216125|13.552567
1509425362304|-0.9788971|1.7286224|7.851181
1509425362423|0.98194885|2.072586|7.9222107
1509425362540|1.0457916|4.1172333|7.761795
1509425362662|0.47198486|4.6870575|10.751358
1509425362784|-0.02281189|1.2162628|11.30043
1509425362901|0.60206604|1.7709198|7.6636353
1509425363024|0.5868988|2.1109009|6.863968
1509425363147|0.83351135|2.9033813|8.191956
1509425363262|0.9867401|1.3654938|12.451248
1509425363384|-0.08506775|-1.2122498|13.872604
1509425363505|0.5055084|1.6025238|6.848007
1509425363640|2.0713043|2.2465668|7.40506
1509425363741|2.5645142|3.092514|10.43692
1509425363866|-1.3978882|2.3056183|13.353851
1509425363982|-0.24229431|0.2889099|8.8463745
1509425364101|1.3410797|1.9377136|6.0714874
1509425364222|-0.2742157|2.9177399|8.458511
1509425364341|0.7505188|4.572937|9.755371
1509425364469|-1.5255737|2.0510406|13.322739
1509425364582|-0.23989868|0.9409332|8.009201
1509425364705|0.5533905|2.8339386|5.9525757
1509425364824|2.4176788|4.5457916|7.3284454
1509425364946|0.54141235|3.5801392|12.74173
1509425365061|-0.004470825|2.0789642|11.603683
1509425365182|0.55178833|2.2697144|6.571884
1509425365306|0.82073975|2.0781708|6.8184814
1509425365423|-0.8504181|3.7070312|9.345963
1509425365541|1.2939911|3.952835|11.1679535
1509425365661|2.0737|-1.4867859|13.087296
1509425365789|-0.9453888|1.3104248|6.535965
1509425365902|1.5757141|2.829956|5.8224945
1509425366024|3.7416687|3.4851685|11.421738
1509425366144|-0.77459717|2.7708893|14.872574
1509425366262|1.2157898|1.7453766|7.6476746
1509425366383|0.46640015|1.707077|6.99086
1509425366502|-0.4473877|3.4604187|5.6213837
1509425366628|0.5533905|5.3845673|10.692291
1509425366748|-1.0850372|3.8099823|11.000351
1509425366863|-1.7889404|2.3295593|7.713913
1509425366984|0.68666077|3.7429352|6.2159424
1509425367104|1.4089203|4.376602|9.01796
1509425367233|0.61802673|3.9193115|10.908585
1509425367346|0.4041443|1.5841675|10.71225
1509425367464|-0.010055542|1.1763611|8.837585
1509425367589|0.098480225|1.7078705|7.5327454
1509425367701|-1.4250183|2.9544525|10.011551
1509425367822|-0.048355103|3.3000183|11.546234
1509425367943|0.021072388|-1.6424255|11.591721
1509425368062|-1.9573364|2.2106476|6.977295
1509425368183|1.0027008|3.0637817|7.528763
1509425368301|0.68507385|3.2561188|11.358688
1509425368424|-0.40109253|1.7477722|11.653976
1509425368545|0.7521057|1.4157715|9.241409
1509425368663|0.40812683|1.9273376|7.621338
1509425368786|-0.015640259|3.120453|8.097778
1509425368901|0.36505127|3.8147583|10.229431
1509425369022|-2.2198944|2.6208649|11.749741
1509425369142|-1.2845612|2.4261322|7.037155
1509425369263|0.49671936|3.4197235|7.4018707
1509425369387|0.5525818|4.327118|8.945328
1509425369503|1.3546448|4.9033356|11.038666
1509425369630|1.5134583|1.7182465|10.138443
1509425369743|0.701828|2.2912598|7.473694
1509425369862|0.13200378|3.1348114|7.1408997
1509425369982|-0.33406067|3.429306|9.30127
1509425370109|0.18148804|3.6631317|11.389816
1509425370225|-1.9988251|0.23623657|12.022675
1509425370345|-0.51283264|3.4149323|5.864792
1509425370468|0.6898651|4.3726196|7.9804688
1509425370587|0.9093323|4.6870575|8.629303
1509425370707|-0.8903198|4.3606415|11.879028
1509425370830|0.25091553|2.5195007|8.970871
1509425370942|-0.0770874|2.082962|8.065063
1509425371066|-0.5072479|3.2202148|8.265381
1509425371189|0.32833862|4.4484253|9.339569
1509425371306|-1.1672516|3.612854|11.156769
1509425371422|-0.9350128|1.4716492|9.211884
1509425371543|0.8829956|2.63443|7.3483887
1509425371663|1.2070007|4.191452|8.17041
1509425371786|0.13360596|5.280014|10.996368
1509425371907|-0.70277405|2.7533417|11.031479
1509425372023|-0.307724|2.9440765|7.258209
1509425372143|0.1990509|3.110077|7.539139
1509425372264|-0.10421753|3.54422|8.62291
1509425372386|0.55578613|4.689453|11.41774
1509425372502|-1.9812775|1.5434723|11.333145
1509425372629|-1.7649994|2.8379364|7.12175
1509425372743|0.6954346|3.6272278|7.1600494
1509425372865|-0.11778259|4.126816|9.442535
1509425372983|-0.67723083|4.9432373|11.460037
1509425373103|0.48156738|2.337555|8.636475
1509425373223|0.33232117|2.43013|8.278946
1509425373343|-0.20477295|3.248932|7.6612396
1509425373464|0.6858673|3.9001617|8.477661
1509425373583|0.18707275|4.521057|11.541443
1509425373706|-1.1736298|2.194687|9.507965
1509425373823|-0.8160858|3.0350494|7.612549
1509425373945|0.59887695|4.404541|7.8639526
1509425374063|0.045806885|4.842682|9.713867
1509425374187|-1.0012512|4.1874695|10.659576
1509425374305|0.37461853|2.8770294|8.622116
1509425374430|0.07374573|2.8610687|6.6484985
1509425374551|-0.5615082|3.975174|8.742615
1509425374667|0.46479797|4.6319885|9.850342
1509425374788|-1.8551788|2.874649|11.404175
1509425374905|-1.2183228|2.5578156|7.8056946
1509425375024|0.5063019|3.33992|7.0076294
1509425375145|-0.26223755|4.509094|9.030731
1509425375263|-0.13694763|5.1243896|10.855103
1509425375385|-0.14572144|4.213806|9.07222
1509425375510|0.9899292|2.7621155|8.06665
1509425375625|0.4328766|3.3854065|6.6636505
1509425375747|0.23176575|4.94722|9.09697
1509425375866|0.66511536|5.578491|9.631668
1509425375985|-2.7282715|3.0765533|11.045837
1509425376108|-0.23989868|3.2760773|7.4792786
1509425376231|1.4376373|4.3095703|7.0140076
1509425376345|1.4057312|4.3726196|9.156815
1509425376468|-0.2789917|5.4907074|11.396988
1509425376595|1.4663696|3.2313843|8.342789
1509425376703|-0.778595|2.795639|7.970886
1509425376824|-0.3005371|3.8043976|7.53833
1509425376950|0.9524231|4.0470123|9.119308
1509425377072|1.7472992|4.4500275|10.555832
1509425377192|-3.136078|0.91059875|12.660339
1509425377308|-1.2869568|2.7948303|7.5582886
1509425377426|0.5390167|2.197876|8.527145
1509425377546|0.06336975|3.8035889|8.999603
1509425377668|-0.40350342|4.361435|10.613281
1509425377791|0.43766785|2.1508026|9.250198
1509425377905|0.52944946|2.0334778|7.6644287
1509425378025|0.4041443|2.5953217|7.804901
1509425378151|0.22218323|3.2672882|10.462463
1509425378266|-0.64530945|2.9528503|10.795258
1509425378395|-1.3643646|0.5299225|9.840759
1509425378516|-0.11380005|1.0486755|8.921387
1509425378636|-0.09463501|2.3367462|8.573425
1509425378746|-0.23110962|2.8187866|9.958878
1509425378864|0.1790924|1.7166443|11.2812805
1509425378984|0.03463745|0.32481384|8.635681
1509425379108|0.047409058|0.30326843|9.049088
1509425379231|-0.13534546|1.3279877|9.110535
1509425379353|-0.12098694|1.5394745|9.851944
1509425379474|-0.097839355|0.21948242|11.041061
1509425379584|-0.10342407|-1.2968597|10.460068
1509425379705|-0.6604767|-0.16679382|9.360321
1509425379824|-0.55513|0.75657654|8.84877
1509425379954|-0.4138794|0.72384644|9.597351
1509425380072|0.037841797|0.3423767|10.221436
1509425380191|0.9013519|-0.45729065|9.740204
1509425380303|0.2644806|-0.82598877|10.001968
1509425380425|-0.24867249|-0.025527954|9.795273
1509425380545|0.12243652|0.44374084|9.399429
1509425380665|1.2405243|0.7190552|9.752182
1509425380784|0.60606384|1.4516907|9.914185
1509425380908|0.09768677|1.256958|9.296478
1509425381034|-0.25186157|1.7916718|9.112122
1509425381148|0.31954956|1.8874359|9.515945
1509425381264|-0.21514893|2.486786|9.049881
1509425381390|-0.25265503|2.4819946|9.329193
1509425381504|-0.097839355|2.840332|9.250992
1509425381624|-0.12736511|2.695877|10.645218
1509425381749|-0.7091522|2.1156769|9.81044
1509425381865|-0.33566284|1.8603058|9.67955
1509425381996|0.1415863|1.9345245|8.944534
1509425382105|0.36584473|2.7884521|8.02356
1509425382230|-0.5766754|3.3558807|10.140045
1509425382346|0.08251953|3.908142|11.18631
1509425382466|-0.836853|1.3726807|9.806442
1509425382587|-0.7897644|2.3415375|7.138504
1509425382706|-0.13374329|3.6447754|8.754593
1509425382830|0.691452|3.5897064|9.55426
1509425382953|-0.08746338|3.478775|11.2022705
1509425383071|0.57414246|2.1787262|9.150436
1509425383186|-0.37316895|1.787674|8.136887
1509425383307|0.15913391|3.037445|7.907837
1509425383433|0.18547058|4.0980835|9.892639
1509425383548|-0.13375854|3.6751099|10.304443
1509425383665|-1.4050751|1.0638275|9.60054
1509425383787|0.55737305|1.9616547|8.870316
1509425383906|1.2285614|3.626419|8.18158
1509425384026|1.9356384|3.6743011|9.79129
1509425384147|2.492691|3.4915466|10.620468
1509425384266|2.1806488|1.9049835|8.531128
1509425384386|1.3506622|2.0757751|8.170395
1509425384506|0.9348602|3.195465|8.575027
1509425384625|0.567749|5.175476|8.024353
1509425384745|1.0074921|5.427658|9.914185
1509425384873|-0.061920166|2.7796783|10.503159
1509425384985|1.2213593|2.9720001|7.7833405
