1509425479118|63977
1509425480119|63978
1509425481120|63980
1509425482119|63982
1509425483119|63983
1509425484119|63985
1509425485125|63987
1509425486120|63988
1509425487119|63990
1509425488120|63992
1509425489129|63993
1509425490119|63995
1509425491127|63997
1509425492120|63999
1509425493123|64001
1509425494119|64002
1509425495128|64004
1509425496120|64006
1509425497120|64008
1509425498119|64010
1509425499120|64011
1509425500120|64013
1509425501124|64015
1509425502122|64017
1509425503120|64018
1509425504121|64020
1509425505120|64022
1509425506120|64024
1509425507119|64026
1509425508119|64027
1509425509122|64029
1509425510119|64031
1509425511120|64033
1509425512120|64034
1509425513120|64036
1509425514120|64038
1509425515119|64040
1509425516126|64041
1509425517120|64043
1509425518119|64045
1509425519119|64046
1509425520119|64048
