1509425724796|0.1296222|0.08366408|0.7545185|0.6378873
1509425724895|0.11083495|0.09428126|0.73795605|0.65897465
1509425725012|0.10396019|0.08559582|0.7133721|0.6877251
1509425725139|0.098099485|0.11434651|0.71541244|0.68226564
1509425725255|0.089314595|0.111703165|0.73337334|0.6646118
1509425725380|0.06983489|0.06397527|0.7519418|0.6523908
1509425725497|0.06030732|0.064635605|0.77832496|0.62160724
1509425725617|0.06350664|0.05881427|0.81992394|0.5658909
1509425725742|0.04553751|0.08999001|0.85129476|0.51490325
1509425725860|0.030415501|0.07345352|0.855719|0.51129687
1509425725981|0.07733936|0.0531683|0.84715915|0.52298486
1509425726098|0.0693494|0.03961371|0.843819|0.5306514
1509425726224|0.08373209|0.08063827|0.83657867|0.5353714
1509425726338|0.10278296|0.06757909|0.8395889|0.5291117
1509425726458|0.1038745|0.020046504|0.83768517|0.53580946
1509425726582|0.11549225|0.02114572|0.84810233|0.5166593
1509425726695|0.12452929|0.026676582|0.86444056|0.48633662
1509425726822|0.12529568|0.07481676|0.846973|0.51121444
1509425726938|0.15277022|0.07508153|0.8214551|0.5442752
1509425727055|0.1469758|0.059704613|0.8136599|0.55927724
1509425727181|0.14430667|0.06286271|0.8320554|0.5318907
1509425727301|0.09382184|0.117764644|0.8681258|0.47295517
1509425727415|0.03634638|0.12655404|0.90095747|0.41344723
1509425727538|0.046654887|0.07551411|0.94077194|0.32721412
1509425727660|0.04251319|0.0552589|0.976948|0.20177138
1509425727782|0.010065437|0.043686997|0.9901685|0.13250068
1509425727895|-0.020402066|0.055912826|0.9886501|0.13794391
1509425728017|0.031593017|0.04102082|0.9877157|0.14743398
1509425728144|0.051363077|0.054764546|0.97630465|0.20295776
1509425728256|0.05124813|0.12631957|0.9560466|0.25959948
1509425728377|0.03693288|0.12886783|0.95566535|0.2621694
1509425728495|0.0787708|0.04121961|0.9818701|0.16741313
1509425728625|0.05525745|0.04172459|0.9898015|0.12449363
1509425728740|0.042855095|0.051513202|0.99297035|0.09756931
1509425728857|0.0046885256|0.06651214|0.9900078|0.12425234
1509425728975|-0.03774262|0.062115155|0.98094463|0.18017994
1509425729096|0.036369804|0.054200318|0.95210546|0.29872176
1509425729215|0.03909193|0.06341336|0.90998805|0.40788767
1509425729336|0.038222168|0.09721901|0.88845366|0.44692016
1509425729456|0.03225773|0.12030175|0.89384234|0.43073514
1509425729584|0.017735148|0.0693089|0.8994141|0.4312029
1509425729695|0.09108041|0.08195972|0.8563295|0.5016839
1509425729814|0.060794078|0.04965153|0.84424406|0.53018
1509425729934|0.037395295|0.04129683|0.7963274|0.6022946
1509425730054|0.06987772|0.036450073|0.74551296|0.66181487
1509425730176|0.083901264|0.017587233|0.70003134|0.7089481
1509425730293|0.097060755|0.058062136|0.65060526|0.7509466
1509425730418|0.10245303|0.14103469|0.6483509|0.7411165
1509425730533|0.061073277|0.088343|0.6779821|0.72719043
1509425730655|0.090287186|0.06733519|0.65627486|0.74606806
1509425730775|0.10553201|0.044295773|0.6690872|0.7343182
1509425730896|0.10987631|0.009322816|0.66007024|0.7430663
1509425731017|0.09653887|0.056642424|0.6102434|0.7842671
1509425731136|0.12543844|0.03915052|0.5621841|0.8165056
1509425731256|0.11686656|0.030417176|0.5648599|0.8163028
1509425731374|0.16516042|0.008163887|0.5675848|0.80653757
1509425731493|0.15751484|0.016524114|0.59150654|0.7905922
1509425731613|0.08081821|0.049344283|0.6523646|0.7519667
1509425731738|0.113595374|0.02790077|0.67051226|0.7326192
1509425731908|0.10838616|0.016163303|0.7427315|0.6605612
1509425732034|0.11776556|0.014876042|0.7555834|0.6442078
1509425732154|0.074028924|0.050916832|0.7209349|0.6871536
1509425732273|0.120698065|0.017757356|0.67054594|0.73176825
1509425732396|0.12641597|0.0040580323|0.616592|0.7770566
1509425732514|0.1531741|0.031447157|0.5992895|0.785112
1509425732635|0.14064251|0.019625265|0.6422901|0.7531918
1509425732754|0.06864358|-0.03335627|0.70129204|0.70877707
1509425732874|0.051950414|-0.050393324|0.7426929|0.6657093
1509425732993|0.05374428|-0.058200005|0.800883|0.59355766
1509425733114|0.015071627|0.0045206617|0.79565024|0.6055519
1509425733234|-0.006833068|0.021359183|0.7541248|0.6563481
1509425733354|0.034132775|0.007511032|0.73056275|0.68195057
1509425733473|0.05468274|0.0029280034|0.6878657|0.72376937
1509425733594|0.09065963|0.027984308|0.6502371|0.7537834
1509425733716|0.07873159|0.06400743|0.6805707|0.7256224
1509425733835|0.042518035|0.017461408|0.7338167|0.6777908
1509425733955|0.05272739|0.032512546|0.7656206|0.640303
1509425734074|0.045155752|0.029986067|0.81997246|0.56983066
1509425734194|0.044610765|0.0069499826|0.83685607|0.54555804
1509425734313|0.015258122|0.06124653|0.7741401|0.62985957
1509425734434|0.019430399|0.10847891|0.71874034|0.686489
1509425734556|0.07292483|0.068309225|0.68484956|0.72180116
1509425734675|0.07579686|0.06027326|0.6644447|0.7410366
1509425734795|0.04802005|0.090252504|0.671912|0.73354125
1509425734916|0.07411382|-0.009642166|0.67206675|0.7367092
1509425735034|0.042294975|0.027855614|0.64286673|0.764302
1509425735154|0.046035968|-0.0038979563|0.6052902|0.794663
1509425735275|0.028920062|0.03442725|0.5272406|0.84852564
1509425735397|0.02393182|0.05713343|0.46036234|0.88556737
1509425735514|0.08316265|-0.023839854|0.35239324|0.9318448
1509425735634|0.056282733|0.005158191|0.33605564|0.9401448
1509425735754|0.07726737|0.005656507|0.34760845|0.9344336
1509425735874|0.0457879|0.019451592|0.46401897|0.8844272
1509425735994|0.051825594|-0.08212736|0.51345843|0.8526017
1509425736114|0.02900969|-0.014898759|0.5403505|0.84080786
1509425736234|0.022335222|-0.06119884|0.531521|0.8445361
1509425736354|0.026253061|-0.06360157|0.51366556|0.85522705
1509425736476|0.046814956|-0.052158296|0.5080303|0.858483
1509425736594|0.064226314|-0.059670955|0.5317799|0.8423328
1509425736715|0.039090965|-0.07374876|0.54961807|0.8312358
1509425736835|0.006147489|-0.06597581|0.56733215|0.8208189
1509425736954|0.0070629395|-0.054018684|0.5914478|0.8045008
1509425737076|0.0024552383|-0.015016002|0.62191564|0.78293645
1509425737195|-0.008640672|0.018712575|0.67333513|0.73905003
1509425737314|-0.05473759|0.058660217|0.72470355|0.6843738
1509425737435|-0.12433356|0.16007419|0.7461841|0.63413465
1509425737555|-0.27256626|0.17301351|0.73053485|0.6017415
1509425737676|-0.26020572|0.11130513|0.7491006|0.59895945
1509425737795|-0.25378442|0.17551777|0.7196802|0.6219706
1509425737914|-0.15923078|0.17738579|0.6903281|0.683101
1509425738035|-0.1636183|0.20142698|0.5910202|0.7637744
1509425738155|-0.14452545|0.021214373|0.37723133|0.9145266
1509425738274|-0.18099783|-0.08889906|0.055549804|0.97788084
1509425738395|-0.14844063|-0.19784464|-0.09690032|0.96407115
1509425738515|-0.1401764|-0.22803926|-0.13231674|0.95437986
1509425738635|-0.13741581|-0.1876013|-0.0717058|0.96993864
1509425738755|-0.11920407|-0.06243444|-0.075036936|0.9880596
1509425738876|-0.0040716375|-0.18350947|-0.012416079|0.9829311
1509425738995|0.0041979486|-0.1836267|0.02140106|0.9827541
1509425739115|2.7114115E-4|-0.14103149|-0.0034061568|0.98999923
1509425739235|-0.0034136986|-0.09520387|-0.046985727|0.99434245
1509425739355|9.2578196E-4|-0.0075393594|-0.05911374|0.99822235
1509425739475|8.994976E-4|-0.0073988745|-0.052096486|0.99861425
1509425739595|8.2911114E-4|-0.0073310896|-0.04885305|0.9987787
1509425739716|2.688219E-4|-0.0069601797|-0.033346303|0.99941957
1509425739835|-1.2815687E-4|-0.0067071286|-0.018864438|0.99979955
1509425739955|-4.0944212E-4|-0.006548186|-0.0024871049|0.9999754
1509425740075|-6.347933E-4|-0.0063706315|0.005175383|0.9999661
1509425740196|-7.4465555E-4|-0.006291379|0.032337736|0.99945694
1509425740315|-8.2287483E-4|-0.0063091484|0.041301392|0.9991265
1509425740435|-8.731923E-4|-0.0062493966|0.05863441|0.9982596
1509425740556|-8.825692E-4|-0.006216642|0.076887384|0.99702
1509425740676|-8.6419046E-4|-0.006195562|0.09380075|0.9955713
1509425740795|-8.9869567E-4|-0.0061461157|0.103797026|0.9945791
1509425740915|-8.811485E-4|-0.0061288024|0.12034536|0.9927128
1509425741036|-8.6114544E-4|-0.0060987314|0.1377375|0.9904496
1509425741155|-8.1055803E-4|-0.006090962|0.15629731|0.9876909
1509425741275|-6.900173E-4|-0.0061144764|0.17250913|0.9849887
1509425741405|-5.7502196E-4|-0.006060089|0.18738674|0.9822674
1509425741537|-5.1597867E-4|-0.006059871|0.19490622|0.980803
1509425741670|-3.39957E-4|-0.006008669|0.21544626|0.9764972
1509425741805|-2.8876122E-4|-0.006058205|0.22267807|0.9748732
1509425741939|-2.1266297E-4|-0.0060438113|0.24073029|0.9705732
1509425742072|-2.4546037E-4|-0.0060700066|0.24089992|0.9705309
1509425742207|-2.3797923E-4|-0.006110352|0.24108979|0.97048354
1509425742341|-2.3864166E-4|-0.006081121|0.24094637|0.97051936
1509425742474|-2.3888769E-4|-0.0060249073|0.24066924|0.97058845
1509425742608|-2.034359E-4|-0.006123813|0.24111365|0.9704775
1509425742742|-1.3244052E-4|-0.0061498904|0.2411548|0.97046715
1509425742877|-2.1279759E-4|-0.0060765115|0.2408918|0.97053295
1509425743011|-2.4073511E-4|-0.0060227243|0.24066074|0.9705906
1509425743144|-3.2485023E-4|-0.0060213683|0.24075755|0.9705666
1509425743278|-3.4868502E-4|-0.00599648|0.24066399|0.97058994
1509425743413|-3.3050892E-4|-0.005980922|0.2405648|0.9706146
1509425743547|-2.7205958E-4|-0.00600816|0.24062738|0.97059894
1509425743681|-2.894364E-4|-0.0060721403|0.2409646|0.9705149
1509425743821|-1.7972631E-4|-0.006026485|0.24060428|0.9706046
1509425743957|-2.4910198E-4|-0.0060761045|0.24093449|0.97052234
1509425744091|-2.8508247E-4|-0.006080304|0.24099953|0.97050613
1509425744223|-3.0911455E-4|-0.0060968157|0.24111065|0.9704784
1509425744355|-2.921338E-4|-0.00606636|0.2409394|0.97052115
1509425744490|-4.154231E-4|-0.006024664|0.24088539|0.9705348
1509425744626|-3.9100525E-4|-0.006025383|0.24085885|0.97054136
1509425744759|-4.1587141E-4|-0.006090596|0.2412116|0.9704533
1509425744893|-4.4107696E-4|-0.006138634|0.24147996|0.97038627
1509425745031|-5.1368965E-4|-0.006180775|0.24177785|0.9703118
1509425745156|-4.6232366E-4|-0.0061986814|0.24180275|0.9703055
1509425745290|-4.1757053E-4|-0.0061332393|0.24142428|0.9704002
1509425745428|-3.790732E-4|-0.006096633|0.24119602|0.9704572
1509425745572|-3.5961182E-4|-0.0060904776|0.24114162|0.9704708
1509425745695|-4.1628626E-4|-0.0061301333|0.24140736|0.97040445
1509425745830|-4.726755E-4|-0.0060783657|0.24122128|0.970451
1509425745967|-4.972863E-4|-0.006047352|0.24109842|0.9704817
1509425746103|-5.0352194E-4|-0.0061389455|0.24155866|0.97036666
1509425746231|-5.288454E-4|-0.0061331615|0.24156138|0.970366
1509425746366|-4.871275E-4|-0.006160319|0.24164397|0.9703453
1509425746500|-4.7468164E-4|-0.006191273|0.24178146|0.97031087
1509425746634|-4.445288E-4|-0.0061695618|0.24163696|0.970347
1509425746768|-3.704539E-4|-0.006109678|0.2412498|0.9704437
1509425746902|-3.3747806E-4|-0.0060668006|0.24099743|0.9705067
1509425747034|-3.470292E-4|-0.0060804277|0.24107648|0.970487
1509425747176|-3.5225408E-4|-0.006012229|0.24074616|0.97056943
1509425747306|-4.8746265E-4|-0.0060871877|0.24128312|0.97043556
1509425747437|-4.3968987E-4|-0.0060440903|0.24101126|0.9705034
1509425747568|-5.3764955E-4|-0.0060859947|0.2413392|0.9704216
1509425747705|-5.454724E-4|-0.0060874|0.24135582|0.97041744
1509425747844|-4.3555239E-4|-0.0060712644|0.2411404|0.97047114
1509425747971|-3.748626E-4|-0.0060941777|0.24117869|0.97046155
1509425748111|-3.2194817E-4|-0.0060894093|0.24108991|0.9704836
1509425748245|-4.8996264E-4|-0.0060261814|0.24098477|0.97051007
1509425748377|-4.5004775E-4|-0.0060019507|0.24081583|0.97055215
1509425748511|-4.9070537E-4|-0.0059998888|0.24085575|0.97054225
1509425748648|-4.929677E-4|-0.0059974035|0.24084626|0.97054464
1509425748778|-4.941893E-4|-0.0060440623|0.24107835|0.9704867
1509425748916|-5.5904675E-4|-0.0060864952|0.24136811|0.9704144
1509425749045|-4.6576632E-4|-0.006138367|0.24150914|0.970379
1509425749182|-4.6776087E-4|-0.0060811075|0.24122876|0.9704491
1509425749312|-4.8753156E-4|-0.006169763|0.24169111|0.9703335
1509425749450|-4.5624346E-4|-0.006175088|0.24167873|0.97033656
1509425749581|-4.5400276E-4|-0.006194035|0.24176952|0.97031385
1509425749719|-4.4487353E-4|-0.0062243775|0.24190804|0.9702791
1509425749847|-3.7009272E-4|-0.006316881|0.24227202|0.9701877
1509425749987|-3.2987175E-4|-0.00628965|0.24208787|0.97023386
1509425750118|-3.4624923E-4|-0.0062768203|0.24204484|0.9702447
1509425750258|-3.6890196E-4|-0.006278499|0.24208117|0.97023565
1509425750390|-4.2355448E-4|-0.0062740627|0.24212693|0.9702242
1509425750517|-4.587163E-4|-0.006216509|0.24188632|0.9702846
1509425750651|-4.1847097E-4|-0.0062610884|0.2420566|0.97024184
1509425750788|-3.7342205E-4|-0.006214521|0.24177101|0.9703134
1509425750934|-4.2500818E-4|-0.0060744183|0.24114297|0.9704705
1509425751059|-4.405959E-4|-0.006065373|0.24111752|0.97047687
1509425751193|-4.557959E-4|-0.0060278936|0.2409511|0.9705184
1509425751328|-4.2910734E-4|-0.0059913527|0.24073768|0.97057164
1509425751457|-4.3874618E-4|-0.0059530493|0.24056028|0.97061586
1509425751592|-4.2673218E-4|-0.0059750862|0.24065438|0.9705924
1509425751726|-4.290678E-4|-0.006007069|0.24081528|0.97055227
1509425751863|-3.605312E-4|-0.0060015805|0.24070376|0.97058
1509425751994|-3.5985236E-4|-0.0060569323|0.24097627|0.97051203
1509425752130|-3.7148592E-4|-0.006123635|0.24131997|0.9704262
1509425752257|-4.7587528E-4|-0.0060481555|0.24107598|0.9704873
1509425752400|-5.1993574E-4|-0.0060021905|0.24090317|0.97053045
1509425752536|-6.152482E-4|-0.0059744418|0.24088353|0.97053546
1509425752668|-4.775041E-4|-0.005994005|0.24081041|0.9705536
1509425752801|-4.3186118E-4|-0.0060115485|0.24084085|0.9705459
1509425752934|-4.0818038E-4|-0.006023776|0.24087207|0.9705381
1509425753068|-4.358549E-4|-0.006064239|0.24110606|0.9704797
1509425753199|-3.5506533E-4|-0.005989022|0.24063501|0.97059715
1509425753335|-3.784382E-4|-0.0060750386|0.2410886|0.970484
1509425753468|-3.0629677E-4|-0.006106659|0.24115576|0.97046715
1509425753603|-3.6597147E-4|-0.0060919533|0.24115674|0.970467
1509425753739|-3.92942E-4|-0.0060170386|0.24082002|0.9705511
1509425753876|-3.5117005E-4|-0.00607999|0.24107943|0.9704863
1509425754005|-4.142955E-4|-0.0060629128|0.24107292|0.97048795
1509425754137|-3.641065E-4|-0.00602339|0.24081588|0.9705521
1509425754276|-3.8543294E-4|-0.006007448|0.2407634|0.97056514
1509425754403|-3.132022E-4|-0.0060419603|0.24084489|0.97054476
1509425754538|-3.5596543E-4|-0.0060991826|0.2411801|0.97046113
1509425754680|-3.6576306E-4|-0.0060696304|0.24104626|0.97049457
1509425754818|-4.0712437E-4|-0.006142677|0.24145798|0.97039175
1509425754944|-4.394319E-4|-0.006130413|0.24143733|0.97039694
1509425755080|-5.2372995E-4|-0.0061104293|0.24144275|0.9703957
1509425755216|-4.95642E-4|-0.006108939|0.24140069|0.9704062
1509425755351|-5.519237E-4|-0.006156871|0.24170707|0.9703296
1509425755479|-6.038154E-4|-0.0062028286|0.24199839|0.9702566
1509425755615|-5.881472E-4|-0.006116753|0.24155362|0.970368
1509425755747|-5.9163105E-4|-0.006092818|0.24143963|0.9703965
1509425755881|-5.8900646E-4|-0.006070526|0.2413262|0.9704249
1509425756012|-5.905109E-4|-0.005996539|0.24096228|0.9705158
1509425756149|-6.7469414E-4|-0.0059784437|0.24097668|0.9705123
1509425756281|-6.0619717E-4|-0.006016611|0.24108088|0.97048616
1509425756420|-6.634497E-4|-0.0060389824|0.24126223|0.9704409
1509425756558|-6.825324E-4|-0.0060910387|0.24154325|0.9703707
1509425756682|-6.1695057E-4|-0.0061113923|0.24156275|0.97036576
1509425756820|-5.6321383E-4|-0.0061396104|0.24163575|0.97034746
1509425756952|-6.1868393E-4|-0.0060986625|0.24150197|0.97038096
1509425757089|-5.8874494E-4|-0.0060733845|0.24134001|0.97042143
1509425757221|-6.048105E-4|-0.0062202225|0.24208556|0.97023475
1509425757357|-5.467463E-4|-0.006099198|0.2414157|0.9704025
1509425757494|-4.8128652E-4|-0.0060628555|0.24115528|0.9704675
1509425757622|-3.8545823E-4|-0.0060808007|0.2411257|0.9704748
1509425757757|-4.127226E-4|-0.0060422746|0.24096905|0.9705139
1509425757892|-4.4837486E-4|-0.0060773348|0.2411862|0.9704597
1509425758028|-4.3377015E-4|-0.0061089913|0.24132454|0.9704251
1509425758159|-4.5103376E-4|-0.0061296658|0.24144797|0.9703943
1509425758297|-4.5335255E-4|-0.0061055864|0.24133189|0.97042334
1509425758423|-4.2643063E-4|-0.0061566303|0.24155073|0.97036856
1509425758562|-4.597414E-4|-0.006132006|0.24147028|0.9703887
1509425758692|-4.6410356E-4|-0.006202248|0.24182257|0.97030056
1509425758833|-4.3487543E-4|-0.0061820406|0.24168664|0.9703346
1509425758963|-4.7367753E-4|-0.0061389403|0.24152175|0.9703759
1509425759100|-5.0266646E-4|-0.006142229|0.24157383|0.9703629
1509425759229|-4.248654E-4|-0.0061358097|0.24144599|0.9703948
1509425759365|-5.030081E-4|-0.006062933|0.24118248|0.9704607
1509425759505|-5.206616E-4|-0.0061145565|0.24145935|0.9703915
1509425759639|-5.526639E-4|-0.0060902885|0.24137898|0.97041166
1509425759765|-5.8740296E-4|-0.0060185376|0.24106722|0.97048956
1509425759906|-5.441163E-4|-0.0060244864|0.2410432|0.9704955
1509425760039|-5.09926E-4|-0.0060271956|0.2410144|0.9705027
1509425760168|-4.8436938E-4|-0.0060297986|0.24099575|0.9705073
1509425760309|-5.781192E-4|-0.006129335|0.2416034|0.9703556
1509425760437|-5.7477003E-4|-0.0061782575|0.24184102|0.970296
1509425760573|-5.817392E-4|-0.006123405|0.24157858|0.97036177
1509425760706|-5.111951E-4|-0.006173321|0.24173795|0.9703218
1509425760842|-4.0997815E-4|-0.0060864254|0.24118373|0.9704603
1509425760973|-4.1816733E-4|-0.006045056|0.2409895|0.9705088
1509425761108|-3.8683438E-4|-0.0060922666|0.24118403|0.9704602
1509425761239|-4.5359996E-4|-0.006115076|0.24137908|0.97041154
1509425761383|-5.581508E-4|-0.006079158|0.24133074|0.9704237
1509425761509|-5.065884E-4|-0.006110888|0.24142383|0.9704004
1509425761644|-4.86345E-4|-0.0061556716|0.24162005|0.9703513
1509425761778|-5.5542187E-4|-0.0061298185|0.24157773|0.97036195
1509425761908|-4.505112E-4|-0.0061232075|0.24141543|0.9704024
1509425762046|-5.278504E-4|-0.0061597326|0.24169143|0.97033346
1509425762196|-5.674181E-4|-0.0060968907|0.24142984|0.97039896
1509425762316|-5.715229E-4|-0.0060710027|0.24130696|0.97042966
1509425762449|-5.9857394E-4|-0.0060970853|0.24146931|0.9703891
1509425762582|-5.897482E-4|-0.0060909945|0.24142829|0.9703994
1509425762719|-5.2395015E-4|-0.0061603477|0.24168964|0.97033393
1509425762849|-4.5830058E-4|-0.0061370647|0.24149348|0.9703829
1509425762986|-5.358239E-4|-0.0061508142|0.24165723|0.97034204
1509425763122|-4.8141918E-4|-0.0060254564|0.24097066|0.9705136
1509425763253|-5.3217163E-4|-0.006022203|0.24101718|0.970502
1509425763387|-6.277687E-4|-0.0061329114|0.2416825|0.9703358
1509425763521|-5.421971E-4|-0.0061763446|0.24179125|0.9703085
1509425763652|-5.896458E-4|-0.0062114946|0.24202365|0.9702503
1509425763789|-6.057028E-4|-0.0062313005|0.24214141|0.97022074
1509425763923|-6.472831E-4|-0.0062426087|0.24224885|0.97019386
1509425764056|-5.331419E-4|-0.006229447|0.24204235|0.97024554
1509425764194|-6.1194855E-4|-0.0063264268|0.24261908|0.9701008
1509425764327|-6.495603E-4|-0.0063218772|0.24264333|0.97009474
1509425764461|-6.167439E-4|-0.0062319874|0.24215849|0.9702165
1509425764589|-6.541662E-4|-0.0062195426|0.2421434|0.9702203
1509425764724|-5.5524363E-4|-0.0060962494|0.24141163|0.9704035
1509425764858|-5.3470285E-4|-0.0061089685|0.24144909|0.97039413
1509425764992|-4.9151585E-4|-0.006076799|0.2412368|0.9704471
1509425765125|-5.431917E-4|-0.006126938|0.24154837|0.9703693
1509425765260|-5.66629E-4|-0.0060605314|0.24124916|0.97044414
1509425765394|-5.8201916E-4|-0.0060333144|0.24113362|0.970473
1509425765533|-5.5206334E-4|-0.006039811|0.24112876|0.9704742
1509425765665|-5.516496E-4|-0.006083513|0.24134424|0.97042036
1509425765805|-4.841865E-4|-0.006031154|0.24100222|0.9705057
1509425765937|-4.521018E-4|-0.005994514|0.24078162|0.97056067
1509425766066|-5.3749094E-4|-0.0060650907|0.2412357|0.9704475
1509425766201|-5.312307E-4|-0.00600269|0.24091956|0.9705264
1509425766335|-5.7389005E-4|-0.006072553|0.24131754|0.97042704
1509425766467|-5.494487E-4|-0.006091587|0.24138142|0.97041106
1509425766606|-5.089884E-4|-0.0061247833|0.24149545|0.9703825
1509425766744|-4.7023655E-4|-0.0060660867|0.2411576|0.9704669
1509425766872|-4.1431325E-4|-0.0061426912|0.24146694|0.97038954
1509425767003|-4.1780897E-4|-0.0061599603|0.24155653|0.97036713
1509425767135|-3.522E-4|-0.0061617335|0.24148424|0.97038513
1509425767273|-4.064097E-4|-0.006112392|0.24130756|0.97042936
1509425767406|-4.3257524E-4|-0.0061471597|0.24151155|0.9703784
1509425767542|-4.8461676E-4|-0.006160244|0.2416405|0.97034615
1509425767676|-5.2797934E-4|-0.00617917|0.24178761|0.9703094
1509425767812|-5.606687E-4|-0.006129176|0.24158104|0.9703611
1509425767943|-6.34802E-4|-0.0061020968|0.24153888|0.9703717
1509425768082|-6.8606634E-4|-0.006107344|0.24162824|0.97034943
1509425768210|-6.1299064E-4|-0.0061101215|0.24155158|0.97036856
1509425768348|-6.417723E-4|-0.006117607|0.24162418|0.9703504
1509425768488|-6.4624974E-4|-0.0061533432|0.24180637|0.9703048
1509425768611|-6.8472157E-4|-0.006140121|0.24178866|0.97030926
1509425768746|-6.4857147E-4|-0.006178532|0.24193376|0.9702729
1509425768879|-5.714215E-4|-0.0061898725|0.24189426|0.97028273
1509425769014|-5.7934306E-4|-0.0061697923|0.24180484|0.9703051
1509425769151|-4.8062392E-4|-0.0060319|0.24100152|0.9705059
1509425769281|-4.672484E-4|-0.006090723|0.24127564|0.9704374
1509425769416|-5.4634217E-4|-0.0061038905|0.24143837|0.9703968
1509425769552|-5.039566E-4|-0.006088668|0.2413108|0.97042865
1509425769688|-5.196232E-4|-0.006116442|0.24146739|0.97038954
1509425769817|-5.569363E-4|-0.0061415946|0.2416378|0.9703469
1509425769955|-4.7299013E-4|-0.006071685|0.24118868|0.97045916
1509425770093|-4.842228E-4|-0.0061254906|0.24146834|0.97038925
1509425770219|-5.240848E-4|-0.0061250124|0.24151523|0.97037756
1509425770356|-4.111437E-4|-0.006047429|0.24099256|0.97050804
1509425770502|-4.409209E-4|-0.0061107767|0.24134219|0.9704207
1509425770622|-4.4406267E-4|-0.006042804|0.24101031|0.9705036
1509425770758|-4.5569468E-4|-0.006051796|0.24106906|0.97048897
1509425770892|-5.0216686E-4|-0.006110039|0.24141417|0.97040284
1509425771025|-4.8256712E-4|-0.006127597|0.2414767|0.97038716
1509425771163|-5.3326995E-4|-0.006084249|0.24132517|0.97042507
1509425771298|-4.960297E-4|-0.0060876943|0.2412962|0.9704323
1509425771429|-5.7226786E-4|-0.0061831414|0.24186204|0.9702908
1509425771564|-5.9354724E-4|-0.0061972328|0.24195802|0.97026676
1509425771700|-6.751697E-4|-0.0061983834|0.24206485|0.97024006
1509425771830|-6.564478E-4|-0.0062484317|0.24228898|0.9701838
1509425771964|-6.32352E-4|-0.006187836|0.24195965|0.9702664
1509425772095|-6.412683E-4|-0.006135309|0.24171107|0.9703287
1509425772231|-6.514333E-4|-0.006131462|0.24170463|0.9703303
1509425772371|-5.9101894E-4|-0.0060732597|0.2413422|0.9704209
1509425772499|-6.384868E-4|-0.00609274|0.24149717|0.9703822
1509425772632|-5.675277E-4|-0.006106511|0.24147752|0.97038704
1509425772766|-4.908783E-4|-0.0060857716|0.24128035|0.9704363
1509425772899|-4.5586977E-4|-0.0061265132|0.24143837|0.9703967
1509425773039|-4.2702878E-4|-0.0061739488|0.24163699|0.970347
1509425773171|-4.5046041E-4|-0.006220183|0.24189425|0.97028255
1509425773307|-4.7775544E-4|-0.0062303627|0.24197829|0.9702615
1509425773437|-5.9447973E-4|-0.006179076|0.24186946|0.97028893
1509425773571|-5.8574905E-4|-0.006175519|0.24184106|0.970296
1509425773707|-5.396982E-4|-0.0061505926|0.24166092|0.9703411
1509425773841|-5.107931E-4|-0.0061805123|0.24177298|0.970313
1509425773974|-3.919153E-4|-0.006128143|0.24136744|0.97041434
1509425774110|-4.7916168E-4|-0.006092964|0.24130142|0.97043097
1509425774242|-5.186211E-4|-0.006130075|0.2415335|0.970373
1509425774379|-5.0469715E-4|-0.0062385276|0.24205196|0.9702431
1509425774515|-5.026073E-4|-0.0062153153|0.24193475|0.9702725
1509425774646|-4.5832052E-4|-0.006256552|0.24208353|0.9702351
1509425774781|-4.573864E-4|-0.0061903624|0.24175556|0.9703173
1509425774917|-4.884949E-4|-0.006154933|0.24161905|0.9703515
1509425775050|-5.88097E-4|-0.006191206|0.24192148|0.9702759
1509425775181|-4.7113624E-4|-0.0061993757|0.24181709|0.9703019
1509425775313|-4.4813147E-4|-0.006179232|0.24168916|0.97033393
1509425775457|-4.6400476E-4|-0.006135627|0.24149343|0.9703829
1509425775580|-4.7754118E-4|-0.006163724|0.24164894|0.97034407
1509425775718|-5.1882205E-4|-0.006125075|0.24150905|0.9703791
1509425775848|-5.442425E-4|-0.006103986|0.24143626|0.97039735
1509425775987|-5.624099E-4|-0.0061600865|0.24173594|0.9703224
1509425776117|-5.618092E-4|-0.00611875|0.24153093|0.9703737
1509425776250|-5.5765087E-4|-0.006129088|0.24157688|0.9703622
1509425776383|-5.248334E-4|-0.0061594676|0.24168639|0.9703347
1509425776523|-5.114038E-4|-0.0061334153|0.24154107|0.97037107
1509425776652|-5.3167454E-4|-0.006142102|0.24160905|0.9703541
1509425776796|-5.436255E-4|-0.0062252944|0.24203482|0.97024745
1509425776924|-5.250603E-4|-0.0062121367|0.24194685|0.9702695
1509425777057|-4.721596E-4|-0.006210532|0.24187344|0.9702878
1509425777188|-5.223046E-4|-0.006163853|0.24170493|0.97033006
1509425777324|-5.517808E-4|-0.006073207|0.24129346|0.97043306
1509425777461|-4.619192E-4|-0.0060418257|0.24102749|0.9704994
1509425777594|-4.8458012E-4|-0.0060704723|0.24119698|0.9704571
1509425777731|-5.5238744E-4|-0.006151123|0.24167924|0.97033656
1509425777865|-6.276694E-4|-0.0062102885|0.2420648|0.97024
1509425777999|-6.562059E-4|-0.006260477|0.24234821|0.9701689
1509425778141|-6.616878E-4|-0.0062478264|0.2422925|0.9701829
1509425778266|-6.7080377E-4|-0.0061540585|0.24184032|0.9702963
1509425778397|-6.124066E-4|-0.0060891923|0.24144739|0.9703946
1509425778532|-6.188359E-4|-0.0060690613|0.24135582|0.9704175
1509425778665|-6.1222306E-4|-0.00611019|0.24155097|0.9703687
1509425778801|-6.1221665E-4|-0.006080308|0.24140324|0.97040564
1509425778937|-6.23753E-4|-0.006099799|0.24151386|0.970378
1509425779072|-6.5666303E-4|-0.0060936897|0.24152435|0.9703754
1509425779212|-6.061671E-4|-0.0061156484|0.24157046|0.9703638
1509425779333|-5.521172E-4|-0.0061779027|0.24181122|0.9703035
1509425779478|-5.0018734E-4|-0.0062248767|0.24197896|0.9702614
1509425779609|-5.0285156E-4|-0.006205261|0.2418854|0.9702849
1509425779738|-4.6585858E-4|-0.0060870512|0.24125578|0.97044235
1509425779872|-4.1993402E-4|-0.0060974685|0.24125056|0.9704436
1509425780008|-4.519329E-4|-0.006106603|0.24133517|0.9704225
1509425780148|-4.8313287E-4|-0.006035729|0.24102353|0.9705004
1509425780274|-5.091482E-4|-0.0060592415|0.2411718|0.9704634
1509425780416|-5.665874E-4|-0.006051399|0.24120396|0.9704554
1509425780544|-6.0968526E-4|-0.006097651|0.24148583|0.970385
1509425780677|-6.057374E-4|-0.00612728|0.24162741|0.97034955
1509425780810|-6.170063E-4|-0.006072464|0.24137038|0.97041386
1509425780944|-5.941498E-4|-0.006113699|0.24154596|0.97036994
1509425781081|-6.4239313E-4|-0.006043958|0.24126081|0.9704413
1509425781213|-6.180772E-4|-0.0060610664|0.24131535|0.97042763
1509425781345|-6.0558395E-4|-0.006118431|0.24158348|0.9703606
1509425781482|-5.390438E-4|-0.0061249523|0.24153343|0.97037303
1509425781619|-6.1387935E-4|-0.0061610243|0.24180427|0.97030526
1509425781748|-6.451701E-4|-0.006155248|0.24181445|0.97030276
1509425781881|-6.466224E-4|-0.0061631715|0.24185543|0.9702925
1509425782016|-5.9636537E-4|-0.0061821835|0.24188715|0.9702845
1509425782150|-5.7357695E-4|-0.0061703296|0.24180037|0.9703062
1509425782283|-5.580222E-4|-0.0061630844|0.24174531|0.97032
1509425782419|-5.536529E-4|-0.006173928|0.24179348|0.97030795
1509425782548|-5.5451994E-4|-0.006171999|0.24178502|0.97031003
1509425782691|-5.654974E-4|-0.00610517|0.24146838|0.9703893
1509425782817|-5.549436E-4|-0.006110457|0.24148145|0.970386
1509425782958|-6.202681E-4|-0.00616047|0.24180944|0.970304
1509425783090|-5.812942E-4|-0.006108552|0.24150462|0.97038025
1509425783221|-5.408001E-4|-0.006176816|0.24179184|0.9703083
1509425783356|-5.9474807E-4|-0.006171164|0.24183069|0.97029865
1509425783490|-5.858884E-4|-0.006156456|0.24174705|0.97031957
1509425783622|-4.7895988E-4|-0.0062350477|0.2420029|0.9702554
1509425783758|-4.6447318E-4|-0.0061476068|0.24155317|0.970368
1509425783892|-4.4021467E-4|-0.006130522|0.24143884|0.9703966
1509425784031|-4.895046E-4|-0.0061148363|0.24142224|0.97040075
1509425784160|-4.761592E-4|-0.0061357752|0.24150918|0.970379
1509425784292|-4.8272678E-4|-0.0061622555|0.2416481|0.97034425
1509425784430|-5.2760163E-4|-0.0062024165|0.24190198|0.9702807
1509425784565|-5.6799146E-4|-0.0062511545|0.24219275|0.97020787
1509425784696|-5.945466E-4|-0.006194401|0.24194527|0.9702699
1509425784832|-6.048235E-4|-0.0062063895|0.24201724|0.9702519
1509425784962|-6.691683E-4|-0.006120606|0.2416729|0.9703382
1509425785095|-5.878251E-4|-0.006154694|0.24174073|0.9703212
1509425785231|-5.737764E-4|-0.0061662258|0.24178033|0.9703112
1509425785363|-5.5714103E-4|-0.0062110014|0.24198096|0.970261
1509425785498|-5.4128026E-4|-0.0061020222|0.24142289|0.9704007
1509425785636|-5.376982E-4|-0.0060567325|0.24119465|0.97045773
1509425785766|-5.981797E-4|-0.006141778|0.24168971|0.970334
1509425785907|-6.1884266E-4|-0.0061900937|0.24195407|0.9702678
1509425786034|-6.609311E-4|-0.006186057|0.24198627|0.9702597
1509425786166|-6.2911527E-4|-0.0061891866|0.24196231|0.9702657
1509425786308|-5.676941E-4|-0.0062120752|0.24199933|0.9702564
1509425786438|-5.337398E-4|-0.0060994024|0.24140063|0.97040623
1509425786571|-5.3373526E-4|-0.006057506|0.24119359|0.970458
1509425786709|-4.47326E-4|-0.00602314|0.24091718|0.9705269
1509425786839|-4.936495E-4|-0.006047273|0.24109355|0.9704829
1509425786971|-5.952792E-4|-0.0060795126|0.24137837|0.97041184
1509425787112|-5.334055E-4|-0.006096063|0.24138372|0.97041047
1509425787243|-5.2096596E-4|-0.0060517504|0.24114938|0.970469
1509425787374|-5.8469805E-4|-0.0060480665|0.24120985|0.970454
1509425787514|-6.1639363E-4|-0.006138511|0.2416961|0.9703324
1509425787642|-6.48858E-4|-0.0061112572|0.24160156|0.9703561
1509425787784|-5.850312E-4|-0.0060674297|0.24130598|0.97042996
1509425787910|-4.6490715E-4|-0.006070092|0.24117082|0.9704636
1509425788046|-4.6707742E-4|-0.006107299|0.2413573|0.97041696
1509425788183|-5.0720305E-4|-0.0060808295|0.24127609|0.97043735
1509425788317|-5.674569E-4|-0.0060582785|0.24123904|0.97044665
1509425788449|-5.5901246E-4|-0.006148289|0.24167344|0.970338
1509425788579|-5.5931765E-4|-0.006165181|0.24175727|0.970317
1509425788719|-5.898101E-4|-0.0062031737|0.24198274|0.97026056
1509425788852|-5.5095396E-4|-0.006160685|0.24172471|0.9703252
1509425788989|-5.169425E-4|-0.0061804345|0.2417802|0.9703112
1509425789124|-4.961733E-4|-0.0061426177|0.24156772|0.9703644
1509425789256|-4.1440016E-4|-0.0060922583|0.24121799|0.9704518
1509425789390|-3.729486E-4|-0.0060463455|0.24094014|0.9705211
1509425789518|-4.1994563E-4|-0.0060526677|0.24102929|0.97049886
1509425789658|-3.7286337E-4|-0.0060819555|0.24111588|0.9704772
1509425789787|-4.175794E-4|-0.006123942|0.24137838|0.97041166
1509425789926|-4.698297E-4|-0.006099647|0.2413229|0.9704256
1509425790054|-5.539874E-4|-0.006152762|0.24168932|0.970334
1509425790196|-5.696553E-4|-0.0061577037|0.24173312|0.9703231
1509425790326|-5.7956815E-4|-0.0061703785|0.24180801|0.9703043
1509425790456|-6.3943164E-4|-0.0061706356|0.24188341|0.9702855
1509425790589|-5.7999685E-4|-0.0060807616|0.24136566|0.970415
1509425790739|-5.413174E-4|-0.006126421|0.2415435|0.97037053
1509425790864|-5.274854E-4|-0.0060618306|0.24120724|0.9704546
1509425790991|-5.328235E-4|-0.006093161|0.24136865|0.9704142
1509425791126|-5.568792E-4|-0.0061236518|0.24154906|0.9703691
1509425791264|-5.094412E-4|-0.006145495|0.24159832|0.97035676
1509425791398|-5.005599E-4|-0.0061000492|0.24136284|0.97041565
1509425791532|-5.251834E-4|-0.0060988953|0.24138755|0.9704095
1509425791667|-4.6479687E-4|-0.006011899|0.24088317|0.9705354
1509425791796|-4.339654E-4|-0.0060686427|0.2411255|0.9704749
1509425791936|-4.2987807E-4|-0.006079045|0.24117184|0.9704633
1509425792068|-4.195314E-4|-0.0061182887|0.24135287|0.97041804
1509425792202|-4.9889076E-4|-0.0060834615|0.24127883|0.97043663
1509425792332|-5.0327496E-4|-0.0060837725|0.24128577|0.9704349
1509425792466|-5.1562453E-4|-0.006141299|0.24158524|0.97036004
1509425792602|-5.05972E-4|-0.0061281347|0.24150828|0.9703793
1509425792738|-5.549465E-4|-0.0061042896|0.24145098|0.97039366
1509425792872|-5.4158224E-4|-0.0061989655|0.24190223|0.97028065
1509425793007|-4.8250242E-4|-0.0061203237|0.2414407|0.97039616
1509425793141|-5.559163E-4|-0.006106707|0.24146412|0.9703904
1509425793275|-4.4727596E-4|-0.0061540487|0.24156374|0.97036535
1509425793416|-6.1222125E-4|-0.0061775856|0.24188405|0.9702853
1509425793541|-5.178617E-4|-0.0061267773|0.24151626|0.97037727
1509425793680|-6.59271E-4|-0.006112691|0.24162152|0.9703511
1509425793813|-5.856258E-4|-0.0061274925|0.24160358|0.9703555
1509425793946|-5.701753E-4|-0.0061034956|0.24146588|0.97038996
1509425794082|-5.67276E-4|-0.006151284|0.24169846|0.9703317
1509425794217|-6.1107526E-4|-0.0061335745|0.24166512|0.97034013
1509425794347|-4.4535892E-4|-0.0060595996|0.24109487|0.9704825
1509425794486|-5.157119E-4|-0.0060918084|0.24134083|0.97042114
1509425794611|-3.8122226E-4|-0.006002028|0.24073145|0.9705731
1509425794747|-5.671218E-4|-0.0060358713|0.24112786|0.9704744
1509425794892|-5.3583644E-4|-0.006068338|0.24124971|0.97044396
1509425795018|-5.73415E-4|-0.0061204094|0.24155349|0.970368
1509425795151|-6.1037455E-4|-0.0061129853|0.24156249|0.9703658
1509425795284|-5.6724594E-4|-0.0061010453|0.24145016|0.9703939
1509425795422|-5.3867954E-4|-0.0060677985|0.24125056|0.9704437
1509425795556|-5.868335E-4|-0.0060838545|0.2413894|0.9704091
1509425795687|-5.6499E-4|-0.006145911|0.24166907|0.9703391
1509425795831|-5.92426E-4|-0.0060757925|0.24135646|0.9704173
1509425795960|-5.0956546E-4|-0.006060424|0.24117817|0.9704618
1509425796088|-4.7965677E-4|-0.0060844226|0.24125983|0.97044134
1509425796228|-5.4183503E-4|-0.006040878|0.2411214|0.97047603
1509425796354|-5.864681E-4|-0.0060919183|0.2414288|0.97039926
1509425796497|-6.469973E-4|-0.0060508326|0.2413005|0.9704314
1509425796629|-5.996953E-4|-0.0060762796|0.24136785|0.97041446
1509425796760|-6.214274E-4|-0.0061252513|0.2416368|0.9703472
1509425796889|-6.489613E-4|-0.0061819158|0.24195097|0.97026855
1509425797024|-7.0756144E-4|-0.0061795143|0.24201171|0.9702534
1509425797166|-6.5357884E-4|-0.0061952635|0.24202266|0.9702506
1509425797296|-6.521802E-4|-0.006181043|0.24195065|0.97026867
1509425797431|-6.3732953E-4|-0.006087264|0.24146867|0.9703893
1509425797567|-6.461201E-4|-0.0060566943|0.24132839|0.9704244
1509425797699|-5.6177244E-4|-0.006020131|0.24104345|0.97049546
1509425797829|-5.555073E-4|-0.0060570985|0.24121845|0.9704518
1509425797962|-6.1713275E-4|-0.0060926885|0.24147052|0.9703888
1509425798099|-5.876568E-4|-0.006101762|0.24147892|0.9703867
1509425798231|-5.7019346E-4|-0.0060488754|0.24119595|0.97045743
1509425798367|-5.7468633E-4|-0.005991267|0.24091668|0.9705271
1509425798508|-6.3327845E-4|-0.0060390756|0.2412254|0.9704501
1509425798632|-6.2943617E-4|-0.00605632|0.24130592|0.97043
1509425798772|-6.569072E-4|-0.0060597435|0.2413568|0.9704173
1509425798900|-6.494298E-4|-0.0061221435|0.24165608|0.97034246
1509425799041|-6.028698E-4|-0.006201226|0.2419893|0.9702589
1509425799176|-5.75824E-4|-0.006154166|0.24172327|0.9703255
1509425799305|-6.048244E-4|-0.0061225905|0.2416031|0.97035563
1509425799438|-6.036672E-4|-0.0061553465|0.24176356|0.97031546
1509425799572|-6.6542125E-4|-0.0061228443|0.24167934|0.9703366
1509425799706|-5.4836675E-4|-0.006132098|0.24158026|0.9703613
1509425799843|-5.41287E-4|-0.006149635|0.24165817|0.9703418
1509425799974|-5.778749E-4|-0.0061163786|0.24153908|0.97037166
1509425800110|-5.8408827E-4|-0.006166428|0.2417941|0.9703078
1509425800240|-5.818598E-4|-0.006186538|0.2418907|0.9702836
1509425800386|-5.873731E-4|-0.0061635072|0.24178372|0.9703104
1509425800514|-6.187378E-4|-0.0061616558|0.2418134|0.970303
1509425800644|-6.0678663E-4|-0.006119324|0.24158938|0.9703591
1509425800783|-6.6484354E-4|-0.006092125|0.24152674|0.9703748
1509425800913|-7.302876E-4|-0.0060286936|0.24129394|0.97043306
1509425801048|-7.1689114E-4|-0.006097054|0.24161552|0.97035265
1509425801180|-5.958576E-4|-0.006113759|0.24154836|0.97036934
1509425801316|-6.0673896E-4|-0.006100212|0.24149486|0.97038275
1509425801446|-6.1696843E-4|-0.006135427|0.24168158|0.970336
1509425801586|-6.064373E-4|-0.006090135|0.24144468|0.97039527
1509425801717|-5.527241E-4|-0.006094212|0.24139844|0.9704068
1509425801856|-6.590646E-4|-0.0060539455|0.2413308|0.9704238
1509425801984|-6.2470883E-4|-0.0060438286|0.24123833|0.9704469
1509425802124|-6.3069706E-4|-0.006019123|0.24112356|0.97047555
1509425802257|-6.4297067E-4|-0.00602652|0.2411753|0.9704626
1509425802393|-5.6856574E-4|-0.006051838|0.24120857|0.9704543
1509425802522|-5.3387845E-4|-0.005985552|0.24083811|0.9705467
1509425802654|-5.743679E-4|-0.006025412|0.24108511|0.9704851
1509425802792|-6.1193324E-4|-0.0061270143|0.24163376|0.970348
1509425802929|-5.156532E-4|-0.0061049755|0.24140583|0.9704049
1509425803062|-5.617891E-4|-0.006182506|0.24184594|0.9702948
1509425803192|-6.160383E-4|-0.0061845137|0.24192302|0.9702755
1509425803325|-6.53896E-4|-0.0061609074|0.24185324|0.97029305
1509425803458|-6.6865335E-4|-0.006080782|0.24147536|0.9703877
1509425803595|-6.3751213E-4|-0.0060501257|0.24128528|0.97043514
1509425803729|-6.162381E-4|-0.0060791806|0.24140264|0.9704058
1509425803860|-5.921575E-4|-0.006100011|0.24147584|0.97038746
1509425803992|-5.507024E-4|-0.006024853|0.24105313|0.9704931
1509425804132|-6.320746E-4|-0.0060070176|0.2410654|0.9704901
1509425804265|-5.983956E-4|-0.006031765|0.24114618|0.9704699
1509425804402|-5.504527E-4|-0.0060338797|0.24109745|0.970482
1509425804530|-6.0046325E-4|-0.006068072|0.24132822|0.9704244
1509425804676|-6.6432974E-4|-0.006076412|0.2414484|0.97039443
1509425804798|-5.4968166E-4|-0.0060808556|0.24132867|0.97042423
1509425804934|-5.549849E-4|-0.006124751|0.24155214|0.9703683
1509425805067|-5.523294E-4|-0.006116181|0.24150652|0.97037977
1509425805204|-5.518055E-4|-0.0060809683|0.24133186|0.97042346
1509425805341|-5.5951986E-4|-0.006124923|0.24155861|0.9703667
1509425805472|-5.018416E-4|-0.006132372|0.24152412|0.9703753
1509425805607|-5.052756E-4|-0.006024922|0.24099743|0.9705069
1509425805735|-5.8519136E-4|-0.0059694946|0.24082199|0.9705508
1509425805873|-5.43566E-4|-0.005990035|0.24087222|0.9705382
1509425806006|-6.167941E-4|-0.005969891|0.24086294|0.9705406
1509425806143|-5.039931E-4|-0.005988111|0.24081393|0.9705527
1509425806277|-5.320025E-4|-0.006028155|0.24104638|0.97049475
1509425806404|-5.242946E-4|-0.0061284634|0.24153255|0.9703732
1509425806541|-6.427459E-4|-0.0061546816|0.24180865|0.97030425
1509425806685|-6.376909E-4|-0.006177733|0.24191633|0.97027725
1509425806821|-6.7812466E-4|-0.0061656097|0.2419065|0.97027975
1509425806954|-7.308565E-4|-0.0060686017|0.24149206|0.9703835
1509425807076|-7.156095E-4|-0.0061328923|0.24179116|0.97030866
1509425807217|-6.328335E-4|-0.006079715|0.2414258|0.97040004
1509425807341|-5.853581E-4|-0.0060844077|0.2413903|0.97040886
1509425807476|-6.340749E-4|-0.0060655638|0.24135736|0.97041714
1509425807615|-6.1040936E-4|-0.0060661263|0.24133089|0.97042376
1509425807878|-6.533779E-4|-0.0061520846|0.24180898|0.97030413
1509425809234|-6.122278E-4|-0.006190208|0.24194644|0.9702697
1509425809359|-5.4789527E-4|-0.00622355|0.24203148|0.9702483
1509425809496|-5.717508E-4|-0.006263123|0.24225652|0.97019184
1509425809627|-4.4661446E-4|-0.006174291|0.24166289|0.97034055
1509425809760|-4.560346E-4|-0.0061295102|0.24145338|0.97039294
1509425809896|-4.354677E-4|-0.0061609573|0.24158327|0.97036046
1509425810032|-4.7063455E-4|-0.006173662|0.24168947|0.9703339
1509425810159|-4.7418498E-4|-0.0062267357|0.24195597|0.9702671
1509425810295|-4.9489026E-4|-0.006198383|0.24184157|0.97029585
1509425810435|-5.2842294E-4|-0.0061479053|0.24163371|0.97034794
1509425810562|-5.837688E-4|-0.006072913|0.24133153|0.9704236
1509425810700|-5.021048E-4|-0.0061279363|0.24150252|0.9703807
1509425810836|-4.695541E-4|-0.0061290357|0.24146773|0.97038937
1509425810965|-4.5489936E-4|-0.0061009997|0.24131115|0.9704285
1509425855623|-3.5488018E-4|-0.0060592354|0.24098152|0.9705107
1509425855720|-6.5300293E-4|-0.0061571323|0.24183346|0.970298
1509425855861|-4.9896125E-4|-0.0061061485|0.241391|0.9704086
1509425855992|-5.2543194E-4|-0.006111633|0.2414508|0.97039366
1509425856125|-5.3025346E-4|-0.0061362227|0.24157825|0.97036177
1509425856462|-5.070776E-4|-0.0060924464|0.24133332|0.97042304
1509425856595|-5.256277E-4|-0.006030365|0.24104944|0.970494
1509425875054|-5.458274E-4|-0.006197255|0.24189904|0.9702815
1509425875136|-5.1182293E-4|-0.0060829185|0.2412921|0.97043335
1509425875224|0.021752028|0.008314252|0.9843493|0.17468295
1509425875361|0.1364059|-0.17089541|-0.8317174|0.51032776
1509425875496|0.25899598|-0.18218254|-0.69557035|0.6449128
1509425875631|0.26832664|-0.1461731|-0.66331875|0.6831124
1509425875745|0.1274648|-0.016496895|-0.7333288|0.66761476
1509425875859|-0.052267116|0.06453366|-0.792001|0.6048454
1509425875978|-0.4209888|0.20614128|-0.63378143|0.615301
1509425876098|-0.43647608|0.03138656|-0.4699268|0.76659787
1509425876219|-0.17194748|-0.045787737|-0.29369068|0.9391929
1509425876338|-0.051200826|-0.01019927|0.0769795|0.9956649
1509425876461|-0.0853373|-0.020646658|0.24253938|0.9661604
1509425876585|-0.06032971|-0.024309965|0.26474234|0.9621231
1509425876708|0.026251117|-0.05647699|0.2866054|0.95602226
1509425876822|0.014792201|-0.007539522|0.27929783|0.96006095
1509425876947|0.013710789|-0.0071167364|0.26929837|0.9629329
1509425877065|0.013022915|-0.0069603687|0.2512276|0.9678154
1509425877185|0.010976731|-0.0059480164|0.21619266|0.9762709
1509425877304|0.009423737|-0.005083484|0.18332227|0.98299456
1509425877422|0.008299957|-0.0043090754|0.16894838|0.9855805
1509425877551|0.007324163|-0.003756016|0.13282637|0.99110514
1509425877661|0.0066893585|-0.0032043133|0.12083598|0.9926448
1509425877787|0.006169556|-0.0028878348|0.10103205|0.9948599
1509425877900|0.00578069|-0.0026063984|0.08470621|0.9963858
1509425878022|0.005431923|-0.0023195995|0.06981503|0.99754244
1509425878145|0.0051606847|-0.0021294272|0.06289636|0.99800444
1509425892193|0.004967807|-0.002027797|0.050583877|0.9987054
1509425892274|0.004238457|-0.0015349808|-0.0071342825|0.9999644
1509425892360|0.45909792|-0.57490736|-0.47924626|0.4785746
1509425892483|0.46495456|-0.56787807|-0.47669196|0.48383522
1509425892609|0.48636717|-0.56716067|-0.4564446|0.48315015
1509425892729|0.49472782|-0.562918|-0.44670117|0.48869804
1509425892847|0.50537866|-0.5648383|-0.43239397|0.4884522
1509425892971|0.5153483|-0.5724234|-0.42270133|0.47756794
1509425893210|0.52014583|-0.5731252|-0.4206927|0.47327948
1509425893342|0.5254605|-0.5779743|-0.41471532|0.466742
1509425893462|0.5280796|-0.56944185|-0.41377833|0.47503197
1509425893581|0.5366041|-0.56418973|-0.4074994|0.47716895
1509425893701|0.546127|-0.55789876|-0.40215942|0.47829074
1509425893822|0.5514437|-0.5529498|-0.396383|0.48273897
1509425893950|0.5481251|-0.5466461|-0.39953005|0.49103224
1509425894060|0.5424453|-0.53031737|-0.40508988|0.51031244
1509425894181|0.53854436|-0.51011056|-0.41505516|0.52676976
1509425894315|0.5323133|-0.5049635|-0.4239204|0.5309858
1509425894425|0.52745485|-0.50460434|-0.4287007|0.53233594
1509425894542|0.5292753|-0.50652176|-0.42562437|0.5311754
1509425894661|0.5311646|-0.50771725|-0.42529288|0.52840644
1509425894782|0.53466946|-0.5069306|-0.42301127|0.5274575
1509425894901|0.54066396|-0.5065148|-0.41969544|0.5243863
1509425895021|0.54219294|-0.5024467|-0.4204631|0.52610356
1509425895141|0.5439234|-0.4997409|-0.42014802|0.52714515
1509425895266|0.54830927|-0.49866936|-0.4176872|0.52556944
1509425895388|0.5539226|-0.4974853|-0.41462994|0.5232209
1509425895508|0.5583741|-0.49710414|-0.41152942|0.52129585
1509425895630|0.5610015|-0.49661317|-0.4088164|0.5210776
1509425895744|0.56709963|-0.49789158|-0.40183684|0.51868016
