1509425630680|1.1359711|4.06456|10.286087
1509425630799|1.7760162|1.6049194|11.119263
1509425630921|2.0784912|1.4062042|8.156845
1509425631043|0.48554993|2.3471222|8.113754
1509425631157|0.21899414|3.4883575|7.9804688
1509425631287|2.5429688|4.7006226|8.501602
1509425631397|1.1623077|-0.037506104|13.327515
1509425631520|0.44085693|-0.08299255|9.934143
1509425631637|3.4934692|2.0805664|5.0858765
1509425631756|2.8127136|3.6870728|5.680435
1509425631878|2.8398438|1.4900055|14.873367
1509425632000|3.0409546|-0.79008484|12.792816
1509425632123|2.183838|-0.20271301|7.7426453
1509425632241|0.9827423|2.2337952|6.429825
1509425632359|1.9922943|1.5402832|9.140854
1509425632482|3.4192505|3.0358582|8.164017
1509425632598|0.91729736|0.24102783|11.562988
1509425632717|-0.4689331|-0.93214417|11.254944
1509425632838|3.5174103|2.230606|5.8536224
1509425632959|3.9172363|2.3710632|8.365936
1509425633088|2.1311646|1.1172943|11.792831
1509425633201|1.562149|-0.623291|12.507904
1509425633318|1.527832|-0.95848083|9.548676
1509425633438|-0.90309143|-0.39263916|9.963669
1509425633558|-1.8200684|2.3128052|7.7059326
1509425633676|-0.6429138|3.794815|6.789749
1509425633797|1.2676544|2.9456635|10.718643
1509425633931|0.7401428|-1.009552|12.903748
1509425634036|1.562149|0.54029846|7.365158
1509425634161|2.447998|2.1811218|9.120102
1509425634277|1.7449036|3.6399994|7.7610016
1509425634403|4.879715|2.4468842|11.95723
1509425634516|0.90293884|1.2194519|12.072952
1509425634643|0.8973541|1.7597504|7.248642
1509425634757|2.1479187|1.5027618|7.363556
1509425634880|1.6698761|2.2154388|8.891861
1509425634998|2.4025116|2.1563873|10.302048
1509425635118|2.3594055|1.9600677|11.1575775
1509425635237|1.1391602|0.2593689|10.501556
1509425635360|1.7975769|1.6097107|7.35318
1509425635477|1.859024|3.0486145|7.9740753
1509425635598|3.2237244|3.5354462|7.9796753
1509425635717|4.489456|2.568985|11.272491
1509425635839|3.0353851|1.5019684|9.81842
1509425635957|3.284378|2.7222137|6.6915894
1509425636077|3.123169|0.6376648|10.40181
1509425636198|1.2963867|3.1324158|7.962906
1509425636317|2.844635|2.6264496|9.090576
1509425636441|4.831024|1.5753937|9.229446
1509425636557|1.335495|3.3526917|11.624451
1509425636678|2.945984|2.059021|7.773758
1509425636804|5.564453|2.421341|7.0866394
1509425636917|3.4926758|-0.47644043|10.614883
1509425637044|1.3035583|3.8435059|6.498459
1509425637157|2.4472046|1.7908783|11.481583
1509425637277|3.296341|3.2696838|7.1927795
1509425637397|2.971527|1.8722687|11.652374
1509425637519|2.4064941|2.6655579|8.660416
1509425637638|3.2045593|3.2864532|7.6237335
1509425637759|3.297943|3.0286713|8.880692
1509425637881|2.944397|3.0637817|8.884674
1509425637998|2.7704163|3.1451874|7.991638
1509425638117|2.8262787|3.0526123|9.111328
1509425638238|3.1662598|3.1036835|8.660416
1509425638360|3.5325775|2.9991455|8.407425
1509425638477|3.736084|2.8722534|8.899048
1509425638598|3.3729553|2.881836|8.747421
1509425638720|3.3506012|2.861084|8.729858
1509425638841|3.50943|2.8427124|8.598175
1509425638961|3.6403198|2.6432037|8.618927
1509425639079|3.1734467|2.7222137|8.567047
1509425639198|3.0672913|2.776474|9.139267
1509425639322|3.2700043|2.6831055|8.815247
1509425639438|3.2253113|2.7206116|8.666016
1509425639559|3.1558838|2.9161377|8.717087
1509425639679|3.3801422|2.8834229|8.737839
1509425639798|3.4104614|2.9576416|8.498413
1509425639917|3.4759064|2.8786316|8.476868
1509425640041|3.2987366|2.8387299|8.893463
1509425640164|3.1199646|2.9360962|8.709106
1509425640278|3.1854095|2.8099976|8.8120575
1509425640399|2.8797455|2.9360962|8.820831
1509425640521|2.9396057|2.9305115|8.771347
1509425640645|3.1526947|2.9265137|8.776932
1509425640758|3.1662598|2.9113617|8.662811
1509425640883|3.2213287|2.8650665|8.613327
1509425640999|3.0401611|2.886612|8.84079
1509425641131|3.1351318|2.86586|8.741821
1509425641245|3.2285156|2.7190247|8.872711
1509425641360|3.4607391|2.7756805|8.599762
1509425641477|3.6171722|2.5769653|8.92218
1509425641599|3.2724|2.5921326|9.001984
1509425641718|2.7736053|2.9337006|8.512772
1509425641840|3.6283417|2.5650024|8.022766
1509425641958|3.5732727|2.0805664|10.0793915
1509425642080|1.8063507|2.817978|8.9700775
1509425642198|1.9962921|2.8459167|9.601349
1509425642319|2.628357|2.230606|9.284515
1509425642440|3.0066376|2.7812653|6.5072327
1509425642559|5.470276|1.8419495|10.710648
1509425642691|3.827057|2.7684937|9.087387
1509425642800|2.7720184|3.216217|8.378693
1509425642919|3.333847|3.5242767|7.2334747
1509425643044|3.894104|3.15477|8.615723
1509425643160|2.7975464|2.6224518|10.143234
1509425643280|2.061737|3.4005737|8.245422
1509425643399|2.571701|3.489151|8.557465
1509425643519|2.4408112|3.6360016|8.681168
1509425643641|2.6882172|3.7988129|8.11055
1509425643762|3.2404785|3.4747925|8.778534
1509425643879|2.9292297|3.4763947|8.900635
1509425644005|2.7696228|3.703827|8.015579
1509425644118|3.3809357|3.4500427|8.243027
1509425644239|3.4080658|3.1483765|8.782532
1509425644360|2.7225342|3.520279|8.912613
1509425644486|2.7752075|3.2218018|8.994812
1509425644602|2.7225342|3.3582764|8.422592
1509425644718|2.898117|3.3231506|8.362747
1509425644839|3.3131104|3.1244354|9.000397
1509425644967|3.1894073|3.4269104|8.8064575
1509425645078|3.2077637|3.4588318|8.200729
1509425645200|3.3865204|3.213028|8.503204
1509425645321|3.1862183|3.5290527|8.716293
1509425645440|3.3721619|3.2377625|8.302887
1509425645559|3.1582794|3.2018585|8.784119
1509425645680|2.7712097|3.1531677|9.036316
1509425645800|2.549347|3.2098389|8.561462
1509425645929|2.8582|3.0510101|8.735443
1509425646045|3.104004|2.9991455|8.648453
1509425646166|3.4870758|2.7046509|7.997223
1509425646279|3.491867|2.5969238|9.515152
1509425646401|2.309143|2.4460907|10.815994
1509425646519|3.0848541|3.0725708|6.8128967
1509425646648|4.4958344|2.6264496|7.986847
1509425646760|4.4511414|2.2441711|9.71785
1509425646880|3.698578|3.6790924|7.694763
1509425647004|4.0066223|0.89863586|10.254166
1509425647118|0.81036377|2.7700958|9.120102
1509425647240|2.4886932|3.3646545|8.284531
1509425647364|3.060913|2.8467102|9.858322
1509425647478|0.7967987|3.86026|9.885452
1509425647606|0.6324005|3.7836456|9.3563385
1509425647721|1.3211212|3.3383179|8.24144
1509425647850|0.9005432|4.240143|7.631714
1509425647966|0.2397461|5.40213|8.007599
1509425648082|0.28364563|5.8251038|8.084213
1509425648199|0.22299194|4.40773|9.040298
1509425648321|1.232544|3.98555|8.90303
1509425648443|0.22857666|3.918518|8.579025
1509425648559|-0.8631897|4.818741|8.280533
1509425648684|-0.109802246|4.307968|8.388275
1509425648802|2.0920563|4.028656|7.8503876
1509425648921|1.8534393|4.2888184|10.080185
1509425649041|1.6419525|2.9640198|9.386658
1509425649162|-0.73469543|2.6112823|9.703491
1509425649280|0.5206604|2.9129486|9.065048
1509425649400|2.8638|3.2313843|8.8615265
1509425649521|3.5652924|3.4277039|8.365143
1509425649639|2.3753662|3.994339|8.996399
1509425649761|1.5046844|3.7956085|8.715485
1509425649881|1.4224854|3.6559448|9.075409
1509425650003|1.5693207|3.760498|8.520767
1509425650125|2.5748901|3.8778076|7.745041
1509425650240|1.7943878|2.888214|10.314819
1509425650362|0.9252777|3.3470917|9.04509
1509425650480|1.1926422|3.2617035|9.295685
1509425650602|0.9053345|3.5386353|9.634857
1509425650726|2.4815216|2.9680176|7.9621124
1509425650849|3.0281982|3.1970673|7.7817383
1509425650969|2.447998|3.4021606|9.213486
1509425651080|2.886139|3.0941162|9.404221
1509425651200|2.2389069|3.2321777|9.288498
1509425651321|2.7201385|3.5585785|8.227875
1509425651452|3.5908356|3.4492493|8.258194
1509425651562|4.32666|3.0861359|8.001221
1509425651680|3.6075897|2.3223724|9.650024
1509425651800|2.1774597|2.240982|10.314819
1509425651934|3.1941986|2.531479|7.8312225
1509425652040|3.2564392|1.5777893|8.958893
1509425652162|0.840683|-0.52033997|12.574936
1509425652282|0.22218323|0.25538635|9.658798
1509425652400|0.63079834|0.80285645|9.469666
1509425652520|0.9755707|0.23065186|9.756958
1509425652643|0.6699066|1.2737274|8.803268
1509425652763|1.6307678|3.2824554|9.209488
1509425652881|2.8637848|2.4444885|10.567795
1509425653005|1.484726|2.1691437|11.096924
1509425653121|2.7185364|2.992752|6.176834
1509425653241|3.2971344|2.6056976|9.05307
1509425653365|2.8502197|0.97843933|10.119293
1509425653487|-1.5574951|2.230606|11.863068
1509425653600|-0.6405182|3.2800598|8.282135
1509425653721|2.1152039|2.6120758|8.357956
1509425653844|2.23172|2.366272|9.443329
1509425653964|1.7385101|1.5706024|10.6236725
1509425654083|-0.352417|1.4141846|10.146423
1509425654203|-0.045166016|2.7246094|8.318848
1509425654320|0.91012573|1.7844849|9.58139
1509425654441|2.3889465|1.5203247|10.845535
1509425654560|2.1575012|0.6400604|9.885452
1509425654681|1.9164886|2.0917358|7.627716
1509425654802|1.1024628|1.2649384|10.187134
1509425654921|1.4687653|1.8834381|6.871155
1509425655040|2.5158234|1.7150574|9.027527
1509425655166|3.0681|1.2497864|12.378616
1509425655282|0.56295776|-0.1197052|11.027496
1509425655406|0.27885437|-0.41578674|9.549469
1509425655521|2.2029877|0.44612122|8.369125
1509425655647|2.7049713|0.17398071|10.096939
1509425655765|0.43447876|-0.38865662|10.471237
1509425655883|-0.65808105|1.1037292|9.609314
1509425656002|2.3027496|1.3966217|7.9158173
1509425656120|3.2125397|0.41261292|11.336334
1509425656242|0.58610535|2.1013184|10.0690155
1509425656362|1.469574|2.8666534|9.382675
1509425656481|2.7823944|2.5123138|8.987625
1509425656606|1.6826477|2.082962|8.521561
1509425656723|4.1829987|2.433319|7.2430573
1509425656851|4.025772|4.228958|7.9397583
1509425656960|2.6666718|3.7852478|9.599747
1509425657081|3.0912476|3.6144562|9.918167
1509425657205|0.51109314|3.2218018|9.453705
1509425657324|2.096054|3.7557068|6.6756287
1509425657448|2.9723358|4.5753326|8.675583
1509425657561|2.7065735|4.0342407|8.472076
1509425657682|1.2492981|5.0717163|9.07222
1509425657804|0.7744446|4.80278|9.171188
1509425657925|1.1216125|3.1779022|9.231842
1509425658043|0.9707794|3.691864|7.7849426
1509425658167|1.27005|4.5394135|8.136093
1509425658281|0.9077301|4.608841|9.133667
1509425658408|0.73295593|4.613632|8.855148
1509425658521|0.47198486|4.967972|8.869507
1509425658644|0.32992554|3.822754|8.704315
1509425658761|0.16871643|3.7996063|7.8902893
1509425658883|1.088089|4.589691|8.893463
1509425659001|1.5453796|4.4691772|8.486435
1509425659123|0.9580078|4.497116|8.921387
1509425659242|0.6339874|3.402176|9.535095
1509425659362|1.0186615|3.027069|8.915802
1509425659492|1.3123474|3.0821533|8.369125
1509425659609|2.2380981|3.6759033|9.106537
1509425659722|1.0258331|3.9009552|10.05304
1509425659851|0.12802124|4.130005|8.493622
1509425659968|0.42648315|4.9304657|7.6580505
1509425660091|1.2157898|4.72377|8.646057
1509425660206|0.375412|4.647949|9.022751
1509425660322|0.40574646|4.9974976|8.015579
1509425660442|1.1295929|4.817932|8.042709
1509425660561|2.1806488|4.552185|7.8607635
