1509425432310|1023.4432
1509425432446|1023.43634
1509425432582|1023.439
1509425432716|1023.43976
1509425432844|1023.4432
1509425432977|1023.4432
1509425433113|1023.4466
1509425433244|1023.4749
1509425433377|1023.4664
1509425433511|1023.4183
1509425433645|1023.403
1509425433781|1023.41315
1509425433919|1023.40204
1509425434045|1023.3852
1509425434177|1023.47833
1509425434311|1023.4224
1509425434445|1023.4224
1509425434577|1023.3682
1509425434711|1023.35516
1509425434844|1023.3687
1509425434980|1023.3924
1509425435111|1023.3746
1509425435244|1023.33307
1509425435378|1023.3576
1509425435511|1023.378
1509425435648|1023.36945
1509425435785|1023.3542
1509425435912|1023.3542
1509425436044|1023.3763
1509425436182|1023.3923
1509425436311|1023.3559
1509425436446|1023.34674
1509425436578|1023.3653
1509425436711|1023.3813
1509425436844|1023.37286
1509425436979|1023.38385
1509425437112|1023.38934
1509425437244|1023.42487
1509425437384|1023.4003
1509425437517|1023.4003
1509425437645|1023.3952
1509425437779|1023.4036
1509425437912|1023.3631
1509425438046|1023.3647
1509425438178|1023.3647
1509425438312|1023.3681
1509425438446|1023.4063
1509425438579|1023.3775
1509425438716|1023.35504
1509425438847|1023.3736
1509425438978|1023.3736
1509425439112|1023.3715
1509425439246|1023.3588
1509425439379|1023.3487
1509425439513|1023.3664
1509425439645|1023.40814
1509425439782|1023.38336
1509425439915|1023.3792
1509425440046|1023.4172
1509425440179|1023.4122
1509425440312|1023.40704
1509425440449|1023.40704
1509425440578|1023.4189
1509425440715|1023.44257
1509425440845|1023.4351
1509425440982|1023.45953
1509425441120|1023.4443
1509425441247|1023.44855
1509425441380|1023.43
1509425441512|1023.429
1509425441646|1023.43414
1509425441781|1023.44183
1509425441913|1023.41986
1509425442046|1023.41986
1509425442187|1023.4172
1509425442312|1023.4223
1509425442449|1023.4522
1509425442579|1023.4205
1509425442713|1023.429
1509425442854|1023.4257
1509425442979|1023.4283
1509425443112|1023.4317
1509425443248|1023.4307
1509425443385|1023.4307
1509425443514|1023.4307
1509425443646|1023.44696
1509425443779|1023.4266
1509425443912|1023.41986
1509425444045|1023.42145
1509425444179|1023.43
1509425444313|1023.4401
1509425444447|1023.42145
1509425444584|1023.4273
1509425444718|1023.46295
1509425444846|1023.4714
1509425444979|1023.4714
1509425445113|1023.4477
1509425445250|1023.4273
1509425445380|1023.4206
1509425445513|1023.4113
1509425445646|1023.4401
1509425445787|1023.4063
1509425445913|1023.41644
1509425446047|1023.4334
1509425446179|1023.4189
1509425446313|1023.38934
1509425446448|1023.3969
1509425446580|1023.3969
1509425446713|1023.3986
1509425446846|1023.3614
1509425446980|1023.3681
1509425447115|1023.4139
1509425447247|1023.3868
1509425447380|1023.38934
1509425447514|1023.3842
1509425447647|1023.408
1509425447780|1023.41327
1509425447916|1023.41156
1509425448048|1023.41156
1509425448187|1023.4036
1509425448316|1023.4189
1509425448451|1023.3748
1509425448581|1023.3868
1509425448715|1023.3929
1509425448847|1023.3997
1509425448983|1023.4222
1509425449115|1023.41534
1509425449249|1023.4205
1509425449383|1023.43024
1509425449514|1023.43024
1509425449647|1023.38275
1509425449782|1023.38947
1509425449914|1023.3929
1509425450055|1023.4035
1509425450180|1023.38495
1509425450314|1023.38995
1509425450448|1023.38824
1509425450583|1023.4273
1509425450714|1023.3968
1509425450848|1023.38153
1509425450981|1023.40265
1509425451114|1023.40265
1509425451253|1023.4162
1509425451381|1023.4534
1509425451518|1023.43317
1509425451647|1023.4229
1509425451785|1023.4162
1509425451922|1023.4078
1509425452049|1023.4433
1509425452181|1023.42975
1509425452314|1023.4288
1509425452451|1023.43097
1509425452583|1023.43097
1509425452715|1023.4344
1509425452848|1023.4046
1509425452983|1023.3868
1509425453115|1023.40204
1509425453249|1023.40717
1509425453382|1023.3732
1509425453514|1023.3636
1509425453652|1023.37885
1509425453783|1023.3931
1509425453915|1023.38214
1509425454048|1023.38214
1509425454182|1023.3792
1509425454315|1023.38934
1509425454450|1023.40533
1509425454582|1023.37396
1509425454715|1023.3807
1509425454851|1023.37897
1509425454982|1023.393
1509425455116|1023.4057
1509425455248|1023.4073
1509425455390|1023.4028
1509425455525|1023.4134
1509425455648|1023.4134
1509425455788|1023.42426
1509425455917|1023.4294
1509425456050|1023.4184
1509425456186|1023.409
1509425456316|1023.44293
1509425456449|1023.4112
1509425456590|1023.39764
1509425456719|1023.4045
1509425456849|1023.4095
1509425456982|1023.4028
1509425457115|1023.4028
1509425457256|1023.4078
1509425457383|1023.4028
1509425457515|1023.4434
1509425457649|1023.41034
1509425457788|1023.38824
1509425457919|1023.4018
1509425458049|1023.4111
1509425458183|1023.4162
1509425458317|1023.40594
1509425458452|1023.4111
1509425458584|1023.4111
1509425458717|1023.4162
1509425458852|1023.3997
1509425458982|1023.3946
1509425459123|1023.40985
1509425459250|1023.3835
1509425459382|1023.3785
1509425459515|1023.392
1509425459650|1023.4207
1509425459788|1023.4157
1509425459916|1023.3497
1509425460050|1023.31573
1509425460189|1023.31573
1509425460316|1023.34454
1509425460449|1023.4233
1509425460584|1023.41144
1509425460717|1023.36395
1509425460852|1023.36444
1509425460982|1023.3746
1509425461116|1023.3653
1509425461249|1023.3669
1509425461387|1023.39484
1509425461517|1023.38556
1509425461649|1023.38556
1509425461782|1023.394
1509425461916|1023.3924
1509425462049|1023.39984
1509425462183|1023.43085
1509425462317|1023.4067
1509425462450|1023.388
1509425462589|1023.4156
1509425462726|1023.4062
1509425462850|1023.4012
1509425462983|1023.39777
1509425463117|1023.39777
1509425463251|1023.41205
1509425463384|1023.44086
1509425463517|1023.41034
1509425463649|1023.4029
1509425463784|1023.38885
1509425463917|1023.3837
1509425464049|1023.39056
1509425464183|1023.3829
1509425464318|1023.3997
1509425464449|1023.39886
1509425464584|1023.387
1509425464717|1023.387
1509425464851|1023.3836
1509425464983|1023.39215
1509425465117|1023.37396
1509425465250|1023.3875
1509425465383|1023.39166
1509425465516|1023.3934
1509425465650|1023.3857
1509425465783|1023.3857
1509425465916|1023.3776
1509425466050|1023.37726
1509425466183|1023.37726
1509425466320|1023.37885
1509425466451|1023.37115
1509425466583|1023.3703
1509425466717|1023.3737
1509425466850|1023.3741
1509425466983|1023.3621
1509425467117|1023.3736
1509425467250|1023.38666
1509425467383|1023.4078
1509425467517|1023.3848
1509425467650|1023.3848
1509425467783|1023.3781
1509425467918|1023.3835
1509425468050|1023.389
1509425468183|1023.36273
1509425468317|1023.36346
1509425468450|1023.3732
1509425468583|1023.38885
1509425468718|1023.3846
1509425468850|1023.3769
1509425468984|1023.3951
1509425469117|1023.4035
1509425469252|1023.4078
1509425469384|1023.4039
1509425469517|1023.4063
1509425469651|1023.40765
1509425469784|1023.4283
1509425469917|1023.4002
1509425470051|1023.4014
1509425470184|1023.4069
1509425470318|1023.4224
1509425470451|1023.4128
1509425470584|1023.4085
1509425470717|1023.4085
1509425470851|1023.3996
1509425470984|1023.40704
1509425471118|1023.3931
1509425471251|1023.40314
1509425471385|1023.4095
1509425471517|1023.4183
1509425471651|1023.42535
1509425471784|1023.4307
1509425471917|1023.4218
1509425472051|1023.42145
1509425472184|1023.42145
1509425472318|1023.42633
1509425472451|1023.42
1509425472585|1023.4013
1509425472718|1023.4279
1509425472851|1023.4084
1509425472985|1023.3909
1509425473118|1023.38544
1509425473252|1023.4036
1509425473388|1023.3934
1509425473518|1023.3836
1509425473652|1023.3768
1509425473785|1023.389
1509425473918|1023.39276
1509425474053|1023.39594
1509425474185|1023.3752
1509425474318|1023.36115
1509425474452|1023.3593
1509425474585|1023.3555
1509425474718|1023.3609
1509425474852|1023.3588
1509425474985|1023.36176
1509425475119|1023.36835
1509425475252|1023.36835
1509425475385|1023.36786
1509425475519|1023.3708
1509425475652|1023.378
1509425475786|1023.3868
1509425475921|1023.3786
1509425476052|1023.3675
1509425476186|1023.36456
1509425476319|1023.36945
1509425476452|1023.3708
1509425476586|1023.37616
1509425476719|1023.37616
1509425476852|1023.3724
