1509425579728|0.09519453|0.028274383|0.7810485|0.61652404
1509425579852|0.08555934|0.026993006|0.76311785|0.6400017
1509425579970|0.100246616|0.052704692|0.77508396|0.62162507
1509425580087|0.06686863|0.03947928|0.7858571|0.61351335
1509425580215|0.06939072|0.09509085|0.7698015|0.6273343
1509425580336|0.069410235|0.0920126|0.80021656|0.58853155
1509425580449|0.08673541|0.08646015|0.8235609|0.5538493
1509425580572|0.049081538|0.09402227|0.8385316|0.5344301
1509425580705|0.008732139|0.19082572|0.8172364|0.54372233
1509425580813|0.021218443|0.23411767|0.8032085|0.5473526
1509425580928|0.10164874|0.12795065|0.7892252|0.5919626
1509425581047|0.116018884|0.07993302|0.7856771|0.60238016
1509425581174|0.080989264|0.07320844|0.7974844|0.59338003
1509425581294|0.006149492|0.006870724|0.8332428|0.5528304
1509425581411|0.045465734|0.051854618|0.8296936|0.5539427
1509425581536|0.016634738|0.03610699|0.8710553|0.48957357
1509425581657|-0.02941545|-6.128625E-4|0.88667303|0.46146
1509425581773|-0.013813255|-0.0032243165|0.8723539|0.48866907
1509425581890|0.024812954|0.04292743|0.8811237|0.47027916
1509425582009|0.08623623|0.08463089|0.86787|0.48187405
1509425582141|0.12573317|0.11131602|0.83308333|0.5270409
1509425582255|0.13031586|0.12780376|0.83049774|0.52626747
1509425582378|0.10806292|0.07640808|0.8706169|0.47382534
1509425582498|0.08132234|0.045719538|0.90667754|0.41137844
1509425582614|0.08575609|0.047805518|0.9367052|0.33607128
1509425582729|0.063049145|0.054821733|0.9627734|0.25707343
1509425582850|0.038208142|0.087577656|0.9611198|0.25907356
1509425582971|0.074877694|0.09074587|0.94984174|0.28975722
1509425583093|0.1504437|0.09846965|0.9206075|0.3466299
1509425583208|0.1531784|0.053947277|0.9105921|0.38006333
1509425583336|0.13940261|0.086499065|0.9111859|0.37792194
1509425583456|0.13323595|0.07525496|0.9131229|0.37787762
1509425583571|0.1238016|0.036470775|0.91963005|0.3709766
1509425583692|0.15879351|0.09323245|0.9015915|0.39143977
1509425583812|0.175026|0.08087436|0.9095515|0.36815932
1509425583931|0.13693248|0.09233438|0.9017579|0.39944533
1509425584049|0.106696025|0.104614474|0.88616556|0.43861422
1509425584178|0.16407037|0.09218525|0.87256366|0.45079425
1509425584295|0.19562584|0.058012515|0.8805621|0.42775622
1509425584411|0.13182421|0.110157035|0.88803965|0.42646614
1509425584538|0.10688227|0.10146219|0.89890116|0.4126237
1509425584652|0.12322681|0.029933393|0.9255175|0.3568425
1509425584774|0.18696648|0.043512207|0.913138|0.35962376
1509425584888|0.17569563|0.07014661|0.92675805|0.32454592
1509425585016|0.14867738|0.05617944|0.93942744|0.30366924
1509425585135|0.1183118|0.07206635|0.9238888|0.35670468
1509425585251|0.17522746|0.11608299|0.89280283|0.39840078
1509425585374|0.18756793|0.090902984|0.8832675|0.41999212
1509425585495|0.22851673|0.12186793|0.8355509|0.48454407
1509425585613|0.22484995|0.12985021|0.83955127|0.477216
1509425585739|0.18277012|0.06367535|0.88412523|0.4252801
1509425585849|0.18236555|0.10737812|0.88053656|0.42410862
1509425585971|0.2006635|0.13351966|0.89259905|0.38101646
1509425586091|0.17707324|0.11388484|0.9222653|0.32419452
1509425586214|0.14062192|0.090541914|0.9151199|0.36685595
1509425586336|0.14856806|0.12610719|0.8864099|0.41988334
1509425586451|0.18125379|0.11533115|0.86585957|0.45181075
1509425586577|0.1924264|0.12514535|0.8433854|0.4858105
1509425586690|0.16080576|0.15575214|0.84221065|0.4904732
1509425586810|0.13967548|0.104215026|0.8694615|0.462241
1509425586931|0.093539566|0.085170284|0.8923049|0.43334553
1509425587059|0.11747506|0.10607315|0.88959306|0.4284533
1509425587176|0.11574915|0.11315944|0.90142614|0.40153202
1509425587290|0.10303793|0.10636901|0.8917076|0.4276989
1509425587410|0.11603398|0.10534198|0.8604634|0.48481122
1509425587535|0.16232562|0.10833966|0.83804655|0.50950056
1509425587652|0.19491842|0.09590168|0.8070915|0.549011
1509425587773|0.18657978|0.13507485|0.7785747|0.58375007
1509425587891|0.14061676|0.13412549|0.8002077|0.5673667
1509425588014|0.108258046|0.045602266|0.8411556|0.52788055
1509425588136|0.17159948|0.05968518|0.8028602|0.5678088
1509425588253|0.1709499|0.054021865|0.81551486|0.55026656
1509425588378|0.13427311|0.064218|0.8348452|0.5299814
1509425588499|0.10810834|0.09134578|0.833516|0.5340595
1509425588618|0.1344777|0.08260782|0.8339025|0.52886516
1509425588731|0.15629253|0.051830564|0.80070126|0.57598937
1509425588854|0.14776053|0.0398096|0.74742633|0.6464796
1509425588972|0.15232864|0.048943818|0.7151979|0.680362
1509425589094|0.13063139|0.013439158|0.7594301|0.63719755
1509425589216|0.13579011|-0.026963783|0.78293145|0.6065083
1509425589331|0.13443285|0.01991309|0.7716034|0.6214173
1509425589465|0.09837014|0.039290328|0.8061461|0.58215815
1509425589579|0.030873278|0.05817777|0.8298458|0.5540922
1509425589695|0.041380867|0.10842451|0.8107045|0.57383794
1509425589818|0.11227246|0.12488905|0.7960464|0.5814704
1509425589932|0.14366421|0.09513326|0.7695354|0.6149191
1509425590052|0.126017|0.1306228|0.7312851|0.65747964
1509425590171|0.09352762|0.1401512|0.7379191|0.65351784
1509425590293|0.07548714|0.09891882|0.76797074|0.6282816
1509425590416|0.15558144|0.10929062|0.73300564|0.65311
1509425590536|0.123875864|0.12578064|0.7605081|0.6248691
1509425590653|0.09886557|0.100043446|0.7929734|0.59279853
1509425590779|0.058499046|0.14551578|0.78915673|0.59383047
1509425590893|0.07789904|0.21666537|0.7714393|0.5931856
1509425591012|0.123742014|0.14986242|0.7834862|0.590236
1509425591140|0.1490631|0.11772898|0.77103776|0.6078
1509425591250|0.16420667|0.12757915|0.76793396|0.6058359
1509425591375|0.11112251|0.08220981|0.7826021|0.6069822
1509425591497|0.08746028|0.08062507|0.7846896|0.60836875
1509425591611|0.1005766|0.087399125|0.81017923|0.5708374
1509425591732|0.102026574|0.072794944|0.83973277|0.52833736
1509425591860|0.09748756|0.06787249|0.8209959|0.55843997
1509425591971|0.08329416|0.07635761|0.82782197|0.54949284
1509425592091|0.15096644|0.076799184|0.8335454|0.5258451
1509425592223|0.15857604|0.07743315|0.8169018|0.54911673
1509425592333|0.15013222|0.110153176|0.8094019|0.55695164
1509425592452|0.17237718|0.09069778|0.8245639|0.5311821
1509425592577|0.14321105|-0.031068062|0.8484067|0.5086565
1509425592698|0.1374387|-0.0017580367|0.8615593|0.4886953
1509425592812|0.15497066|0.024340205|0.88568616|0.43698013
1509425592931|0.12384502|0.028428247|0.88569707|0.44653657
1509425593051|0.11157106|0.016620396|0.87697417|0.4671102
1509425593172|0.16543889|0.009642446|0.8524618|0.49582842
1509425593303|0.17870681|0.0070293876|0.7945902|0.5802077
1509425593417|0.15637036|0.04000097|0.76813537|0.6196098
1509425593532|0.15581812|0.04375533|0.78800213|0.59401923
1509425593654|0.14130378|-0.029893536|0.8334901|0.53332347
1509425593785|0.1527982|0.008374654|0.825081|0.543897
1509425593893|0.15733156|0.024137616|0.8437592|0.51257646
1509425594017|0.11582326|0.02504911|0.85490334|0.50507206
1509425594132|0.113586426|0.024711413|0.8295736|0.546164
1509425594254|0.1443452|0.026170557|0.8127117|0.5638965
1509425594386|0.1687554|0.039993595|0.78123075|0.59966713
1509425594496|0.13975424|0.11053789|0.7834918|0.5953073
1509425594617|0.1299252|0.11860825|0.8013827|0.5716968
1509425594738|0.09531|0.020168398|0.8482823|0.5205059
1509425594851|0.11573783|0.04594007|0.8180406|0.56151915
1509425594976|0.13893484|0.05927595|0.822278|0.5486732
1509425595094|0.122128025|0.053519614|0.84032947|0.5254206
1509425595216|0.09373795|0.034013864|0.81474096|0.57118595
1509425595330|0.13719113|0.061673414|0.78533214|0.6005234
1509425595452|0.16776347|0.038985092|0.78082156|0.60054415
1509425595576|0.16561851|0.05085514|0.7602308|0.62612575
1509425595690|0.14478451|0.08180969|0.7658441|0.6211501
1509425595811|0.11457702|0.03551577|0.8098919|0.5741828
1509425595931|0.14944291|0.057640597|0.793056|0.587713
1509425596058|0.19436324|0.079854585|0.81110656|0.5458501
1509425596176|0.18852818|0.06333782|0.8382284|0.5077584
1509425596295|0.13987693|0.037864152|0.8291554|0.53990936
1509425596421|0.16111226|0.05287712|0.80084074|0.5743701
1509425596536|0.20998386|0.046494342|0.7688721|0.6021468
1509425596655|0.20004164|0.0653566|0.73873883|0.6402943
1509425596775|0.18205236|0.09150771|0.7391765|0.6419512
1509425596897|0.16322482|0.030401686|0.75693804|0.6320428
1509425597017|0.14334688|0.011822706|0.7783482|0.61113495
1509425597137|0.18933018|-0.0011001838|0.780279|0.5960852
1509425597255|0.17367317|0.0026669537|0.79700196|0.57846206
1509425597375|0.14490226|-0.002402656|0.79761755|0.58549446
1509425597498|0.17708214|-0.008496573|0.77734214|0.60358006
1509425597612|0.21081029|-0.016090274|0.7780165|0.5915999
1509425597731|0.17047271|-0.05719474|0.7747848|0.60611576
1509425597855|0.14841282|-0.008969685|0.7300448|0.6670291
1509425597972|0.13282883|0.008542278|0.7397877|0.6595435
1509425598100|0.13087632|-0.088662736|0.7773265|0.60891193
1509425598219|0.19347806|-0.025164945|0.73973954|0.64398634
1509425598339|0.1998973|-0.03212054|0.7820943|0.5893538
1509425598453|0.15404142|-0.00902474|0.8262642|0.5417354
1509425598579|0.09590094|-0.010860445|0.8411875|0.5320608
1509425598697|0.10150693|0.026837453|0.8371201|0.5368482
1509425598816|0.14993857|0.041786984|0.80485487|0.5726962
1509425598932|0.11384364|0.13871929|0.801294|0.5707228
1509425599063|0.0996438|0.19484907|0.82364756|0.5231727
1509425599176|0.10050757|0.14297561|0.8500101|0.49692956
1509425599298|0.15455504|0.108865105|0.8383265|0.5113412
1509425599421|0.111255765|0.14358336|0.86982214|0.4587106
1509425599535|0.092990465|0.1357938|0.88018495|0.44518232
1509425599653|0.09261872|0.20310955|0.8575802|0.46338376
1509425599778|0.09117719|0.16588473|0.8413735|0.5062209
1509425599896|0.10681664|0.11901372|0.8252962|0.5415829
1509425600012|0.086489305|0.09439835|0.80759376|0.5756743
1509425600133|0.06066508|0.13243997|0.8051937|0.57484126
1509425600253|0.042522967|0.059890732|0.826443|0.5582086
1509425600378|0.04370119|0.008483793|0.8080111|0.587483
1509425600497|0.09769335|0.036026996|0.8149297|0.57012945
1509425600612|0.12353356|0.014178067|0.84149826|0.5257557
1509425600734|0.063707806|0.021986302|0.8481498|0.5254521
1509425600857|0.04717989|0.0121052405|0.8613818|0.5056173
1509425600973|0.13935356|0.0389864|0.8414252|0.5206384
1509425601095|0.13284753|0.038905893|0.83448404|0.53336126
1509425601220|0.13700724|0.081496745|0.8283843|0.5369979
1509425601335|0.16054142|0.042631168|0.83098114|0.5309231
1509425601459|0.06523154|-0.03150494|0.84918404|0.5231049
1509425601581|0.09689168|0.031225102|0.8287322|0.55030894
1509425601696|0.12012686|0.01955429|0.85922223|0.49691486
1509425601813|0.08527441|0.00956074|0.8641015|0.495949
1509425601944|0.09244204|-0.02768999|0.8448412|0.52624243
1509425602053|0.14689723|-0.009802886|0.8367315|0.52745193
1509425602175|0.13860652|-0.011312131|0.83958673|0.5251232
1509425602302|0.12644249|0.01113962|0.81266856|0.5687337
1509425602419|0.10776461|0.03486952|0.8170819|0.5652858
1509425602534|0.08195491|-0.059670042|0.8665684|0.48865333
1509425602654|0.12643431|-0.01793029|0.83253205|0.53905773
1509425602775|0.175243|0.001527041|0.82404506|0.5387367
1509425602896|0.1887907|-0.002354276|0.8168461|0.5450826
1509425603017|0.14692816|-0.004506671|0.80478555|0.5750757
1509425603133|0.16371633|0.01628991|0.8044512|0.57078004
1509425603254|0.20313145|0.02727557|0.80912656|0.5507339
1509425603383|0.199073|-0.014525513|0.8005196|0.5650906
1509425603496|0.17059164|0.024146426|0.79019505|0.58813876
1509425603617|0.15836628|0.014900009|0.8102251|0.5641217
1509425603734|0.13787259|-0.0397638|0.8239079|0.54825705
1509425603856|0.18695693|-0.035453558|0.8173876|0.5437534
1509425603974|0.2131776|-0.0388322|0.8490509|0.48182985
1509425604095|0.14701216|-0.016151445|0.88531387|0.44084686
1509425604216|0.10605781|-0.00935062|0.8824722|0.4581562
1509425604334|0.158128|0.011305935|0.8662408|0.47380865
1509425604456|0.1940193|-0.029389493|0.8346307|0.5146692
1509425604578|0.17162676|0.0072146887|0.7978171|0.57791007
1509425604696|0.16603936|0.047952615|0.7962388|0.57977176
1509425604817|0.15763266|-0.041555416|0.8454944|0.50849223
1509425604934|0.18985778|-0.033270508|0.8417897|0.50421935
1509425605056|0.20312952|-0.02333977|0.8654409|0.45739007
1509425605173|0.17247169|-0.028351557|0.88877594|0.42370635
1509425605300|0.14493634|-0.008308708|0.8679013|0.47504917
1509425605417|0.15975042|0.013490609|0.8515528|0.49915498
1509425605534|0.18973587|-0.008345171|0.8423249|0.5044001
1509425605652|0.21781863|0.010914614|0.80791694|0.5474542
1509425605776|0.17812616|0.05902861|0.815965|0.54679775
1509425605895|0.14816083|-0.030396115|0.8470635|0.5095173
1509425606018|0.16928904|-0.045926128|0.8184006|0.54722244
1509425606141|0.18505237|-0.032938372|0.8281537|0.52804554
1509425606260|0.18219359|-0.023555692|0.84391063|0.50404906
1509425606379|0.1716773|-0.04001449|0.84305006|0.50812626
1509425606493|0.17613295|-0.06322602|0.8319443|0.5223489
1509425606614|0.19750118|-0.08061078|0.8055393|0.55281246
1509425606734|0.2042978|-0.072910845|0.7658814|0.6052867
1509425606856|0.19630367|-0.031782836|0.74976367|0.6311174
1509425606978|0.2074874|-0.056346472|0.76713526|0.6043819
1509425607095|0.1934143|-0.058331944|0.7792195|0.59330034
1509425607213|0.20790313|-0.04564284|0.79442024|0.56884927
1509425607334|0.19817689|-0.020873833|0.8311226|0.5191584
1509425607454|0.14161369|0.0028391415|0.8405417|0.5229026
1509425607583|0.15063636|0.02131536|0.8016766|0.57807356
1509425607699|0.21445225|-0.018666223|0.7730733|0.5966736
1509425607815|0.18756367|-0.056670066|0.7267877|0.6583221
1509425607943|0.17259087|7.093401E-4|0.6730873|0.71914214
1509425608059|0.196818|-0.0057919435|0.6878282|0.6986569
1509425608176|0.1601914|-0.07632121|0.74986863|0.6373467
1509425608298|0.18776447|-0.0067369845|0.7345081|0.6520713
1509425608415|0.19537853|-0.0074290503|0.77040565|0.6068337
1509425608541|0.16252966|-0.006847736|0.8027211|0.5737387
1509425608657|0.14478953|0.011082348|0.7812471|0.6070965
1509425608774|0.21286699|0.063098855|0.75578827|0.6160278
1509425608897|0.23097312|0.051364724|0.7566157|0.6095455
1509425609014|0.23180486|0.06529526|0.7255687|0.64463407
1509425609135|0.22285841|0.09737328|0.7102337|0.66062146
1509425609254|0.19362204|0.04582112|0.75131154|0.62923914
1509425609380|0.18370353|0.016705705|0.76875687|0.61236167
1509425609513|0.2197406|0.043193378|0.7619986|0.6076237
1509425609616|0.23671165|0.025421988|0.78528446|0.57153267
1509425609733|0.18430364|-0.004395263|0.81017905|0.55643755
1509425609854|0.1674438|6.3105595E-5|0.7970278|0.58026654
1509425609974|0.23498926|0.020099767|0.76197976|0.60312754
1509425610097|0.2486616|-0.0051185167|0.72190255|0.64575374
1509425610219|0.24833126|0.018895749|0.667971|0.7012769
1509425610335|0.24244787|0.025197973|0.6747969|0.6965869
1509425610454|0.22180553|-0.0259755|0.7185296|0.65866745
1509425610577|0.20361242|-0.003535926|0.7320585|0.6500922
1509425610699|0.20923707|-0.012827282|0.77586067|0.5950593
1509425610816|0.19302794|-0.020562379|0.80172193|0.5652958
1509425610933|0.17932348|-0.0069333874|0.7688468|0.6137341
1509425611054|0.2042629|0.014381682|0.7590898|0.6179421
1509425611174|0.22902843|-0.009600405|0.74965775|0.6208599
1509425611299|0.23838687|0.012660685|0.7099056|0.662605
1509425611417|0.23990636|0.04695261|0.7037145|0.66710293
1509425611536|0.17764999|0.0169174|0.7555302|0.6303399
1509425611657|0.13678294|0.034261126|0.7582488|0.63653386
1509425611774|0.1981231|0.032537702|0.7775019|0.5959692
1509425611895|0.19229198|0.04410516|0.8065201|0.5573184
1509425612024|0.15567783|0.040829238|0.8001784|0.5777646
1509425612137|0.23012233|0.06958585|0.7629671|0.6000689
1509425612257|0.28829014|0.08135476|0.73563933|0.60754013
1509425612382|0.28983417|0.060631394|0.7078698|0.6412802
1509425612500|0.2887545|0.09202814|0.6845035|0.6630284
1509425612619|0.27542433|0.05432331|0.7120672|0.64354545
1509425612742|0.2013605|-0.022736484|0.7700617|0.6049314
1509425612857|0.22849132|-0.0013577928|0.74405485|0.6278314
1509425612975|0.25358862|-0.008144197|0.74363756|0.6185706
1509425613096|0.2167296|-0.020829018|0.74105537|0.6351625
1509425613223|0.18181902|-0.029156392|0.71133894|0.67829835
1509425613337|0.24700856|-0.0050908765|0.671462|0.6986413
1509425613460|0.23559095|-0.028360074|0.6534857|0.718783
1509425613578|0.23067297|1.7815111E-4|0.5854051|0.77723277
1509425613701|0.22308958|0.026637884|0.60237306|0.7659427
1509425613822|0.17249963|-0.007509561|0.6652583|0.7263738
1509425613942|0.22305219|0.021783855|0.63653916|0.73796415
1509425614057|0.26663983|0.0058123786|0.66791505|0.69480854
1509425614176|0.26073873|0.01841815|0.68344325|0.68160206
1509425614300|0.25405517|-0.009899507|0.66394514|0.7032317
1509425614419|0.2864694|0.00850955|0.6355274|0.7169155
1509425614536|0.31595144|0.0021758862|0.61772925|0.7201253
1509425614658|0.32313022|-0.023694504|0.5905259|0.7391242
1509425614777|0.3204453|-0.009575212|0.58506066|0.7449344
1509425614900|0.34215298|-0.0040872865|0.58244085|0.73734474
1509425615022|0.32173717|-0.0012029717|0.6163981|0.7187052
1509425615138|0.34671515|0.0022988603|0.6089049|0.7134551
1509425615257|0.33233833|-0.03278596|0.62972546|0.70137167
1509425615385|0.29018137|-0.0073499233|0.6008936|0.7447601
1509425615495|0.2974896|-0.00682207|0.59450036|0.74700916
1509425615632|0.33243042|0.020688415|0.5902638|0.7352895
1509425615736|0.3167484|-0.016673978|0.5737878|0.7550894
1509425615858|0.28473487|-0.01107672|0.6033783|0.74480736
1509425615977|0.23197794|-0.04348609|0.6739373|0.700074
1509425616102|0.18287303|-0.045854393|0.7166552|0.6714612
1509425616217|0.24405925|-0.021469807|0.70231026|0.6683819
1509425616338|0.26124504|-0.0101437485|0.7220741|0.6405131
1509425616455|0.23668061|-0.026815776|0.7287774|0.6419865
1509425616577|0.23558001|-0.05532486|0.6912205|0.68092245
1509425616696|0.25376874|-0.051341828|0.6797179|0.68625724
1509425616818|0.25317556|-0.0667619|0.6549247|0.7088855
1509425616943|0.22629604|-0.05496135|0.6163397|0.7522598
1509425617057|0.23909868|-0.042128216|0.6110284|0.7534596
1509425617177|0.22475934|-0.04772104|0.657846|0.71724796
1509425617295|0.17811832|-0.046938006|0.6741539|0.71525323
1509425617417|0.1674273|0.082853734|0.6901354|0.69915414
1509425617538|0.16337593|0.10500708|0.74815565|0.63446426
1509425617658|0.18821223|0.07977843|0.7509265|0.6279498
1509425617785|0.20615044|0.10038631|0.7098334|0.6660038
1509425617899|0.2190607|0.09192374|0.72459656|0.64693296
1509425618020|0.24175502|0.068782926|0.6979687|0.6705692
1509425618138|0.23804846|0.056684155|0.67106986|0.6998465
1509425618263|0.22599785|0.032603294|0.6629542|0.7129893
1509425618383|0.2160492|-0.026838085|0.6395683|0.7372617
1509425618497|0.22266375|-3.5859042E-4|0.62157387|0.75104374
1509425618623|0.20243628|0.009127527|0.61304104|0.7636209
1509425618748|0.23971844|0.019832356|0.592247|0.7690158
1509425618863|0.24943174|0.03774505|0.60550785|0.7547976
1509425618979|0.21916308|0.024248043|0.61320144|0.7585272
1509425619099|0.2212162|0.015566617|0.5891707|0.77698064
1509425619219|0.20254901|-0.03905649|0.54624104|0.81183076
1509425619337|0.21974164|-0.026934125|0.52906346|0.81919473
1509425619458|0.21541661|-0.01358953|0.5369781|0.81551546
1509425619581|0.2171036|-0.03768855|0.5340073|0.8162609
1509425619717|0.22708778|-0.039290484|0.5732951|0.7862697
1509425619820|0.20148833|-0.052811097|0.6232631|0.7537616
1509425619938|0.13208714|0.011804674|0.67342097|0.7272674
1509425620058|0.20189692|0.05534849|0.7192218|0.6624909
1509425620179|0.20054038|0.04495966|0.81543875|0.5411301
1509425620296|0.17587139|0.046802048|0.86696553|0.46395004
1509425620417|0.12904738|0.039110795|0.87235457|0.46990913
1509425620538|0.13231555|0.10208539|0.8541335|0.49247044
1509425620659|0.22813788|0.06180034|0.84290355|0.48337093
1509425620780|0.26150256|0.06099314|0.8197193|0.5059214
1509425620899|0.25601077|0.08567192|0.821642|0.5020192
1509425621021|0.2342051|0.048382323|0.8444072|0.4793575
1509425621136|0.22333628|0.05272471|0.853779|0.4673354
1509425621258|0.24485621|0.07162174|0.8606609|0.44065702
1509425621382|0.2717285|0.047829147|0.8544228|0.44027004
1509425621497|0.24000208|0.047477834|0.8494549|0.46751606
1509425621618|0.23240116|0.067660384|0.8270432|0.5073572
1509425621740|0.2512213|0.08815358|0.8097768|0.522856
1509425621862|0.27846763|0.04978568|0.808627|0.51584834
1509425621978|0.23998886|0.060639687|0.817372|0.5202222
1509425622100|0.20382786|0.07459904|0.8327892|0.50926554
1509425622221|0.1613034|0.01996141|0.88758224|0.43102267
1509425622344|0.19064759|0.039715208|0.90422547|0.3800691
1509425622458|0.21079871|0.053813178|0.92242473|0.31906208
1509425622579|0.1829577|0.059158325|0.9348298|0.29852977
1509425622697|0.17933324|0.056439195|0.9331916|0.30628031
1509425622821|0.21065396|0.10295259|0.93109846|0.27943033
1509425622954|0.17688295|0.12834302|0.94874394|0.22831005
1509425623061|0.06384253|0.16818842|0.9787541|0.09837292
1509425623183|-0.040238097|-0.16469051|-0.9855155|0.004149366
1509425623302|0.0073368032|-0.15401101|-0.9875181|0.0321686
1509425623420|0.039193|0.17735237|0.9833587|0.0039728335
1509425623543|-0.042788263|-0.18037847|-0.98091954|0.058562677
1509425623659|-0.018874748|-0.19927697|-0.9743465|0.10286533
1509425623778|-0.03920199|-0.19417517|-0.97505987|0.10008756
1509425623903|-0.099068485|-0.18113878|-0.97515917|0.08024191
1509425624024|-0.12848535|-0.13914883|-0.9813884|0.03171653
1509425624138|0.13482256|0.13681413|0.9813298|0.009829802
1509425624262|-0.0711838|-0.16950265|-0.98280793|0.01703695
1509425624383|-0.035734642|-0.13309596|-0.98959374|0.041385
1509425624502|-0.057909485|-0.10929551|-0.9905486|0.05928268
1509425624625|-0.04339898|-0.15281379|-0.9813501|0.108242325
1509425624740|-0.04914191|-0.16742596|-0.9772466|0.12059335
1509425624858|-0.03598523|-0.20087925|-0.9753511|0.0839219
1509425624983|-0.051486935|-0.20370097|-0.975564|0.064264126
1509425625098|-0.064835764|-0.1880436|-0.9792956|0.03763086
1509425625223|-0.06272124|-0.16263969|-0.9846726|0.0058546597
1509425625342|-0.019777646|-0.21148996|-0.97713244|0.00964483
1509425625460|-0.014236984|-0.2304839|-0.9727149|0.02236398
1509425625578|-0.014627584|-0.19871351|-0.9791774|0.0388656
1509425625700|-0.011860431|-0.2269274|-0.9709127|0.075444005
1509425625823|-0.018674564|-0.248157|-0.9623389|0.109421946
1509425625938|-0.017015254|-0.2700091|-0.9552972|0.11921791
1509425626063|-0.01744978|-0.30420798|-0.9474002|0.09790719
1509425626192|-0.02665278|-0.29675165|-0.94813836|0.11073294
1509425626298|-0.029485779|-0.2799331|-0.95565313|0.08657444
1509425626423|-0.025415046|-0.28294444|-0.95657146|0.06532633
1509425626543|-0.007986595|-0.29617748|-0.9533729|0.057404052
1509425626663|0.008618679|-0.3010337|-0.951795|0.05822977
1509425626781|-0.0064417184|-0.29286724|-0.9533561|0.07279771
1509425626906|-0.011449414|-0.27048862|-0.95589876|0.11385243
1509425627027|-0.013409095|-0.28919935|-0.9462873|0.14395939
1509425627143|-0.023302123|-0.2729448|-0.9511712|0.14223725
1509425627257|-0.0148863625|-0.27981362|-0.9458185|0.16404293
1509425627389|-0.0057124826|-0.26553795|-0.9482171|0.17418753
1509425627505|-0.019355185|-0.23684977|-0.9581684|0.15950222
1509425627634|-0.033800367|-0.2693168|-0.95116353|0.14701693
1509425627745|-0.017826112|-0.24974234|-0.95521855|0.15769759
1509425627858|-0.032933965|-0.2363592|-0.9582476|0.15751569
1509425627982|-0.016990859|-0.23949459|-0.9540127|0.17948096
1509425628101|-0.008451042|-0.22776413|-0.95090985|0.20933829
1509425628222|-0.011946779|-0.22327402|-0.9449931|0.2387344
1509425628343|-0.019415153|-0.21662618|-0.94904965|0.2280372
1509425628461|-0.027536122|-0.24316493|-0.94554204|0.21462257
1509425628588|-0.050886385|-0.24006608|-0.95037127|0.19124162
1509425628702|-0.0600728|-0.2394024|-0.9587546|0.14095154
1509425628826|-0.05995986|-0.26698452|-0.9566564|0.099662445
1509425628941|-0.054309826|-0.2778735|-0.9533337|0.104840904
