1509412124432|2062
1509412124761|2086
1509412125092|2385
1509412125426|2626
1509412125776|2746
1509412126095|2394
1509412126428|2049
1509412126758|1948
1509412127092|1883
1509412127425|2061
1509412127759|2350
1509412128093|2086
1509412128427|1096
1509412128761|2154
1509412129093|1911
1509412129424|1828
1509412129759|1839
1509412130099|1936
1509412130425|2027
1509412130760|1939
1509412131093|1925
1509412131426|1882
1509412131759|1855
1509412132095|1919
1509412132431|1940
1509412132759|2068
1509412133093|2384
1509412133426|2189
1509412133763|2167
1509412134094|2061
1509412134425|1982
1509412134759|1836
1509412135092|1768
1509412135428|1843
1509412135760|2042
1509412136098|2055
1509412136425|2288
1509412136758|2248
1509412137091|1920
1509412137430|2037
1509412137758|1891
1509412138093|1824
1509412138431|1771
1509412138764|1570
1509412139094|1554
1509412139430|1162
1509412139757|967
1509412140091|861
1509412140424|1124
1509412140759|1303
1509412141090|1399
1509412141426|1859
1509412141757|1798
1509412142094|1809
1509412142424|1588
1509412142761|1146
1509412143091|864
1509412143430|964
