1509425997170|0.0093073845|-0.001247406|-0.025532365
1509425997282|0.1267283|-0.0362463|0.78327346
1509425997398|-0.9501996|0.10076618|-0.5305731
1509425997519|0.45598888|0.022526741|-0.097328186
1509425997639|0.5452781|-0.29528904|-0.07659578
1509425997760|-0.10853243|-0.042247772|0.22878242
1509425997879|-0.086895466|0.17474174|0.05927658
1509425998000|-0.09320402|0.05627823|-0.041862488
1509425998121|-0.0416162|0.043465614|-0.24590325
1509425998241|0.14848304|-0.008657455|-0.04973197
1509425998360|0.05781126|8.2588196E-4|0.3663795
1509425998479|0.11516166|-0.08999157|0.24317455
1509425998600|-0.05026388|0.008544922|0.04110527
1509425998723|0.032079935|0.021544456|-0.057893515
1509425998844|0.0122618675|0.013446808|-0.11893368
1509425998963|-0.025639057|-0.030459404|0.10881901
1509425999086|-0.0056889057|-0.011760712|-0.13048148
1509425999206|0.009157896|0.019987106|-0.039443016
1509425999331|0.043952227|-0.005979538|-0.0042705536
1509425999443|-0.01132226|0.022069931|-0.029636621
1509425999561|-0.008600712|0.0037956238|0.018570423
1509425999681|-0.03475666|-0.02491951|0.009012699
1509425999805|0.07929301|0.03429699|-0.016137123
1509425999923|-0.082163334|-0.002149582|0.11209369
1509426000041|0.007797003|-0.0055351257|0.09700823
1509426000161|-0.07947397|-0.015802383|0.033187866
1509426000281|0.055692196|-0.014960289|0.08978844
1509426000409|0.0016047955|-0.015422821|-0.0016508102
1509426000522|0.03316617|0.017781258|0.1055603
1509426000641|-0.017581463|0.012335777|-0.06363225
1509426000763|-0.04158449|-0.01304245|0.059529305
1509426000888|0.017908335|0.027317047|-0.0016944408
1509426001002|-0.0064561367|-0.008743286|0.053471327
1509426001121|0.016757727|0.0522995|-0.21446347
1509426001248|-0.02769208|-0.015001297|0.06645203
1509426001365|0.04106307|-0.008583069|0.021855593
1509426001485|-0.024585247|-0.0072727203|-0.03831148
1509426001604|0.025948524|0.0011510849|0.03305483
1509426001722|0.007152796|-0.023118973|0.01975131
1509426001840|-0.020235062|0.020431519|-0.07124305
1509426001962|0.017717838|9.3460083E-4|0.031459093
1509426002084|0.0073006153|-0.02446556|0.0024375916
1509426002210|-0.022145271|0.009007454|0.027913332
1509426002331|0.04373455|-0.010540009|-0.044962168
1509426002441|0.006023407|0.01807785|0.021403551
1509426002569|0.012506723|-0.0066890717|0.0027213097
1509426002687|-0.09237075|-0.0887804|0.77712154
1509426002801|-0.029515505|-0.0012493134|0.31975818
1509426002924|0.025648594|-6.3323975E-4|-0.020436287
1509426003040|-3.7503242E-4|-0.015133858|-0.09347916
1509426003168|0.22531414|0.07144737|-0.13285637
1509426003369|-0.33049512|-0.39887333|0.5487292
1509426003496|-0.10715699|-0.46749115|2.3828287
1509426003610|-0.40710342|-0.053937912|-0.13636386
1509426003729|0.13824928|0.023225784|-0.059743285
1509426003852|0.18056095|-0.30643845|-0.04500723
1509426003972|1.2503868|0.00592041|-0.9725268
1509426004093|0.9710333|0.19406986|0.0049237013
1509426004212|-0.44460917|1.6982336|1.3256892
1509426004328|1.0105085|-0.83000565|-0.58386374
1509426004452|-1.4355803|-0.98750114|0.05279255
1509426004572|-2.487371|-1.1979685|-0.33367395
1509426004693|-0.7651634|-2.0083532|0.36624765
1509426004808|-0.08611965|0.2501669|-0.20701122
1509426004929|0.17688489|0.10490322|0.13017035
1509426005052|0.9808576|0.23120594|0.5362828
1509426005171|0.5976411|0.38379955|-0.47157717
1509426005288|-0.44796216|-0.12313461|-0.3721292
1509426005411|-0.04009223|-0.067718506|0.03987789
1509426005532|0.20151734|0.0047073364|-0.11356163
1509426005654|-0.36651444|-0.11201191|0.47438455
1509426005769|0.017140746|-0.08485699|-0.1416893
1509426005900|0.00223279|0.039167404|-0.11810827
1509426006014|-0.13289022|-0.103191376|-0.051291466
1509426006131|-0.18985796|-0.18828869|0.22539067
1509426006252|0.12889886|0.40753746|-0.19496846
1509426006372|-0.34465337|-0.45113468|-0.2312367
1509426006491|0.3764367|0.533432|-1.1408501
1509426006609|0.2947669|-0.39577007|0.42700076
1509426006735|-0.022736788|-0.3045206|1.2512796
1509426006849|-1.0924132|-0.36451817|-0.6328857
1509426006974|0.4970672|0.38132572|0.20139027
1509426007093|0.45167446|-0.13926697|0.04205966
1509426007209|-0.15900064|0.13221169|-0.25176382
1509426007333|-0.19880152|-0.20397472|0.016129732
1509426007449|0.05086112|0.15172386|-0.39824843
1509426007572|0.26263618|-0.023818016|-0.045628548
1509426007690|-0.24106455|-0.08842468|-0.026088476
1509426007810|-0.042069435|0.0473547|-0.1071949
1509426007929|0.09288406|0.029554367|0.03950286
1509426008058|-0.03230977|0.008429527|-0.04809618
1509426008170|-0.03629279|-0.027464867|-0.031734943
1509426008290|0.011753559|0.010672569|0.017074347
1509426008417|0.004520893|0.008478165|-0.061074257
1509426008536|-0.04114282|0.023374557|0.014041901
1509426008655|0.068853855|-0.005180359|0.056346655
1509426008777|-0.03679514|0.009044647|-0.044480562
1509426008891|0.054891944|0.043661118|-0.010379791
1509426009010|0.0044033527|0.010064125|0.027113914
1509426009138|-0.03668976|0.01203537|0.0709703
1509426009258|0.07890153|0.03094101|-0.07774925
1509426009374|0.011058331|-0.0023241043|0.03114605
1509426009490|-0.0013990402|0.0349226|-0.25163627
1509426009608|-0.0043400526|-0.050251007|-0.030797243
1509426009733|-0.075801015|0.03674221|0.17891574
1509426009854|0.043508053|0.04373455|0.13101077
1509426009973|0.017980337|0.015781403|0.123869896
1509426010097|-0.040124416|-0.024112701|0.0613389
1509426010209|0.0010482073|0.0112781525|-0.038426876
1509426010347|-0.040562987|-0.04454422|0.015626669
1509426010455|3.618002E-4|0.03781414|0.020182371
1509426010576|0.040468216|-8.096695E-4|-0.01844716
1509426010693|-0.08451903|-0.063669205|-0.168751
1509426010818|-0.012819648|-0.032183647|-0.012208462
1509426010931|-0.025454044|-0.003320694|-0.062336683
1509426011051|0.017628312|-0.036147118|-0.044532776
1509426011172|-0.085742354|0.044772148|-0.0020902157
1509426011291|0.01680684|0.017515182|-0.07578707
1509426011420|0.04007709|-0.055820465|-0.07884359
1509426011531|-0.042826533|-0.0169487|-0.22369075
1509426011654|-0.0016034842|-0.010198593|0.07865572
1509426011772|-0.0076503754|0.009810448|-0.101112366
1509426011891|0.037595034|0.018648148|0.07369399
1509426012013|-0.011564493|0.014515877|0.005129814
1509426012143|-0.0061348677|0.023357391|0.0020375252
1509426012241|-0.01412034|-0.028716087|-0.022240639
1509426012327|-0.010700703|0.012205124|-0.05662608
1509426012460|0.016527772|0.008824348|0.07866597
1509426012588|-0.0043206215|-0.009126663|-0.042170286
1509426012729|-0.0074244738|-0.015265465|-0.09449482
1509426012853|0.027278662|-0.016797066|0.033504725
1509426012988|0.009985924|-0.030273438|-0.30644655
1509426013127|-0.026982069|-0.004641533|0.025234222
1509426013268|-0.07298899|0.025409698|0.020964384
1509426013399|0.027362704|-0.004640579|0.03959489
1509426013522|0.03283465|0.020080566|-0.021113396
1509426013644|-0.013457537|0.0192976|0.065764904
1509426013761|-0.01111877|0.022396088|-0.01507616
1509426013878|-0.019678235|-0.026914597|0.041141033
1509426014002|-0.017717957|-0.014185905|-0.056442738
1509426014118|-0.0014989376|-0.014279366|-0.030659437
1509426014239|-0.033892393|-0.029597282|-0.01510334
1509426014328|0.001295805|0.045006752|0.0063922405
1509426014465|0.008105755|-7.7724457E-4|0.023043394
1509426014594|0.00991559|-0.011257172|0.012637138
1509426014725|0.027558804|-0.034070015|0.093432665
1509426014863|-0.008168936|-0.01927185|-0.09602666
1509426014994|0.1989876|-0.101688385|0.45347428
1509426015131|-0.28406763|0.22010517|-0.963459
1509426015267|-0.41102982|0.069493294|0.24687433
1509426015390|-0.31554413|0.048189163|-0.09068537
1509426015509|-0.136657|-0.040335655|0.27051783
1509426015628|-0.3676362|0.100411415|-0.2827785
1509426015750|0.110402584|-0.089300156|-0.5690677
1509426015872|0.22341442|-0.16464138|0.18618321
1509426015988|0.13612294|-0.06909847|0.67531097
1509426016110|-0.043063164|0.07545376|-0.512681
1509426016239|0.031933546|-0.105778694|0.23441303
1509426016351|1.0479891|-0.8648844|-0.17406082
1509426016468|0.76734734|-0.017747879|-0.2856058
1509426016601|-1.6127648|0.3713169|1.7865732
1509426016711|-0.5355716|-0.25575542|-1.3627007
1509426016833|-2.0727272|0.18911457|-0.7226564
1509426016950|-0.08929777|-0.53651524|0.6798285
1509426017071|-0.31910515|0.098903656|0.071034074
1509426017197|-0.089867115|-0.21745205|0.16051078
1509426017314|-0.3323984|0.23581076|0.2885077
1509426017430|-0.38223028|-0.10008049|-0.035951138
1509426017550|-0.13163996|0.21132421|-0.029215813
1509426017680|-0.017163277|0.012607574|0.42464352
1509426017793|-0.056140423|-0.11666632|0.17009997
1509426017928|-0.027318|-0.024087429|-0.010880232
1509426018037|-0.08928442|-0.023756027|-0.07841563
1509426018150|5.874634E-4|-0.014981747|-0.003304243
1509426018275|-0.09224272|0.041606426|-0.15589285
1509426018392|0.024269104|-0.036073685|0.08538246
1509426018512|-0.015910625|-0.06687832|0.12722301
1509426018630|-0.07791567|-0.0024900436|-0.042108297
1509426018762|-0.0065817833|-0.016308784|0.081320524
1509426018873|-0.011033058|5.8317184E-4|0.28581333
1509426018990|0.07977629|-0.038630962|0.18812561
1509426019114|-0.1041975|-0.026956558|-0.16842318
1509426019234|0.0015816689|-0.02260065|0.0402565
1509426019354|-0.031702995|0.025968552|-0.08545208
1509426019479|0.015315056|-0.01901102|0.0583179
1509426019596|-0.054932594|0.0030493736|-0.021331072
1509426019710|-0.0875926|-0.037017822|-0.08263183
1509426019837|0.01442337|-0.0018620491|-0.010237217
1509426019952|-0.012470722|0.026830196|-0.088570595
1509426020076|0.0022130013|-0.05792141|0.117005825
1509426020193|-0.08269644|0.014388084|-0.15075994
1509426020310|0.020014286|-0.0028018951|0.07081628
1509426020431|-0.01659584|0.0100951195|-0.05401969
1509426020560|-0.009361744|-0.013107777|0.0385046
1509426020674|0.06919384|-0.016507149|0.15919495
1509426020804|0.015282154|-2.632141E-4|0.06303811
1509426020909|-0.04238224|0.042019844|-0.108661175
1509426021036|0.07197428|-0.032863617|0.0561893
1509426021150|-0.1302576|0.011999607|-0.21916127
1509426021270|0.09931612|-0.020347595|0.22381115
1509426021397|-0.046942234|0.010331631|-0.083865166
1509426021516|-0.027926922|0.016130924|0.03942275
1509426021628|0.006119728|0.014839649|0.018740177
1509426021758|0.0020427704|0.014317989|-0.0015077591
1509426021873|-0.037326813|-0.005133152|-0.06431556
1509426021992|0.008390427|-0.0073099136|-0.009404182
1509426022113|-0.028699398|-0.01221323|-0.008559227
1509426022231|0.002158165|9.756088E-4|-0.004617214
1509426022352|0.058962345|-0.020788193|0.031471014
1509426022473|-0.08329821|0.051624298|-0.14725399
1509426022589|0.07196188|0.0064172745|0.17296791
1509426022711|-0.014126778|-0.0030317307|-0.065714836
1509426022834|-0.03988266|-0.029400349|0.0031852722
1509426022957|3.3807755E-4|0.018966675|0.13705397
1509426023071|0.05556965|0.034420013|0.018102169
1509426023190|0.01955986|-0.03142786|0.12785554
1509426023313|-0.030151844|0.01843357|-0.054484367
1509426023437|0.07897329|0.08245039|-0.013327837
1509426023553|-0.056515694|-0.0403347|-0.0212183
1509426023678|-0.0035042763|-0.06801081|0.047789097
1509426023792|-0.0010309219|-0.011179924|0.016341686
