1509432626515|1018.159
1509432626646|1018.1489
1509432626780|1018.1624
1509432626919|1018.1764
1509432627050|1018.14417
1509432627179|1018.1403
1509432627315|1018.16473
1509432627447|1018.13556
1509432627579|1018.1093
1509432627715|1018.1093
1509432627847|1018.16504
1509432627980|1018.1704
1509432628121|1018.16583
1509432628247|1018.1624
1509432628381|1018.15906
1509432628516|1018.15814
1509432628654|1018.1572
1509432628784|1018.1568
1509432628915|1018.1597
1509432629048|1018.1546
1509432629181|1018.16095
1509432629322|1018.16095
1509432629451|1018.16583
1509432629581|1018.168
1509432629714|1018.1722
1509432629848|1018.1662
1509432629982|1018.16327
1509432630114|1018.16327
1509432630248|1018.1573
1509432630380|1018.1539
1509432630513|1018.1496
1509432630647|1018.15753
1509432630786|1018.15753
1509432630914|1018.15753
1509432631048|1018.16046
1509432631186|1018.15375
1509432631314|1018.14777
1509432631450|1018.1485
1509432631581|1018.14557
1509432631716|1018.1481
1509432631849|1018.1488
1509432631982|1018.15094
1509432632115|1018.14667
1509432632258|1018.14667
1509432632382|1018.1408
1509432632514|1018.14496
1509432632649|1018.1433
1509432632787|1018.1399
1509432632915|1018.1404
1509432633055|1018.1462
1509432633184|1018.15204
1509432633315|1018.15204
1509432633449|1018.15424
1509432633581|1018.15326
1509432633719|1018.15405
1509432633848|1018.15405
1509432633981|1018.1562
1509432634126|1018.1586
1509432634256|1018.15607
1509432634387|1018.15314
1509432634516|1018.15466
1509432634650|1018.1568
1509432634783|1018.15173
1509432634917|1018.1484
1509432635057|1018.1525
1509432635190|1018.15424
1509432635321|1018.15424
1509432635456|1018.15424
1509432635588|1018.15424
1509432635716|1018.1567
1509432635852|1018.16174
1509432635985|1018.1656
1509432636120|1018.1605
1509432636251|1018.15717
1509432636388|1018.1579
1509432636514|1018.1536
1509432636648|1018.1519
1509432636781|1018.1519
1509432636922|1018.1502
1509432637054|1018.1507
1509432637182|1018.1456
1509432637315|1018.1439
1509432637449|1018.1447
1509432637590|1018.1435
1509432637724|1018.151
1509432637856|1018.15686
1509432637984|1018.1573
1509432638118|1018.15393
1509432638249|1018.15393
1509432638384|1018.15393
1509432638526|1018.1505
1509432638652|1018.1547
1509432638783|1018.1589
1509432638918|1018.14624
1509432639055|1018.14795
1509432639183|1018.1487
1509432639316|1018.1492
1509432639451|1018.14996
1509432639582|1018.14996
1509432639716|1018.14996
1509432639850|1018.14996
1509432639995|1018.1524
1509432640121|1018.1507
1509432640251|1018.14996
1509432640383|1018.15576
1509432640517|1018.1591
1509432640650|1018.16547
1509432640784|1018.1662
1509432640916|1018.16284
1509432641050|1018.16284
1509432641184|1018.1679
1509432641317|1018.1679
1509432641451|1018.1679
1509432641584|1018.1684
1509432641719|1018.17255
1509432641851|1018.17084
1509432641984|1018.1716
1509432642117|1018.16486
1509432642251|1018.16486
1509432642384|1018.1602
1509432642517|1018.15515
1509432642651|1018.15594
1509432642788|1018.15594
1509432642916|1018.15594
1509432643051|1018.1601
1509432643188|1018.1601
1509432643318|1018.15765
1509432643454|1018.1618
1509432643584|1018.1618
1509432643719|1018.1567
1509432643851|1018.155
1509432643985|1018.1567
1509432644118|1018.1608
1509432644250|1018.15656
1509432644385|1018.15656
1509432644517|1018.1519
1509432644651|1018.1519
