1509453163979|3.3599854|-18.125916|-19.02771
1509453164071|1.6189575|-18.800354|-18.247986
1509453164230|1.2176514|-19.221497|-17.407227
1509453164341|-0.2609253|-20.475769|-16.926575
1509453164425|1.2405396|-18.518066|-17.736816
1509453164570|1.5151978|-20.030212|-17.26532
1509453164688|2.1606445|-19.288635|-16.514587
1509453164841|3.2226562|-20.02716|-15.8706665
1509453164956|1.8112183|-19.573975|-16.383362
1509453165073|2.6550293|-19.166565|-15.492249
1509453165225|3.0029297|-20.214844|-15.254211
1509453165308|1.8829346|-21.476746|-15.90271
1509453165417|3.5369873|-21.72699|-14.599609
1509453165570|3.5049438|-20.405579|-15.22522
1509453165686|3.5324097|-20.53833|-16.238403
1509453165841|3.8604736|-19.120789|-17.071533
1509453165955|5.3848267|-20.887756|-15.570068
1509453166070|6.5078735|-20.056152|-13.746643
1509453166223|5.264282|-23.8266|-12.599182
1509453166340|5.317688|-23.243713|-11.898804
1509453166493|5.519104|-24.92981|-10.054016
1509453166610|8.529663|-25.149536|-8.609009
1509453166764|8.047485|-24.938965|-7.2662354
1509453166878|8.494568|-25.8255|-7.408142
1509453167032|8.200073|-25.85907|-8.235168
1509453167147|7.7575684|-24.717712|-7.4798584
1509453167309|7.5286865|-25.654602|-8.406067
1509453167421|7.017517|-24.23706|-8.401489
1509453167570|6.692505|-24.771118|-8.425903
1509453167686|6.678772|-25.283813|-7.8948975
1509453167840|6.2026978|-24.563599|-9.584045
1509453167955|5.821228|-23.832703|-10.3012085
1509453168113|6.616211|-23.504639|-10.873413
1509453168224|7.398987|-22.402954|-11.787415
1509453168342|6.2927246|-24.484253|-11.186218
1509453168494|6.744385|-23.880005|-11.450195
1509453168609|5.961609|-25.144958|-10.157776
1509453168762|7.8201294|-24.240112|-9.127808
1509453168878|7.0526123|-25.05188|-9.216309
1509453169039|7.1243286|-24.667358|-9.963989
1509453169154|7.447815|-24.116516|-11.154175
1509453169301|6.6589355|-23.683167|-11.231995
1509453169416|6.793213|-23.530579|-11.755371
1509453169572|5.5282593|-24.113464|-11.889648
1509453169690|7.286072|-23.59314|-11.047363
1509453169838|7.0770264|-23.526001|-11.087036
1509453169957|6.011963|-24.310303|-11.175537
1509453170110|6.567383|-24.095154|-11.175537
1509453170226|6.5963745|-23.947144|-9.957886
1509453170338|7.1884155|-21.469116|-10.466003
1509453170494|4.904175|-22.642517|-12.09259
1509453170609|5.534363|-21.04187|-14.752197
1509453170761|5.899048|-18.608093|-16.241455
1509453170877|5.986023|-18.411255|-16.036987
1509453171032|6.729126|-17.694092|-18.067932
1509453171148|4.8583984|-16.749573|-17.43164
1509453171300|-0.52337646|-17.77649|-18.34259
1509453171416|-1.9546509|-19.311523|-16.751099
1509453171569|0.37384033|-16.877747|-19.438171
