1509432626493|-0.0016883612|0.030998707|0.3762169
1509432626617|0.20729822|0.111178875|-0.09474039
1509432626737|-0.8497125|-0.013456821|0.36873627
1509432626858|-4.2237115|0.060955524|-0.02162695
1509432626980|-5.030306|-0.01046133|-0.052328587
1509432627098|2.2308626|-1.6178107|-1.7669067
1509432627214|4.624177|-0.9837179|0.26808786
1509432627340|2.050003|-1.3532465|1.3361149
1509432627453|-1.1255293|-0.20208678|2.0758696
1509432627573|-1.3508887|-1.2459089|-0.20946598
1509432627692|-0.094814494|-0.026548035|4.0311813
1509432627814|-0.062773965|-0.542784|0.22837353
1509432627933|0.0077858306|0.017290622|0.049578667
1509432628058|0.024589505|0.0039819777|0.02598095
1509432628180|0.015323177|8.95299E-4|0.057717323
1509432628295|0.013302915|0.012764767|0.029680252
1509432628425|0.0048408955|0.011061102|0.022511482
1509432628537|0.006279409|-0.0029099882|0.020460129
1509432628665|0.018026754|0.0033049434|-0.026706696
1509432628781|6.7295134E-4|-0.002272576|0.013336182
1509432628900|-0.007031627|0.011952512|0.007306099
1509432629013|-0.0046456717|0.0073997155|0.0046596527
1509432629135|0.007457014|0.0060746|0.006529808
1509432629259|0.0108681135|0.0013191923|-0.069096565
1509432629374|0.007873811|-5.95361E-4|0.0022392273
1509432629479|0.004667267|-0.009159133|0.0076055527
1509432629611|-0.009441268|0.0059925467|0.016100883
1509432629749|-0.005464755|0.007490322|0.02217102
1509432629879|-0.0035058223|1.559332E-4|0.009485245
1509432630016|0.0077277496|0.0083190575|-0.0067005157
1509432630149|-0.0030154772|-0.0036675334|-0.014744759
1509432630277|-6.320402E-4|-0.0062904432|-0.0078754425
1509432630413|0.00480251|0.0058194622|-0.00716877
1509432630549|0.004126236|-0.014397241|0.0021438599
1509432630684|7.582791E-4|-3.374815E-4|-0.0044584274
1509432630815|0.0037757084|-0.0012954101|-0.0021028519
1509432630951|0.004267007|-0.0018156767|0.0023612976
1509432631091|-7.867366E-4|-0.006408073|-0.0035800934
1509432631216|-0.0069092438|0.0021756962|-0.0070877075
1509432631352|-0.007961109|-0.008998439|0.006703377
1509432631484|0.0051674806|-0.016656391|0.003165245
1509432631621|0.0074961185|-0.0078010038|0.013607025
1509432631753|-0.001784414|-0.004511997|-0.004384041
1509432631886|0.006027028|0.015266031|0.0064725876
1509432632020|-0.004126709|0.01244992|0.032073975
1509432632161|-0.009783313|0.0052560866|0.0014572144
1509432632289|1.7867237E-4|0.0015429482|-0.009501457
1509432632429|0.008982744|-0.0011392906|-6.5135956E-4
1509432632563|-3.610961E-4|0.005390726|-0.012579918
1509432632696|-0.0020774305|0.0022826418|-0.0073366165
1509432632824|-5.927533E-4|-0.002525635|0.0027227402
1509432632965|-0.012440875|-0.0023107827|-0.016763687
1509432633096|-0.011857059|0.0011526644|2.2888184E-4
1509432633230|4.3301284E-4|0.0010619983|0.027377129
1509432633365|0.021008365|0.006200351|-0.006511688
1509432633499|-5.601831E-4|-0.016229153|0.03504753
1509432633633|-0.011796787|-0.008443996|-0.011087418
1509432633764|0.0041669607|-0.0060783774|0.004963875
1509432633898|-0.0014383309|-0.0034994557|0.009128571
1509432634038|-0.006103806|-0.011872433|3.528595E-4
1509432634167|-0.010498431|-5.0607324E-4|0.013279915
1509432634300|-7.2232634E-4|0.0034924522|-0.004635811
1509432634439|0.009827718|0.005007632|-0.0022411346
1509432634568|0.0051758885|-0.0025360584|-0.014532089
1509432634705|0.010938961|0.008985184|-0.007706642
1509432634849|-0.0043567345|0.0010648668|-0.0051412582
1509432634972|0.0034205616|-0.0049429983|0.009189606
1509432635055|-0.0033471324|0.0019185767|-0.0046072006
1509432635179|-0.005009342|0.010150924|-0.0036382675
1509432635309|4.7036633E-4|0.003405556|-2.6607513E-4
1509432635455|-0.0017620623|0.0045455024|-0.0049467087
1509432635572|0.0014498755|0.0084408|-0.0046167374
1509432635711|0.00846814|8.5279346E-5|-1.039505E-4
1509432635843|0.0045748316|-2.856627E-4|-3.1661987E-4
1509432635981|0.0033794232|0.0022454783|-0.0030879974
1509432636108|7.786751E-4|0.0036959723|0.0020503998
1509432636245|-0.016418982|0.0039838925|-0.012811661
1509432636388|-0.015809428|0.021010384|0.008097649
1509432636508|-0.01367154|0.0051243454|0.012301445
1509432636644|0.0015041493|-7.8906864E-4|0.0130319595
1509432636777|-4.6640635E-4|-0.0040523484|-0.0017566681
1509432636919|-0.007937007|0.0042395517|0.005238533
1509432637051|0.006033659|-0.0010270104|-0.0017738342
1509432637180|-0.0035124645|0.0025284067|0.0023784637
1509432637314|0.0010117814|0.0044810176|-0.008766174
1509432637447|-0.011502661|0.0038958564|0.011516571
1509432637586|-0.0017523728|0.0072176903|-0.0067396164
1509432637722|-0.0016198158|-0.0059966147|-0.003903389
1509432637849|0.0143175535|-0.0057973415|-0.0018997192
1509432637985|-9.774119E-4|-0.0051701814|-0.0022087097
1509432638128|8.853525E-4|0.0014635026|-0.030359268
1509432638258|-0.0045092627|0.0045897067|-0.002940178
1509432638394|0.0018740408|4.0613115E-5|0.0024051666
1509432638534|0.0076202787|0.0027519688|0.009236336
1509432638655|0.0072038583|0.006551996|0.0037498474
1509432638790|0.0031027198|-0.004393153|-0.0020036697
1509432638926|-0.002752412|0.0027750954|0.007160187
1509432639062|-0.0019367673|-0.0063515976|0.0047063828
1509432639196|-0.008627076|-0.0015858337|0.0013542175
1509432639326|-0.0013731606|0.0026393533|0.003200531
1509432639466|-0.0029764362|-0.0015694574|-0.0074071884
1509432639594|-0.001167357|0.0052534565|-1.7166138E-4
1509432639728|-0.0068346076|0.0021401867|-0.009124756
1509432639863|0.0019359663|0.0041742995|-0.0057878494
1509432640006|0.0060265437|-0.0024861395|-0.004098892
1509432640131|0.0047630966|0.0046770945|0.004327774
1509432640269|0.00258179|0.0104391575|5.8174133E-4
1509432640407|-0.0069496855|-0.0019537434|4.5490265E-4
1509432640538|0.013899852|-0.0035544187|0.015727043
1509432640678|0.0024782307|-0.014991738|0.0025024414
1509432640803|0.0045621283|0.009555787|0.011429787
1509432640938|-0.004201956|-0.009917587|0.006670952
1509432641071|4.6697631E-4|0.0036275685|0.005036354
1509432641204|-0.0057814084|0.0010905862|9.050369E-4
1509432641338|0.0039511435|0.008788377|-0.0018863678
1509432641470|-0.004448086|-0.0028612688|4.043579E-4
1509432641606|0.00901337|0.010621101|-0.013401985
1509432641742|-0.0025657006|0.006143123|-0.007511139
1509432641874|-0.0029787868|-0.0042377934|-0.0092458725
1509432642011|-0.005191479|0.009612754|-0.006834984
1509432642140|-0.007886197|-0.006865591|-1.9931793E-4
1509432642280|0.011975359|0.006983988|-0.019542694
1509432642415|0.005447451|-0.0076874197|0.005599022
1509432642546|-0.005631916|-4.3385476E-4|-0.061553
1509432642677|-0.007593952|3.2660365E-4|0.014724731
1509432642815|0.0025204867|0.0065942854|0.013521194
1509432642952|-0.005577028|0.005327545|0.008331299
1509432643083|5.635172E-4|-0.010329336|0.012722015
1509432643210|0.0068349354|-0.0021260902|0.032766342
1509432643348|-0.009031147|0.013714865|0.0020008087
1509432643485|-0.0016924515|0.0046434775|-0.0055217743
1509432643620|0.0029230006|-0.0023520887|-0.0074367523
1509432643747|0.0032573044|-1.7155707E-4|-0.0070638657
1509432643884|0.003284838|0.008250773|-0.016449928
1509432644021|-0.0021353215|0.0012738705|-0.010647774
1509432644152|0.009184487|0.002781473|-0.010066986
1509432644289|0.01033261|-0.0013778657|0.0029258728
1509432644427|0.011476386|0.0018572435|-0.0021820068
1509432644555|-0.0022758506|-6.3307583E-4|-0.0066976547
1509432644689|-0.015016548|0.0038045496|-0.015474319
