1509432626506|101
1509432626841|101
1509432627173|74
1509432627507|85
1509432627840|64
1509432628184|56
1509432628507|57
1509432628840|57
1509432629174|57
1509432629507|57
1509432629845|57
1509432630175|57
1509432630508|57
1509432630841|57
1509432631178|57
1509432631508|51
1509432631841|27
1509432632177|26
1509432632506|50
1509432632840|57
1509432633173|56
1509432633514|57
1509432633839|57
1509432634174|57
1509432634509|57
1509432634852|56
1509432635180|57
1509432635513|57
1509432635847|57
1509432636176|56
1509432636506|57
1509432636839|57
1509432637172|57
1509432637507|57
1509432637844|56
1509432638178|57
1509432638508|57
1509432638845|57
1509432639175|56
1509432639507|57
1509432639840|57
1509432640175|56
1509432640510|57
1509432640845|57
1509432641174|56
1509432641509|57
1509432641841|56
1509432642173|56
1509432642509|56
1509432642840|55
1509432643175|56
1509432643511|56
1509432643841|56
1509432644181|56
1509432644508|57
