1509423970348|0.12780546|0.030285386|-0.29608536|0.9460877
1509423970466|0.13304393|-0.005989085|-0.3132491|0.94028634
1509423970588|0.12617035|-0.017647937|-0.32550618|0.93691796
1509423970712|0.13206849|-0.027302094|-0.33893582|0.93109345
1509423970831|0.1250601|-0.030814873|-0.34377477|0.93017703
1509423970954|0.1291384|-0.030472605|-0.3262523|0.93592423
1509423971073|0.12257147|-0.01954618|-0.29664692|0.9468869
1509423971195|0.11200445|-0.0068334136|-0.25194037|0.961215
1509423971313|0.10395398|0.002316903|-0.20135054|0.97398466
1509423971432|0.13842362|-0.0018144426|-0.19552298|0.9708792
1509423971548|0.1746004|-0.0023206698|-0.22623092|0.9582948
1509423971673|0.16444074|-0.0079393145|-0.25753117|0.95214176
1509423971790|0.1640941|-0.010795308|-0.2890756|0.9430758
1509423971908|0.173936|-0.011634597|-0.31589752|0.9326412
1509423972030|0.17089985|-0.0016601802|-0.3193143|0.9321099
1509423972150|0.14881001|0.0058140364|-0.30992487|0.9390252
1509423972267|0.17079398|0.00427199|-0.28217483|0.94402784
1509423972387|0.18851171|-0.005504718|-0.2800138|0.9412892
1509423972507|0.17667736|-0.0013182084|-0.29334638|0.9395378
1509423972629|0.17703316|0.0034670166|-0.30281174|0.93645734
1509423972749|0.1682528|0.0049835215|-0.31761238|0.9331605
1509423972871|0.15710272|0.0031129222|-0.32279652|0.9333335
1509423972991|0.15622954|-0.0020777578|-0.31914598|0.9347373
1509423973122|0.16159697|-0.007168912|-0.28313744|0.9453403
1509423973234|0.17053764|-0.012335929|-0.24031028|0.95551854
1509423973358|0.18105961|-0.010870719|-0.22220406|0.95797944
1509423973469|0.18755817|-0.01129279|-0.22772382|0.95542467
1509423973596|0.15992776|-0.011891178|-0.23557243|0.95853394
1509423973708|0.16215673|-0.019370234|-0.22765765|0.95994896
1509423973830|0.16894166|-0.022053128|-0.23098826|0.9579232
1509423973956|0.16897753|-0.018121233|-0.23213504|0.95772207
1509423974069|0.1679694|-0.017425641|-0.22496264|0.959622
1509423974190|0.16427796|-0.024498405|-0.22744069|0.9595224
1509423974307|0.1688146|-0.02666176|-0.22662103|0.95887107
1509423974431|0.1684224|-0.0255608|-0.21237512|0.9622252
1509423974550|0.17097194|-0.019667517|-0.18989237|0.9666037
1509423974671|0.18244188|-0.014052572|-0.18382569|0.9657772
1509423974792|0.18126136|-0.010238356|-0.20526919|0.96171933
1509423974915|0.18189716|-0.0031940492|-0.21130815|0.96033955
1509423975041|0.18714085|-0.002463986|-0.20371886|0.9609739
1509423975154|0.18125695|0.0014029403|-0.2032392|0.96220464
1509423975273|0.18061516|0.0020348215|-0.18559694|0.9658819
1509423975392|0.18038546|-0.004615031|-0.15818904|0.97078115
1509423975514|0.18541774|-0.001969746|-0.12654874|0.97447515
1509423975633|0.18633665|0.0019302934|-0.10631607|0.9767148
1509423975750|0.18668649|0.004753217|-0.093859755|0.97791404
1509423975870|0.179301|2.2891107E-4|-0.091308795|0.97954774
1509423975994|0.1786554|-0.006994317|-0.087408945|0.97999644
1509423976112|0.18327503|-0.007924537|-0.08668946|0.9791999
1509423976235|0.17888984|-0.0029288724|-0.0944246|0.97932315
1509423976359|0.16513042|-0.0068978798|-0.10811697|0.9803036
1509423976472|0.15691914|-0.014494175|-0.11242458|0.9810846
1509423976591|0.15412156|-0.020779066|-0.11139942|0.9815319
1509423976707|0.1610871|-0.023254095|-0.108855836|0.980643
1509423976830|0.15551801|-0.025138661|-0.11352942|0.9809655
1509423976965|0.16444042|-0.033034287|-0.121353954|0.978336
1509423977073|0.17854285|-0.054272607|-0.1265445|0.9742502
1509423977191|0.17813963|-0.05439874|-0.12631147|0.9743472
1509423977311|0.18447334|-0.054352462|-0.122437604|0.9736655
1509423977436|0.1888905|-0.051485956|-0.12029364|0.9732415
1509423977552|0.19083108|-0.05189404|-0.12337518|0.9724552
1509423977669|0.17423728|-0.053665157|-0.13982801|0.97324693
1509423977788|0.1493085|-0.050875578|-0.13669029|0.97797465
1509423977909|0.11687555|-0.077306785|-0.14877595|0.97889197
1509423978028|0.0936574|-0.029382288|-0.1290045|0.98677397
1509423978148|0.104794435|-9.253843E-4|-0.122811735|0.9868812
1509423978268|0.09872323|0.025430666|-0.1272308|0.9866201
1509423978388|0.10577977|0.031557593|-0.13208549|0.9850727
1509423978508|0.114954315|0.035531066|-0.1294782|0.98425525
1509423978627|0.114234045|-0.0024337766|-0.13742915|0.98389935
1509423978748|0.08876223|-0.039003417|-0.14799523|0.98422426
1509423978870|0.07436533|-0.045285933|-0.15394777|0.9842353
1509423978988|0.07074412|-0.044626113|-0.1588992|0.9837453
1509423979108|0.07320347|-0.049172405|-0.15986238|0.98319244
1509423979228|0.07589045|-0.045525085|-0.15680437|0.9836567
1509423979350|0.079029545|-0.04113945|-0.1538926|0.9840625
1509423979468|0.088692985|-0.027898174|-0.15059821|0.9842131
