1509422145290|-0.6477051|5.3733826|7.945343
1509422145399|-0.60461426|5.057358|8.883881
1509422145519|-0.12736511|5.3749847|7.7665863
1509422145640|0.019485474|5.3031616|8.017181
1509422145762|-0.14811707|5.24411|8.184769
1509422145881|0.25411987|5.1004486|8.527145
1509422146006|0.4368744|5.149933|8.041916
1509422146121|0.4951172|5.023041|8.713089
1509422146241|0.41452026|5.05336|8.047501
1509422146363|0.449646|4.952011|8.5989685
1509422146481|0.404953|4.9200897|8.254211
1509422146602|0.41931152|4.9376526|8.204727
1509422146720|0.38978577|4.780426|8.636475
1509422146840|0.26768494|5.187439|7.8040924
1509422146965|0.3506775|4.7812347|8.865524
1509422147081|0.31636047|5.1539154|8.074646
1509422147204|0.36026|5.012665|8.441757
1509422147330|0.36505127|4.9719696|8.270172
1509422147443|0.3147583|5.0429993|8.243027
1509422147563|0.3059845|4.854645|8.352371
1509422147681|0.2325592|5.046982|8.11853
1509422147801|0.3474884|4.8307037|8.546295
1509422147929|0.29641724|5.031021|8.18956
1509422148041|0.38259888|4.957596|8.343582
1509422148171|0.3059845|5.0557556|8.223877
1509422148287|0.36505127|4.991913|8.405838
1509422148408|0.35227966|5.0118713|8.239838
1509422148523|0.3315277|4.9663696|7.95253
1509422148649|0.72895813|4.4452515|8.830414
1509422148762|0.25650024|3.9951324|8.464096
1509422148882|1.94841|2.082962|9.905411
1509422149002|4.2723846|1.4676514|8.465698
1509422149124|-0.23750305|0.767746|9.429749
1509422149246|1.3945465|0.64404297|9.73143
1509422149361|1.3267212|1.5514526|12.021881
1509422149483|2.461563|3.3048096|3.3804016
1509422149610|3.43042|3.202652|7.278961
1509422149722|5.461502|0.7501831|9.616501
1509422149845|5.751999|0.06942749|9.626877
1509422149967|4.088028|0.529129|9.029129
1509422150094|2.0609436|1.246582|9.337173
1509422150209|0.8039856|2.2944489|9.247787
1509422150322|1.2580719|2.185913|9.071426
1509422150448|2.118393|1.6216736|9.182358
1509422150562|3.5030518|1.1891174|9.157623
1509422150682|3.3091125|1.1316681|9.0985565
1509422150802|3.7791748|1.004776|8.910217
1509422150923|3.5980072|1.039093|8.858337
1509422151051|3.9651337|0.73184204|9.077011
1509422151163|3.6012115|1.0159454|8.880692
1509422151283|3.555725|0.9864197|8.931763
1509422151403|3.7217102|0.9010315|9.015564
1509422151534|3.6834106|0.9441223|8.951721
1509422151643|3.728897|0.89224243|8.935745
1509422151761|3.6802063|0.9401245|8.929367
1509422151888|3.4727173|0.9864197|9.003586
1509422152002|3.6530762|0.9026184|9.03392
1509422152123|3.930008|0.846756|8.909424
1509422152250|3.7209167|0.8826599|9.036316
1509422152361|3.7009583|0.9377289|8.950912
1509422152481|3.8342438|0.8834686|8.927765
1509422152605|3.715332|0.9217682|8.933365
1509422152722|3.7927399|0.8954315|8.952515
1509422152845|3.771988|0.93614197|8.873505
1509422152968|3.795929|0.8898468|8.922195
1509422153089|3.8246613|0.8746948|8.958099
1509422153203|3.8126984|0.88186646|8.928574
1509422153321|3.8262634|0.8666992|8.9301605
1509422153449|3.8390198|0.8738861|8.910217
1509422153565|3.8358307|0.8427582|8.927765
1509422153683|3.8446198|0.88586426|8.917389
1509422153803|3.8549805|0.8627167|8.896652
1509422153923|3.861374|0.87309265|8.90303
1509422154041|3.8142853|0.8794708|8.8958435
1509422154171|3.8517914|0.8595276|8.911804
1509422154306|3.8805237|0.84754944|8.907028
1509422154438|3.8230743|0.8547363|8.921387
1509422154573|3.9236298|0.84994507|8.930969
1509422154706|3.8254547|0.8523407|8.916595
1509422154842|3.8278503|0.8619232|8.902237
1509422154975|3.849411|0.8619232|8.892654
1509422155111|3.8374329|0.8451538|8.880692
1509422155243|3.8589783|0.84994507|8.904633
1509422155377|3.794342|0.881073|8.904633
1509422155512|3.7967377|0.89782715|8.880692
1509422155643|3.9930573|0.8714905|8.8615265
1509422155791|3.1000214|1.0031738|9.278122
1509422155911|4.4694977|0.72065735|8.665207
1509422156058|3.6004028|0.94810486|8.8567505
1509422156173|3.9347992|0.8044586|8.926971
1509422156297|3.9826813|0.8291931|8.862335
1509422156413|3.8342438|0.8683014|8.886276
1509422156534|3.9148407|0.85154724|8.916595
1509422156652|3.8653717|0.8627167|8.9062195
1509422156772|3.8414154|0.8826752|8.90303
1509422156893|3.8661652|0.84436035|8.915802
1509422157014|3.906067|0.8651123|8.88707
1509422157134|3.8047028|0.85713196|8.922989
1509422157253|3.8326416|0.86909485|8.825623
1509422157373|3.833435|0.88905334|9.002792
1509422157492|3.7057495|0.9169922|8.890274
1509422157613|3.895691|0.78211975|8.988419
1509422157738|3.639511|0.89305115|8.99321
1509422157853|3.933197|0.8778839|8.877487
1509422157980|3.8773346|0.8842621|8.890259
1509422158094|3.9347992|0.81243896|9.018753
1509422158181|3.8996887|0.82440186|8.885483
1509422158309|3.794342|0.92097473|8.863129
1509422158423|3.8342438|0.80285645|8.92218
1509422158542|3.8382416|0.88027954|8.878296
1509422158666|3.9483643|0.7517853|8.915802
1509422158782|3.8549957|0.8427582|8.845581
1509422158900|3.888504|0.72465515|8.915802
1509422159021|3.7831573|0.8331909|8.868713
1509422159140|3.991455|0.72146606|8.909424
1509422159260|3.7648163|0.846756|8.934952
1509422159383|3.9427795|0.8834686|8.908615
1509422159499|3.775177|0.8307953|8.994019
1509422159622|3.835846|0.9888153|8.814453
1509422159751|3.9084625|0.7254486|8.96608
1509422159862|3.7711945|0.90901184|8.858337
1509422159983|3.9818878|0.68315125|8.962891
1509422160100|3.7328796|0.83477783|8.942139
1509422160226|4.003433|0.7613678|8.926178
1509422160344|3.8071136|0.791687|8.976456
1509422160461|3.8996735|0.9536896|8.857544
1509422160585|3.8573914|0.8084564|9.00679
1509422160703|3.7975311|0.99598694|8.8567505
1509422160825|3.941986|0.75657654|8.970871
1509422160942|3.754425|0.9800415|8.822433
1509422161061|3.9770966|0.72146606|8.9405365
1509422161182|3.780777|0.8970337|8.848755
1509422161306|3.9691162|0.6895294|8.891861
1509422161425|3.7895508|0.8419647|8.82962
1509422161541|3.9236145|0.7158661|8.876694
1509422161663|3.8326416|0.7861023|8.921387
1509422161785|3.886917|0.78689575|8.920593
1509422161900|3.874939|0.7829132|8.984436
1509422162026|3.8533936|0.8778839|8.908615
1509422162141|3.8637695|0.767746|9.003586
1509422162266|3.794342|0.9728546|8.863922
1509422162382|3.9667206|0.712677|8.965286
1509422162505|3.7775726|0.9528961|8.81604
1509422162622|3.974701|0.68315125|8.942139
1509422162743|3.7711945|0.84436035|8.847168
1509422162863|3.9858704|0.68873596|8.880692
1509422162981|3.8246613|0.8236084|8.845581
1509422163102|3.9156494|0.7358246|8.892654
1509422163228|3.8565826|0.7645569|8.977249
1509422163342|3.8390198|0.80685425|8.983643
1509422163461|3.9204407|0.7318268|9.045883
1509422163591|3.849411|0.8938446|8.930969
1509422163701|3.894104|0.74780273|8.975662
1509422163822|3.806305|0.9473114|8.82402
1509422163943|3.9276123|0.76535034|8.871109
1509422164065|3.8246613|0.8930359|8.802475
1509422164182|3.9739075|0.67437744|8.865524
1509422164303|3.8382263|0.80685425|8.815247
1509422164424|3.902069|0.6983185|8.859131
1509422164542|3.8661652|0.7517853|8.897446
1509422164663|3.9364014|0.7430115|8.942139
1509422164781|3.6969757|0.68473816|9.022736
1509422164903|4.0385437|0.8044586|8.884674
1509422165023|3.785553|0.82681274|8.918991
1509422165142|3.894104|0.9129944|8.8759
1509422165263|3.909256|0.77253723|8.975662
1509422165384|3.7911377|0.9488983|8.844772
1509422165511|3.9148407|0.66400146|8.968475
1509422165622|3.7352753|0.8970337|8.8120575
1509422165743|4.0114136|0.6536255|8.937347
1509422165862|3.8118896|0.78689575|8.965286
1509422165983|3.9411774|0.8004761|8.952515
1509422166111|3.859787|0.7358246|9.034714
1509422166223|3.816681|0.95129395|8.851959
1509422166343|3.9930573|0.70150757|8.964493
1509422166463|3.7951355|0.97843933|8.807266
1509422166588|3.97789|0.5171509|9.128082
1509422166703|3.760025|0.81881714|8.961288
1509422166822|4.0186005|0.64164734|8.9405365
1509422166943|3.8342438|0.7509918|8.958893
1509422167064|3.8789368|0.8579254|8.909424
1509422167181|3.952362|0.75338745|8.996414
1509422167305|3.8326416|0.9944|8.858337
1509422167425|3.9603424|0.7062988|8.969269
1509422167554|3.7935333|0.92655945|8.772949
1509422167665|4.012207|0.63526917|8.870316
1509422167782|3.8278656|0.8419647|8.762573
1509422167903|4.02977|0.59935|8.931763
1509422168024|3.8669586|0.7390137|8.950119
1509422168151|3.9395905|0.8459625|8.8759
1509422168268|3.9475708|0.70310974|8.9700775
1509422168384|3.794342|0.94970703|8.792892
1509422168504|4.0569|0.6719818|8.9253845
1509422168623|3.8222656|0.8459625|8.870316
1509422168744|3.9723053|0.6823578|8.910217
1509422168862|3.8996887|0.746994|8.890274
1509422168982|3.8589783|0.77493286|8.880692
1509422169104|3.9387817|0.7254486|8.917404
1509422169225|3.9156494|0.7501831|8.90303
1509422169343|3.909256|0.73661804|8.88707
1509422169464|3.9052734|0.746994|8.86792
1509422169586|3.891693|0.7454071|8.874298
1509422169720|3.930008|0.7358246|8.894257
1509422169824|3.8932953|0.73742676|8.902237
1509422169943|3.93161|0.71665955|8.905426
1509422170063|3.93161|0.73342896|8.881485
1509422170183|3.90448|0.73342896|8.874298
1509422170291|3.9619293|0.71347046|8.892654
1509422170427|3.9284058|0.6943207|8.9142
1509422170559|3.909256|0.7062988|8.9142
1509422170692|3.9236298|0.72784424|8.883087
1509422170826|3.9427795|0.72065735|8.904633
1509422170965|3.873352|0.7613678|8.854355
1509422171095|3.9116516|0.73742676|8.907028
1509422171231|3.8996887|0.7445984|8.885483
1509422171365|4.1438904|0.8044586|8.8615265
1509422171493|3.594818|1.4165802|9.8663025
1509422171609|2.255661|2.2569427|9.11293
1509422171730|1.3578339|3.4356842|8.70192
1509422171851|1.3347015|4.445236|8.579025
1509422171971|0.8063812|4.8857727|8.224686
1509422172093|0.8574524|4.9480133|7.3731384
1509422172212|0.9508209|4.4085236|9.547867
1509422172329|1.4599915|4.6016693|8.13768
1509422172449|1.4456177|4.4691772|8.62291
1509422172570|1.9675598|4.461197|8.640472
1509422172688|2.0337982|4.674286|7.72908
