1509453173344|-3.5437226|-0.33580983|9.1378145
1509453173463|-2.3816|1.1573966|9.442393
1509453173605|-1.597173|2.05608|9.454732
1509453173705|-0.9841316|2.423317|9.451424
1509453173828|-0.62795556|2.50744|9.459851
1509453173947|-0.017076226|2.698276|9.428118
1509453174065|-0.21845785|4.2537565|8.833358
1509453174184|-0.79306835|5.5523944|8.044398
1509453174309|-2.4426353|3.4023182|8.867251
1509453174425|-2.5186808|3.6111958|8.762756
1509453174546|-0.6788906|2.5862033|9.435096
1509453174668|-0.684741|3.02014|9.304852
1509453174785|-2.498672|3.489475|8.81763
1509453174912|-2.1316261|2.637387|9.201671
1509453175025|-0.2897147|1.6399028|9.664222
1509453175145|-0.7555803|3.186829|9.243571
1509453175265|-2.9650984|4.26588|8.317502
1509453175384|-3.6070333|3.6788971|8.344184
1509453175505|-2.7344787|2.8986137|8.960528
1509453175626|-3.0523252|3.6503582|8.574881
1509453175747|-4.4174275|3.3278804|8.098268
1509453175867|-4.5730867|3.39869|7.981615
1509453175990|-3.6244504|2.2187111|8.838047
1509453176113|-3.318115|3.010763|8.72329
1509453176227|-3.7814922|4.0888543|8.071677
1509453176345|-4.6874967|4.0355325|7.6100087
1509453176465|-4.9080763|4.468646|7.2188907
1509453176587|-4.807886|3.9978948|7.554565
1509453176708|-4.480588|3.4738772|8.00168
1509453176827|-4.119328|2.5773525|8.518145
1509453176945|-2.8825166|1.8126588|9.196508
1509453177069|-2.0183494|1.807831|9.424882
1509453177185|-1.8102682|2.2264473|9.377433
1509453177311|-1.6564213|3.3564823|9.064252
1509453177425|-2.024288|3.6525388|8.873083
1509453177547|-2.4407074|3.8711672|8.673373
1509453177665|-3.8319929|4.107936|8.038102
1509453177789|-4.517937|4.8396964|7.23436
1509453177910|-4.2973366|3.9340436|7.8883824
1509453178027|-3.5551872|3.4686027|8.455757
1509453178146|-2.9145827|3.2978766|8.763538
1509453178264|-2.3343077|2.8266811|9.095674
1509453178384|-1.6611156|2.4554145|9.347835
1509453178510|-1.3877697|2.5836048|9.357856
1509453178629|-0.81255835|2.9840956|9.306197
1509453178748|-1.2225603|3.713335|8.993713
1509453178871|-2.0120647|4.220945|8.62007
1509453178986|-2.8592613|4.0894103|8.44226
1509453179109|-3.6527953|4.733246|7.773279
1509453179225|-3.83043|4.6499057|7.737995
1509453179346|-3.3336048|3.8549118|8.378372
1509453179465|-2.7301948|3.384324|8.789925
1509453179585|-1.9048036|3.023549|9.132374
1509453179707|-1.3426186|3.0570035|9.220764
1509453179825|-0.9091247|2.994457|9.293928
1509453179945|-0.98550326|3.0742059|9.260044
1509453180067|-1.5027039|4.116802|8.772924
1509453180184|-2.426742|3.842511|8.69002
1509453180305|-3.482348|4.4340177|8.0239105
1509453180430|-3.8362563|5.062659|7.47148
1509453180545|-3.907419|3.7467258|8.177072
1509453180664|-3.312237|3.1521714|8.675442
1509453180790|-2.273466|2.5035195|9.205114
1509453180908|-0.94719815|1.9724075|9.559435
1509453181030|-0.48507845|1.4592953|9.685327
1509453181147|-1.2356263|2.015646|9.517394
1509453181266|-2.1023936|2.6212583|9.212998
1509453181386|-2.9091406|2.7650025|8.94774
1509453181513|-3.634125|3.370194|8.461992
1509453181626|-4.1117444|3.504633|8.184221
1509453181746|-3.2932372|1.9848552|9.021381
1509453181874|-2.3479598|1.6235474|9.381981
1509453181987|-1.4200728|1.8066502|9.533614
1509453182108|-1.5592612|1.7033666|9.530878
1509453182228|-2.3812265|2.6207952|9.14503
1509453182346|-2.9303675|3.434713|8.70552
1509453182467|-3.9895043|3.528232|8.234429
1509453182586|-4.554843|4.3524876|7.5152946
1509453182706|-4.2913613|3.078858|8.262883
1509453182830|-3.399119|2.4804919|8.8579645
1509453182947|-2.5193663|2.1665647|9.226548
1509453183066|-1.7463056|2.0209012|9.435929
1509453183193|-1.2481123|1.7579305|9.566729
1509453183307|-2.2458775|2.6749735|9.163566
1509453183432|-3.027793|3.293804|8.726609
1509453183549|-3.4377396|4.58515|7.957935
1509453183666|-3.752526|4.417534|7.9103937
1509453183786|-3.37003|3.3654451|8.572459
1509453183905|-2.3142903|2.8737776|9.086025
1509453184027|-1.6188445|2.8052118|9.256377
1509453184148|-2.0134506|2.4839046|9.2707405
1509453184268|-2.4956143|3.3386161|8.876708
1509453184386|-3.2869043|3.6241362|8.498958
1509453184511|-3.789994|4.374534|7.9164248
1509453184627|-3.7031054|3.5310197|8.365961
1509453184748|-2.466246|2.6660824|9.109338
1509453184868|-1.5766461|2.5067654|9.348834
1509453184985|-1.6184016|1.7753557|9.5078535
1509453185111|-1.1555761|1.3890197|9.638758
1509453185227|0.08388733|0.80103934|9.77352
1509453185347|0.0020892906|-0.06472192|9.806436
1509453185468|-0.048536386|0.1109629|9.805902
1509453185588|-0.47785842|0.30465043|9.790262
1509453185706|-0.9622183|0.84088403|9.723036
