1509422145313|97
1509422145646|95
1509422145981|98
1509422146314|100
1509422146648|102
1509422146983|101
1509422147314|102
1509422147647|101
1509422147988|102
1509422148322|102
1509422148651|103
1509422148983|109
1509422149314|105
1509422149647|101
1509422149981|108
1509422150314|108
1509422150647|104
1509422150982|112
1509422151318|113
1509422151647|113
1509422151980|113
1509422152313|113
1509422152646|113
1509422152989|113
1509422153314|114
1509422153646|114
1509422153982|115
1509422154319|115
1509422154650|115
1509422154981|114
1509422155313|115
1509422155646|114
1509422155988|114
1509422156319|115
1509422156646|115
1509422156979|115
1509422157317|115
1509422157646|115
1509422157984|115
1509422158315|115
1509422158648|114
1509422158982|115
1509422159312|115
1509422159651|114
1509422159980|115
1509422160314|115
1509422160646|115
1509422160982|115
1509422161313|114
1509422161648|114
1509422161994|115
1509422162314|115
1509422162648|115
1509422162979|115
1509422163326|115
1509422163654|115
1509422163982|115
1509422164315|115
1509422164646|115
1509422164983|115
1509422165315|116
1509422165647|115
1509422165981|115
1509422166313|116
1509422166652|116
1509422166979|116
1509422167324|116
1509422167647|115
1509422167983|115
1509422168313|116
1509422168651|115
1509422168979|116
1509422169312|115
1509422169652|116
1509422169981|115
1509422170313|116
1509422170651|116
1509422170981|115
1509422171323|116
1509422171648|111
1509422171978|106
1509422172312|96
1509422172647|104
