1509453163987|0.21520996|-0.10461426|0.008285522
1509453164106|0.24645996|-0.057739258|0.08959961
1509453164226|0.12075806|-0.07373047|0.17553711
1509453164348|0.050811768|-0.086868286|-0.022598267
1509453164462|0.15270996|0.17732239|0.11340332
1509453164583|0.024169922|-0.09573364|0.27424622
1509453164707|-0.06460571|0.35842896|0.041305542
1509453164826|0.06820679|0.013626099|-0.12557983
1509453164942|0.16656494|0.11412048|0.14854431
1509453165071|0.026306152|0.1158905|0.14891052
1509453165184|-0.002105713|0.04914856|0.11303711
1509453165307|0.08879089|0.13365173|0.27212524
1509453165423|0.05470276|-0.031463623|-0.08155823
1509453165543|-0.045074463|0.007949829|-0.12309265
1509453165663|0.016357422|0.05480957|-0.04675293
1509453165782|-0.16543579|0.031021118|0.0033111572
1509453165909|-0.12850952|0.38363647|0.063690186
1509453166022|0.36221313|-0.04460144|0.055877686
1509453166143|0.3050537|0.092453|0.07469177
1509453166267|1.1238861|-0.42845154|0.16204834
1509453166392|-0.22190857|-0.30239868|-0.27967834
1509453166502|0.6121979|-0.58221436|-1.1279907
1509453166622|0.5053253|0.40386963|-0.35568237
1509453166743|-0.035476685|-0.3968506|-0.07658386
1509453166863|0.20527649|0.32183838|0.4095459
1509453166987|-0.18675232|0.024642944|-0.0644989
1509453167102|-0.22367859|-0.34501648|-0.0758667
1509453167223|-0.2290039|-0.11279297|0.09776306
1509453167341|-0.08518982|-0.1387024|0.108062744
1509453167465|-0.23539734|-0.35708618|0.02746582
1509453167586|0.17544556|-0.096084595|-0.04852295
1509453167706|-0.26167297|-0.3190918|-0.086517334
1509453167825|-0.0677948|-0.34892273|-0.0332489
1509453167944|-0.37742615|0.098846436|-0.01373291
1509453168068|-0.13703918|0.23271179|-0.113861084
1509453168183|0.018493652|0.17271423|-0.098587036
1509453168307|0.19319153|-0.05419922|0.053741455
1509453168425|0.25001526|0.1904602|0.06829834
1509453168545|0.05116272|0.15530396|0.16986084
1509453168666|0.029846191|-0.05029297|-0.13800049
1509453168784|0.26385498|0.15602112|-0.1184845
1509453168903|-0.23114014|0.048065186|-0.22003174
1509453169024|0.12928772|0.01966858|0.08357239
1509453169152|-0.27374268|-0.13372803|0.002960205
1509453169266|0.040512085|-0.090408325|-0.005203247
1509453169387|-0.08518982|-0.059524536|0.059432983
1509453169505|-0.09051514|-0.08828735|0.086761475
1509453169632|-0.034423828|0.010437012|0.124053955
1509453169749|0.029144287|-0.10533142|-0.035736084
1509453169862|0.15447998|0.1748352|0.10700989
1509453169994|-0.0209198|-0.16107178|-0.03147888
1509453170105|0.22018433|0.21141052|0.2099762
1509453170224|-0.044708252|-0.1621399|-0.14227295
1509453170342|-0.24676514|-0.019042969|0.065460205
1509453170464|-0.36961365|-0.56658936|-0.018692017
1509453170585|-0.8653259|-0.098220825|-0.3027649
1509453170716|-0.24995422|-0.3425293|-0.2995758
1509453170828|-0.16722107|0.29237366|0.16061401
1509453170946|-0.09088135|-0.04850769|-0.20547485
1509453171064|-0.34831238|-0.1667633|-0.014083862
1509453171187|0.18147278|-0.9486542|-0.040008545
1509453171304|-0.092300415|-1.787384|0.31402588
1509453171425|0.3327484|0.92762756|0.38183594
1509453171544|-0.48075867|0.5881653|-0.059524536
