1509412124440|-1.247055|6.4300385|7.315674
1509412124567|-0.16807556|6.046158|6.9198303
1509412124682|-2.270172|6.7061615|7.291733
1509412124803|-1.417038|6.109207|7.2494354
1509412124922|-2.2278748|6.624756|7.8831024
1509412125040|-2.1097717|6.5521393|7.056305
1509412125168|-1.7937317|6.46994|6.9677277
1509412125283|-2.0108032|6.5928497|6.649292
1509412125401|-2.4186096|6.8162994|6.776184
1509412125527|-2.535141|6.83226|6.361191
1509412125646|-2.912613|6.8777466|6.1848145
1509412125777|-2.800888|6.813904|5.8224945
1509412125881|-1.9645233|6.588852|6.713135
1509412126001|-1.6620483|6.5896454|7.1600494
1509412126120|-1.2909546|6.1187897|7.057907
1509412126240|-1.3819275|6.0246124|7.3954773
1509412126361|-1.3516083|5.9982758|7.4313965
1509412126483|-1.4505615|6.088455|7.4553375
1509412126614|-1.1129761|5.706192|7.7530212
1509412126723|-1.1768188|5.5266266|7.5295563
1509412126842|-1.2406616|5.5114594|7.658844
1509412126960|-1.2550354|5.637558|7.6061707
1509412127080|-1.3436279|5.6535187|7.902252
1509412127206|-0.82089233|5.9264526|6.840027
1509412127321|-2.287735|5.02623|8.51358
1509412127441|-2.3547668|5.3135376|9.65242
1509412127561|-1.9557343|6.208969|5.3779755
1509412127686|-1.9022675|6.39093|6.621353
1509412127804|-2.5223694|6.2552643|6.853592
1509412127929|-4.460861|6.8641815|5.780197
1509412128041|-4.6412354|6.9208527|3.7546997
1509412128162|-4.691513|6.037384|6.9860687
1509412128282|-4.19751|6.564911|5.833664
1509412128404|-2.5901947|6.3470306|6.388321
1509412128523|-1.9653168|5.99588|7.381912
1509412128648|-0.43701172|6.169861|7.6612396
1509412128765|-1.6037903|7.11557|6.228714
1509412128885|-1.4761047|6.7117615|7.1720276
1509412129002|-1.2733917|6.5258026|7.1201477
1509412129121|-1.3491974|6.530594|7.1600494
1509412129243|-1.2446594|6.6415253|6.792145
1509412129365|-1.178421|6.667862|6.8751373
1509412129485|-1.8256531|7.1834106|6.279785
1509412129611|-0.9437866|6.5896454|7.1273346
1509412129723|-1.2326813|6.629547|7.0898285
1509412129841|-0.9469757|6.39093|7.187195
1509412129962|-1.4162445|6.91127|6.8456116
1509412130086|-1.243866|6.913666|6.6101837
1509412130202|-1.6851959|7.2352905|4.642151
1509412130323|-1.6189575|5.8889465|9.241409
1509412130448|-1.6548615|6.9240417|5.8927307
1509412130563|-1.0634918|6.441208|7.5144043
1509412130683|-1.3651733|6.5792694|6.9110565
1509412130801|-1.293335|6.5258026|7.056305
1509412130925|-1.2390747|6.551346|7.17601
1509412131043|-1.1361237|6.553726|6.998047
1509412131173|-1.412262|6.6167755|6.8631744
1509412131292|-1.2247162|6.645508|7.155258
1509412131403|-0.8990936|6.420456|7.011612
1509412131526|-1.375534|6.633545|7.251831
1509412131642|-1.1193695|6.5082397|7.020401
1509412131768|-1.3316498|6.6135864|6.8974915
1509412131884|-1.3061218|6.553726|7.132126
1509412132003|-1.3835297|6.535385|6.7801666
1509412132124|-1.6245422|6.4811096|7.128937
1509412132244|-1.5056305|6.3286743|7.108185
1509412132362|-1.7139282|6.2783966|7.2717896
1509412132481|-1.6109772|6.25206|7.265396
1509412132602|-1.7522278|6.245682|7.097809
1509412132723|-1.7825623|5.6622925|9.295685
1509412132858|-1.956543|6.5521393|6.511215
1509412132966|-1.9469604|6.5673065|6.803314
1509412133083|-1.9756927|7.0413513|6.829651
1509412133203|-2.0347443|6.9160614|6.21994
1509412133330|-1.7442474|6.7716064|6.935791
1509412133443|-2.026764|6.942383|6.352417
1509412133563|-1.7793732|6.3127136|8.491226
1509412133684|-1.7985077|6.933609|5.9940796
1509412133805|-1.6476898|6.7420807|7.0283813
1509412133923|-1.6804047|6.928833|6.006851
1509412134044|-1.8041077|6.8194885|6.907074
1509412134162|-1.7641907|6.8601837|6.8152924
1509412134283|-1.3963013|6.6862183|7.2877502
1509412134404|-1.4928589|6.842636|6.547943
1509412134524|-1.0323639|6.492279|7.3132935
1509412134642|-0.8911133|6.746872|6.73468
1509412134764|-0.85679626|6.6303406|7.0722656
1509412134887|-1.0619049|6.7612305|6.8695526
1509412135004|-1.030777|6.7995453|7.053116
1509412135123|-1.2350769|7.206558|6.264618
1509412135243|-0.84802246|7.1171722|6.9693146
1509412135363|-1.4705048|7.699753|5.1265717
1509412135484|-1.1105804|7.2233124|7.0515137
1509412135605|-1.3220673|7.756424|4.437042
1509412135732|-1.5958099|7.421234|6.666046
1509412135844|-1.4074707|7.713333|5.265442
1509412135964|-1.1848145|7.400482|6.413864
1509412136095|-1.0922241|7.2544403|6.1089935
1509412136205|-2.6732025|7.5489197|6.7777863
1509412136326|-1.6165619|7.512207|5.7706146
1509412136443|-1.83284|7.318283|5.8983154
1509412136563|-2.7043304|7.7364655|4.5280304
1509412136688|-2.5718384|7.543335|6.5319824
1509412136803|-1.8799286|7.814682|5.201599
1509412136925|-1.5559082|7.424423|6.9956512
1509412137043|-1.7745819|7.8410187|5.6094055
1509412137164|-1.1504822|7.4292145|6.3204956
1509412137283|-1.7203064|7.7436523|5.595047
1509412137411|-1.446579|7.65506|5.960556
1509412137530|-0.6309509|7.457947|6.2582397
1509412137650|-1.0626984|7.701355|5.9773254
1509412137763|-1.1808167|7.582443|5.7211456
1509412137892|-1.0499268|7.4324036|6.367569
1509412138005|-1.0283813|7.747635|6.228714
1509412138127|-0.36679077|7.5249786|5.6245728
1509412138245|-1.1161652|7.8721466|5.727524
1509412138364|-1.1121826|7.650284|5.89592
1509412138483|-0.70835876|7.382126|6.764206
1509412138607|-1.4505615|7.7779694|6.2023773
1509412138725|-0.46653748|7.5592957|4.005295
1509412138846|-1.1002045|7.5186005|6.524002
1509412138966|-1.0180054|7.7739716|5.2917786
1509412139084|-1.0132141|6.643921|6.8232727
1509412139206|-1.1600647|6.07489|7.539139
1509412139328|-0.033187866|5.6519165|8.080231
1509412139444|-1.0124207|5.959976|8.135284
1509412139566|-0.9326172|5.7532806|7.8144684
1509412139687|-0.55033875|5.8235016|7.873535
1509412139806|-0.689209|6.537781|7.472107
1509412139924|-0.352417|6.858597|6.524002
1509412140044|-0.7466736|6.3813477|8.121719
1509412140164|-0.39790344|6.6016235|6.999634
1509412140293|-0.39471436|6.681427|7.2773743
1509412140404|-0.32847595|6.8506165|6.7155304
1509412140528|-0.4098816|6.892914|7.4417725
1509412140646|-0.1505127|6.959152|6.158478
1509412140764|-0.85520935|7.364563|6.5455475
1509412140886|-1.5774536|7.5217896|6.7602234
1509412141011|-1.2741852|7.4563446|5.972534
1509412141124|-1.4577484|7.355789|6.437805
1509412141246|-0.9605408|7.1818085|6.042755
1509412141370|-2.290924|7.580841|6.3532104
1509412141487|-1.3125|7.419632|6.4521637
1509412141605|-1.5974121|7.595215|5.8951263
1509412141725|-2.3970642|7.5169983|5.5958405
1509412141846|-0.5527344|7.301529|6.753845
1509412141967|-2.1720123|7.6853943|5.8568115
1509412142090|-1.7594147|7.5624847|5.5782776
1509412142213|-0.7410736|7.1483|6.219925
1509412142328|-1.1752319|7.2440643|5.974121
1509412142445|-1.1496887|6.8897247|7.3954773
1509412142570|-0.22393799|6.7492676|6.671646
1509412142693|-0.012435913|6.529785|6.8839264
1509412142805|-0.19760132|6.4396057|7.1448975
1509412142925|0.3506775|6.3749695|7.9501343
1509412143046|0.03543091|6.7357025|6.5144196
1509412143165|0.32992554|6.667862|6.99646
1509412143285|0.4137268|6.7652283|6.9214325
1509412143408|-0.36279297|7.256027|6.3803406
