1509432626491|0.35865784|6.0397797|7.5534973
1509432626612|0.61802673|6.286377|7.6205444
1509432626736|-0.34124756|5.99588|7.040344
1509432626856|-1.9070587|6.457962|7.524765
1509432626975|-5.560608|6.485901|8.1440735
1509432627092|-0.3771515|4.5849|6.3172913
1509432627211|1.1495514|4.390167|6.903076
1509432627341|-1.2877502|2.4069824|8.71788
1509432627451|-3.155243|1.0374908|11.3116
1509432627571|-4.815216|-1.4125671|9.318817
1509432627691|0.03942871|1.7637329|9.352341
1509432627811|0.019485474|-0.6615906|9.677155
1509432627931|0.047409058|0.08779907|9.721848
1509432628054|0.07055664|0.094177246|9.741806
1509432628173|0.056991577|0.098968506|9.754578
1509432628292|0.06098938|0.10055542|9.744202
1509432628420|0.061782837|0.09817505|9.741013
1509432628532|0.0665741|0.09257507|9.7425995
1509432628656|0.07455444|0.09736633|9.701904
1509432628774|0.054595947|0.10055542|9.744995
1509432628892|0.052200317|0.10614014|9.75856
1509432629012|0.060180664|0.09976196|9.73941
1509432629132|0.062576294|0.10694885|9.737808
1509432629252|0.055389404|0.09817505|9.685944
1509432629378|0.06736755|0.10215759|9.752975
1509432629539|0.06655884|0.10055542|9.735413
1509432629679|0.0713501|0.10055542|9.72345
1509432629818|0.06655884|0.10295105|9.735413
1509432629940|0.056991577|0.08380127|9.764145
1509432630077|0.052200317|0.10534668|9.744995
1509432630208|0.059387207|0.08859253|9.773727
1509432630343|0.06895447|0.09098816|9.744995
1509432630481|0.061782837|0.10295105|9.7425995
1509432630612|0.047409058|0.10055542|9.7425995
1509432630753|0.049804688|0.10774231|9.744995
1509432630881|0.049804688|0.10534668|9.7425995
1509432631014|0.061782837|0.11013794|9.756958
1509432631148|0.056991577|0.10534668|9.740204
1509432631284|0.054595947|0.10295105|9.740204
1509432631417|0.061782837|0.10055542|9.728241
1509432631551|0.049804688|0.11253357|9.740204
1509432631691|0.056991577|0.10055542|9.737808
1509432631821|0.06655884|0.09577942|9.72345
1509432631956|0.06895447|0.08859253|9.754578
1509432632087|0.07853699|0.09338379|9.740204
1509432632223|0.056991577|0.09338379|9.747391
1509432632355|0.056991577|0.10774231|9.752182
1509432632490|0.059387207|0.09817505|9.759354
1509432632626|0.056991577|0.10295105|9.749786
1509432632758|0.06895447|0.10295105|9.759354
1509432632890|0.052200317|0.10055542|9.747391
1509432633030|0.06655884|0.08859253|9.7425995
1509432633158|0.054595947|0.09817505|9.749786
1509432633290|0.06417847|0.11013794|9.759354
1509432633430|0.061782837|0.10534668|9.701904
1509432633561|0.06655884|0.10295105|9.72345
1509432633694|0.061782837|0.10534668|9.744995
1509432633826|0.047409058|0.10055542|9.740204
1509432633962|0.06417847|0.10055542|9.737808
1509432634098|0.06655884|0.10295105|9.7425995
1509432634237|0.056991577|0.10055542|9.740204
1509432634367|0.059387207|0.10055542|9.747391
1509432634500|0.052200317|0.10534668|9.7425995
1509432634632|0.059387207|0.09338379|9.754578
1509432634766|0.052200317|0.08380127|9.747391
1509432634901|0.049804688|0.09338379|9.754578
1509432635036|0.054595947|0.10055542|9.740204
1509432635170|0.052200317|0.11013794|9.740204
1509432635318|0.059387207|0.10295105|9.744995
1509432635441|0.056991577|0.10295105|9.740204
1509432635573|0.061782837|0.10774231|9.740204
1509432635708|0.06895447|0.09817505|9.744995
1509432635839|0.06417847|0.09817505|9.744995
1509432635975|0.061782837|0.10055542|9.7425995
1509432636106|0.059387207|0.10295105|9.747391
1509432636241|0.040222168|0.10295105|9.730621
1509432636380|0.040222168|0.12211609|9.752182
1509432636508|0.042617798|0.10534668|9.756958
1509432636641|0.059387207|0.09817505|9.759354
1509432636775|0.056991577|0.09577942|9.7425995
1509432636910|0.049804688|0.10534668|9.749786
1509432637044|0.06417847|0.10055542|9.7425995
1509432637178|0.054595947|0.10295105|9.747391
1509432637311|0.059387207|0.10534668|9.735413
1509432637446|0.045013428|0.10534668|9.756958
1509432637583|0.054595947|0.10774231|9.737808
1509432637718|0.054595947|0.09338379|9.740204
1509432637852|0.0713501|0.09338379|9.7425995
1509432637982|0.054595947|0.09577942|9.7425995
1509432638121|0.056991577|0.10295105|9.711472
1509432638251|0.052200317|0.10534668|9.737808
1509432638390|0.059387207|0.10055542|9.744995
1509432638529|0.06655884|0.10295105|9.752182
1509432638659|0.06655884|0.10774231|9.747391
1509432638789|0.061782837|0.09577942|9.740204
1509432638921|0.054595947|0.10295105|9.749786
1509432639056|0.054595947|0.09338379|9.747391
1509432639190|0.047409058|0.09817505|9.744995
1509432639324|0.054595947|0.10295105|9.747391
1509432639463|0.052200317|0.09817505|9.735413
1509432639591|0.054595947|0.10534668|9.7425995
1509432639725|0.049804688|0.10295105|9.733017
1509432639860|0.059387207|0.10534668|9.735413
1509432639999|0.06417847|0.09817505|9.737808
1509432640128|0.061782837|0.10534668|9.747391
1509432640262|0.059387207|0.11253357|9.744995
1509432640398|0.049804688|0.09817505|9.744995
1509432640539|0.07374573|0.09577942|9.761749
1509432640671|0.061782837|0.08380127|9.747391
1509432640809|0.06417847|0.11013794|9.756958
1509432640932|0.054595947|0.08859253|9.752182
1509432641075|0.059387207|0.10295105|9.749786
1509432641200|0.052200317|0.10055542|9.744995
1509432641333|0.061782837|0.11013794|9.7425995
1509432641470|0.052200317|0.09817505|9.744995
1509432641610|0.06655884|0.11253357|9.730621
1509432641736|0.054595947|0.10774231|9.735413
1509432641870|0.054595947|0.09817505|9.733017
1509432642005|0.052200317|0.11253357|9.737808
1509432642137|0.047409058|0.09338379|9.744995
1509432642273|0.06895447|0.10774231|9.725845
1509432642407|0.061782837|0.09098816|9.752182
1509432642550|0.049804688|0.09817505|9.677963
1509432642673|0.047409058|0.09817505|9.756958
1509432642808|0.059387207|0.10534668|9.756958
1509432642942|0.052200317|0.10295105|9.752182
1509432643077|0.056991577|0.0861969|9.756958
1509432643208|0.06417847|0.09577942|9.780914
1509432643353|0.047409058|0.11253357|9.752182
1509432643479|0.054595947|0.10295105|9.7425995
1509432643612|0.059387207|0.09577942|9.740204
1509432643745|0.059387207|0.09817505|9.740204
1509432643880|0.059387207|0.10774231|9.728241
1509432644015|0.054595947|0.10055542|9.733017
1509432644157|0.06655884|0.10295105|9.733017
1509432644283|0.06895447|0.09817505|9.747391
1509432644423|0.0713501|0.10295105|9.7425995
1509432644555|0.056991577|0.10055542|9.737808
1509432644684|0.035446167|0.10774231|9.72345
