1509425523436|-0.25245345|-0.03171575|-1.8987522
1509425523557|-0.074199736|0.5804553|-0.5976734
1509425523682|1.201469|0.96265817|1.1731005
1509425523801|-1.190338|-1.4714957|2.6436462
1509425523919|-1.4925675|-0.70545495|-1.8067274
1509425524040|0.3321489|0.41043246|-2.133607
1509425524158|0.39553416|1.026516|-0.49607944
1509425524285|-0.16478729|1.0711119|2.2904472
1509425524399|0.7128105|-1.7576503|2.285695
1509425524519|0.9606476|-1.000551|-2.009861
1509425524637|-0.18970299|-0.6138089|-1.1525793
1509425524757|-0.16110349|0.5743005|-0.823679
1509425524883|0.7659645|1.1949674|1.2679157
1509425525002|-2.010624|-0.5519725|2.1692352
1509425525119|-1.9535414|-1.1957347|-2.412242
1509425525239|0.4414202|-0.2891611|-0.722044
1509425525358|0.30325317|1.7991893|-0.88312817
1509425525480|-0.44021606|1.5915415|1.7801876
1509425525596|-0.4428811|-1.9058348|3.1205015
1509425525720|-0.65129757|-0.79438365|-2.539628
1509425525836|0.21688056|0.7919706|-1.1713476
1509425525958|1.1172633|0.71208835|0.7947922
1509425526077|0.7312708|-1.0779443|1.8889742
1509425526198|-1.4674028|-1.3949969|-0.4458723
1509425526320|-1.2879045|-0.48367238|-2.1326332
1509425526442|1.1587769|0.19397855|-0.4097128
1509425526562|-0.51624537|1.3431857|-1.3669767
1509425526678|1.1291602|0.45397902|1.9575005
