1509423970346|-1.304166|2.195672|9.468292
1509423970465|-0.70695037|2.490408|9.458777
1509423970591|-0.48120373|2.4311821|9.488318
1509423970710|-0.37935933|2.5933053|9.449934
1509423970827|-0.28104323|2.4893477|9.481274
1509423970953|-0.26696938|2.5655277|9.461352
1509423971072|-0.35014507|2.3900695|9.504491
1509423971193|-0.42462918|2.1453416|9.559686
1509423971311|-0.45478964|1.9766887|9.594595
1509423971430|-0.49628308|2.6428409|9.430774
1509423971547|-0.7311078|3.2919679|9.208627
1509423971671|-0.6823323|3.1109736|9.275055
1509423971790|-0.7306897|3.0964267|9.276239
1509423971907|-0.8648494|3.253753|9.21062
1509423972029|-1.0399618|3.134746|9.233755
1509423972153|-1.0116433|2.7053497|9.371662
1509423972267|-1.0243367|3.138693|9.23416
1509423972388|-0.9336785|3.5104952|9.109065
1509423972507|-0.99222034|3.2632954|9.194389
1509423972628|-1.115103|3.2309802|9.191719
1509423972748|-1.1393287|3.0483782|9.25093
1509423972868|-1.0516182|2.856175|9.322379
1509423972990|-0.93982756|2.877206|9.32785
1509423973119|-0.7644693|3.0360193|9.293468
1509423973230|-0.5726052|3.2541668|9.233251
1509423973355|-0.58483434|3.44933|9.161357
1509423973469|-0.62609684|3.5650966|9.114191
1509423973595|-0.51536834|3.0615857|9.30223
1509423973707|-0.3593506|3.1395392|9.283563
1509423973829|-0.35104552|3.2739923|9.237323
1509423973953|-0.42895272|3.2565942|9.240184
1509423974068|-0.41315046|3.2382982|9.24733
1509423974190|-0.271776|3.2008967|9.26557
1509423974313|-0.2489271|3.2933385|9.23376
1509423974429|-0.2191489|3.2850075|9.237483
1509423974548|-0.26390815|3.3145854|9.2257395
1509423974669|-0.3915962|3.5064936|9.149947
1509423974790|-0.5366385|3.4602604|9.160186
1509423974917|-0.69370246|3.4393485|9.157513
1509423975038|-0.7012989|3.5370512|9.119639
1509423975156|-0.7490012|3.4150903|9.162234
1509423975271|-0.6960175|3.41419|9.166747
1509423975389|-0.47179437|3.4488978|9.168037
1509423975514|-0.42256683|3.5487177|9.132274
1509423975631|-0.4255287|3.5655518|9.125577
1509423975749|-0.43483835|3.5719194|9.122647
1509423975869|-0.3255021|3.4443505|9.176105
1509423975992|-0.17184535|3.4459198|9.179678
1509423976113|-0.1594229|3.533333|9.146612
1509423976234|-0.27504295|3.441497|9.178825
1509423976357|-0.21753868|3.189588|9.270901
1509423976471|-0.06710802|3.0514464|9.31958
1509423976590|0.0632777|3.012407|9.332298
1509423976707|0.10333648|3.1479397|9.287097
1509423976830|0.13737722|3.048138|9.319891
1509423976953|0.24248196|3.2339747|9.25489
1509423977069|0.5939198|3.546346|9.123655
1509423977193|0.59824854|3.5390444|9.126207
1509423977312|0.5949625|3.6533716|9.081261
1509423977433|0.5371287|3.7271056|9.054864
1509423977551|0.52800596|3.7653048|9.039584
1509423977669|0.5465481|3.4731193|9.154733
1509423977788|0.57557195|3.0003276|9.318645
1509423977908|1.143195|2.4695094|9.421519
1509423978027|0.3316894|1.8869785|9.617676
1509423978148|-0.23451117|2.0306299|9.591243
1509423978268|-0.7384612|1.846921|9.602809
1509423978387|-0.8837458|1.9619666|9.567657
1509423978507|-0.9778351|2.1289039|9.522709
1509423978627|-0.26094508|2.210993|9.550591
1509423978747|0.49526966|1.8266704|9.622286
1509423978869|0.64966375|1.5722933|9.657961
1509423978989|0.6405615|1.5040509|9.669432
1509423979107|0.71869904|1.5658064|9.654123
1509423979227|0.6449068|1.6041459|9.65304
1509423979350|0.55548257|1.6494995|9.650958
1509423979467|0.27656212|1.7945036|9.637098
