1509247166660|169
1509247166996|189
1509247167329|189
1509247167661|244
1509247167995|227
1509247168328|236
1509247168661|245
1509247168994|258
1509247169327|254
1509247169660|257
1509247169995|213
1509247170329|198
1509247170661|228
1509247170993|255
1509247171328|202
1509247171660|179
1509247171993|177
1509247172327|224
1509247172660|261
1509247172993|288
1509247173327|286
1509247173662|279
1509247173993|201
1509247174327|202
1509247174662|257
1509247174994|263
1509247175327|277
1509247175660|298
1509247175994|260
1509247176330|219
1509247176660|199
1509247176993|249
1509247177329|266
1509247177660|288
1509247177995|292
1509247178326|266
1509247178660|259
1509247178993|229
1509247179330|197
1509247179661|195
1509247179993|230
1509247180326|202
