1509196494367|-6.8542786|6.39093|-2.8932037
1509196494484|-6.8838043|6.3334656|-2.889206
1509196494607|-6.8494873|6.351822|-2.8820343
1509196494725|-6.8598633|6.347046|-2.844513
1509196494847|-6.811981|6.355011|-2.866867
1509196494966|-6.832733|6.4436035|-3.0320587
1509196495085|-6.8263397|6.521805|-3.3074036
1509196495207|-6.862259|6.411682|-2.8421173
1509196495307|-6.7361603|6.504257|-3.093521
1509196495427|-7.051407|6.238495|-2.8564758
1509196495557|-6.91333|6.3182983|-2.7726898
1509196495671|-6.813568|6.684616|-3.6489716
1509196495786|-7.1687164|5.6966095|-1.5811768
1509196495906|-6.832733|6.3558197|-2.8899994
1509196496025|-7.377014|6.2496796|-3.1836853
1509196496147|-7.0394287|5.934433|-1.7942657
1509196496266|-6.219818|6.9623413|-4.1142426
1509196496386|-7.2030334|6.0900574|-2.8030243
1509196496510|-6.8494873|6.314316|-2.5588074
1509196496625|-6.5558014|6.537781|-3.411148
1509196496747|-6.7138214|6.174652|-2.2723083
1509196496872|-6.902954|6.1411285|-2.5739746
1509196496989|-7.037033|6.445999|-3.5276642
1509196497109|-6.693863|6.2855835|-2.0105438
1509196497225|-6.5518036|6.4643555|-3.2132263
1509196497348|-7.1463623|6.083679|-2.779068
1509196497474|-6.9213104|6.301544|-2.4327087
1509196497586|-6.482376|6.6271515|-3.397583
1509196497707|-7.0154877|6.125168|-2.5444489
1509196497826|-6.8782196|6.2783966|-2.7854614
1509196497947|-6.8542786|6.538574|-3.397583
1509196498067|-6.768875|6.212967|-2.320984
1509196498186|-6.8079834|6.319107|-2.966629
1509196498309|-7.0178833|6.502655|-3.5093079
1509196498428|-6.8367157|6.0876617|-1.7958527
1509196498547|-6.744934|6.5170135|-3.3345337
1509196498667|-7.0625763|6.3853455|-3.356079
1509196498787|-6.846298|6.185028|-1.9650421
1509196498909|-6.735367|6.588852|-3.5140991
1509196499027|-6.9835663|6.038986|-2.2180328
1509196499146|-6.389801|6.577667|-3.1549683
1509196499267|-7.218994|5.908905|-2.185318
1509196499390|-6.0785522|6.7747955|-3.1062775
1509196499517|-7.0522003|5.9695435|-1.9091797
1509196499629|-6.3163757|6.690201|-3.3193665
1509196499749|-6.85907|6.144333|-2.1637573
1509196499866|-6.0921173|7.0724792|-4.116638
1509196499987|-6.38501|6.7468567|-3.7503204
1509196500108|-6.3738403|6.5345764|-2.5947266
1509196500231|-6.327545|6.734894|-3.1924744
1509196500348|-6.5589905|6.6838226|-3.5659637
1509196500467|-6.1551666|6.70697|-2.2324066
1509196500592|-6.382614|6.751663|-2.9969482
1509196500707|-6.4727936|6.8091125|-2.7726898
1509196500831|-6.643585|6.672653|-3.3880005
1509196500947|-6.4352875|6.6343384|-2.7040558
1509196501067|-6.2677|6.7253265|-2.9793854
1509196501188|-6.8151703|6.2097626|-1.9187622
1509196501307|-6.091324|7.030182|-3.7670746
1509196501429|-6.8079834|6.315918|-2.7184143
1509196501547|-6.18869|6.8466187|-2.966629
1509196501669|-6.211029|7.3573914|-4.8420715
1509196501791|-6.9588165|5.7117767|-0.7815094
1509196501908|-5.742569|7.4739075|-4.4853516
1509196502027|-6.902954|6.434021|-3.284256
1509196502151|-6.3059998|6.585663|-2.188507
1509196502269|-6.374634|6.801132|-3.58432
1509196502391|-6.5901184|6.527405|-3.0033264
1509196502511|-6.468811|6.5018616|-2.3904114
1509196502632|-6.441681|7.0429535|-4.2164
1509196502748|-6.8646393|5.9934998|-1.3648987
1509196502868|-6.0490265|7.0397644|-3.8532715
1509196502992|-6.877411|6.41008|-3.16214
1509196503109|-6.583725|6.478714|-2.7902527
1509196503232|-6.4935455|6.8059235|-3.4167328
1509196503349|-6.535843|6.722122|-3.2180176
1509196503474|-6.4624176|6.8881226|-3.560379
1509196503589|-6.8263397|6.1666718|-1.6633759
1509196503709|-5.9269257|7.1874084|-3.9067383
1509196503827|-6.8391113|6.3183136|-2.5635986
1509196503947|-6.3921967|6.7109528|-3.2068481
1509196504069|-6.594101|6.621567|-3.2938232
1509196504188|-6.4839783|6.677429|-2.9482727
1509196504313|-6.352295|6.914459|-3.7176056
1509196504432|-6.9604187|6.152298|-1.8469391
1509196504550|-6.0554047|7.079666|-3.7662811
1509196504669|-6.534256|6.3230896|-2.2946472
1509196504788|-6.5262756|6.557724|-3.0871277
1509196504909|-6.7273865|6.732498|-3.5883179
1509196505028|-6.645172|6.444397|-2.3744507
1509196505150|-6.4145355|6.860199|-3.6641388
1509196505268|-6.9229126|6.2552643|-2.1861115
1509196505390|-6.130432|6.8538055|-3.281067
1509196505509|-6.956421|6.030197|-1.8261871
1509196505629|-6.1727295|6.8027344|-3.4518433
1509196505749|-6.6619415|6.217743|-2.277893
1509196505869|-6.607666|6.64711|-3.515686
1509196505993|-6.2684937|6.7372894|-3.2914276
1509196506108|-6.582138|6.5521393|-2.7455597
1509196506230|-6.6228333|6.698181|-3.6178436
1509196506350|-6.376236|6.779587|-3.6505737
1509196506470|-6.7944183|6.627945|-3.6593475
1509196506588|-6.1368103|6.96315|-3.4701996
1509196506719|-6.590912|6.791565|-3.570755
1509196506828|-6.8989716|5.8873444|-1.3744812
1509196506948|-6.309189|7.4156494|-4.771057
1509196507070|-6.6124573|6.3813477|-2.446289
1509196507189|-6.106476|7.022995|-3.7000427
1509196507314|-6.740158|6.602417|-3.4135437
1509196507433|-6.1000977|6.8154907|-2.9618378
1509196507549|-6.4281006|6.789963|-3.4741974
1509196507670|-7.560562|5.7588654|-1.0895691
1509196507789|-6.206238|7.2456665|-4.308975
1509196507915|-6.6100616|6.617584|-3.2802582
1509196508031|-6.5677643|6.3598022|-2.4486847
1509196508151|-6.3578796|6.790756|-3.1445923
1509196508270|-6.6068726|6.551346|-2.8963928
1509196508391|-6.5677643|6.4467926|-2.0688019
