1509247123365|9.499725|0.12928772|2.8520813
1509247123492|9.489349|0.20831299|2.6804962
1509247123610|9.465408|0.30326843|2.5591888
1509247123731|9.5061035|0.2952881|2.4825897
1509247123850|9.493332|0.28730774|2.5137024
1509247123972|9.481369|0.28330994|2.5855255
1509247124089|9.478973|0.28651428|2.5583954
1509247124211|9.484558|0.27853394|2.5536041
1509247124331|9.474991|0.2849121|2.5903168
1509247124450|9.482956|0.26895142|2.5855255
1509247124572|9.47818|0.2505951|2.619049
1509247124691|9.469391|0.247406|2.619049
1509247124811|9.455032|0.247406|2.6142578
1509247124930|9.417526|0.22267151|2.802597
1509247125049|9.425507|0.23065186|2.7563171
1509247125170|9.3927765|0.2138977|2.8688507
1509247125289|9.359253|0.21788025|2.960617
1509247125471|9.354477|0.20431519|2.9877625
1509247125590|9.290619|0.16918945|3.2487183
1509247125712|9.270676|0.17318726|3.2383575
1509247125832|9.252319|0.23144531|3.203247
1509247125951|9.254715|0.1931305|3.307785
1509247126070|9.245132|0.19552612|3.3125763
1509247126192|9.244339|0.19792175|3.3365173
1509247126310|9.226776|0.15483093|3.3612518
1509247126429|9.182892|0.17958069|3.4035492
1509247126551|9.204437|0.16760254|3.4171143
1509247126670|9.202042|0.19314575|3.3740234
1509247126790|9.248322|0.16760254|3.433075
1509247126910|9.206833|0.18035889|3.404358
1509247127031|9.199646|0.18835449|3.4083405
1509247127151|9.21402|0.17877197|3.431488
1509247127270|9.158142|0.07102966|3.455429
1509247127394|9.196457|0.19233704|3.4578247
1509247127517|9.166931|0.21788025|3.47937
1509247127651|9.183685|0.21548462|3.4937286
1509247127785|9.150162|0.21308899|3.486557
1509247127920|9.159744|0.22506714|3.4578247
1509247128053|9.188477|0.20829773|3.4649963
1509247128189|9.190872|0.21548462|3.4745789
1509247128322|9.186081|0.21788025|3.4649963
1509247128457|9.169327|0.21548462|3.4817657
1509247128590|9.1645355|0.2346344|3.4745789
1509247128724|9.166931|0.22267151|3.5128937
1509247128858|9.174103|0.22744751|3.5057068
1509247128993|9.186081|0.21788025|3.4721832
1509247129129|9.183685|0.21308899|3.4745789
1509247129260|9.188477|0.20829773|3.4745789
1509247129394|9.178894|0.21308899|3.4769745
1509247129528|9.178894|0.21548462|3.467392
1509247129662|9.171707|0.21548462|3.4721832
1509247129796|9.178894|0.22267151|3.4961243
1509247129930|9.169327|0.22267151|3.5009155
1509247130064|9.186081|0.21308899|3.510498
1509247130198|9.176498|0.22027588|3.49852
1509247130331|9.169327|0.20829773|3.5057068
1509247130466|9.154953|0.21788025|3.510498
1509247130600|9.166931|0.22506714|3.4889374
1509247130734|9.178894|0.21308899|3.486557
1509247130870|9.171707|0.22267151|3.491333
1509247131002|9.159744|0.17478943|3.570343
1509247131138|9.10228|0.20829773|3.4458466
1509247131269|9.10228|0.22027588|3.5416107
1509247131406|9.166931|0.27534485|3.187271
1509247131538|9.133408|0.21788025|3.5511932
1509247131672|9.16214|0.21308899|3.618225
1509247131806|9.176498|0.16760254|3.5918884
1509247131941|9.2196045|0.1723938|3.6469574
1509247132074|9.104675|0.15083313|3.948639
1509247132210|9.933075|-0.06942749|3.0101013
1509247132342|10.234741|0.7661438|4.815338
1509247132536|8.871643|2.196289|1.4283295
1509247132656|8.708832|1.9640503|3.0715485
1509247132776|9.378418|1.8914337|3.1968536
1509247132896|9.004913|1.6767426|3.5623627
1509247133017|8.752731|1.4812164|3.2128143
1509247133137|9.241943|1.3678894|3.1625366
1509247133258|9.246735|1.1835327|3.0340424
1509247133378|9.018494|1.0965424|2.921524
1509247133496|6.9514923|0.2793274|1.5249023
1509247133619|16.335968|0.7613678|3.7794342
1509247133737|9.4374695|-0.0869751|2.5879211
1509247133857|9.329727|0.049484253|2.8856049
1509247133980|9.410339|0.04789734|2.860077
1509247134098|9.402359|0.047088623|2.8401184
1509247134219|9.402359|0.051879883|2.8433075
1509247134339|9.422302|0.05027771|2.8377228
1509247134459|9.387192|0.06304932|2.8233643
1509247134578|9.527649|0.13249207|2.9406738
1509247134697|12.149307|0.5802002|3.6230164
1509247134820|9.749512|1.4684448|0.09875488
1509247134937|5.875702|1.4325409|1.8712616
1509247135057|8.7934265|2.4580536|1.3349609
1509247135178|10.087891|2.738968|1.7483673
1509247135298|9.22998|2.0670013|1.7651215
1509247135419|9.520477|2.1364288|1.7443695
1509247135537|9.358459|1.9839935|1.6980743
1509247135657|9.447052|2.0047455|1.7052612
1509247135777|9.333725|1.8475342|1.7068634
1509247135897|9.030457|1.5873566|1.674942
1509247136017|8.367264|1.5857697|1.33815
1509247136137|9.351273|1.1683807|0.7036896
1509247136257|13.010422|0.8244171|3.9629974
1509247136379|9.747925|0.06304932|2.935089
1509247136498|9.139786|0.31524658|3.441864
1509247136617|9.187683|0.35913086|3.4649963
1509247136740|9.354477|0.32800293|3.338913
1509247136858|9.498932|0.38227844|1.9973602
1509247136978|9.608261|0.39904785|2.1976776
1509247137098|9.597076|0.3615265|2.25354
1509247137218|9.5507965|0.381485|2.2455597
1509247137339|9.54361|0.36631775|2.3245697
1509247137457|9.538818|0.36312866|2.3884125
1509247137577|9.530853|0.37350464|2.363678
1509247137697|9.530045|0.3751068|2.3732452
1509247137820|9.53244|0.36950684|2.3692474
1509247137940|9.538818|0.37271118|2.3836212
1509247138057|9.528442|0.3751068|2.3916016
1509247138179|9.521271|0.36791992|2.3900146
1509247138299|9.518082|0.371109|2.4107513
1509247138420|9.530838|0.3671112|2.416336
1509247138517|9.520477|0.36631775|2.416336
1509247138654|9.535629|0.371109|2.4091644
1509247138787|9.492538|0.36871338|2.416336
1509247138921|9.506897|0.36631775|2.440277
1509247139056|9.502121|0.3615265|2.4738007
1509247139190|9.504501|0.36392212|2.4761963
1509247139324|9.499725|0.36392212|2.5049286
1509247139458|9.506897|0.36392212|2.4761963
1509247139591|9.511688|0.3615265|2.4738007
1509247139724|9.502121|0.36392212|2.4690094
1509247139858|9.506897|0.36631775|2.4809875
1509247139992|9.509293|0.371109|2.4666138
1509247140127|9.456619|0.3423767|2.5552063
1509247140262|9.456619|0.40463257|2.6222382
1509247140394|9.423111|0.3495636|2.6581573
1509247140528|9.47818|0.33998108|2.6437988
1509247140655|9.467804|0.34477234|2.658966
1509247140775|9.4614105|0.35673523|2.6342163
1509247140895|9.463013|0.3583374|2.6390076
1509247141015|9.463013|0.36231995|2.6589508
1509247141135|9.449432|0.37269592|2.684494
1509247141255|9.454224|0.35195923|2.6900787
1509247141377|9.456619|0.34477234|2.6908722
1509247141487|9.459015|0.36073303|2.6701202
1509247141629|9.473389|0.36392212|2.6868896
1509247141763|9.451843|0.35195923|2.660553
1509247141898|9.447052|0.3615265|2.7060394
1509247142033|9.470993|0.36871338|2.660553
1509247142166|9.456619|0.35673523|2.6581573
1509247142299|9.459015|0.36392212|2.6461792
1509247142435|9.444656|0.371109|2.6653442
1509247142569|9.454224|0.36871338|2.6557617
1509247142702|9.459015|0.34716797|2.9239197
