1509247123365|-0.0036010742|-0.045211792|0.013198853
1509247123492|0.013793945|-0.118011475|-0.056045532
1509247123611|0.029067993|-0.12333679|-0.060668945
1509247123732|-0.0039520264|0.0020141602|0.021011353
1509247123851|-4.119873E-4|0.025802612|0.00289917
1509247123972|-0.0014648438|0.016571045|0.008575439
1509247124090|-6.1035156E-5|0.010894775|0.0014801025
1509247124212|-6.1035156E-5|-0.0050811768|4.119873E-4
1509247124331|-0.0014648438|0.018707275|0.00894165
1509247124451|-0.003250122|0.005203247|0.013900757
1509247124572|-0.0018310547|0.0062713623|0.007156372
1509247124692|-6.1035156E-5|0.008407593|0.0025482178
1509247124811|-4.119873E-4|0.052444458|0.017105103
1509247124930|0.001373291|0.069488525|0.008224487
1509247125050|0.0038452148|0.05101013|0.00289917
1509247125171|0.004211426|0.053146362|0.009994507
1509247125290|0.0027923584|0.04319763|-0.0017242432
1509247125472|0.013092041|0.16783142|0.018875122
1509247125590|-0.0039520264|0.08546448|0.022781372
1509247125712|0.004562378|0.026519775|-0.0074005127
1509247125833|0.013442993|0.053146362|-0.011306763
1509247125951|0.0010070801|0.022964478|-0.0038604736
1509247126071|0.0024414062|0.01977539|-0.0063323975
1509247126192|0.0017242432|0.022247314|-0.0034942627
1509247126311|0.001373291|0.010894775|-0.0013580322
1509247126430|-0.007156372|0.07444763|0.02420044
1509247126552|0.004562378|-0.0015411377|-0.013092041
1509247126671|0.0035095215|-0.0043792725|-0.009536743
1509247126791|0.0031433105|0.00592041|0.009292603
1509247126911|0.0020751953|0.005203247|-0.0027770996
1509247127032|6.5612793E-4|0.0041503906|6.1035156E-5
1509247127151|0.0017242432|-0.0047302246|-0.0038452148
1509247127271|0.016998291|0.043563843|0.013900757
1509247127394|0.0024414062|0.009475708|-0.004562378
1509247127518|0.0027923584|0.010177612|-0.010238647
1509247127652|-4.119873E-4|-4.7302246E-4|4.119873E-4
1509247127786|6.5612793E-4|-0.006866455|-0.0017242432
1509247127921|6.5612793E-4|-0.021774292|4.119873E-4
1509247128054|6.5612793E-4|0.001663208|4.119873E-4
1509247128189|6.5612793E-4|-0.0015411377|4.119873E-4
1509247128322|6.5612793E-4|0.001663208|-6.5612793E-4
1509247128458|6.5612793E-4|0.018707275|-0.0017242432
1509247128591|0.0017242432|0.008056641|-0.0027770996
1509247128725|6.5612793E-4|0.004852295|-6.5612793E-4
1509247128858|-0.0014648438|-0.014312744|0.0036010742
1509247128994|6.5612793E-4|-0.013259888|0.0014801025
1509247129129|6.5612793E-4|-0.0015411377|4.119873E-4
1509247129261|6.5612793E-4|-0.0015411377|4.119873E-4
1509247129394|6.5612793E-4|-0.0015411377|4.119873E-4
1509247129529|6.5612793E-4|5.950928E-4|4.119873E-4
1509247129662|6.5612793E-4|0.011245728|-6.5612793E-4
1509247129797|6.5612793E-4|5.950928E-4|-6.5612793E-4
1509247129931|6.5612793E-4|0.0027313232|4.119873E-4
1509247130064|6.5612793E-4|0.001663208|4.119873E-4
1509247130199|6.5612793E-4|-0.0036621094|-6.5612793E-4
1509247130331|6.5612793E-4|0.0027313232|0.0025482178
1509247130467|6.5612793E-4|-0.0036621094|-6.5612793E-4
1509247130601|-4.119873E-4|-0.002609253|0.0014801025
1509247130734|6.5612793E-4|-0.0036621094|4.119873E-4
1509247130870|6.5612793E-4|0.008056641|4.119873E-4
1509247131002|-0.0014648438|0.05491638|0.0046691895
1509247131138|0.0017242432|-0.01751709|-0.0070495605
1509247131270|-0.0014648438|-0.042022705|0.0014801025
1509247131407|-0.03768921|-0.098480225|-0.0539093
1509247131539|-0.20600891|0.084747314|-0.03793335
1509247131673|-0.11225891|0.10179138|-0.041137695
1509247131807|0.00491333|-0.059066772|-0.0038452148
1509247131942|-0.007858276|-0.042022705|0.02810669
1509247132076|0.0027923584|0.037872314|-0.0017242432
1509247132211|0.066711426|-0.4500122|-0.118896484
1509247132343|0.7197113|0.2978058|-0.23927307
1509247132537|0.7399597|0.4391327|-0.49528503
1509247132658|-1.1231995|-0.30656433|0.009643555
1509247132778|0.4061737|0.23530579|0.1580658
1509247132896|-0.0082092285|-0.25117493|0.18612671
1509247133018|-0.08988953|-0.046279907|0.11759949
1509247133137|-0.14813232|-0.18370056|0.22163391
1509247133258|-0.017807007|0.01586914|0.039123535
1509247133378|-7.6293945E-4|-0.08001709|0.011779785
1509247133497|0.099731445|-0.941452|0.29727173
1509247133619|-0.78764343|1.6165924|0.50605774
1509247133738|0.016281128|-0.1595459|-0.07095337
1509247133858|0.0010070801|-0.023544312|-0.004211426
1509247133980|-7.6293945E-4|0.01159668|0.007156372
1509247134098|0.001373291|-0.0047302246|-0.0034942627
1509247134219|3.0517578E-4|0.013031006|4.119873E-4
1509247134339|0.0010070801|-1.2207031E-4|-0.0020751953
1509247134459|0.0034942627|0.00592041|-0.009887695
1509247134578|-0.015670776|-0.00793457|0.09095764
1509247134698|-0.083496094|-0.86190796|-0.47470093
1509247134820|1.6440125|0.08049011|-1.9589691
1509247134938|-1.1945648|-0.060836792|-0.4562378
1509247135058|0.31207275|-0.39283752|0.5419159
1509247135178|-0.03164673|-0.047698975|0.16908264
1509247135298|-0.12504578|0.05456543|0.029174805
1509247135419|0.0074005127|-0.038467407|0.091308594
1509247135538|0.005630493|0.021896362|-0.013793945
1509247135658|0.016281128|0.005569458|0.050125122
1509247135777|-0.10835266|0.01586914|0.062194824
1509247135898|0.058532715|-0.20393372|0.120788574
1509247136017|0.08126831|0.013031006|0.31324768
1509247136138|-0.114746094|-0.43154907|0.3299408
1509247136258|-1.0656738|1.3783264|0.23300171
1509247136379|0.21478271|0.8645172|0.07249451
1509247136499|0.013442993|-0.08320618|-0.0418396
1509247136617|-0.0021820068|-0.06864929|0.008575439
1509247136740|0.0024261475|-0.47628784|-0.0031433105
1509247136859|0.0066986084|-0.64212036|-0.019470215
1509247136978|0.004211426|0.061676025|-0.0074005127
1509247137099|0.0010070801|0.049240112|4.119873E-4
1509247137219|-7.6293945E-4|0.05456543|0.00680542
1509247137339|-7.6293945E-4|0.033981323|0.0039520264
1509247137458|6.5612793E-4|0.026870728|6.1035156E-5
1509247137578|6.5612793E-4|-0.012542725|-0.0010070801
1509247137698|0.0010070801|0.008056641|-3.0517578E-4
1509247137821|-6.1035156E-5|-1.2207031E-4|4.119873E-4
1509247137940|0.0010070801|0.01159668|-0.001373291
1509247138058|6.5612793E-4|-0.0025939941|4.119873E-4
1509247138179|6.5612793E-4|-0.002960205|-3.0517578E-4
1509247138299|3.0517578E-4|0.0020141602|4.119873E-4
1509247138420|3.0517578E-4|0.00982666|6.1035156E-5
1509247138518|6.5612793E-4|0.00982666|4.119873E-4
1509247138655|6.5612793E-4|0.0027313232|4.119873E-4
1509247138787|-4.119873E-4|-0.002609253|0.0014801025
1509247138921|-4.119873E-4|0.00592041|0.0014801025
1509247139056|6.5612793E-4|0.010177612|4.119873E-4
1509247139190|6.5612793E-4|0.00592041|-6.5612793E-4
1509247139324|-4.119873E-4|0.008056641|0.0014801025
1509247139458|6.5612793E-4|-0.002609253|-6.5612793E-4
1509247139591|6.5612793E-4|-0.008987427|4.119873E-4
1509247139724|6.5612793E-4|-0.0015411377|-6.5612793E-4
1509247139859|-4.119873E-4|-0.0047302246|-6.5612793E-4
1509247139993|-4.119873E-4|0.013381958|0.0025482178
1509247140128|-0.0036010742|0.06983948|0.009994507
1509247140262|0.0017242432|0.08795166|-0.0017242432
1509247140394|-0.0036010742|0.048538208|0.017456055
1509247140529|0.0017242432|-0.02709961|-0.0070495605
1509247140656|0.0020751953|-0.015380859|-0.0074005127
1509247140776|3.0517578E-4|-0.01361084|-0.0017242432
1509247140895|6.5612793E-4|-0.0022583008|-0.0020751953
1509247141016|0.0027923584|0.013381958|-0.005264282
1509247141135|0.001373291|0.0034332275|-0.0010070801
1509247141256|-0.0028839111|0.022964478|0.013198853
1509247141377|3.0517578E-4|-0.00793457|-0.0024261475
1509247141488|6.5612793E-4|-0.011123657|-0.0031433105
1509247141630|0.0017242432|0.012313843|-0.0038452148
1509247141764|6.5612793E-4|-0.012191772|-0.0017242432
1509247141899|6.5612793E-4|0.008056641|-6.5612793E-4
1509247142034|6.5612793E-4|-0.010055542|-0.0038452148
1509247142167|6.5612793E-4|0.009109497|-6.5612793E-4
1509247142300|6.5612793E-4|-0.002609253|-6.5612793E-4
1509247142435|6.5612793E-4|0.0037841797|-6.5612793E-4
1509247142570|-4.119873E-4|0.008056641|4.119873E-4
1509247142702|0.0017242432|0.10925293|4.119873E-4
