1509247145032|1018.9568
1509247145166|1018.96735
1509247145299|1018.97076
1509247145432|1018.95844
1509247145566|1018.9555
1509247145699|1018.96063
1509247145833|1018.96063
1509247145966|1018.9534
1509247146098|1018.95
1509247146231|1018.94415
1509247146368|1018.9399
1509247146498|1018.9517
1509247146633|1018.9623
1509247146767|1018.9589
1509247146901|1018.95
1509247147033|1018.9466
1509247147167|1018.9449
1509247147300|1018.9449
1509247147433|1018.9382
1509247147567|1018.9483
1509247147699|1018.9318
1509247147833|1018.94324
1509247147966|1018.93646
1509247148100|1018.8738
1509247148233|1018.9657
1509247148367|1018.9517
1509247148502|1018.92633
1509247148635|1018.9212
1509247148765|1018.9399
1509247148849|1018.9399
1509247148966|1018.9466
1509247149099|1018.9754
1509247149233|1018.9669
1509247149366|1018.9568
1509247149500|1018.88904
1509247149633|1018.88904
1509247149766|1018.8975
1509247149901|1018.9214
1509247150034|1018.9323
1509247150167|1018.92816
1509247150299|1018.95264
1509247150433|1018.94415
1509247150568|1018.9357
1509247150700|1018.94324
1509247150832|1018.9399
1509247150968|1018.99835
1509247151101|1018.99835
1509247151234|1018.9848
1509247151366|1018.95526
1509247151499|1018.956
1509247151635|1018.93134
1509247151767|1018.97974
1509247151900|1018.9594
1509247152035|1018.9043
1509247152170|1018.9178
1509247152300|1018.851
1509247152433|1018.96014
1509247152568|1018.9306
1509247152701|1018.9306
1509247152834|1018.98987
1509247152969|1018.9662
1509247153101|1018.8747
1509247153234|1018.8924
1509247153367|1018.83356
1509247153500|1018.92
1509247153634|1018.92505
1509247153768|1018.9754
1509247153902|1018.95844
1509247154033|1018.9399
1509247154168|1018.9399
1509247154301|1018.928
1509247154437|1018.8416
1509247154567|1018.8696
1509247154700|1018.80865
1509247154835|1018.9246
1509247154968|1018.9111
1509247155102|1019.0128
1509247155233|1018.99713
1509247155367|1019.1106
1509247155503|1019.0683
1509247155634|1019.0683
1509247155768|1019.1479
1509247155901|1019.11615
1509247156035|1019.1263
1509247156168|1019.0915
1509247156300|1018.9925
1509247156434|1018.9908
1509247156567|1018.9112
1509247156701|1018.9332
1509247156834|1018.918
1509247156967|1019.05426
1509247157102|1019.05426
1509247157235|1019.05426
1509247157368|1019.0678
1509247157504|1019.0567
1509247157635|1018.9848
1509247157767|1018.98987
1509247157901|1018.95435
1509247158034|1019.12366
1509247158169|1019.0772
1509247158302|1019.2083
1509247158434|1019.16095
1509247158569|1019.18726
1509247158704|1019.18726
1509247158835|1019.1381
1509247158969|1019.0644
1509247159102|1019.0424
1509247159234|1018.94586
1509247159368|1019.0068
1509247159501|1018.99835
1509247159636|1019.0059
1509247159770|1019.0018
1509247159904|1019.00006
1509247160035|1019.0051
1509247160171|1019.0051
1509247160302|1019.0085
1509247160436|1019.0085
1509247160569|1019.0085
1509247160702|1019.0051
