1509087099585|1012.48724
1509087099727|1012.4831
1509087099861|1012.4889
1509087099983|1012.48553
1509087100118|1012.4889
1509087100251|1012.4961
1509087100383|1012.4952
1509087100517|1012.49005
1509087100649|1012.48737
1509087100785|1012.48737
1509087100928|1012.484
1509087101055|1012.47894
1509087101185|1012.47723
1509087101317|1012.4793
1509087101455|1012.4842
1509087101595|1012.4757
1509087101718|1012.47235
1509087101851|1012.46936
1509087101985|1012.47345
1509087102122|1012.4746
1509087102250|1012.4746
1509087102384|1012.478
1509087102517|1012.4889
1509087102655|1012.48724
1509087102786|1012.49274
1509087102919|1012.49005
1509087103055|1012.49005
1509087103184|1012.4959
1509087103321|1012.4912
