1509201577598|1014.70355
1509201577703|1014.704
1509201577837|1014.7002
1509201577967|1014.7023
1509201578100|1014.70056
1509201578233|1014.6968
1509201578373|1014.7019
1509201578507|1014.6921
1509201578635|1014.68695
1509201578766|1014.68695
1509201578900|1014.6928
1509201579039|1014.6867
1509201579175|1014.68835
1509201579300|1014.6905
1509201579434|1014.70026
1509201579572|1014.6867
1509201579708|1014.6833
1509201579834|1014.685
1509201579967|1014.699
1509201580102|1014.68365
1509201580234|1014.68365
1509201580367|1014.6878
1509201580500|1014.6963
1509201580634|1014.6785
1509201580767|1014.68097
1509201580906|1014.68536
1509201581036|1014.67413
1509201581167|1014.669
1509201581301|1014.67413
1509201581434|1014.65204
1509201581568|1014.6462
1509201581701|1014.6462
1509201581834|1014.65814
1509201581968|1014.67755
1509201582109|1014.67413
1509201582234|1014.6673
1509201582369|1014.67487
1509201582500|1014.67413
1509201582636|1014.6707
1509201582768|1014.6724
1509201582901|1014.6878
1509201583034|1014.68195
1509201583168|1014.6946
1509201583300|1014.6946
1509201583436|1014.67755
1509201583568|1014.66833
1509201583701|1014.6707
1509201583837|1014.67926
1509201583969|1014.6734
1509201584103|1014.67755
1509201584235|1014.67755
1509201584368|1014.6885
1509201584501|1014.6919
1509201584634|1014.68677
1509201584768|1014.68677
1509201584903|1014.7025
1509201585041|1014.6947
1509201585169|1014.6838
1509201585301|1014.6855
1509201585436|1014.6766
1509201585568|1014.6885
1509201585702|1014.68
1509201585835|1014.6953
1509201585968|1014.6974
1509201586102|1014.7004
1509201586236|1014.7004
1509201586368|1014.6919
1509201586501|1014.6936
1509201586635|1014.68
1509201586772|1014.668
1509201586908|1014.6707
1509201587035|1014.67755
1509201587169|1014.68945
1509201587302|1014.6734
1509201587438|1014.67413
1509201587569|1014.6861
1509201587702|1014.6861
1509201587837|1014.669
1509201587969|1014.68
1509201588101|1014.6735
1509201588234|1014.6735
1509201588369|1014.65955
1509201588501|1014.68
1509201588635|1014.67145
1509201588769|1014.698
1509201588903|1014.6834
1509201589035|1014.6919
1509201589169|1014.6834
1509201589301|1014.6834
1509201589435|1014.6817
1509201589568|1014.68097
1509201589701|1014.69116
1509201589835|1014.697
1509201589971|1014.69867
1509201590102|1014.69116
1509201590236|1014.69116
1509201590370|1014.7031
1509201590503|1014.6963
1509201590637|1014.69116
1509201590770|1014.69116
1509201590904|1014.69116
1509201591035|1014.698
1509201591170|1014.6963
1509201591302|1014.71576
1509201591447|1014.7021
1509201591575|1014.7031
1509201591711|1014.7048
1509201591835|1014.7031
1509201591969|1014.7065
1509201592103|1014.7082
1509201592245|1014.7082
1509201592373|1014.7031
1509201592503|1014.7055
1509201592636|1014.6997
1509201592770|1014.7021
1509201592913|1014.6963
1509201593038|1014.7048
1509201593169|1014.7021
1509201593306|1014.7004
1509201593453|1014.7042
1509201593570|1014.7083
1509201593703|1014.7083
1509201593837|1014.7083
1509201593971|1014.7083
1509201594107|1014.7172
