1509091919972|53
1509091920303|53
1509091920638|54
1509091920970|54
1509091921303|54
1509091921636|54
1509091921981|54
1509091922303|55
1509091922638|49
1509091922971|52
1509091923303|54
1509091923639|55
1509091923973|55
1509091924305|55
1509091924636|55
1509091924973|55
1509091925304|55
1509091925648|54
1509091925972|54
1509091926304|55
1509091926637|54
1509091926973|54
1509091927303|55
1509091927641|52
1509091927971|54
1509091928305|57
1509091928643|55
1509091928970|42
1509091929303|41
1509091929637|47
1509091929975|51
1509091930306|52
1509091930639|51
1509091930973|52
1509091931304|53
1509091931637|50
1509091931969|50
1509091932302|49
1509091932639|50
1509091932974|49
1509091933304|49
1509091933640|48
1509091933972|51
1509091934303|49
1509091934640|50
1509091934970|46
