1509508507589|-2.4516625|1.2122109|9.425281
1509508507715|-2.7240696|1.2258313|9.343558
1509508507847|-2.7785509|1.2258313|9.329938
1509508507979|-2.7785509|1.2258313|9.329938
1509508508113|-2.6968286|1.2258313|9.357179
1509508508243|-2.7240696|1.2803127|9.343558
1509508508375|-3.1463003|1.1441091|9.234595
1509508508507|-4.031623|0.19068487|8.948568
1509508508641|-5.09401|-1.2258313|8.294791
1509508508771|-6.0610547|-2.5197642|7.300506
1509508508906|-6.8782754|-3.6366327|5.979333
1509508509037|-7.300506|-4.658159|4.6036773
1509508509168|-7.3413677|-5.5434813|3.405087
1509508509300|-7.06896|-6.3470817|2.4380422
1509508509431|-6.6058683|-7.06896|1.6344416
1509508509564|-6.2244987|-7.532052|0.8853226
1509508509696|-6.033814|-7.722737|0.32688835
1509508509829|-5.9657125|-7.7772183|-0.12258312
1509508509960|-5.88399|-7.8317|-0.3949901
1509508510091|-5.761407|-7.9134216|-0.58567494
1509508510224|-5.529861|-8.063246|-0.7763598
1509508510356|-5.298315|-8.19945|-0.939804
1509508510491|-5.1076303|-8.308412|-1.0215261
1509508510620|-5.09401|-8.294791|-1.1577295
1509508510752|-5.257454|-8.158588|-1.3484143
1509508510884|-5.5843425|-7.8998013|-1.5799603
1509508511015|-5.9657125|-7.559293|-1.8115062
1509508511147|-6.2789803|-7.259645|-1.9885707
1509508511279|-6.360702|-7.1098213|-2.2745981
1509508511411|-6.2789803|-7.096201|-2.4925234
1509508511543|-6.4560447|-6.891896|-2.6423473
1509508511675|-6.905516|-6.387943|-2.75131
1509508511814|-7.3277473|-5.88399|-2.8330321
1509508511940|-7.559293|-5.5434813|-2.8738933
1509508512072|-7.668256|-5.393657|-2.901134
1509508512203|-7.600154|-5.4617596|-2.9147542
1509508512335|-7.4230895|-5.693305|-2.9147542
1509508512468|-7.300506|-5.856749|-2.9147542
1509508512599|-7.314126|-5.8703694|-2.8875136
1509508512731|-7.2732654|-5.9929533|-2.7104492
1509508512863|-7.1643023|-6.2108784|-2.4925234
1509508512995|-7.028099|-6.4424243|-2.315459
1509508513128|-6.687591|-6.8374147|-2.192876
1509508513259|-6.2108784|-7.2460246|-2.2064962
1509508513392|-5.89761|-7.504812|-2.233737
1509508513524|-5.7477865|-7.600154|-2.2882183
1509508513655|-5.693305|-7.6273947|-2.3699405
1509508513788|-5.693305|-7.6273947|-2.3563201
1509508513921|-5.5843425|-7.763598|-2.1383946
1509508514052|-5.2438335|-8.076866|-1.879608
1509508514187|-4.8760843|-8.322032|-1.7434045
1509508514315|-4.9578066|-8.21307|-2.002191
1509508514447|-5.366417|-7.927042|-2.1383946
1509508514579|-5.597963|-7.7772183|-2.1111538
1509508514712|-5.6660643|-7.722737|-2.083913
1509508514843|-5.652444|-7.763598|-2.002191
1509508514979|-5.4890003|-7.927042|-1.7978858
1509508515108|-5.366417|-8.076866|-1.4437568
1509508515240|-5.366417|-8.117727|-1.1713499
1509508515380|-5.407278|-8.117727|-1.0623871
1509508515503|-5.6252036|-7.9406624|-1.2122109
1509508515635|-5.952092|-7.6546354|-1.4573771
1509508515767|-6.101916|-7.504812|-1.56634
1509508515902|-5.8431287|-7.736357|-1.4165161
1509508516032|-5.407278|-8.090487|-1.2530719
1509508516163|-5.134871|-8.267551|-1.1713499
1509508516296|-5.298315|-8.158588|-1.1577295
1509508516428|-5.761407|-7.8453197|-1.1441091
1509508516560|-6.1563973|-7.559293|-1.0487667
1509508516692|-6.3743224|-7.3822284|-0.98066497
1509508516823|-6.2789803|-7.4911914|-0.8036005
1509508516955|-5.979333|-7.7499776|-0.61291564
1509508517089|-5.5843425|-8.049625|-0.47671217
1509508517220|-5.366417|-8.19945|-0.32688835
1509508517350|-5.3800373|-8.19945|-0.040861044
1509508517483|-5.638824|-8.022385|0.19068487
1509508517616|-5.924851|-7.804459|0.3405087
1509508517747|-6.074675|-7.681876|0.36774936
1509508517881|-6.0065737|-7.7499776|0.36774936
1509508518013|-5.856749|-7.8453197|0.3949901
1509508518144|-5.802268|-7.886181|0.46309182
1509508518275|-5.856749|-7.8317|0.6537767
1509508518412|-6.0065737|-7.681876|0.98066497
1509508518540|-6.360702|-7.314126|1.525479
1509508518672|-6.864655|-6.64673|2.233737
1509508518803|-7.2732654|-5.7750273|3.1735408
1509508518938|-7.43671|-4.630918|4.426613
1509508519069|-7.191543|-3.3506055|5.7750273
1509508519199|-6.401563|-1.5390993|7.2732654
1509508519331|-4.971427|0.8989429|8.417375
1509508519463|-3.2416425|3.0781987|8.744264
1509508519597|-2.165635|4.113345|8.64892
1509508519727|-1.6344416|4.5491962|8.553578
1509508519861|-1.7706451|4.6036773|8.4854765
1509508519994|-2.6423473|4.0452433|8.553578
1509508520123|-4.167826|2.6559677|8.4854765
1509508520256|-5.611583|1.1577295|7.967903
1509508520387|-6.782933|-0.013620348|7.096201
1509508520520|-7.668256|-1.1985906|6.0065737
1509508520652|-8.131348|-2.4789033|4.903325
1509508520784|-8.22669|-3.5412903|3.9907618
1509508520915|-8.117727|-4.440233|3.2552629
1509508521047|-7.967903|-5.1893525|2.4108014
1509508521180|-7.763598|-5.7886477|1.5527196
1509508521311|-7.641015|-6.0474343|1.0623871
1509508521444|-7.5865335|-6.1700177|0.8036005
1509508521576|-7.518432|-6.26536|0.6401563
1509508521708|-7.354988|-6.483285|0.32688835
1509508521840|-7.028099|-6.8374147|0.040861044
1509508521972|-6.565007|-7.2868857|-0.08172209
1509508522104|-6.2244987|-7.572913|-0.10896278
1509508522235|-6.26536|-7.5456724|-0.14982383
1509508522368|-6.4424243|-7.3958488|-0.19068487
1509508522501|-6.64673|-7.2051635|0.0
1509508522632|-6.782933|-7.0825806|0.32688835
1509508522763|-6.810174|-7.028099|0.57205456
1509508522895|-6.6603503|-7.1643023|0.7354987
1509508523028|-6.551387|-7.2460246|0.8989429
1509508523160|-6.6603503|-7.1098213|1.1713499
1509508523297|-6.9463773|-6.742072|1.5935806
1509508523424|-7.2868857|-6.2108784|2.1247742
1509508523555|-7.559293|-5.597963|2.7785509
1509508523687|-7.6546354|-4.9169455|3.677494
1509508523820|-7.3958488|-4.358511|4.7535014
1509508523951|-6.891896|-3.677494|5.924851
1509508524082|-6.360702|-2.6832085|6.973618
1509508524216|-5.7750273|-1.4437568|7.804459
1509508524348|-4.944186|0.040861044|8.4854765
1509508524480|-3.9771414|1.484618|8.853226
1509508524612|-2.8738933|2.5197642|9.043911
1509508524743|-2.0430522|3.1190596|9.071152
1509508524875|-1.5799603|3.4731886|9.043911
1509508525008|-1.3211737|3.677494|9.00305
1509508525139|-1.1577295|3.8136973|8.962189
1509508525272|-1.0487667|3.9362803|8.934948
1509508525404|-1.0215261|4.0180025|8.894087
1509508525538|-1.0351465|4.0588636|8.880466
1509508525668|-1.1849703|4.0861044|8.839605
1509508525799|-1.4573771|4.099725|8.798745
1509508525932|-1.6208212|4.113345|8.771504
1509508526064|-1.6616825|4.099725|8.771504
1509508526197|-1.6616825|4.0588636|8.785125
1509508526332|-1.607201|4.0180025|8.812365
1509508526460|-1.5799603|3.9907618|8.825985
1509508526591|-1.7978858|4.0180025|8.771504
1509508526724|-2.4925234|3.4323275|8.853226
1509508526856|-3.6230123|1.9885707|8.907707
1509508526987|-4.7262607|0.29964766|8.594439
1509508527119|-5.734166|-0.98066497|7.9134216
1509508527252|-6.5786276|-2.0158114|7.000859
1509508527383|-7.0825806|-3.1599207|6.020194
1509508527514|-7.314126|-4.2223077|4.9986672
1509508527647|-7.3277473|-5.09401|4.0861044
1509508527779|-7.314126|-5.6796846|3.214402
1509508527911|-7.2868857|-6.0882955|2.4516625
1509508528042|-7.2460246|-6.3198414|1.9477097
1509508528179|-7.2051635|-6.387943|1.8659877
1509508528308|-7.218784|-6.2517395|2.2745981
1509508528439|-7.1643023|-6.033814|2.9147542
1509508528574|-6.9463773|-5.856749|3.6911142
1509508528704|-6.5105257|-5.7750273|4.508335
1509508528842|-5.89761|-5.47538|5.611583
1509508528967|-5.2846947|-4.6172976|6.864655
1509508529099|-4.467474|-3.3097444|8.076866
1509508529232|-3.5140495|-1.9068487|8.962189
1509508529362|-2.4244218|-0.62653595|9.493382
1509508529497|-1.3484143|0.31326798|9.711308
1509508529627|-0.42223078|0.74911916|9.779409
1509508529760|0.24516624|0.87170225|9.765789
1509508529891|0.58567494|0.91256326|9.752169
1509508530023|0.53119355|0.939804|9.752169
1509508530156|0.08172209|1.0351465|9.752169
1509508530287|-0.4086104|1.1032481|9.738548
1509508530422|-0.95342433|1.1032481|9.711308
1509508530551|-1.4165161|1.0623871|9.656826
1509508530683|-1.7297841|1.0351465|9.602345
1509508530815|-1.879608|1.0215261|9.575105
1509508530948|-1.879608|1.0623871|9.575105
1509508531079|-1.8115062|1.1713499|9.575105
1509508531211|-1.7161638|1.3620348|9.561484
1509508531344|-1.648062|1.5935806|9.547864
1509508531475|-1.5390993|1.8115062|9.520623
1509508531606|-1.3211737|2.002191|9.520623
1509508531741|-1.0487667|2.1520147|9.520623
1509508531872|-0.6537767|2.2882183|9.520623
1509508532003|-0.32688835|2.4380422|9.507003
1509508532135|-0.040861044|2.669588|9.452521
1509508532267|0.17706451|2.9147542|9.370799
1509508532399|0.27240694|3.13268|9.289077
1509508532532|0.31326798|3.3097444|9.234595
1509508532663|0.28602728|3.445948|9.180114
1509508532795|0.21792556|3.5412903|9.152873
1509508532927|0.16344418|3.6230123|9.125632
1509508533059|0.08172209|3.7319753|9.084772
1509508533191|-0.24516624|3.718355|9.084772
1509508533326|-1.0896277|2.941995|9.302697
1509508533456|-2.4789033|1.4437568|9.384419
1509508533589|-3.7864566|-0.21792556|9.057531
1509508533719|-5.025908|-1.6616825|8.267551
1509508533852|-6.142777|-2.9828563|7.05534
1509508533984|-6.864655|-4.276789|5.5571017
1509508534115|-7.1234417|-5.366417|4.0861044
1509508534247|-7.06896|-6.197258|2.7785509
1509508534379|-6.8374147|-6.851035|1.6344416
1509508534511|-6.5105257|-7.300506|0.7218784
1509508534643|-6.2789803|-7.532052|0.13620347
1509508534775|-6.238119|-7.559293|-0.17706451
1509508534908|-6.2517395|-7.5456724|-0.32688835
1509508535040|-6.238119|-7.559293|-0.4086104
1509508535172|-6.2244987|-7.572913|-0.44947144
1509508535303|-6.0882955|-7.668256|-0.47671217
1509508535436|-5.938472|-7.7908387|-0.3405087
1509508535567|-5.9112306|-7.8317|0.10896278
1509508535700|-6.0882955|-7.641015|0.84446156
1509508535831|-6.401563|-7.2460246|1.6208212
