1509508604668|13.2|7.98|-30.3
1509508604799|12.78|8.88|-31.199999
1509508604931|12.24|10.0199995|-31.439999
1509508605063|11.94|11.34|-32.16
1509508605195|14.28|10.44|-31.439999
1509508605327|19.5|8.099999|-29.099998
1509508605459|25.14|5.52|-27.24
1509508605591|31.92|0.06|-19.32
1509508605723|35.399998|-0.9|-7.44
1509508605862|34.44|5.7599998|1.86
1509508605987|19.619999|14.4|8.88
1509508606119|1.8|24.18|6.66
1509508606251|-17.64|29.46|3.1799998
1509508606384|-32.7|31.14|1.5
1509508606515|-27.359999|33.12|0.78
1509508606647|-12.84|34.739998|5.58
1509508606779|7.74|32.7|8.34
1509508606911|25.619999|29.099998|8.28
1509508607044|28.08|29.099998|8.7
1509508607175|11.94|26.039999|1.0799999
1509508607307|-8.099999|27.06|-8.94
1509508607440|-24.48|29.76|-16.5
1509508607571|-21.9|30.24|-18.779999
1509508607704|-2.3999999|31.14|-13.62
1509508607836|19.02|31.26|-9.66
1509508607967|29.58|35.28|-3.6
1509508608099|19.08|34.559998|1.1999999
1509508608232|-1.5|32.04|8.34
1509508608363|-22.56|37.079998|14.5199995
1509508608495|-25.74|37.5|16.32
1509508608627|-9.78|34.68|14.94
1509508608760|12.12|33.96|6.42
1509508608891|30.66|32.94|1.56
1509508609023|24.42|31.859999|4.56
1509508609155|5.3399997|30.599998|8.82
1509508609295|-15.48|34.5|15.42
1509508609420|-24.119999|37.44|20.82
1509508609552|-10.8|33.6|21.18
1509508609683|9.179999|29.22|20.82
1509508609815|24.48|29.279999|21.66
1509508609947|20.58|28.14|21.72
1509508610080|3.6|28.68|21.06
1509508610211|-14.34|34.739998|19.92
1509508610343|-21.96|36.54|19.5
1509508610475|-14.7|34.38|20.52
1509508610608|2.04|30.96|22.32
1509508610739|16.38|26.699999|24.359999
1509508610872|19.92|25.14|25.439999
1509508611004|10.62|24.3|25.019999
1509508611136|-3.12|26.34|24.9
1509508611267|-13.86|30.48|23.1
1509508611400|-12.059999|32.04|18.0
1509508611532|1.68|31.619999|12.42
1509508611664|16.5|32.1|5.7
1509508611796|19.14|34.68|2.76
1509508611927|7.14|32.399998|3.24
1509508612060|-9.36|33.96|3.1799998
1509508612191|-19.74|37.739998|-0.9
1509508612330|-11.639999|34.739998|-7.2
1509508612457|7.3199997|30.9|-13.86
1509508612587|25.859999|25.38|-18.18
1509508612719|33.78|22.74|-18.9
1509508612851|25.68|25.68|-18.48
1509508612983|9.0|31.56|-19.439999
1509508613115|-6.12|38.04|-20.76
1509508613247|-9.48|39.54|-21.3
1509508613379|2.58|30.96|-21.18
1509508613511|19.74|21.3|-19.38
1509508613643|34.44|13.92|-17.82
1509508613775|34.8|13.5|-16.859999
1509508613907|18.96|21.18|-16.56
1509508614039|0.35999998|30.72|-16.26
1509508614171|-15.12|37.98|-16.92
1509508614304|-17.88|38.879997|-17.4
1509508614437|-6.6|36.6|-18.539999
1509508614567|7.44|34.86|-20.039999
1509508614700|16.859999|34.68|-18.84
1509508614832|13.259999|35.1|-16.68
1509508614963|1.3199999|35.34|-17.64
1509508615095|-9.599999|36.0|-19.68
1509508615227|-13.98|35.34|-22.859999
1509508615360|-9.179999|34.2|-25.08
1509508615491|-1.26|34.8|-24.96
1509508615623|9.48|33.239998|-23.4
1509508615756|15.719999|31.26|-21.96
1509508615889|16.98|30.24|-21.84
1509508616021|11.759999|30.06|-21.359999
1509508616151|2.04|30.0|-23.039999
1509508616283|-4.98|30.48|-25.019999
1509508616416|-2.46|28.859999|-25.439999
1509508616548|11.04|21.84|-22.8
1509508616679|22.74|9.66|-20.4
1509508616811|21.06|-6.0|-20.22
1509508616943|7.68|-19.08|-20.039999
1509508617075|-12.12|-21.84|-24.359999
1509508617208|-29.699999|-17.52|-26.76
1509508617340|-35.76|-13.74|-26.16
1509508617472|-35.399998|-14.5199995|-26.34
1509508617612|-28.68|-21.72|-27.96
1509508617736|-22.199999|-29.64|-27.779999
1509508617868|-19.14|-34.079998|-26.699999
1509508617999|-19.14|-34.68|-27.119999
1509508618131|-23.82|-34.14|-24.84
1509508618263|-28.92|-32.16|-24.24
1509508618395|-30.48|-31.08|-25.019999
1509508618528|-29.519999|-31.74|-24.6
1509508618660|-29.16|-31.859999|-25.019999
1509508618791|-27.3|-30.0|-27.96
1509508618923|-30.48|-27.42|-21.359999
1509508619055|-28.92|-15.96|-5.22
1509508619188|-23.699999|-6.3599997|12.719999
1509508619320|-19.74|-0.71999997|34.02
1509508619452|-11.04|4.5|46.14
1509508619583|-11.04|0.06|47.16
1509508619715|-13.2|-1.92|47.399998
1509508619847|-14.219999|-1.86|47.16
1509508619979|-15.839999|-2.52|46.86
1509508620111|-14.5199995|-2.9399998|47.34
1509508620243|-13.92|-2.1599998|47.76
1509508620375|-12.599999|0.06|47.64
1509508620507|-12.42|4.3199997|46.62
1509508620646|-13.92|7.2|46.079998
1509508620771|-12.719999|7.14|45.66
1509508620904|-11.04|4.14|45.36
1509508621035|-7.74|-1.14|46.079998
1509508621167|-5.16|-3.54|47.16
1509508621299|-6.72|-2.58|46.379997
1509508621431|-10.5|-0.06|46.14
1509508621564|-14.04|3.24|45.78
1509508621696|-14.58|3.9599998|46.02
1509508621827|-11.28|1.14|46.5
1509508621959|-6.8999996|-1.8|46.92
1509508622092|-3.48|-2.6399999|47.52
1509508622224|-4.62|-1.8|47.1
1509508622356|-8.7|0.71999997|45.96
1509508622488|-15.42|1.5|44.16
1509508622619|-18.48|0.96|43.5
1509508622751|-16.92|1.3199999|43.98
1509508622883|-15.24|1.68|44.94
1509508623015|-12.599999|3.4199998|46.379997
1509508623147|-11.28|5.2799997|46.98
1509508623281|-9.96|4.14|46.98
1509508623411|-9.599999|2.34|47.039997
1509508623543|-7.5|0.71999997|47.52
1509508623680|-8.58|2.9399998|47.16
1509508623807|-11.16|4.7999997|46.68
1509508623939|-12.719999|7.68|46.379997
1509508624073|-12.0|12.3|45.48
1509508624203|-9.3|9.9|45.539997
1509508624335|-9.66|4.68|45.18
1509508624467|-9.12|0.9|44.46
1509508624599|-10.38|-1.02|44.579998
1509508624730|-14.28|1.92|43.44
1509508624863|-19.8|6.48|40.32
1509508624995|-21.66|10.8|39.66
1509508625128|-22.92|9.059999|40.559998
1509508625259|-23.82|0.24|39.78
1509508625391|-18.66|-5.04|43.26
1509508625525|-15.54|-6.12|45.3
1509508625656|-17.52|-2.34|43.14
1509508625788|-20.22|5.22|41.64
1509508625920|-21.96|11.28|40.98
1509508626051|-19.98|11.639999|40.8
1509508626183|-16.56|5.2799997|42.36
1509508626315|-10.2|0.9|45.539997
1509508626447|-5.8799996|2.22|46.02
1509508626579|-9.3|4.7999997|43.44
1509508626712|-14.82|8.28|40.92
1509508626844|-18.0|14.219999|38.7
1509508626976|-16.199999|14.219999|38.399998
1509508627107|-8.46|10.8|40.5
1509508627239|-0.12|9.54|43.26
1509508627371|5.64|9.24|44.04
1509508627504|2.6399999|10.559999|42.42
1509508627635|-6.7799997|13.2|39.719997
1509508627768|-13.559999|18.119999|36.719997
1509508627899|-15.599999|21.42|34.98
1509508628031|-9.599999|17.94|36.42
1509508628163|-0.65999997|14.4|38.34
1509508628295|7.8599997|11.5199995|40.079998
1509508628428|8.639999|10.74|39.78
1509508628560|0.0|14.04|37.2
1509508628692|-9.3|18.24|34.38
1509508628823|-13.74|23.22|32.04
1509508628959|-8.04|22.08|32.219997
1509508629087|2.3999999|17.76|34.02
1509508629219|14.639999|17.1|35.16
1509508629351|17.46|18.119999|34.62
1509508629483|6.66|19.14|33.42
1509508629615|-5.4|22.5|31.38
1509508629747|-14.34|26.4|30.779999
1509508629879|-10.62|22.56|32.52
1509508630011|-0.78|16.32|35.7
1509508630144|10.0199995|13.259999|38.219997
1509508630276|12.0|13.44|38.579998
1509508630408|1.68|14.4|37.02
1509508630539|-9.84|16.92|35.16
1509508630671|-16.619999|21.48|34.68
1509508630805|-11.639999|19.68|35.219997
1509508630935|-1.1999999|17.279999|37.38
1509508631067|11.4|18.6|37.92
1509508631199|15.78|20.279999|36.6
1509508631331|8.76|21.84|36.059998
1509508631463|-0.71999997|23.279999|36.0
1509508631595|-7.5|25.439999|37.02
1509508631727|-5.16|23.46|38.219997
1509508631860|3.12|17.699999|40.079998
1509508631992|11.759999|17.82|40.5
1509508632123|13.2|19.199999|39.719997
1509508632255|4.92|17.34|39.96
1509508632391|-4.2599998|20.1|39.36
1509508632520|-10.0199995|21.539999|39.42
1509508632651|-6.3599997|17.52|40.739998
1509508632784|1.9799999|14.7|41.579998
1509508632916|9.78|14.04|42.0
1509508633047|9.84|13.92|41.82
1509508633179|1.68|14.82|40.86
1509508633312|-6.48|16.859999|40.5
1509508633449|-12.3|18.0|40.62
1509508633575|-8.58|16.199999|41.34
1509508633707|-1.1999999|13.62|42.899998
1509508633847|5.94|14.219999|43.5
1509508633971|6.66|14.7|43.86
1509508634103|2.6399999|15.179999|43.68
1509508634235|-0.96|17.699999|43.14
1509508634367|-2.3999999|19.439999|42.66
1509508634500|3.6599998|16.859999|42.66
1509508634631|9.179999|14.46|42.84
1509508634763|13.74|14.28|42.48
1509508634896|11.34|13.62|43.26
1509508635027|3.78|13.92|43.8
1509508635164|-3.0|13.32|44.52
1509508635292|-6.7799997|13.259999|46.26
1509508635423|-3.3|10.32|47.039997
1509508635556|0.78|8.04|47.64
1509508635688|5.2799997|9.54|48.12
1509508635819|3.78|9.599999|47.82
1509508635951|-1.0799999|9.599999|48.18
1509508636084|-3.8999999|11.7|48.78
1509508636216|-4.38|12.059999|49.26
1509508636347|-1.62|8.639999|49.98
1509508636479|-1.68|5.4|50.1
1509508636611|-1.56|3.9599998|50.46
1509508636743|-8.16|3.0|49.02
1509508636876|-22.199999|-0.9|38.34
1509508637008|-30.539999|-5.52|20.34
1509508637140|-37.079998|-12.24|-2.3999999
1509508637271|-39.059998|-20.039999|-23.58
1509508637404|-34.02|-22.68|-34.62
1509508637535|-33.66|-23.4|-34.739998
1509508637667|-36.84|-22.98|-30.599998
1509508637799|-40.14|-22.199999|-26.939999
1509508637931|-43.079998|-21.359999|-23.82
1509508638063|-42.54|-21.06|-24.779999
1509508638196|-40.44|-23.16|-25.5
1509508638328|-38.399998|-25.32|-25.859999
1509508638459|-37.26|-25.98|-27.24
1509508638591|-37.38|-23.1|-28.26
1509508638726|-37.86|-20.1|-30.06
1509508638855|-38.219997|-18.66|-30.9
1509508638987|-37.26|-19.5|-30.599998
1509508639119|-35.219997|-23.699999|-30.179998
1509508639251|-33.3|-26.22|-29.939999
1509508639383|-32.46|-26.519999|-30.66
1509508639515|-32.7|-25.38|-30.779999
1509508639648|-34.38|-22.859999|-30.539999
1509508639779|-35.88|-21.6|-29.76
1509508639911|-35.46|-21.84|-29.16
1509508640043|-33.84|-23.34|-29.039999
1509508640176|-31.439999|-24.779999|-29.4
1509508640308|-30.24|-25.32|-30.3
1509508640439|-30.48|-24.6|-30.42
1509508640572|-31.98|-22.619999|-30.96
1509508640704|-32.76|-20.64|-31.859999
1509508640835|-32.7|-20.039999|-31.619999
1509508640967|-31.8|-20.939999|-31.14
1509508641099|-30.179998|-22.08|-30.48
1509508641231|-30.599998|-23.039999|-29.519999
1509508641363|-30.72|-22.38|-29.519999
1509508641496|-31.74|-20.279999|-30.3
