1509515530223|7.08|49.14|-9.9
1509515530348|7.3199997|49.079998|-9.599999
1509515530482|8.04|48.6|-9.48
1509515530612|9.059999|48.6|-9.179999
1509515530744|9.599999|48.0|-8.639999
1509515530876|9.48|47.16|-8.82
1509515531008|10.92|46.62|-8.34
1509515531140|13.259999|45.719997|-7.62
1509515531272|14.639999|44.52|-6.8399997
1509515531404|13.5|39.96|-7.08
1509515531542|10.679999|13.92|-18.359999
1509515531668|-3.12|11.639999|-16.859999
1509515531800|-16.98|8.5199995|-11.099999
1509515531932|-26.519999|19.199999|-1.8
1509515532063|-22.8|30.359999|7.2599998
1509515532196|-12.78|34.559998|23.1
1509515532328|-1.3199999|37.32|26.88
1509515532460|3.84|25.439999|18.06
1509515532591|-6.42|22.32|22.199999
1509515532724|-17.699999|18.96|7.08
1509515532856|-20.939999|9.48|-10.32
1509515532988|-14.94|-0.42|-22.619999
1509515533120|-2.8799999|-3.78|-35.64
1509515533252|9.96|-1.4399999|-38.399998
1509515533384|14.88|3.84|-37.079998
1509515533516|12.9|9.0|-37.2
1509515533648|2.58|13.32|-32.76
1509515533780|-12.36|13.0199995|-24.06
1509515533917|-25.38|8.76|-10.38
1509515534043|-34.98|3.12|-1.1999999
1509515534176|-36.84|-1.74|-2.04
1509515534307|-34.26|1.5|-6.18
1509515534440|-31.859999|10.62|-14.28
1509515534572|-25.859999|23.039999|-17.88
1509515534704|-20.16|32.82|-14.639999
1509515534836|-19.14|35.64|-8.4
1509515534968|-23.699999|31.8|-3.3
1509515535100|-30.72|18.48|-0.71999997
1509515535231|-36.78|3.78|-3.12
1509515535364|-38.399998|-6.8999996|-11.58
1509515535496|-33.48|-9.179999|-21.66
1509515535628|-27.779999|-3.6|-28.439999
1509515535762|-21.66|4.02|-32.94
1509515535892|-14.88|10.32|-35.82
1509515536024|-9.3|12.96|-37.26
1509515536156|-3.6|13.92|-38.28
1509515536288|0.35999998|14.759999|-38.219997
1509515536420|3.54|15.36|-38.16
1509515536552|4.56|15.42|-38.64
1509515536684|1.5|17.16|-38.1
1509515536816|-5.2799997|19.08|-35.76
1509515536948|-12.24|23.88|-29.58
1509515537080|-15.839999|29.46|-18.119999
1509515537212|-14.219999|32.94|-3.72
1509515537344|-9.179999|34.92|9.78
1509515537476|-6.8399997|34.26|18.359999
1509515537608|-7.74|34.02|20.279999
1509515537740|-10.679999|34.739998|16.859999
1509515537872|-14.28|37.079998|11.16
1509515538004|-15.48|39.12|4.68
1509515538136|-15.839999|39.239998|-2.58
1509515538268|-16.56|38.64|-9.84
1509515538399|-17.4|36.6|-16.199999
1509515538531|-17.88|35.82|-18.42
1509515538664|-17.22|36.78|-14.28
1509515538796|-16.56|38.219997|-6.42
1509515538927|-14.759999|40.26|3.0
1509515539061|-11.88|40.739998|10.139999
1509515539192|-9.42|41.46|11.219999
1509515539324|-12.179999|39.96|6.12
1509515539456|-18.06|36.239998|-0.35999998
1509515539588|-26.34|31.679998|-6.8399997
1509515539720|-30.359999|29.64|-10.32
1509515539852|-21.72|32.04|-8.7
1509515539983|-6.0|34.8|-4.62
1509515540115|10.98|38.04|0.96
1509515540248|21.6|38.879997|4.38
1509515540380|20.34|38.28|4.68
1509515540512|6.3599997|37.62|1.56
1509515540644|-9.66|36.12|-2.6399999
1509515540776|-23.279999|34.2|-5.22
1509515540908|-25.68|34.079998|-4.08
1509515541040|-12.84|34.62|-0.12
1509515541172|4.02|34.079998|5.22
1509515541304|20.58|33.0|10.5
1509515541436|28.8|31.08|11.7
1509515541567|24.0|31.38|8.94
1509515541700|9.599999|32.1|6.54
1509515541832|-6.18|32.28|5.2799997
1509515541963|-19.14|31.859999|5.8799996
1509515542096|-20.64|31.5|9.9
1509515542228|-11.639999|31.199999|12.96
1509515542359|-0.71999997|30.179998|15.599999
1509515542492|7.2599998|26.82|21.6
1509515542624|6.3599997|21.72|26.76
1509515542756|1.4399999|18.18|31.08
1509515542888|-2.58|17.88|33.899998
1509515543020|-5.8199997|20.16|32.579998
1509515543152|-6.72|23.1|30.84
1509515543284|-6.66|27.119999|28.8
1509515543416|-6.66|28.8|27.42
1509515543547|-6.2999997|25.32|29.58
1509515543680|-8.28|19.92|31.92
1509515543812|-11.88|13.32|33.42
1509515543944|-16.08|7.02|35.04
1509515544076|-16.74|7.62|35.94
1509515544208|-15.059999|11.7|35.64
1509515544340|-13.62|14.219999|36.84
1509515544478|-13.139999|17.1|37.32
1509515544605|-14.82|18.48|35.64
1509515544736|-15.299999|16.38|36.3
1509515544868|-16.14|14.759999|35.94
1509515545000|-16.68|13.139999|36.3
1509515545133|-17.279999|10.5|36.78
1509515545263|-17.58|9.84|36.48
1509515545404|-16.5|10.559999|37.26
1509515545528|-15.599999|9.719999|38.04
1509515545660|-15.96|9.96|39.12
1509515545792|-15.839999|11.04|39.54
1509515545924|-15.66|10.98|39.48
1509515546056|-17.1|11.5199995|38.7
1509515546188|-18.9|10.44|38.28
1509515546320|-20.16|8.88|37.86
1509515546452|-19.02|9.48|37.98
1509515546584|-17.58|9.36|38.579998
1509515546715|-15.179999|9.12|38.82
1509515546848|-14.4|11.04|38.46
1509515546984|-14.7|11.4|37.92
1509515547112|-15.839999|11.82|37.38
1509515547244|-16.68|12.48|36.899998
1509515547376|-15.12|11.94|37.44
1509515547508|-13.2|14.04|36.54
1509515547640|-12.36|15.599999|36.18
1509515547772|-12.9|16.38|35.76
1509515547904|-13.62|18.779999|34.079998
1509515548036|-12.179999|19.14|34.2
1509515548168|-5.7599998|18.24|35.34
1509515548300|1.62|17.58|37.02
1509515548432|8.46|15.12|37.8
1509515548564|12.54|15.66|35.88
1509515548696|8.76|21.9|30.9
1509515548828|0.84|27.72|23.88
1509515548960|-10.5|32.16|17.94
1509515549092|-15.179999|36.719997|14.46
1509515549223|-7.98|33.18|16.32
1509515549355|2.9399998|25.859999|22.74
1509515549487|14.16|19.02|30.66
1509515549619|18.18|14.16|36.18
1509515549751|12.179999|18.42|33.96
1509515549884|-0.78|24.119999|26.519999
1509515550015|-13.74|28.26|17.82
1509515550148|-24.84|29.279999|10.559999
1509515550280|-22.14|29.76|8.88
1509515550412|-7.9199996|29.279999|12.599999
1509515550544|7.3799996|28.74|18.539999
1509515550679|19.92|28.019999|24.18
1509515550808|18.9|26.34|24.72
1509515550940|8.22|28.439999|20.039999
1509515551073|-5.7|29.64|11.7
1509515551204|-18.359999|29.88|3.36
1509515551336|-22.32|30.0|0.84
1509515551468|-16.68|27.119999|6.18
1509515551600|-7.44|22.98|15.9
1509515551732|-0.42|16.44|27.119999
1509515551864|3.12|11.04|34.86
1509515551995|0.96|14.58|32.16
1509515552127|-5.8199997|21.06|23.58
1509515552260|-12.84|27.779999|14.16
1509515552392|-19.26|32.88|6.42
1509515552524|-16.02|32.1|7.74
1509515552656|-6.0|26.82|15.96
1509515552788|4.7999997|22.08|25.38
1509515552920|13.86|20.22|31.92
1509515553052|9.3|21.24|30.539999
1509515553184|-2.22|25.439999|25.439999
1509515553316|-13.38|30.599998|19.26
1509515553448|-21.66|31.439999|17.52
1509515553580|-20.16|29.34|21.3
1509515553712|-13.679999|24.18|27.72
1509515553844|-7.68|18.66|34.26
1509515553976|-5.1|14.04|38.94
1509515554108|-8.46|13.799999|40.079998
1509515554240|-15.54|17.34|35.94
1509515554372|-23.699999|20.22|27.96
1509515554504|-31.08|21.539999|13.2
1509515554636|-35.64|17.64|-2.22
1509515554768|-35.399998|12.719999|-16.92
1509515554900|-30.119999|9.0|-29.16
1509515555031|-23.699999|7.68|-35.16
1509515555163|-18.119999|9.599999|-38.1
1509515555295|-7.74|14.82|-37.44
1509515555427|3.48|19.68|-34.079998
1509515555560|13.679999|20.88|-31.14
1509515555691|22.08|12.66|-29.82
1509515555824|25.08|-1.5|-25.439999
1509515555955|26.88|-14.04|-17.46
1509515556087|29.76|-14.28|-10.74
1509515556220|28.56|-1.86|-3.8999999
1509515556351|22.56|16.44|-4.38
1509515556484|14.4|33.18|-8.4
1509515556616|10.98|37.02|-8.46
1509515556748|17.52|29.22|-5.7599998
1509515556882|27.06|13.799999|-1.68
1509515557012|36.48|-1.92|1.0799999
1509515557144|41.16|-11.099999|2.9399998
1509515557276|36.96|-4.02|0.59999996
1509515557407|29.279999|11.7|-0.84
1509515557540|21.9|27.72|-2.8799999
1509515557672|20.039999|36.239998|-5.64
1509515557804|24.779999|27.0|-4.74
1509515557936|33.3|11.04|-3.9599998
1509515558068|41.76|-4.74|-2.52
1509515558200|44.34|-11.46|-2.46
1509515558332|41.76|-3.6|-3.48
1509515558464|36.0|12.54|-4.02
1509515558596|31.199999|27.9|-4.5
1509515558728|30.06|31.619999|-5.3399997
1509515558860|32.219997|22.439999|-6.48
1509515558992|38.28|7.8599997|-9.599999
1509515559124|43.92|-2.04|-11.4
1509515559256|43.98|-1.0799999|-12.12
1509515559388|41.64|8.639999|-10.92
1509515559520|41.28|18.24|-8.22
1509515559652|41.399998|19.26|-7.02
1509515559785|41.82|11.5199995|-7.9199996
1509515559915|43.739998|0.9|-9.66
1509515560047|44.64|-3.3|-10.08
1509515560180|44.1|-0.59999996|-9.66
1509515560312|42.84|9.0|-7.14
1509515560445|40.5|19.74|-2.6399999
1509515560576|37.02|26.58|1.38
1509515560708|33.36|30.66|5.64
1509515560840|31.26|32.28|8.22
1509515560972|31.679998|32.16|7.14
1509515561104|32.28|32.04|4.7999997
1509515561236|33.12|32.04|2.46
1509515561368|33.899998|32.1|1.26
1509515561500|33.48|32.28|1.86
1509515561632|32.76|32.64|2.82
1509515561764|30.96|33.84|3.6
1509515561896|30.96|33.78|2.04
1509515562028|33.42|29.34|0.53999996
1509515562167|37.14|21.84|0.42
1509515562292|42.3|11.04|0.29999998
1509515562424|45.48|0.59999996|2.52
1509515562556|45.18|-7.3199997|6.18
1509515562688|42.18|-16.5|4.74
1509515562820|39.54|-22.02|1.14
1509515562952|39.18|-22.08|0.29999998
1509515563084|37.5|-13.74|-1.62
1509515563216|33.78|3.8999999|-2.1
1509515563348|26.76|22.38|-2.52
1509515563483|17.039999|36.239998|-6.6
1509515563612|10.5|42.96|-8.22
1509515563744|12.9|41.82|-6.6
1509515563876|23.1|32.64|-3.72
1509515564008|33.899998|21.48|-0.71999997
1509515564140|41.399998|11.58|1.1999999
1509515564272|41.219997|12.0|1.4399999
1509515564404|30.119999|21.6|0.35999998
1509515564536|15.9|32.46|-2.52
1509515564668|2.76|42.3|-7.02
1509515564800|-2.1599998|43.92|-11.16
1509515564932|6.42|39.719997|-12.12
1509515565063|19.98|29.4|-9.599999
1509515565201|32.28|15.36|-7.62
1509515565329|39.96|2.22|-5.4
1509515565460|37.92|3.4199998|-2.46
1509515565592|27.48|12.599999|0.12
1509515565724|11.759999|25.32|6.8399997
1509515565856|-5.1|37.92|12.54
1509515565988|-16.14|40.2|12.719999
1509515566120|-10.92|40.559998|10.2
1509515566252|3.54|35.7|9.48
1509515566384|20.46|25.38|9.12
1509515566516|34.02|13.98|12.96
1509515566649|36.84|10.62|16.5
1509515566780|25.199999|16.8|16.44
1509515566912|7.74|27.119999|15.599999
1509515567046|-8.22|36.84|12.179999
1509515567176|-15.179999|40.62|9.24
1509515567308|-5.64|36.84|10.86
1509515567440|9.9|29.22|13.559999
1509515567572|25.5|17.82|16.8
1509515567704|35.46|8.099999|19.32
1509515567836|31.74|9.84|17.64
1509515567968|18.24|17.279999|15.599999
1509515568100|2.52|28.019999|13.679999
1509515568232|-9.54|35.76|11.7
1509515568364|-9.48|36.059998|11.46
1509515568501|3.36|30.3|12.78
1509515568628|18.42|22.26|15.48
1509515568760|30.48|13.38|17.88
1509515568892|32.64|11.94|17.88
1509515569024|22.08|17.34|14.82
1509515569156|6.96|24.42|11.7
1509515569288|-7.8599997|32.399998|8.5199995
1509515569420|-13.86|34.5|8.099999
1509515569552|-4.44|32.82|10.32
1509515569684|11.04|26.039999|13.799999
1509515569816|26.22|17.52|17.4
1509515569949|33.66|13.92|19.56
1509515570080|22.98|16.199999|18.359999
1509515570212|6.06|20.88|17.76
1509515570344|-12.48|25.68|18.119999
1509515570476|-24.42|28.8|17.16
1509515570608|-17.34|27.84|18.84
1509515570740|-1.9799999|25.859999|20.279999
1509515570873|16.74|19.92|21.119999
1509515571004|30.3|12.9|22.56
1509515571136|30.72|13.679999|21.9
1509515571268|15.24|16.08|20.279999
1509515571401|-3.84|22.08|19.02
1509515571532|-20.82|26.519999|17.52
1509515571664|-23.699999|27.599998|16.74
1509515571796|-8.88|27.18|17.16
1509515571929|10.139999|22.32|17.82
1509515572060|28.439999|13.679999|17.82
1509515572192|34.92|8.639999|19.02
1509515572324|25.439999|12.24|18.3
1509515572456|7.14|18.48|18.24
1509515572588|-12.3|26.46|18.779999
1509515572720|-24.779999|30.3|17.64
1509515572852|-17.34|28.92|18.0
1509515572984|-0.65999997|25.8|19.08
1509515573116|18.0|19.14|21.18
1509515573248|32.219997|12.059999|23.64
1509515573380|31.619999|12.48|22.32
1509515573511|15.839999|16.92|20.279999
1509515573644|-2.82|24.0|16.98
1509515573776|-20.039999|29.58|13.08
1509515573908|-23.82|30.84|11.94
1509515574040|-9.3|29.279999|11.94
1509515574172|9.96|24.119999|8.76
1509515574304|24.72|18.0|0.29999998
1509515574436|31.38|10.08|-8.28
1509515574569|32.82|4.7999997|-17.88
1509515574700|31.26|1.86|-22.199999
1509515574832|32.88|-0.29999998|-20.58
1509515574964|33.48|-1.68|-19.439999
1509515575096|29.519999|0.17999999|-21.84
1509515575229|24.0|4.92|-25.32
1509515575361|18.96|8.88|-27.9
1509515575492|15.059999|12.0|-29.939999
1509515575624|15.48|12.96|-28.98
1509515575756|18.48|12.12|-27.84
1509515575888|21.0|10.74|-27.18
1509515576020|22.32|9.0|-27.359999
1509515576152|20.939999|8.099999|-28.5
1509515576284|17.22|8.28|-30.119999
1509515576415|13.62|8.82|-31.859999
1509515576547|10.62|9.24|-32.94
1509515576680|9.179999|9.12|-33.719997
1509515576812|8.88|9.54|-33.899998
1509515576949|8.88|9.179999|-33.719997
1509515577075|7.98|9.12|-34.26
1509515577208|6.8999996|10.0199995|-36.54
1509515577340|4.62|9.42|-37.079998
1509515577472|2.1599998|9.059999|-37.92
1509515577603|0.78|8.46|-38.28
1509515577736|2.22|10.559999|-40.379997
1509515577868|9.24|16.859999|-36.0
1509515578000|10.139999|24.06|-22.8
1509515578132|5.22|27.72|-6.6
1509515578264|-2.52|27.06|9.3
1509515578396|-13.08|26.58|16.02
1509515578527|-12.059999|27.119999|12.599999
1509515578660|0.59999996|27.72|5.22
1509515578792|16.56|27.539999|-3.84
1509515578924|30.0|24.6|-11.04
1509515579056|29.4|25.08|-11.88
1509515579188|15.54|25.92|-9.54
1509515579320|-2.9399998|27.779999|-5.58
1509515579452|-20.16|31.14|-1.9799999
1509515579584|-22.199999|30.72|-2.46
1509515579716|-10.38|30.48|-5.16
1509515579848|8.4|29.46|-10.08
1509515579980|24.359999|25.08|-14.94
1509515580112|28.68|24.42|-17.64
1509515580244|15.78|24.539999|-18.779999
1509515580376|-3.6|26.22|-18.72
1509515580508|-21.9|28.439999|-17.4
1509515580640|-29.16|28.98|-17.1
1509515580772|-17.64|29.64|-17.46
1509515580904|-1.9799999|27.779999|-22.74
1509515581036|6.8399997|24.779999|-30.119999
1509515581168|8.7|16.92|-36.719997
1509515581300|3.8999999|10.32|-43.559998
1509515581432|-1.26|10.679999|-45.899998
1509515581564|1.02|11.759999|-45.66
1509515581696|3.06|13.2|-45.719997
1509515581828|2.6399999|13.62|-46.2
1509515581961|0.35999998|12.36|-46.8
1509515582091|-2.7|11.28|-47.219997
1509515582224|-3.54|10.38|-47.399998
1509515582356|0.71999997|11.28|-46.14
1509515582488|7.3199997|19.02|-32.76
1509515582620|4.92|25.26|-14.7
1509515582752|-4.08|27.48|3.8999999
1509515582884|-17.039999|27.66|21.96
1509515583016|-26.16|28.14|23.64
1509515583148|-17.58|30.119999|17.76
1509515583280|2.1|30.539999|10.74
1509515583412|21.84|29.58|1.0799999
1509515583544|33.48|26.46|-3.8999999
1509515583677|27.42|27.06|-3.3
1509515583808|10.0199995|29.699999|-0.12
1509515583940|-11.34|32.399998|4.2
1509515584072|-27.119999|34.079998|6.6
1509515584204|-25.26|33.84|5.7
1509515584336|-8.639999|33.66|3.78
1509515584468|12.3|29.34|1.26
1509515584599|28.859999|24.3|0.12
1509515584732|31.5|22.5|1.86
1509515584864|17.88|22.439999|5.52
1509515584996|0.06|27.359999|11.4
1509515585129|-14.639999|29.88|17.699999
1509515585261|-19.14|29.039999|20.1
1509515585392|-10.679999|28.92|20.88
1509515585523|3.4199998|28.199999|20.46
1509515585656|17.64|24.96|18.06
1509515585788|25.619999|23.58|17.46
1509515585920|23.82|24.06|19.38
1509515586052|13.62|22.98|22.74
1509515586184|1.92|24.779999|27.539999
1509515586316|-7.56|23.1|32.34
1509515586448|-8.88|22.619999|33.96
1509515586580|-1.3199999|24.6|33.12
1509515586712|9.24|23.64|31.859999
1509515586844|19.5|23.939999|29.699999
1509515586976|21.6|23.4|28.92
1509515587108|15.24|20.039999|31.439999
1509515587240|6.42|17.94|35.16
1509515587372|-3.1799998|16.56|38.1
1509515587504|-8.22|15.839999|38.579998
1509515587636|-4.7999997|21.06|35.94
1509515587768|2.28|25.08|33.18
1509515587900|13.799999|23.88|29.46
1509515588032|23.76|24.0|27.0
1509515588164|20.76|24.18|26.519999
1509515588296|8.88|23.279999|26.699999
1509515588428|-6.42|25.859999|29.519999
1509515588560|-19.38|25.859999|30.96
1509515588692|-19.02|25.92|31.019999
1509515588824|-8.34|27.18|30.779999
1509515588956|6.48|25.08|28.619999
1509515589088|21.48|22.619999|27.18
1509515589220|24.119999|22.619999|26.58
1509515589352|13.08|23.16|25.08
1509515589484|-2.9399998|25.619999|25.26
1509515589616|-19.619999|28.199999|25.199999
1509515589747|-26.039999|28.32|24.24
1509515589880|-16.98|30.24|24.06
1509515590012|-1.92|29.699999|23.34
1509515590144|16.199999|25.38|21.42
1509515590276|27.0|24.66|20.52
1509515590409|21.18|24.84|19.98
1509515590540|6.2999997|24.84|20.52
1509515590671|-12.66|27.24|22.199999
1509515590804|-26.46|26.519999|21.0
1509515590936|-25.859999|27.359999|19.56
1509515591068|-12.24|28.92|18.359999
1509515591200|6.06|27.06|17.1
1509515591332|23.1|22.98|17.82
1509515591469|25.92|21.96|19.14
1509515591596|13.44|20.46|20.76
1509515591728|-3.8999999|21.72|23.16
1509515591860|-21.0|22.8|23.82
1509515591992|-25.26|21.84|23.58
1509515592124|-15.78|24.3|21.96
1509515592256|0.12|23.22|20.46
1509515592388|17.34|21.06|19.8
1509515592520|25.8|19.859999|19.74
1509515592652|17.76|18.42|20.58
1509515592784|2.76|18.9|21.84
1509515592916|-13.32|20.279999|23.46
1509515593048|-22.92|20.76|22.439999
1509515593181|-17.46|23.22|21.119999
1509515593319|-4.56|25.019999|19.5
1509515593444|11.219999|23.279999|17.16
1509515593576|22.74|21.119999|15.54
1509515593710|20.22|21.84|13.559999
1509515593840|6.0|20.279999|12.66
1509515593973|-11.099999|22.08|13.38
1509515594104|-25.199999|23.22|12.719999
1509515594236|-22.98|23.039999|12.84
1509515594368|-8.7|25.199999|12.24
1509515594500|8.88|22.98|10.08
1509515594632|25.26|20.279999|8.7
1509515594764|27.42|19.439999|8.88
1509515594896|14.5199995|18.42|10.08
1509515595028|-2.22|20.46|12.24
1509515595160|-18.72|20.88|15.66
1509515595292|-25.439999|21.0|15.24
1509515595424|-15.42|23.939999|14.4
1509515595558|0.42|24.66|13.38
1509515595689|17.76|21.3|10.74
1509515595820|27.779999|19.02|10.559999
1509515595952|22.38|19.14|11.4
1509515596084|7.08|19.98|12.54
1509515596216|-10.38|23.519999|15.839999
1509515596348|-22.68|24.539999|16.26
1509515596480|-19.5|25.26|15.299999
1509515596613|-6.12|26.279999|15.059999
1509515596744|10.139999|24.42|14.219999
1509515596876|24.18|22.32|14.4
1509515597008|24.06|21.84|14.16
1509515597140|11.16|21.72|13.2
1509515597272|-5.7|23.699999|12.0
1509515597404|-20.76|24.779999|9.12
1509515597536|-24.48|26.039999|5.8199997
1509515597668|-11.4|27.539999|5.04
1509515597800|7.02|25.14|4.14
1509515597932|24.48|19.92|2.9399998
1509515598064|31.619999|19.38|4.2
1509515598196|20.46|19.5|5.1
1509515598328|2.28|22.32|5.58
1509515598462|-16.859999|26.099998|8.34
1509515598592|-24.779999|26.22|8.16
1509515598724|-15.0|27.359999|6.96
1509515598856|2.82|25.32|7.74
1509515598988|21.779999|22.5|7.8599997
1509515599120|33.54|19.14|9.059999
1509515599252|26.099998|19.68|10.44
1509515599384|9.12|23.22|10.86
1509515599516|-9.12|26.82|12.66
1509515599648|-21.06|29.88|13.32
1509515599780|-15.36|29.58|13.74
1509515599912|0.12|28.439999|15.059999
1509515600044|17.88|24.84|15.54
1509515600176|28.56|21.359999|17.279999
1509515600308|25.14|21.48|18.84
1509515600440|12.12|21.3|21.359999
1509515600572|-3.06|23.82|24.779999
1509515600704|-13.799999|25.019999|27.18
1509515600836|-11.88|24.359999|27.779999
1509515600968|-0.84|25.68|27.0
1509515601100|12.9|24.72|25.019999
1509515601232|23.64|23.76|23.46
1509515601364|23.4|23.88|23.22
1509515601496|11.639999|23.4|23.34
1509515601628|-3.36|24.359999|24.18
1509515601760|-17.76|24.96|21.84
1509515601891|-21.48|25.92|19.98
1509515602024|-11.219999|27.359999|17.76
1509515602156|3.4199998|27.779999|15.839999
1509515602288|18.24|24.48|14.639999
1509515602420|26.16|23.039999|13.679999
1509515602552|20.76|25.32|12.0
1509515602684|5.7|26.88|10.679999
1509515602816|-10.2|29.82|9.9
1509515602948|-19.619999|31.08|9.12
1509515603080|-15.36|29.699999|8.7
1509515603212|-0.06|27.72|6.66
1509515603344|16.68|24.6|3.36
1509515603476|24.72|24.24|2.76
1509515603608|18.119999|23.34|4.3199997
1509515603740|3.12|23.46|7.2599998
1509515603872|-13.139999|24.84|12.24
1509515604004|-20.76|23.46|14.7
1509515604136|-15.78|24.3|13.559999
1509515604268|-1.1999999|24.779999|10.0199995
1509515604400|13.5|22.8|1.4399999
1509515604532|21.9|18.48|-10.559999
1509515604664|21.84|13.0199995|-22.38
1509515604799|15.96|10.679999|-32.7
1509515604929|9.24|10.5|-38.579998
1509515605060|4.2599998|9.9|-40.32
1509515605192|0.96|8.7|-41.399998
1509515605324|-2.52|8.34|-42.18
1509515605456|-5.3399997|8.4|-43.14
1509515605588|-7.08|8.76|-43.8
1509515605720|-7.5|9.36|-43.92
1509515605852|-8.28|10.559999|-44.16
1509515605984|-9.24|11.639999|-43.8
