1509504065275|-0.027240695|0.0|-0.05448139
1509504065407|-0.027240695|0.040861044|-0.05448139
1509504065539|0.0|0.027240695|-0.05448139
1509504065672|0.0|0.013620348|-0.05448139
1509504065804|0.0|0.013620348|-0.05448139
1509504065936|0.0|0.013620348|-0.05448139
1509504066067|-0.013620348|0.013620348|-0.05448139
1509504066200|-0.013620348|0.013620348|-0.05448139
1509504066332|-0.013620348|0.027240695|-0.05448139
1509504066463|0.0|0.013620348|-0.05448139
1509504066596|-0.013620348|0.013620348|-0.05448139
1509504066728|-0.013620348|0.013620348|-0.05448139
1509504066859|-0.013620348|0.013620348|-0.05448139
1509504066991|0.0|0.0|-0.05448139
1509504067124|0.0|0.0|-0.05448139
1509504067257|0.013620348|-0.027240695|-0.08172209
1509504067388|0.05448139|-0.05448139|-0.08172209
1509504067519|0.027240695|-0.027240695|-0.05448139
1509504067651|0.040861044|-0.040861044|-0.068101734
1509504067784|0.013620348|-0.013620348|-0.068101734
1509504067915|0.027240695|-0.027240695|-0.068101734
1509504068046|0.027240695|-0.040861044|-0.068101734
1509504068179|0.040861044|-0.027240695|-0.08172209
1509504068311|0.027240695|-0.040861044|-0.068101734
1509504068444|0.027240695|-0.027240695|-0.068101734
1509504068575|0.013620348|-0.027240695|-0.068101734
1509504068708|0.013620348|-0.013620348|-0.068101734
1509504068839|0.040861044|-0.027240695|-0.08172209
1509504068970|0.027240695|-0.027240695|-0.08172209
1509504069102|0.027240695|-0.027240695|-0.05448139
1509504069235|0.027240695|-0.013620348|-0.08172209
1509504069367|0.027240695|0.0|-0.05448139
1509504069500|0.027240695|0.0|-0.08172209
1509504069632|0.027240695|-0.013620348|-0.08172209
1509504069764|0.0|0.0|-0.08172209
1509504069896|0.027240695|-0.013620348|-0.05448139
1509504070027|0.027240695|-0.013620348|-0.068101734
1509504070159|0.027240695|-0.013620348|-0.068101734
1509504070291|0.013620348|0.0|-0.068101734
1509504070424|0.040861044|0.0|-0.08172209
1509504070556|0.027240695|0.0|-0.08172209
1509504070687|0.040861044|0.0|-0.08172209
1509504070820|0.013620348|-0.013620348|-0.08172209
1509504070952|0.0|0.0|-0.068101734
1509504071084|-0.013620348|0.027240695|-0.068101734
1509504071215|0.027240695|0.0|-0.08172209
1509504071348|-0.013620348|0.0|-0.08172209
1509504071480|-0.013620348|0.0|-0.08172209
1509504071612|0.013620348|0.0|-0.08172209
1509504071744|0.0|0.0|-0.05448139
1509504071876|0.0|-0.013620348|-0.08172209
1509504072017|0.0|0.0|-0.08172209
1509504072139|0.0|0.0|-0.08172209
1509504072271|0.0|0.0|-0.08172209
1509504072403|0.0|0.0|-0.08172209
1509504072536|0.013620348|0.013620348|-0.068101734
1509504072668|0.013620348|0.0|-0.08172209
1509504072800|0.0|0.0|-0.08172209
1509504072932|0.0|0.0|-0.08172209
1509504073064|-0.013620348|0.0|-0.068101734
1509504073197|0.0|0.0|-0.068101734
1509504073328|0.027240695|-0.013620348|-0.068101734
1509504073460|0.027240695|-0.013620348|-0.08172209
1509504073592|0.013620348|-0.013620348|-0.08172209
1509504073725|0.013620348|0.0|-0.08172209
1509504073855|0.013620348|0.0|-0.08172209
1509504073987|0.013620348|0.0|-0.08172209
1509504074120|0.013620348|0.0|-0.08172209
1509504074252|0.013620348|0.0|-0.08172209
1509504074384|0.013620348|0.0|-0.08172209
1509504074516|0.013620348|0.0|-0.08172209
1509504074648|0.0|0.0|-0.08172209
1509504074780|0.0|0.013620348|-0.08172209
1509504074912|0.0|0.013620348|-0.068101734
1509504075044|0.0|0.013620348|-0.068101734
1509504075176|0.0|0.013620348|-0.068101734
1509504075308|0.0|0.0|-0.08172209
1509504075440|0.013620348|0.0|-0.08172209
1509504075575|-0.013620348|-0.013620348|-0.068101734
1509504075706|-0.013620348|0.0|-0.08172209
1509504075836|-0.013620348|0.0|-0.08172209
1509504075968|-0.013620348|-0.013620348|-0.08172209
1509504076100|-0.013620348|0.0|-0.068101734
1509504076232|-0.013620348|0.0|-0.08172209
1509504076364|-0.013620348|0.013620348|-0.068101734
1509504076497|-0.013620348|0.0|-0.068101734
1509504076628|-0.013620348|0.0|-0.068101734
1509504076761|-0.013620348|0.0|-0.08172209
1509504076892|-0.013620348|0.0|-0.08172209
1509504077024|-0.013620348|0.013620348|-0.05448139
1509504077156|-0.013620348|0.013620348|-0.05448139
1509504077288|-0.013620348|0.027240695|-0.08172209
1509504077420|-0.013620348|0.027240695|-0.05448139
1509504077552|-0.013620348|0.027240695|-0.05448139
1509504077684|-0.013620348|0.013620348|-0.05448139
1509504077816|0.0|-0.013620348|-0.05448139
1509504077948|0.027240695|-0.027240695|-0.08172209
1509504078079|0.027240695|-0.027240695|-0.08172209
1509504078212|0.027240695|-0.027240695|-0.068101734
1509504078344|0.027240695|-0.013620348|-0.08172209
1509504078476|0.027240695|-0.027240695|-0.08172209
1509504078608|0.027240695|-0.040861044|-0.08172209
1509504078740|0.013620348|-0.013620348|-0.08172209
1509504078872|0.013620348|-0.013620348|-0.08172209
1509504079012|0.013620348|-0.013620348|-0.08172209
1509504079136|0.013620348|-0.013620348|-0.08172209
1509504079268|0.013620348|-0.013620348|-0.08172209
1509504079400|0.013620348|-0.027240695|-0.08172209
1509504079532|0.013620348|-0.013620348|-0.08172209
1509504079664|0.013620348|-0.013620348|-0.08172209
1509504079795|0.013620348|0.0|-0.08172209
1509504079928|0.013620348|0.0|-0.068101734
1509504080060|0.013620348|0.0|-0.08172209
1509504080192|0.013620348|0.0|-0.08172209
1509504080323|0.0|0.0|-0.08172209
1509504080456|0.0|0.013620348|-0.08172209
1509504080588|-0.013620348|0.0|-0.08172209
1509504080720|-0.013620348|0.0|-0.08172209
1509504080851|0.013620348|0.0|-0.08172209
1509504080983|0.013620348|0.013620348|-0.08172209
1509504081115|0.0|-0.013620348|-0.08172209
1509504081248|-0.013620348|-0.013620348|-0.08172209
1509504081380|0.027240695|-0.013620348|-0.08172209
1509504081513|0.027240695|-0.013620348|-0.08172209
1509504081644|0.027240695|-0.013620348|-0.08172209
1509504081775|0.013620348|-0.013620348|-0.08172209
1509504081908|0.013620348|-0.013620348|-0.08172209
1509504082040|0.0|-0.013620348|-0.08172209
1509504082172|0.0|-0.013620348|-0.08172209
1509504082304|0.013620348|0.0|-0.08172209
1509504082437|0.013620348|0.0|-0.08172209
1509504082568|-0.013620348|0.0|-0.068101734
1509504082700|0.0|-0.013620348|-0.068101734
1509504082832|0.0|-0.013620348|-0.068101734
1509504082964|0.013620348|-0.013620348|-0.068101734
1509504083096|0.027240695|0.0|-0.08172209
1509504083228|0.0|-0.013620348|-0.08172209
1509504083361|0.0|-0.013620348|-0.068101734
1509504083492|0.027240695|-0.013620348|-0.068101734
1509504083623|0.027240695|0.0|-0.068101734
1509504083756|0.013620348|0.013620348|-0.068101734
1509504083888|0.0|0.013620348|-0.08172209
1509504084027|0.0|0.013620348|-0.068101734
1509504084152|-0.013620348|0.013620348|-0.068101734
1509504084284|0.040861044|0.0|-0.08172209
1509504084416|0.013620348|0.0|-0.08172209
1509504084548|0.013620348|-0.013620348|-0.08172209
1509504084680|0.013620348|-0.013620348|-0.08172209
1509504084812|0.0|-0.013620348|-0.08172209
1509504084944|0.013620348|-0.013620348|-0.068101734
1509504085075|0.013620348|-0.013620348|-0.08172209
1509504085208|0.013620348|-0.013620348|-0.08172209
1509504085340|0.013620348|-0.013620348|-0.08172209
1509504085472|0.0|-0.013620348|-0.08172209
1509504085604|0.0|0.0|-0.08172209
1509504085735|0.013620348|-0.027240695|-0.08172209
1509504085868|0.013620348|-0.013620348|-0.08172209
1509504085999|0.0|0.0|-0.08172209
1509504086130|0.013620348|-0.013620348|-0.08172209
1509504086264|0.013620348|-0.013620348|-0.08172209
1509504086396|0.0|0.0|-0.068101734
1509504086528|-0.013620348|0.0|-0.068101734
1509504086659|0.013620348|0.0|-0.08172209
1509504086792|-0.013620348|0.0|-0.08172209
1509504086924|-0.013620348|0.0|-0.068101734
1509504087056|0.013620348|0.0|-0.08172209
1509504087188|0.013620348|0.0|-0.08172209
1509504087320|0.013620348|0.0|-0.068101734
1509504087452|0.013620348|0.0|-0.08172209
1509504087584|0.013620348|0.013620348|-0.08172209
1509504087716|-0.013620348|0.0|-0.08172209
1509504087848|0.013620348|0.013620348|-0.08172209
1509504087980|0.013620348|0.0|-0.08172209
1509504088112|0.0|0.0|-0.08172209
1509504088244|0.0|0.0|-0.08172209
1509504088376|0.0|0.0|-0.08172209
1509504088508|0.0|0.013620348|-0.08172209
1509504088640|0.0|0.0|-0.08172209
1509504088772|0.0|0.0|-0.08172209
1509504088904|0.0|-0.013620348|-0.08172209
1509504089036|0.0|-0.013620348|-0.08172209
1509504089168|-0.013620348|0.027240695|-0.05448139
1509504089300|0.013620348|-0.013620348|-0.08172209
1509504089432|0.0|0.0|-0.08172209
1509504089562|0.0|-0.013620348|-0.08172209
1509504089700|0.0|-0.027240695|-0.08172209
1509504089827|0.027240695|-0.027240695|-0.08172209
1509504089960|0.013620348|-0.013620348|-0.08172209
1509504090093|0.013620348|-0.013620348|-0.08172209
1509504090224|0.0|-0.013620348|-0.08172209
1509504090356|0.013620348|-0.013620348|-0.08172209
1509504090489|0.013620348|-0.013620348|-0.068101734
1509504090626|-0.013620348|0.013620348|-0.05448139
1509504090752|-0.027240695|0.027240695|-0.068101734
1509504090883|-0.013620348|0.013620348|-0.05448139
1509504091016|0.0|0.013620348|-0.08172209
1509504091148|0.0|-0.013620348|-0.08172209
1509504091280|-0.027240695|0.0|-0.08172209
1509504091411|0.013620348|-0.013620348|-0.08172209
1509504091544|0.040861044|-0.013620348|-0.08172209
1509504091676|0.013620348|-0.027240695|-0.08172209
1509504091808|0.0|-0.013620348|-0.08172209
1509504091940|0.027240695|-0.013620348|-0.08172209
1509504092072|0.027240695|-0.013620348|-0.068101734
1509504092203|0.013620348|-0.013620348|-0.068101734
1509504092336|0.013620348|-0.013620348|-0.08172209
1509504092468|0.013620348|-0.013620348|-0.08172209
1509504092600|0.013620348|-0.013620348|-0.08172209
1509504092732|0.013620348|-0.027240695|-0.08172209
1509504092864|0.013620348|-0.013620348|-0.08172209
1509504092996|0.013620348|-0.013620348|-0.08172209
1509504093128|0.0|0.013620348|-0.068101734
1509504093259|0.0|0.0|-0.08172209
1509504093392|0.013620348|0.0|-0.095342435
1509504093524|0.013620348|-0.013620348|-0.095342435
