1509512923283|0.0|-0.027240695|-0.12258312
1509512923415|0.013620348|-0.040861044|-0.12258312
1509512923548|0.0|-0.040861044|-0.13620347
1509512923680|0.0|-0.05448139|-0.13620347
1509512923812|0.0|-0.027240695|-0.13620347
1509512923944|0.0|-0.027240695|-0.13620347
1509512924076|0.0|-0.027240695|-0.12258312
1509512924207|0.0|-0.027240695|-0.12258312
1509512924340|-0.013620348|-0.013620348|-0.10896278
1509512924472|-0.013620348|-0.013620348|-0.10896278
1509512924604|-0.013620348|-0.013620348|-0.10896278
1509512924736|-0.013620348|0.0|-0.10896278
1509512924867|-0.013620348|0.0|-0.10896278
1509512925000|-0.013620348|-0.013620348|-0.10896278
1509512925132|-0.013620348|-0.013620348|-0.10896278
1509512925264|0.0|-0.040861044|-0.12258312
1509512925397|0.0|-0.040861044|-0.12258312
1509512925528|0.0|0.0|-0.095342435
1509512925660|0.027240695|-0.05448139|-0.12258312
1509512925792|0.013620348|-0.027240695|-0.12258312
1509512925924|0.027240695|-0.05448139|-0.12258312
1509512926056|0.013620348|-0.027240695|-0.12258312
1509512926188|0.013620348|-0.040861044|-0.12258312
1509512926320|0.013620348|-0.040861044|-0.12258312
1509512926451|0.013620348|-0.040861044|-0.12258312
1509512926584|0.027240695|-0.068101734|-0.10896278
1509512926716|0.027240695|-0.040861044|-0.12258312
1509512926848|0.027240695|-0.040861044|-0.13620347
1509512926979|0.013620348|-0.040861044|-0.13620347
1509512927112|0.0|-0.05448139|-0.13620347
1509512927244|0.0|-0.040861044|-0.12258312
1509512927376|0.0|-0.027240695|-0.12258312
1509512927508|-0.013620348|-0.013620348|-0.12258312
1509512927640|0.0|-0.027240695|-0.12258312
1509512927772|0.013620348|-0.040861044|-0.12258312
1509512927904|0.0|-0.027240695|-0.12258312
1509512928035|0.013620348|-0.040861044|-0.12258312
1509512928168|0.013620348|-0.040861044|-0.12258312
1509512928300|0.0|-0.027240695|-0.12258312
1509512928433|0.0|-0.027240695|-0.12258312
1509512928564|0.013620348|-0.027240695|-0.12258312
1509512928696|0.013620348|-0.027240695|-0.12258312
1509512928828|0.0|-0.027240695|-0.12258312
1509512928960|0.0|-0.027240695|-0.10896278
1509512929092|0.0|-0.027240695|-0.12258312
1509512929224|0.0|-0.013620348|-0.12258312
1509512929355|0.0|-0.027240695|-0.12258312
1509512929487|0.0|-0.027240695|-0.12258312
1509512929620|-0.013620348|-0.027240695|-0.12258312
1509512929752|0.0|-0.013620348|-0.12258312
1509512929884|0.013620348|-0.027240695|-0.12258312
1509512930016|0.013620348|-0.040861044|-0.12258312
1509512930148|0.0|-0.027240695|-0.12258312
1509512930280|0.0|-0.027240695|-0.10896278
1509512930411|0.0|0.0|-0.095342435
1509512930544|-0.013620348|0.0|-0.10896278
1509512930676|-0.013620348|-0.027240695|-0.12258312
1509512930807|0.013620348|-0.040861044|-0.12258312
1509512930939|0.0|-0.040861044|-0.12258312
1509512931072|0.0|-0.027240695|-0.12258312
1509512931204|-0.013620348|-0.040861044|-0.10896278
1509512931336|0.0|-0.027240695|-0.10896278
1509512931469|0.0|-0.027240695|-0.12258312
1509512931600|0.0|-0.027240695|-0.12258312
1509512931732|0.0|-0.027240695|-0.12258312
1509512931864|0.0|-0.027240695|-0.12258312
1509512931995|0.0|-0.05448139|-0.10896278
1509512932128|0.0|-0.05448139|-0.12258312
1509512932260|0.0|-0.068101734|-0.095342435
1509512932392|0.0|-0.040861044|-0.10896278
1509512932523|0.0|-0.027240695|-0.10896278
1509512932655|0.0|-0.027240695|-0.12258312
1509512932787|0.0|-0.027240695|-0.12258312
1509512932920|0.013620348|-0.040861044|-0.12258312
1509512933051|0.0|-0.013620348|-0.10896278
1509512933184|0.013620348|-0.040861044|-0.12258312
1509512933316|0.0|-0.027240695|-0.12258312
1509512933448|0.013620348|-0.040861044|-0.12258312
1509512933580|0.0|-0.027240695|-0.12258312
1509512933712|0.0|-0.013620348|-0.12258312
1509512933844|0.0|-0.013620348|-0.12258312
1509512933977|0.013620348|-0.027240695|-0.12258312
1509512934108|0.013620348|-0.027240695|-0.12258312
1509512934240|0.013620348|-0.027240695|-0.12258312
1509512934372|0.013620348|-0.027240695|-0.12258312
1509512934504|0.013620348|-0.027240695|-0.12258312
1509512934636|0.013620348|-0.027240695|-0.13620347
1509512934768|0.0|-0.040861044|-0.12258312
1509512934901|-0.013620348|-0.040861044|-0.12258312
1509512935032|0.0|-0.040861044|-0.12258312
1509512935164|0.0|-0.027240695|-0.12258312
1509512935296|0.013620348|-0.040861044|-0.12258312
1509512935428|0.013620348|-0.05448139|-0.12258312
1509512935560|0.013620348|-0.040861044|-0.12258312
1509512935692|0.013620348|-0.040861044|-0.12258312
1509512935824|0.013620348|-0.027240695|-0.12258312
1509512935956|0.013620348|-0.027240695|-0.12258312
1509512936088|0.0|-0.027240695|-0.12258312
1509512936220|0.0|-0.027240695|-0.12258312
1509512936352|0.013620348|-0.027240695|-0.12258312
1509512936483|0.013620348|-0.027240695|-0.12258312
1509512936616|0.013620348|-0.027240695|-0.12258312
1509512936748|0.013620348|-0.027240695|-0.12258312
1509512936880|0.013620348|-0.027240695|-0.12258312
1509512937012|0.0|-0.013620348|-0.12258312
1509512937144|0.0|-0.013620348|-0.10896278
1509512937276|0.0|-0.013620348|-0.10896278
1509512937408|0.013620348|-0.013620348|-0.12258312
1509512937540|0.013620348|-0.013620348|-0.12258312
1509512937672|0.013620348|-0.027240695|-0.12258312
1509512937804|0.013620348|-0.013620348|-0.10896278
1509512937936|0.013620348|-0.027240695|-0.12258312
1509512938068|0.0|-0.040861044|-0.12258312
1509512938200|0.0|-0.027240695|-0.10896278
1509512938332|0.0|-0.027240695|-0.12258312
1509512938464|0.0|-0.027240695|-0.12258312
1509512938596|0.0|-0.040861044|-0.12258312
1509512938728|0.0|-0.027240695|-0.10896278
1509512938860|-0.013620348|-0.027240695|-0.12258312
1509512938992|0.0|-0.027240695|-0.12258312
1509512939124|0.0|-0.027240695|-0.12258312
1509512939256|0.0|-0.027240695|-0.10896278
1509512939388|0.013620348|-0.05448139|-0.10896278
1509512939525|0.0|-0.027240695|-0.12258312
1509512939652|0.0|-0.027240695|-0.12258312
1509512939784|0.0|-0.027240695|-0.12258312
1509512939917|0.0|-0.027240695|-0.12258312
1509512940048|0.013620348|-0.013620348|-0.12258312
1509512940180|0.013620348|-0.040861044|-0.12258312
1509512940312|0.0|-0.040861044|-0.13620347
1509512940444|0.0|-0.040861044|-0.12258312
1509512940575|0.013620348|-0.040861044|-0.12258312
1509512940707|0.013620348|-0.05448139|-0.12258312
1509512940840|0.0|-0.027240695|-0.12258312
1509512940971|0.013620348|-0.027240695|-0.12258312
1509512941103|0.0|-0.027240695|-0.12258312
1509512941239|0.0|-0.027240695|-0.12258312
1509512941368|0.013620348|-0.013620348|-0.095342435
1509512941501|0.013620348|-0.013620348|-0.12258312
1509512941632|0.013620348|-0.013620348|-0.12258312
1509512941764|0.013620348|-0.013620348|-0.12258312
1509512941896|0.013620348|-0.013620348|-0.095342435
1509512942028|0.0|-0.027240695|-0.12258312
1509512942161|0.013620348|-0.027240695|-0.12258312
1509512942292|0.013620348|-0.027240695|-0.095342435
1509512942424|0.0|-0.040861044|-0.095342435
1509512942555|0.0|-0.027240695|-0.095342435
1509512942687|0.0|-0.027240695|-0.10896278
1509512942820|0.013620348|-0.027240695|-0.10896278
1509512942952|0.013620348|-0.013620348|-0.10896278
1509512943085|0.0|-0.013620348|-0.10896278
1509512943216|0.013620348|-0.027240695|-0.12258312
1509512943348|0.013620348|-0.013620348|-0.12258312
1509512943480|0.0|-0.040861044|-0.12258312
1509512943611|0.013620348|-0.027240695|-0.10896278
1509512943745|0.0|-0.040861044|-0.10896278
1509512943876|-0.013620348|-0.040861044|-0.10896278
1509512944008|0.013620348|-0.027240695|-0.10896278
1509512944140|0.0|-0.027240695|-0.10896278
1509512944272|-0.013620348|-0.027240695|-0.10896278
1509512944403|-0.013620348|-0.027240695|-0.10896278
1509512944537|0.0|-0.040861044|-0.12258312
1509512944667|-0.013620348|-0.027240695|-0.12258312
1509512944800|0.0|-0.027240695|-0.12258312
1509512944932|0.0|-0.027240695|-0.12258312
1509512945064|0.0|-0.027240695|-0.095342435
1509512945196|0.0|-0.027240695|-0.12258312
1509512945328|0.0|-0.013620348|-0.12258312
1509512945460|0.0|-0.013620348|-0.10896278
1509512945593|-0.013620348|0.013620348|-0.095342435
1509512945724|-0.013620348|0.013620348|-0.095342435
1509512945856|-0.013620348|0.0|-0.095342435
1509512945988|0.013620348|-0.027240695|-0.12258312
1509512946120|0.0|-0.040861044|-0.12258312
1509512946252|0.013620348|-0.040861044|-0.12258312
1509512946384|0.013620348|-0.040861044|-0.12258312
1509512946516|0.013620348|-0.040861044|-0.12258312
1509512946648|0.013620348|-0.040861044|-0.12258312
1509512946781|0.013620348|-0.05448139|-0.12258312
1509512946912|0.013620348|-0.040861044|-0.12258312
1509512947044|0.027240695|-0.040861044|-0.10896278
1509512947176|0.013620348|-0.027240695|-0.12258312
1509512947308|0.0|-0.027240695|-0.12258312
1509512947440|0.0|-0.040861044|-0.12258312
1509512947572|0.013620348|-0.05448139|-0.10896278
1509512947704|0.0|-0.040861044|-0.12258312
1509512947836|0.0|-0.040861044|-0.12258312
1509512947969|0.013620348|-0.05448139|-0.13620347
1509512948099|0.0|-0.027240695|-0.12258312
1509512948232|0.0|-0.027240695|-0.12258312
1509512948364|0.013620348|-0.027240695|-0.12258312
1509512948496|0.0|-0.027240695|-0.12258312
1509512948628|0.013620348|-0.027240695|-0.12258312
1509512948759|0.013620348|-0.027240695|-0.12258312
1509512948892|-0.013620348|-0.040861044|-0.12258312
1509512949023|0.0|0.0|-0.095342435
1509512949156|-0.013620348|0.0|-0.095342435
1509512949288|0.0|0.0|-0.095342435
1509512949420|-0.027240695|0.0|-0.095342435
1509512949551|-0.027240695|0.0|-0.095342435
1509512949684|-0.013620348|0.0|-0.095342435
1509512949816|-0.013620348|0.0|-0.095342435
1509512949948|0.013620348|-0.040861044|-0.12258312
1509512950080|0.0|-0.040861044|-0.10896278
1509512950212|0.0|-0.040861044|-0.12258312
1509512950344|0.0|-0.040861044|-0.10896278
1509512950476|0.0|-0.040861044|-0.12258312
1509512950608|0.0|-0.040861044|-0.12258312
1509512950740|0.040861044|-0.05448139|-0.12258312
1509512950872|0.027240695|-0.040861044|-0.10896278
1509512951004|0.013620348|-0.040861044|-0.12258312
1509512951141|0.013620348|-0.027240695|-0.12258312
1509512951269|0.013620348|-0.027240695|-0.12258312
1509512951401|0.027240695|-0.027240695|-0.12258312
1509512951532|0.013620348|-0.027240695|-0.12258312
1509512951665|0.013620348|-0.027240695|-0.12258312
1509512951796|0.027240695|-0.027240695|-0.10896278
1509512951928|0.013620348|-0.027240695|-0.12258312
1509512952060|-0.013620348|-0.027240695|-0.12258312
1509512952192|-0.013620348|-0.027240695|-0.10896278
1509512952324|-0.013620348|-0.040861044|-0.10896278
1509512952456|0.013620348|-0.027240695|-0.10896278
1509512952588|0.013620348|-0.027240695|-0.12258312
1509512952720|0.013620348|-0.040861044|-0.12258312
1509512952852|-0.013620348|-0.013620348|-0.095342435
1509512952983|-0.013620348|0.0|-0.08172209
1509512953116|-0.013620348|0.0|-0.095342435
1509512953248|-0.013620348|0.0|-0.095342435
1509512953380|0.0|0.0|-0.095342435
1509512953513|-0.013620348|0.0|-0.095342435
1509512953644|0.027240695|-0.05448139|-0.10896278
1509512953776|0.027240695|-0.027240695|-0.10896278
1509512953907|0.013620348|-0.013620348|-0.08172209
1509512954040|0.0|-0.013620348|-0.095342435
1509512954175|0.0|-0.013620348|-0.095342435
1509512954304|0.013620348|-0.05448139|-0.10896278
1509512954436|0.0|-0.05448139|-0.095342435
1509512954568|0.0|-0.027240695|-0.095342435
1509512954700|0.013620348|-0.05448139|-0.095342435
1509512954832|0.027240695|-0.05448139|-0.095342435
1509512954964|0.027240695|-0.05448139|-0.10896278
1509512955096|0.013620348|-0.040861044|-0.10896278
1509512955228|0.013620348|-0.027240695|-0.10896278
1509512955360|0.013620348|-0.040861044|-0.10896278
1509512955492|0.013620348|-0.027240695|-0.10896278
1509512955624|0.0|-0.027240695|-0.10896278
1509512955756|0.027240695|-0.05448139|-0.10896278
1509512955888|0.013620348|-0.040861044|-0.12258312
1509512956020|0.013620348|-0.040861044|-0.12258312
1509512956151|-0.013620348|-0.040861044|-0.12258312
1509512956284|0.0|-0.040861044|-0.10896278
1509512956416|0.0|-0.05448139|-0.10896278
1509512956548|0.0|-0.040861044|-0.12258312
1509512956679|0.0|-0.040861044|-0.12258312
1509512956812|0.013620348|-0.040861044|-0.12258312
1509512956944|0.013620348|-0.040861044|-0.10896278
1509512957076|-0.013620348|0.0|-0.10896278
1509512957208|-0.013620348|-0.013620348|-0.10896278
1509512957340|-0.013620348|-0.013620348|-0.10896278
1509512957472|-0.013620348|-0.013620348|-0.10896278
1509512957603|0.0|-0.027240695|-0.12258312
1509512957736|0.0|-0.027240695|-0.12258312
1509512957868|0.0|-0.013620348|-0.12258312
1509512958000|0.0|-0.013620348|-0.12258312
1509512958132|0.013620348|-0.027240695|-0.10896278
1509512958264|0.0|-0.013620348|-0.10896278
1509512958396|0.0|-0.013620348|-0.10896278
1509512958528|0.0|-0.027240695|-0.10896278
1509512958659|0.0|-0.040861044|-0.10896278
1509512958792|-0.013620348|0.0|-0.10896278
1509512958924|-0.013620348|0.013620348|-0.095342435
1509512959056|-0.013620348|0.013620348|-0.095342435
1509512959188|-0.013620348|0.013620348|-0.095342435
1509512959320|0.0|-0.027240695|-0.095342435
1509512959452|0.027240695|-0.040861044|-0.10896278
1509512959588|0.013620348|-0.040861044|-0.12258312
1509512959715|0.0|-0.027240695|-0.12258312
1509512959848|0.027240695|-0.040861044|-0.12258312
1509512959980|0.013620348|-0.040861044|-0.12258312
1509512960112|0.013620348|-0.027240695|-0.10896278
1509512960244|0.027240695|-0.027240695|-0.10896278
1509512960376|0.027240695|-0.027240695|-0.10896278
1509512960508|0.027240695|-0.027240695|-0.10896278
1509512960639|0.013620348|-0.040861044|-0.12258312
1509512960772|0.013620348|-0.040861044|-0.12258312
1509512960904|0.0|-0.040861044|-0.12258312
1509512961036|0.0|-0.040861044|-0.12258312
1509512961168|0.013620348|-0.040861044|-0.12258312
1509512961300|0.013620348|-0.027240695|-0.12258312
1509512961432|0.013620348|-0.027240695|-0.12258312
1509512961564|0.0|-0.027240695|-0.12258312
1509512961696|-0.013620348|-0.013620348|-0.10896278
1509512961828|0.013620348|-0.027240695|-0.12258312
