1509526786853|0.08619126|-0.076614454|9.739613
1509526786983|0.08619126|-0.076614454|9.739613
1509526787116|0.08619126|-0.095768064|9.720459
1509526787248|0.08619126|-0.076614454|9.739613
1509526787380|0.10534488|-0.08619126|9.730036
1509526787512|0.10534488|-0.08619126|9.730036
1509526787644|0.095768064|-0.08619126|9.720459
1509526787775|0.095768064|-0.08619126|9.720459
1509526787907|0.08619126|-0.08619126|9.720459
1509526788040|0.08619126|-0.08619126|9.739613
1509526788172|0.08619126|-0.08619126|9.739613
1509526788304|0.08619126|-0.08619126|9.739613
1509526788435|0.08619126|-0.08619126|9.739613
1509526788568|0.08619126|-0.095768064|9.720459
1509526788703|0.10534488|-0.076614454|9.720459
1509526788832|0.08619126|-0.076614454|9.739613
1509526788964|0.10534488|-0.076614454|9.739613
1509526789105|0.095768064|-0.076614454|9.739613
1509526789228|0.095768064|-0.08619126|9.730036
1509526789360|0.095768064|-0.08619126|9.730036
1509526789492|0.095768064|-0.08619126|9.730036
1509526789625|0.095768064|-0.08619126|9.730036
1509526789756|0.08619126|-0.08619126|9.730036
1509526789889|0.10534488|-0.08619126|9.730036
1509526790020|0.08619126|-0.08619126|9.730036
1509526790152|0.08619126|-0.08619126|9.730036
1509526790283|0.10534488|-0.08619126|9.720459
1509526790416|0.095768064|-0.08619126|9.720459
1509526790548|0.095768064|-0.08619126|9.720459
1509526790680|0.095768064|-0.08619126|9.720459
1509526790813|0.095768064|-0.08619126|9.739613
1509526790944|0.08619126|-0.08619126|9.739613
1509526791075|0.08619126|-0.08619126|9.739613
1509526791208|0.08619126|-0.08619126|9.739613
1509526791340|0.10534488|-0.095768064|9.739613
1509526791472|0.08619126|-0.076614454|9.720459
1509526791604|0.10534488|-0.08619126|9.720459
1509526791736|0.10534488|-0.08619126|9.720459
1509526791869|0.08619126|-0.08619126|9.739613
1509526792000|0.08619126|-0.08619126|9.730036
1509526792131|0.10534488|-0.08619126|9.730036
1509526792263|0.10534488|-0.08619126|9.730036
1509526792396|0.10534488|-0.08619126|9.730036
1509526792528|0.10534488|-0.08619126|9.730036
1509526792660|0.10534488|-0.08619126|9.730036
1509526792793|0.10534488|-0.08619126|9.730036
1509526792925|0.095768064|-0.095768064|9.730036
1509526793056|0.095768064|-0.095768064|9.720459
1509526793188|0.095768064|-0.076614454|9.739613
1509526793321|0.095768064|-0.08619126|9.739613
1509526793453|0.095768064|-0.10534488|9.720459
1509526793583|0.08619126|-0.08619126|9.720459
1509526793716|0.08619126|-0.08619126|9.739613
1509526793848|0.10534488|-0.08619126|9.730036
1509526793979|0.10534488|-0.095768064|9.730036
1509526794119|0.10534488|-0.095768064|9.730036
1509526794244|0.095768064|-0.076614454|9.720459
1509526794376|0.095768064|-0.08619126|9.720459
1509526794508|0.095768064|-0.08619126|9.720459
1509526794640|0.095768064|-0.08619126|9.720459
1509526794772|0.076614454|-0.06703765|9.739613
1509526794905|0.076614454|-0.06703765|9.758766
1509526795036|0.095768064|-0.076614454|9.720459
1509526795169|0.095768064|-0.095768064|9.720459
1509526795302|0.076614454|-0.06703765|9.749189
1509526795431|0.076614454|-0.06703765|9.749189
1509526795565|0.06703765|-0.047884032|9.749189
1509526795696|0.06703765|-0.047884032|9.749189
1509526795827|0.095768064|-0.08619126|9.739613
1509526795959|0.095768064|-0.095768064|9.720459
1509526796092|0.095768064|-0.095768064|9.720459
1509526796224|0.095768064|-0.095768064|9.710882
1509526796356|0.11492168|-0.095768064|9.710882
1509526796488|0.10534488|-0.095768064|9.730036
1509526796619|0.10534488|-0.095768064|9.730036
1509526796753|0.095768064|-0.095768064|9.730036
1509526796884|0.095768064|-0.076614454|9.730036
1509526797015|0.095768064|-0.095768064|9.730036
1509526797148|0.095768064|-0.095768064|9.730036
1509526797280|0.095768064|-0.095768064|9.730036
1509526797411|0.095768064|-0.095768064|9.730036
1509526797543|0.095768064|-0.076614454|9.730036
1509526797676|0.095768064|-0.095768064|9.730036
1509526797808|0.095768064|-0.076614454|9.720459
1509526797940|0.095768064|-0.095768064|9.739613
1509526798072|0.095768064|-0.095768064|9.730036
1509526798204|0.095768064|-0.076614454|9.730036
1509526798337|0.095768064|-0.095768064|9.720459
1509526798466|0.095768064|-0.095768064|9.720459
1509526798600|0.095768064|-0.095768064|9.720459
1509526798733|0.095768064|-0.095768064|9.720459
1509526798864|0.095768064|-0.095768064|9.720459
1509526798996|0.095768064|-0.095768064|9.739613
1509526799127|0.08619126|-0.076614454|9.739613
1509526799260|0.08619126|-0.076614454|9.739613
1509526799393|0.10534488|-0.095768064|9.739613
1509526799524|0.08619126|-0.095768064|9.739613
1509526799656|0.10534488|-0.076614454|9.730036
1509526799788|0.10534488|-0.08619126|9.730036
1509526799921|0.10534488|-0.08619126|9.730036
1509526800051|0.10534488|-0.095768064|9.730036
1509526800184|0.10534488|-0.095768064|9.730036
1509526800315|0.10534488|-0.095768064|9.730036
1509526800448|0.10534488|-0.095768064|9.730036
1509526800580|0.08619126|-0.076614454|9.730036
1509526800712|0.10534488|-0.095768064|9.730036
1509526800844|0.10534488|-0.076614454|9.730036
1509526800975|0.095768064|-0.095768064|9.730036
1509526801108|0.095768064|-0.095768064|9.730036
1509526801240|0.095768064|-0.10534488|9.730036
1509526801372|0.095768064|-0.08619126|9.730036
1509526801503|0.076614454|-0.06703765|9.749189
1509526801637|0.095768064|-0.095768064|9.720459
1509526801768|0.095768064|-0.095768064|9.720459
1509526801900|0.095768064|-0.095768064|9.720459
1509526802032|0.08619126|-0.076614454|9.720459
1509526802165|0.10534488|-0.08619126|9.739613
1509526802296|0.08619126|-0.095768064|9.720459
1509526802428|0.10534488|-0.095768064|9.739613
1509526802571|0.095768064|-0.076614454|9.739613
1509526802692|0.095768064|-0.076614454|9.739613
1509526802824|0.095768064|-0.076614454|9.739613
1509526802956|0.095768064|-0.095768064|9.739613
1509526803088|0.095768064|-0.095768064|9.730036
1509526803219|0.095768064|-0.095768064|9.730036
1509526803352|0.095768064|-0.095768064|9.730036
1509526803484|0.095768064|-0.095768064|9.730036
1509526803616|0.095768064|-0.095768064|9.730036
1509526803748|0.095768064|-0.076614454|9.730036
1509526803880|0.095768064|-0.095768064|9.730036
1509526804012|0.095768064|-0.095768064|9.730036
1509526804144|0.095768064|-0.10534488|9.730036
1509526804276|0.095768064|-0.08619126|9.720459
1509526804408|0.095768064|-0.095768064|9.720459
1509526804545|0.095768064|-0.10534488|9.720459
1509526804672|0.095768064|-0.10534488|9.720459
1509526804804|0.11492168|-0.11492168|9.710882
1509526804941|0.11492168|-0.095768064|9.710882
1509526805067|0.095768064|-0.095768064|9.730036
1509526805202|0.095768064|-0.095768064|9.730036
1509526805332|0.095768064|-0.095768064|9.720459
1509526805464|0.095768064|-0.095768064|9.720459
1509526805596|0.11492168|-0.095768064|9.720459
1509526805728|0.095768064|-0.095768064|9.720459
1509526805859|0.095768064|-0.095768064|9.720459
1509526805993|0.095768064|-0.095768064|9.720459
1509526806124|0.095768064|-0.095768064|9.720459
1509526806256|0.11492168|-0.095768064|9.720459
1509526806389|0.10534488|-0.095768064|9.720459
1509526806520|0.10534488|-0.095768064|9.720459
1509526806653|0.08619126|-0.095768064|9.720459
1509526806784|0.076614454|-0.076614454|9.739613
1509526806917|0.076614454|-0.05746084|9.758766
1509526807048|0.076614454|-0.05746084|9.739613
1509526807180|0.095768064|-0.06703765|9.739613
1509526807312|0.095768064|-0.095768064|9.720459
1509526807444|0.11492168|-0.095768064|9.720459
1509526807586|0.11492168|-0.095768064|9.710882
1509526807708|0.11492168|-0.095768064|9.730036
1509526807839|0.11492168|-0.095768064|9.720459
1509526807972|0.11492168|-0.10534488|9.720459
1509526808104|0.10534488|-0.08619126|9.720459
1509526808237|0.10534488|-0.10534488|9.720459
1509526808367|0.10534488|-0.08619126|9.710882
1509526808501|0.10534488|-0.095768064|9.730036
1509526808632|0.095768064|-0.10534488|9.710882
1509526808764|0.08619126|-0.08619126|9.730036
1509526808896|0.10534488|-0.08619126|9.730036
1509526809029|0.10534488|-0.095768064|9.720459
1509526809160|0.095768064|-0.095768064|9.720459
1509526809292|0.11492168|-0.10534488|9.710882
1509526809424|0.095768064|-0.08619126|9.730036
