1509504065281|0.05746084|-0.06703765|9.758766
1509504065412|0.076614454|-0.06703765|9.758766
1509504065541|0.076614454|-0.076614454|9.758766
1509504065673|0.076614454|-0.076614454|9.758766
1509504065805|0.076614454|-0.076614454|9.758766
1509504065937|0.05746084|-0.076614454|9.758766
1509504066069|0.05746084|-0.076614454|9.758766
1509504066201|0.05746084|-0.05746084|9.758766
1509504066333|0.076614454|-0.076614454|9.758766
1509504066465|0.06703765|-0.076614454|9.758766
1509504066598|0.06703765|-0.076614454|9.758766
1509504066729|0.06703765|-0.076614454|9.758766
1509504066861|0.05746084|-0.076614454|9.758766
1509504066999|0.05746084|-0.076614454|9.758766
1509504067125|0.076614454|-0.095768064|9.730036
1509504067258|0.095768064|-0.095768064|9.730036
1509504067390|0.08619126|-0.095768064|9.749189
1509504067521|0.08619126|-0.095768064|9.739613
1509504067653|0.08619126|-0.095768064|9.739613
1509504067786|0.08619126|-0.10534488|9.739613
1509504067917|0.076614454|-0.10534488|9.739613
1509504068049|0.095768064|-0.10534488|9.720459
1509504068181|0.076614454|-0.10534488|9.739613
1509504068313|0.076614454|-0.10534488|9.739613
1509504068446|0.076614454|-0.10534488|9.739613
1509504068577|0.06703765|-0.08619126|9.739613
1509504068711|0.08619126|-0.095768064|9.730036
1509504068841|0.08619126|-0.095768064|9.730036
1509504068973|0.08619126|-0.095768064|9.749189
1509504069105|0.08619126|-0.10534488|9.730036
1509504069237|0.08619126|-0.08619126|9.749189
1509504069369|0.08619126|-0.08619126|9.730036
1509504069502|0.08619126|-0.10534488|9.730036
1509504069633|0.06703765|-0.08619126|9.730036
1509504069766|0.08619126|-0.095768064|9.749189
1509504069898|0.08619126|-0.095768064|9.739613
1509504070029|0.08619126|-0.095768064|9.739613
1509504070161|0.076614454|-0.095768064|9.739613
1509504070293|0.095768064|-0.10534488|9.730036
1509504070431|0.08619126|-0.10534488|9.730036
1509504070559|0.08619126|-0.10534488|9.730036
1509504070689|0.08619126|-0.11492168|9.720459
1509504070822|0.076614454|-0.095768064|9.739613
1509504070954|0.076614454|-0.076614454|9.739613
1509504071086|0.095768064|-0.10534488|9.730036
1509504071217|0.076614454|-0.10534488|9.730036
1509504071350|0.076614454|-0.10534488|9.730036
1509504071481|0.095768064|-0.10534488|9.730036
1509504071613|0.08619126|-0.095768064|9.749189
1509504071746|0.08619126|-0.11492168|9.730036
1509504071878|0.08619126|-0.095768064|9.730036
1509504072019|0.08619126|-0.095768064|9.730036
1509504072141|0.08619126|-0.095768064|9.730036
1509504072273|0.08619126|-0.10534488|9.720459
1509504072405|0.08619126|-0.08619126|9.739613
1509504072538|0.08619126|-0.095768064|9.720459
1509504072669|0.08619126|-0.10534488|9.720459
1509504072801|0.08619126|-0.10534488|9.720459
1509504072934|0.076614454|-0.10534488|9.739613
1509504073065|0.076614454|-0.08619126|9.739613
1509504073198|0.095768064|-0.10534488|9.739613
1509504073330|0.095768064|-0.11492168|9.730036
1509504073462|0.095768064|-0.11492168|9.730036
1509504073594|0.095768064|-0.095768064|9.730036
1509504073727|0.095768064|-0.10534488|9.730036
1509504073857|0.095768064|-0.10534488|9.730036
1509504073989|0.095768064|-0.10534488|9.730036
1509504074121|0.095768064|-0.10534488|9.730036
1509504074254|0.095768064|-0.10534488|9.730036
1509504074387|0.095768064|-0.10534488|9.730036
1509504074518|0.08619126|-0.10534488|9.730036
1509504074649|0.08619126|-0.08619126|9.720459
1509504074782|0.08619126|-0.08619126|9.739613
1509504074913|0.08619126|-0.08619126|9.739613
1509504075045|0.08619126|-0.08619126|9.739613
1509504075178|0.08619126|-0.095768064|9.730036
1509504075310|0.08619126|-0.095768064|9.720459
1509504075442|0.076614454|-0.095768064|9.739613
1509504075578|0.076614454|-0.095768064|9.730036
1509504075707|0.076614454|-0.095768064|9.730036
1509504075837|0.076614454|-0.095768064|9.720459
1509504075970|0.076614454|-0.095768064|9.739613
1509504076101|0.076614454|-0.10534488|9.720459
1509504076234|0.076614454|-0.08619126|9.739613
1509504076366|0.076614454|-0.095768064|9.739613
1509504076498|0.076614454|-0.095768064|9.739613
1509504076630|0.076614454|-0.095768064|9.730036
1509504076762|0.076614454|-0.10534488|9.730036
1509504076894|0.06703765|-0.076614454|9.758766
1509504077026|0.06703765|-0.076614454|9.758766
1509504077158|0.06703765|-0.076614454|9.730036
1509504077289|0.06703765|-0.076614454|9.749189
1509504077421|0.06703765|-0.076614454|9.749189
1509504077553|0.06703765|-0.08619126|9.749189
1509504077686|0.06703765|-0.08619126|9.749189
1509504077817|0.08619126|-0.10534488|9.720459
1509504077950|0.08619126|-0.10534488|9.720459
1509504078081|0.08619126|-0.10534488|9.739613
1509504078213|0.08619126|-0.08619126|9.730036
1509504078346|0.08619126|-0.10534488|9.730036
1509504078478|0.08619126|-0.11492168|9.720459
1509504078609|0.08619126|-0.095768064|9.720459
1509504078741|0.08619126|-0.095768064|9.720459
1509504078874|0.08619126|-0.095768064|9.720459
1509504079013|0.08619126|-0.095768064|9.720459
1509504079137|0.08619126|-0.10534488|9.720459
1509504079270|0.08619126|-0.11492168|9.720459
1509504079401|0.08619126|-0.11492168|9.720459
1509504079533|0.08619126|-0.11492168|9.720459
1509504079667|0.08619126|-0.095768064|9.720459
1509504079797|0.08619126|-0.095768064|9.739613
1509504079930|0.08619126|-0.095768064|9.730036
1509504080062|0.08619126|-0.095768064|9.730036
1509504080194|0.076614454|-0.10534488|9.730036
1509504080329|0.076614454|-0.08619126|9.730036
1509504080457|0.076614454|-0.095768064|9.730036
1509504080590|0.076614454|-0.095768064|9.730036
1509504080721|0.095768064|-0.10534488|9.720459
1509504080853|0.095768064|-0.08619126|9.720459
1509504080985|0.08619126|-0.095768064|9.720459
1509504081117|0.076614454|-0.10534488|9.720459
1509504081250|0.095768064|-0.10534488|9.720459
1509504081382|0.095768064|-0.10534488|9.720459
1509504081514|0.095768064|-0.10534488|9.720459
1509504081646|0.095768064|-0.10534488|9.720459
1509504081777|0.095768064|-0.10534488|9.720459
1509504081909|0.08619126|-0.10534488|9.720459
1509504082042|0.08619126|-0.11492168|9.720459
1509504082174|0.08619126|-0.095768064|9.720459
1509504082305|0.08619126|-0.095768064|9.720459
1509504082438|0.076614454|-0.095768064|9.739613
1509504082570|0.076614454|-0.095768064|9.739613
1509504082702|0.076614454|-0.095768064|9.739613
1509504082833|0.076614454|-0.10534488|9.739613
1509504082966|0.095768064|-0.08619126|9.730036
1509504083098|0.076614454|-0.095768064|9.720459
1509504083230|0.076614454|-0.095768064|9.739613
1509504083362|0.095768064|-0.095768064|9.739613
1509504083494|0.095768064|-0.10534488|9.739613
1509504083625|0.08619126|-0.08619126|9.739613
1509504083757|0.076614454|-0.08619126|9.720459
1509504083890|0.076614454|-0.08619126|9.739613
1509504084028|0.076614454|-0.08619126|9.739613
1509504084154|0.095768064|-0.095768064|9.730036
1509504084286|0.095768064|-0.095768064|9.730036
1509504084418|0.08619126|-0.095768064|9.720459
1509504084550|0.08619126|-0.095768064|9.720459
1509504084681|0.08619126|-0.11492168|9.720459
1509504084813|0.08619126|-0.095768064|9.739613
1509504084946|0.08619126|-0.095768064|9.720459
1509504085077|0.08619126|-0.095768064|9.720459
1509504085209|0.08619126|-0.095768064|9.720459
1509504085341|0.08619126|-0.095768064|9.720459
1509504085474|0.08619126|-0.10534488|9.720459
1509504085606|0.08619126|-0.10534488|9.720459
1509504085738|0.08619126|-0.10534488|9.720459
1509504085869|0.076614454|-0.08619126|9.720459
1509504086001|0.095768064|-0.095768064|9.720459
1509504086133|0.08619126|-0.095768064|9.720459
1509504086265|0.08619126|-0.095768064|9.739613
1509504086398|0.076614454|-0.095768064|9.739613
1509504086529|0.095768064|-0.095768064|9.720459
1509504086665|0.076614454|-0.095768064|9.720459
1509504086793|0.076614454|-0.095768064|9.739613
1509504086926|0.095768064|-0.10534488|9.730036
1509504087058|0.095768064|-0.10534488|9.720459
1509504087189|0.095768064|-0.10534488|9.739613
1509504087321|0.095768064|-0.10534488|9.730036
1509504087454|0.095768064|-0.08619126|9.730036
1509504087586|0.076614454|-0.10534488|9.730036
1509504087718|0.095768064|-0.08619126|9.730036
1509504087850|0.095768064|-0.10534488|9.720459
1509504087982|0.08619126|-0.10534488|9.720459
1509504088114|0.08619126|-0.10534488|9.720459
1509504088246|0.08619126|-0.10534488|9.720459
1509504088377|0.08619126|-0.08619126|9.720459
1509504088510|0.08619126|-0.095768064|9.720459
1509504088642|0.08619126|-0.095768064|9.720459
1509504088774|0.08619126|-0.11492168|9.720459
1509504088906|0.08619126|-0.11492168|9.720459
1509504089041|0.076614454|-0.076614454|9.749189
1509504089169|0.08619126|-0.095768064|9.720459
1509504089302|0.08619126|-0.095768064|9.720459
1509504089433|0.08619126|-0.10534488|9.720459
1509504089565|0.076614454|-0.10534488|9.720459
1509504089701|0.095768064|-0.10534488|9.720459
1509504089829|0.08619126|-0.10534488|9.720459
1509504089962|0.08619126|-0.10534488|9.720459
1509504090094|0.08619126|-0.11492168|9.720459
1509504090225|0.08619126|-0.095768064|9.720459
1509504090357|0.08619126|-0.095768064|9.739613
1509504090490|0.05746084|-0.076614454|9.749189
1509504090628|0.05746084|-0.076614454|9.739613
1509504090753|0.05746084|-0.076614454|9.758766
1509504090886|0.076614454|-0.076614454|9.730036
1509504091018|0.076614454|-0.10534488|9.730036
1509504091150|0.076614454|-0.10534488|9.730036
1509504091281|0.095768064|-0.10534488|9.730036
1509504091413|0.08619126|-0.08619126|9.730036
1509504091545|0.076614454|-0.095768064|9.730036
1509504091677|0.076614454|-0.095768064|9.730036
1509504091810|0.095768064|-0.095768064|9.720459
1509504091942|0.095768064|-0.095768064|9.739613
1509504092074|0.08619126|-0.10534488|9.739613
1509504092205|0.08619126|-0.10534488|9.730036
1509504092338|0.08619126|-0.10534488|9.730036
1509504092470|0.08619126|-0.10534488|9.730036
1509504092602|0.08619126|-0.11492168|9.720459
1509504092734|0.10534488|-0.11492168|9.720459
1509504092865|0.095768064|-0.11492168|9.720459
1509504092998|0.076614454|-0.08619126|9.739613
1509504093129|0.08619126|-0.095768064|9.730036
1509504093261|0.10534488|-0.10534488|9.710882
1509504093394|0.095768064|-0.10534488|9.710882
1509504093527|0.095768064|-0.10534488|9.730036
