1509512724557|-1.9799999|-30.599998|15.48
1509512724688|-1.9799999|-30.599998|15.599999
1509512724820|-2.1|-30.599998|15.42
1509512724952|-1.92|-30.779999|15.42
1509512725084|-1.74|-30.599998|15.36
1509512725217|-1.38|-30.599998|15.179999
1509512725348|-1.3199999|-30.84|15.36
1509512725480|-1.3199999|-30.66|15.54
1509512725612|-1.3199999|-30.539999|15.54
1509512725744|-1.56|-30.06|15.599999
1509512725876|-1.68|-29.82|15.299999
1509512726008|-1.56|-29.699999|15.059999
1509512726140|-1.56|-29.82|15.12
1509512726272|-1.9799999|-30.3|15.179999
1509512726404|-2.1599998|-30.3|15.54
1509512726536|-2.34|-30.539999|15.599999
1509512726668|-2.7|-30.84|15.599999
1509512726801|-1.9799999|-30.66|15.48
1509512726932|-1.9799999|-30.66|15.42
1509512727064|-2.1|-30.599998|15.42
1509512727196|-1.74|-30.359999|15.42
1509512727329|-1.92|-30.539999|15.36
1509512727460|-1.62|-30.66|15.42
1509512727592|-1.9799999|-30.3|15.36
1509512727724|-2.1|-30.119999|15.179999
1509512727856|-1.92|-29.82|15.179999
1509512727988|-1.9799999|-29.64|15.36
1509512728120|-1.68|-30.119999|15.42
1509512728252|-1.74|-30.66|15.42
1509512728384|-1.92|-30.84|15.48
1509512728516|-1.86|-31.14|15.48
1509512728648|-1.74|-31.26|15.48
1509512728780|-1.38|-30.84|15.599999
1509512728913|-1.26|-30.84|15.599999
1509512729044|-1.02|-30.48|15.36
1509512729176|-1.02|-29.82|15.54
1509512729308|-1.14|-29.939999|15.54
1509512729440|-1.1999999|-29.76|15.66
1509512729572|-1.5|-29.76|15.66
1509512729704|-1.5|-30.06|15.36
1509512729837|-1.1999999|-30.06|15.36
1509512729968|-0.78|-30.3|15.36
1509512730100|-0.78|-30.119999|15.36
1509512730232|-0.71999997|-30.3|15.42
1509512730364|-1.1999999|-30.3|15.48
1509512730496|-1.38|-30.42|15.36
1509512730628|-1.1999999|-30.42|15.42
1509512730760|-1.5|-30.3|15.42
1509512730892|-1.3199999|-30.3|15.36
1509512731024|-1.74|-30.119999|15.36
1509512731157|-1.56|-30.119999|15.179999
1509512731288|-1.3199999|-30.3|15.179999
1509512731420|-1.5|-30.119999|15.179999
1509512731552|-0.59999996|-30.119999|15.179999
1509512731685|-1.14|-30.48|15.179999
1509512731816|-1.92|-30.66|15.179999
1509512731948|-1.74|-30.179998|15.299999
1509512732081|-2.1599998|-30.359999|15.36
1509512732213|-2.34|-30.3|15.42
1509512732344|-1.68|-30.119999|15.48
1509512732476|-1.74|-30.599998|15.42
1509512732608|-1.9799999|-30.42|15.36
1509512732740|-1.62|-30.24|15.36
1509512732873|-1.74|-30.24|15.299999
1509512733004|-1.8|-30.0|15.299999
1509512733137|-1.8|-30.179998|15.48
1509512733268|-1.9799999|-30.179998|15.42
1509512733400|-2.1|-30.179998|15.48
1509512733532|-2.1|-30.66|15.48
1509512733665|-2.28|-30.66|15.24
1509512733796|-2.58|-30.84|15.36
1509512733929|-2.52|-30.84|15.24
1509512734060|-2.52|-30.84|15.24
1509512734192|-2.22|-30.42|15.179999
1509512734324|-1.5|-30.119999|15.299999
1509512734456|-1.68|-29.82|15.299999
1509512734589|-1.68|-29.58|15.179999
1509512734720|-1.92|-29.939999|15.179999
1509512734852|-2.1599998|-30.3|15.36
1509512734984|-1.92|-30.84|15.36
1509512735116|-1.4399999|-30.84|15.48
1509512735249|-1.62|-30.539999|15.839999
1509512735381|-1.8|-30.24|15.48
1509512735513|-1.74|-29.88|15.179999
1509512735644|-1.9799999|-29.699999|15.12
1509512735776|-1.5|-29.699999|15.0
1509512735908|-1.0799999|-29.76|15.0
1509512736040|-1.5|-29.64|15.42
1509512736173|-1.5|-29.699999|15.42
1509512736305|-1.62|-30.06|15.36
1509512736436|-2.1|-30.119999|15.599999
1509512736568|-1.74|-30.359999|15.42
1509512736700|-1.92|-30.119999|15.54
1509512736832|-1.68|-29.939999|15.54
1509512736964|-1.5|-29.82|15.36
1509512737096|-1.14|-29.76|15.24
1509512737229|-0.71999997|-30.24|15.059999
1509512737360|-0.96|-30.119999|14.88
1509512737492|-1.3199999|-30.24|14.94
1509512737624|-1.62|-30.119999|15.12
1509512737756|-2.1|-30.119999|15.179999
1509512737888|-2.58|-30.24|15.059999
1509512738020|-2.28|-30.24|14.88
1509512738153|-2.3999999|-30.42|14.88
1509512738284|-1.9799999|-30.119999|14.88
1509512738418|-1.5|-30.359999|15.179999
1509512738548|-1.5|-29.82|15.36
1509512738680|-1.3199999|-29.82|15.36
1509512738813|-1.74|-30.06|15.36
1509512738945|-1.5|-29.64|15.36
1509512739076|-1.38|-30.359999|15.299999
1509512739208|-1.3199999|-30.359999|15.179999
1509512739340|-1.5|-30.3|15.179999
1509512739472|-1.56|-30.599998|15.299999
1509512739604|-1.9799999|-30.179998|15.36
1509512739736|-2.3999999|-30.179998|15.48
1509512739868|-2.1|-30.179998|15.48
1509512740000|-2.1|-30.06|15.48
1509512740132|-1.74|-30.24|15.36
1509512740264|-1.5|-30.179998|15.059999
1509512740396|-1.5|-30.0|14.88
1509512740528|-1.38|-29.76|14.82
1509512740660|-1.74|-29.939999|14.88
1509512740792|-1.62|-30.24|15.12
1509512740924|-1.62|-30.599998|15.179999
1509512741056|-1.62|-30.84|15.179999
1509512741188|-1.8|-30.84|15.179999
1509512741320|-1.8|-30.359999|15.12
1509512741453|-1.8|-30.119999|15.299999
1509512741584|-1.56|-29.82|15.299999
1509512741716|-1.26|-29.64|15.059999
1509512741848|-1.38|-29.88|15.12
1509512741980|-1.4399999|-29.939999|15.0
1509512742113|-1.86|-30.3|15.299999
1509512742244|-1.8|-30.66|15.48
1509512742376|-1.62|-30.84|15.48
1509512742508|-1.8|-30.66|15.48
1509512742640|-2.1|-30.42|15.179999
1509512742772|-1.86|-29.88|15.179999
1509512742904|-2.04|-29.58|15.179999
1509512743036|-2.1599998|-29.699999|15.36
1509512743168|-1.9799999|-29.939999|15.48
1509512743300|-2.28|-30.119999|15.42
1509512743432|-1.9799999|-30.3|15.42
1509512743565|-1.68|-30.119999|15.36
1509512743696|-1.68|-30.24|15.179999
1509512743828|-1.5|-30.42|15.299999
1509512743960|-1.56|-30.42|15.299999
1509512744092|-1.74|-30.84|15.36
1509512744224|-1.92|-30.66|15.299999
1509512744356|-1.92|-30.119999|15.299999
1509512744488|-1.92|-29.939999|15.299999
1509512744620|-1.74|-29.58|15.48
1509512744752|-1.74|-29.76|15.78
1509512744884|-2.1|-30.179998|15.9
1509512745016|-1.9799999|-30.48|15.9
1509512745148|-1.92|-30.599998|15.719999
1509512745280|-1.56|-30.48|15.48
1509512745413|-1.1999999|-30.3|15.36
1509512745544|-1.62|-30.359999|15.36
1509512745676|-1.9799999|-30.66|14.88
1509512745808|-1.92|-30.42|14.94
1509512745940|-1.92|-30.42|14.94
1509512746073|-1.68|-29.939999|15.0
1509512746204|-1.3199999|-29.4|15.24
1509512746336|-1.4399999|-29.46|15.24
1509512746468|-1.56|-29.4|15.179999
1509512746600|-1.68|-29.76|15.12
1509512746732|-1.74|-30.06|15.299999
1509512746865|-1.74|-30.179998|15.12
1509512746996|-1.92|-30.42|14.94
1509512747128|-1.74|-29.939999|15.12
1509512747260|-2.28|-29.699999|15.12
1509512747392|-2.22|-29.88|15.299999
1509512747525|-2.28|-29.58|15.54
1509512747656|-2.28|-29.699999|15.36
1509512747788|-1.92|-29.82|15.36
1509512747920|-1.92|-29.64|15.299999
1509512748052|-1.38|-29.82|15.179999
1509512748184|-1.38|-29.939999|15.299999
1509512748319|-1.38|-29.939999|15.059999
1509512748448|-1.74|-29.76|15.0
1509512748580|-2.28|-30.119999|14.94
1509512748713|-2.1599998|-30.119999|14.88
1509512748844|-1.9799999|-30.119999|15.12
1509512748976|-1.62|-30.48|15.179999
1509512749108|-1.3199999|-30.599998|15.179999
1509512749241|-1.56|-30.42|15.179999
1509512749373|-1.5|-30.359999|15.299999
1509512749504|-1.8|-30.3|15.54
1509512749636|-1.74|-30.24|15.54
1509512749768|-1.74|-30.539999|15.9
1509512749900|-1.8|-30.779999|15.9
1509512750037|-1.62|-30.599998|15.66
1509512750164|-1.62|-30.42|15.599999
1509512750296|-1.62|-30.48|15.299999
1509512750428|-1.62|-30.9|15.24
1509512750561|-1.8|-30.72|15.179999
1509512750692|-2.1|-30.599998|15.059999
1509512750824|-1.92|-30.359999|14.94
1509512750957|-1.92|-30.24|14.88
1509512751088|-1.56|-30.599998|14.94
1509512751221|-1.56|-30.779999|15.179999
1509512751352|-1.62|-30.779999|15.179999
1509512751484|-1.62|-30.599998|14.94
1509512751616|-1.62|-30.42|15.059999
1509512751748|-1.8|-30.599998|15.299999
1509512751881|-1.92|-30.599998|15.48
1509512752012|-1.92|-30.3|15.48
1509512752144|-1.92|-30.3|15.599999
1509512752276|-1.5|-30.48|15.36
1509512752408|-1.8|-30.42|15.179999
1509512752540|-1.8|-30.779999|15.42
