1509503996702|0.08172209|-0.068101734|9.80665
1509503996834|0.08172209|-0.068101734|9.80665
1509503996966|0.08172209|-0.068101734|9.80665
1509503997099|0.08172209|-0.068101734|9.80665
1509503997229|0.08172209|-0.068101734|9.80665
1509503997371|0.068101734|-0.05448139|9.80665
1509503997494|0.08172209|-0.068101734|9.80665
1509503997627|0.08172209|-0.068101734|9.80665
1509503997758|0.08172209|-0.068101734|9.80665
1509503997891|0.08172209|-0.068101734|9.80665
1509503998023|0.08172209|-0.068101734|9.80665
1509503998155|0.08172209|-0.068101734|9.80665
1509503998287|0.08172209|-0.068101734|9.80665
1509503998418|0.08172209|-0.068101734|9.80665
1509503998550|0.08172209|-0.068101734|9.80665
1509503998682|0.08172209|-0.068101734|9.80665
1509503998816|0.08172209|-0.068101734|9.80665
1509503998946|0.08172209|-0.08172209|9.80665
1509503999079|0.08172209|-0.08172209|9.80665
1509503999211|0.08172209|-0.08172209|9.80665
1509503999343|0.08172209|-0.08172209|9.80665
1509503999474|0.08172209|-0.08172209|9.80665
1509503999606|0.095342435|-0.08172209|9.80665
1509503999739|0.095342435|-0.08172209|9.80665
1509503999870|0.095342435|-0.08172209|9.80665
1509504000005|0.095342435|-0.08172209|9.80665
1509504000134|0.095342435|-0.08172209|9.80665
1509504000266|0.095342435|-0.08172209|9.80665
1509504000398|0.095342435|-0.08172209|9.80665
1509504000531|0.095342435|-0.08172209|9.80665
1509504000664|0.095342435|-0.08172209|9.80665
1509504000794|0.095342435|-0.08172209|9.80665
1509504000927|0.095342435|-0.08172209|9.80665
1509504001059|0.08172209|-0.095342435|9.80665
1509504001191|0.095342435|-0.08172209|9.80665
1509504001324|0.095342435|-0.08172209|9.80665
1509504001454|0.095342435|-0.08172209|9.80665
1509504001587|0.095342435|-0.095342435|9.80665
1509504001719|0.095342435|-0.095342435|9.80665
1509504001851|0.095342435|-0.095342435|9.80665
1509504001983|0.095342435|-0.095342435|9.80665
1509504002115|0.095342435|-0.095342435|9.80665
1509504002247|0.095342435|-0.095342435|9.80665
1509504002382|0.095342435|-0.095342435|9.80665
1509504002510|0.095342435|-0.095342435|9.80665
1509504002644|0.095342435|-0.095342435|9.80665
1509504002774|0.095342435|-0.095342435|9.80665
1509504002907|0.095342435|-0.095342435|9.80665
1509504003039|0.095342435|-0.095342435|9.80665
1509504003170|0.095342435|-0.095342435|9.80665
1509504003303|0.095342435|-0.095342435|9.80665
1509504003435|0.095342435|-0.095342435|9.80665
1509504003566|0.095342435|-0.095342435|9.80665
1509504003699|0.095342435|-0.095342435|9.80665
1509504003831|0.095342435|-0.095342435|9.80665
1509504003962|0.095342435|-0.095342435|9.80665
1509504004095|0.095342435|-0.10896278|9.80665
1509504004227|0.08172209|-0.10896278|9.80665
1509504004358|0.095342435|-0.095342435|9.80665
1509504004491|0.095342435|-0.095342435|9.80665
1509504004623|0.095342435|-0.095342435|9.80665
1509504004754|0.095342435|-0.095342435|9.80665
1509504004888|0.095342435|-0.095342435|9.80665
1509504005018|0.08172209|-0.095342435|9.80665
1509504005150|0.095342435|-0.08172209|9.80665
1509504005282|0.095342435|-0.095342435|9.80665
1509504005418|0.095342435|-0.095342435|9.80665
1509504005548|0.095342435|-0.095342435|9.80665
1509504005678|0.095342435|-0.095342435|9.80665
1509504005810|0.08172209|-0.095342435|9.80665
1509504005943|0.095342435|-0.095342435|9.80665
1509504006074|0.095342435|-0.095342435|9.80665
1509504006206|0.095342435|-0.095342435|9.80665
1509504006339|0.095342435|-0.095342435|9.80665
1509504006472|0.095342435|-0.095342435|9.80665
1509504006602|0.095342435|-0.095342435|9.80665
1509504006735|0.08172209|-0.095342435|9.80665
1509504006867|0.095342435|-0.095342435|9.80665
1509504006999|0.095342435|-0.095342435|9.80665
1509504007130|0.095342435|-0.095342435|9.80665
1509504007263|0.095342435|-0.095342435|9.80665
1509504007395|0.095342435|-0.095342435|9.80665
1509504007527|0.095342435|-0.08172209|9.80665
1509504007659|0.095342435|-0.08172209|9.80665
1509504007791|0.095342435|-0.08172209|9.80665
1509504007922|0.095342435|-0.08172209|9.80665
1509504008054|0.08172209|-0.068101734|9.80665
1509504008187|0.08172209|-0.068101734|9.80665
1509504008319|0.08172209|-0.068101734|9.80665
1509504008450|0.08172209|-0.068101734|9.80665
1509504008583|0.08172209|-0.068101734|9.80665
1509504008715|0.08172209|-0.068101734|9.80665
1509504008847|0.08172209|-0.068101734|9.80665
1509504008978|0.068101734|-0.068101734|9.80665
1509504009109|0.068101734|-0.068101734|9.80665
1509504009243|0.08172209|-0.08172209|9.80665
1509504009375|0.08172209|-0.08172209|9.80665
1509504009507|0.08172209|-0.08172209|9.80665
1509504009639|0.08172209|-0.08172209|9.80665
1509504009771|0.08172209|-0.08172209|9.80665
1509504009903|0.08172209|-0.08172209|9.80665
1509504010037|0.08172209|-0.08172209|9.80665
1509504010166|0.08172209|-0.08172209|9.80665
1509504010299|0.095342435|-0.068101734|9.80665
1509504010430|0.08172209|-0.08172209|9.80665
1509504010563|0.08172209|-0.08172209|9.80665
1509504010695|0.08172209|-0.08172209|9.80665
1509504010827|0.08172209|-0.08172209|9.80665
1509504010958|0.08172209|-0.08172209|9.80665
1509504011091|0.095342435|-0.08172209|9.80665
1509504011222|0.095342435|-0.095342435|9.80665
1509504011355|0.095342435|-0.095342435|9.80665
1509504011486|0.095342435|-0.095342435|9.80665
1509504011618|0.095342435|-0.095342435|9.80665
1509504011750|0.095342435|-0.095342435|9.80665
1509504011883|0.095342435|-0.095342435|9.80665
1509504012015|0.095342435|-0.095342435|9.80665
1509504012147|0.08172209|-0.08172209|9.80665
1509504012278|0.095342435|-0.068101734|9.80665
1509504012409|0.095342435|-0.068101734|9.80665
1509504012543|0.095342435|-0.068101734|9.80665
1509504012676|0.095342435|-0.068101734|9.80665
1509504012806|0.095342435|-0.068101734|9.80665
1509504012938|0.095342435|-0.068101734|9.80665
1509504013070|0.095342435|-0.068101734|9.80665
1509504013204|0.095342435|-0.068101734|9.80665
1509504013334|0.095342435|-0.068101734|9.80665
1509504013466|0.095342435|-0.068101734|9.80665
1509504013598|0.095342435|-0.068101734|9.80665
1509504013730|0.095342435|-0.068101734|9.80665
1509504013863|0.095342435|-0.08172209|9.80665
1509504014000|0.095342435|-0.08172209|9.80665
1509504014127|0.095342435|-0.08172209|9.80665
1509504014258|0.095342435|-0.08172209|9.80665
1509504014391|0.095342435|-0.08172209|9.80665
1509504014522|0.095342435|-0.08172209|9.80665
1509504014654|0.095342435|-0.08172209|9.80665
1509504014787|0.095342435|-0.08172209|9.80665
1509504014918|0.095342435|-0.08172209|9.80665
1509504015050|0.095342435|-0.095342435|9.80665
1509504015186|0.095342435|-0.095342435|9.80665
1509504015314|0.095342435|-0.095342435|9.80665
1509504015446|0.095342435|-0.095342435|9.80665
1509504015578|0.095342435|-0.095342435|9.80665
1509504015711|0.095342435|-0.095342435|9.80665
1509504015844|0.095342435|-0.095342435|9.80665
1509504015975|0.095342435|-0.095342435|9.80665
1509504016106|0.095342435|-0.095342435|9.80665
1509504016238|0.095342435|-0.095342435|9.80665
1509504016371|0.10896278|-0.095342435|9.80665
1509504016501|0.10896278|-0.095342435|9.80665
1509504016634|0.10896278|-0.095342435|9.80665
1509504016767|0.10896278|-0.095342435|9.80665
1509504016899|0.10896278|-0.095342435|9.80665
1509504017031|0.095342435|-0.095342435|9.80665
1509504017163|0.095342435|-0.095342435|9.80665
1509504017296|0.095342435|-0.095342435|9.80665
1509504017427|0.095342435|-0.095342435|9.80665
1509504017560|0.095342435|-0.095342435|9.80665
1509504017691|0.095342435|-0.095342435|9.80665
1509504017823|0.095342435|-0.095342435|9.80665
1509504017955|0.095342435|-0.095342435|9.80665
1509504018086|0.095342435|-0.095342435|9.80665
1509504018218|0.095342435|-0.095342435|9.80665
1509504018350|0.095342435|-0.095342435|9.80665
1509504018483|0.095342435|-0.095342435|9.80665
1509504018615|0.095342435|-0.095342435|9.80665
1509504018748|0.095342435|-0.095342435|9.80665
1509504018879|0.095342435|-0.095342435|9.80665
1509504019011|0.095342435|-0.095342435|9.80665
1509504019141|0.095342435|-0.095342435|9.80665
1509504019275|0.095342435|-0.08172209|9.80665
1509504019406|0.095342435|-0.08172209|9.80665
1509504019537|0.095342435|-0.08172209|9.80665
1509504019670|0.095342435|-0.08172209|9.80665
1509504019803|0.095342435|-0.08172209|9.80665
1509504019936|0.095342435|-0.08172209|9.80665
1509504020066|0.095342435|-0.08172209|9.80665
1509504020197|0.095342435|-0.08172209|9.80665
1509504020330|0.095342435|-0.08172209|9.80665
1509504020462|0.095342435|-0.095342435|9.80665
1509504020594|0.095342435|-0.095342435|9.80665
1509504020727|0.095342435|-0.095342435|9.80665
1509504020859|0.08172209|-0.08172209|9.80665
1509504020989|0.08172209|-0.095342435|9.80665
1509504021121|0.08172209|-0.095342435|9.80665
1509504021254|0.095342435|-0.095342435|9.80665
1509504021387|0.095342435|-0.095342435|9.80665
1509504021518|0.095342435|-0.095342435|9.80665
1509504021652|0.095342435|-0.095342435|9.80665
1509504021782|0.095342435|-0.095342435|9.80665
1509504021915|0.095342435|-0.095342435|9.80665
1509504022047|0.095342435|-0.095342435|9.80665
1509504022178|0.095342435|-0.095342435|9.80665
1509504022310|0.095342435|-0.095342435|9.80665
1509504022442|0.08172209|-0.08172209|9.80665
1509504022573|0.095342435|-0.095342435|9.80665
1509504022706|0.08172209|-0.08172209|9.80665
1509504022838|0.095342435|-0.095342435|9.80665
1509504022970|0.095342435|-0.095342435|9.80665
1509504023102|0.095342435|-0.095342435|9.80665
1509504023235|0.095342435|-0.095342435|9.80665
1509504023366|0.08172209|-0.068101734|9.80665
1509504023498|0.08172209|-0.068101734|9.80665
1509504023630|0.08172209|-0.068101734|9.80665
1509504023762|0.08172209|-0.068101734|9.80665
1509504023894|0.08172209|-0.08172209|9.80665
1509504024027|0.08172209|-0.08172209|9.80665
1509504024157|0.08172209|-0.08172209|9.80665
1509504024290|0.095342435|-0.08172209|9.80665
1509504024421|0.095342435|-0.08172209|9.80665
1509504024554|0.08172209|-0.068101734|9.80665
1509504024686|0.08172209|-0.068101734|9.80665
1509504024818|0.08172209|-0.068101734|9.80665
1509504024950|0.08172209|-0.068101734|9.80665
1509504025082|0.08172209|-0.068101734|9.80665
1509504025222|0.08172209|-0.068101734|9.80665
1509504025346|0.08172209|-0.068101734|9.80665
1509504025478|0.08172209|-0.068101734|9.80665
1509504025618|0.08172209|-0.08172209|9.80665
1509504025741|0.08172209|-0.08172209|9.80665
1509504025874|0.08172209|-0.08172209|9.80665
1509504026005|0.08172209|-0.08172209|9.80665
1509504026138|0.08172209|-0.08172209|9.80665
1509504026270|0.08172209|-0.08172209|9.80665
1509504026402|0.08172209|-0.08172209|9.80665
1509504026533|0.08172209|-0.08172209|9.80665
1509504026666|0.068101734|-0.08172209|9.80665
1509504026798|0.068101734|-0.08172209|9.80665
1509504026931|0.068101734|-0.08172209|9.80665
1509504027062|0.068101734|-0.08172209|9.80665
1509504027195|0.068101734|-0.08172209|9.80665
1509504027327|0.068101734|-0.08172209|9.80665
1509504027460|0.068101734|-0.08172209|9.80665
1509504027591|0.068101734|-0.08172209|9.80665
1509504027723|0.068101734|-0.095342435|9.80665
1509504027855|0.068101734|-0.095342435|9.80665
1509504027987|0.068101734|-0.095342435|9.80665
1509504028119|0.08172209|-0.095342435|9.80665
1509504028251|0.08172209|-0.095342435|9.80665
1509504028381|0.08172209|-0.095342435|9.80665
1509504028515|0.08172209|-0.095342435|9.80665
1509504028648|0.095342435|-0.08172209|9.80665
1509504028778|0.095342435|-0.08172209|9.80665
1509504028910|0.095342435|-0.08172209|9.80665
1509504029043|0.095342435|-0.08172209|9.80665
1509504029175|0.095342435|-0.08172209|9.80665
1509504029306|0.095342435|-0.095342435|9.80665
1509504029442|0.08172209|-0.095342435|9.80665
1509504029570|0.08172209|-0.095342435|9.80665
1509504029702|0.095342435|-0.095342435|9.80665
1509504029834|0.095342435|-0.095342435|9.80665
1509504029966|0.095342435|-0.095342435|9.80665
1509504030099|0.095342435|-0.095342435|9.80665
1509504030235|0.095342435|-0.095342435|9.80665
1509504030362|0.095342435|-0.095342435|9.80665
1509504030494|0.095342435|-0.095342435|9.80665
1509504030627|0.095342435|-0.095342435|9.80665
1509504030759|0.095342435|-0.095342435|9.80665
1509504030890|0.068101734|-0.08172209|9.80665
1509504031022|0.068101734|-0.08172209|9.80665
1509504031154|0.068101734|-0.08172209|9.80665
1509504031287|0.068101734|-0.08172209|9.80665
1509504031418|0.068101734|-0.095342435|9.80665
1509504031550|0.068101734|-0.095342435|9.80665
1509504031686|0.068101734|-0.095342435|9.80665
1509504031814|0.095342435|-0.095342435|9.80665
1509504031946|0.095342435|-0.095342435|9.80665
1509504032079|0.095342435|-0.095342435|9.80665
1509504032210|0.095342435|-0.095342435|9.80665
1509504032342|0.12258312|-0.068101734|9.80665
1509504032474|0.12258312|-0.068101734|9.80665
1509504032607|0.12258312|-0.068101734|9.80665
1509504032742|0.12258312|-0.08172209|9.80665
1509504032870|0.12258312|-0.08172209|9.80665
1509504033003|0.12258312|-0.08172209|9.80665
1509504033133|0.12258312|-0.08172209|9.80665
1509504033266|0.12258312|-0.08172209|9.80665
1509504033398|0.12258312|-0.08172209|9.80665
1509504033530|0.12258312|-0.08172209|9.80665
1509504033663|0.12258312|-0.08172209|9.80665
1509504033795|0.12258312|-0.08172209|9.80665
1509504033927|0.13620347|-0.08172209|9.80665
1509504034059|0.13620347|-0.08172209|9.80665
1509504034189|0.10896278|-0.08172209|9.80665
1509504034322|0.10896278|-0.095342435|9.80665
1509504034454|0.10896278|-0.095342435|9.80665
1509504034586|0.10896278|-0.095342435|9.80665
1509504034718|0.10896278|-0.095342435|9.80665
1509504034850|0.08172209|-0.08172209|9.80665
1509504034981|0.08172209|-0.08172209|9.80665
1509504035114|0.08172209|-0.08172209|9.80665
1509504035246|0.08172209|-0.08172209|9.80665
1509504035378|0.095342435|-0.095342435|9.80665
1509504035511|0.095342435|-0.095342435|9.80665
1509504035642|0.095342435|-0.095342435|9.80665
1509504035774|0.10896278|-0.095342435|9.80665
1509504035906|0.10896278|-0.095342435|9.80665
1509504036038|0.095342435|-0.095342435|9.80665
1509504036170|0.095342435|-0.095342435|9.80665
1509504036302|0.095342435|-0.095342435|9.80665
1509504036434|0.095342435|-0.095342435|9.80665
1509504036566|0.095342435|-0.095342435|9.80665
1509504036698|0.10896278|-0.095342435|9.80665
1509504036830|0.10896278|-0.095342435|9.80665
1509504036963|0.10896278|-0.095342435|9.80665
1509504037094|0.10896278|-0.095342435|9.80665
1509504037226|0.10896278|-0.095342435|9.80665
1509504037357|0.10896278|-0.10896278|9.80665
1509504037489|0.10896278|-0.10896278|9.80665
1509504037622|0.10896278|-0.10896278|9.80665
1509504037754|0.10896278|-0.10896278|9.80665
1509504037886|0.10896278|-0.10896278|9.80665
1509504038018|0.095342435|-0.095342435|9.80665
1509504038150|0.095342435|-0.095342435|9.80665
1509504038282|0.10896278|-0.095342435|9.80665
1509504038414|0.10896278|-0.10896278|9.80665
1509504038546|0.10896278|-0.10896278|9.80665
1509504038678|0.10896278|-0.10896278|9.80665
1509504038811|0.10896278|-0.095342435|9.80665
1509504038942|0.095342435|-0.095342435|9.80665
1509504039076|0.08172209|-0.08172209|9.80665
1509504039205|0.08172209|-0.08172209|9.80665
1509504039338|0.095342435|-0.095342435|9.80665
1509504039470|0.10896278|-0.095342435|9.80665
1509504039602|0.095342435|-0.095342435|9.80665
1509504039734|0.08172209|-0.08172209|9.80665
1509504039866|0.095342435|-0.095342435|9.80665
1509504039998|0.095342435|-0.095342435|9.80665
1509504040131|0.08172209|-0.08172209|9.80665
1509504040273|0.095342435|-0.095342435|9.80665
1509504040394|0.095342435|-0.095342435|9.80665
1509504040529|0.08172209|-0.08172209|9.80665
1509504040658|0.095342435|-0.095342435|9.80665
1509504040789|0.095342435|-0.095342435|9.80665
1509504040922|0.095342435|-0.095342435|9.80665
1509504041054|0.08172209|-0.08172209|9.80665
1509504041187|0.08172209|-0.08172209|9.80665
1509504041318|0.08172209|-0.095342435|9.80665
1509504041450|0.08172209|-0.095342435|9.80665
1509504041582|0.08172209|-0.095342435|9.80665
1509504041713|0.095342435|-0.095342435|9.80665
1509504041846|0.095342435|-0.095342435|9.80665
1509504041978|0.095342435|-0.095342435|9.80665
1509504042111|0.095342435|-0.095342435|9.80665
1509504042242|0.095342435|-0.095342435|9.80665
1509504042374|0.095342435|-0.095342435|9.80665
1509504042507|0.095342435|-0.095342435|9.80665
1509504042637|0.095342435|-0.095342435|9.80665
1509504042770|0.095342435|-0.095342435|9.80665
1509504042902|0.095342435|-0.095342435|9.80665
1509504043034|0.095342435|-0.08172209|9.80665
1509504043166|0.08172209|-0.08172209|9.80665
1509504043299|0.08172209|-0.08172209|9.80665
1509504043430|0.08172209|-0.08172209|9.80665
1509504043562|0.08172209|-0.08172209|9.80665
1509504043695|0.095342435|-0.08172209|9.80665
1509504043826|0.095342435|-0.08172209|9.80665
1509504043959|0.095342435|-0.08172209|9.80665
1509504044092|0.095342435|-0.08172209|9.80665
1509504044222|0.095342435|-0.08172209|9.80665
1509504044356|0.095342435|-0.08172209|9.80665
1509504044488|0.095342435|-0.08172209|9.80665
1509504044619|0.095342435|-0.08172209|9.80665
1509504044751|0.095342435|-0.08172209|9.80665
1509504044883|0.095342435|-0.08172209|9.80665
1509504045015|0.095342435|-0.08172209|9.80665
1509504045147|0.095342435|-0.08172209|9.80665
1509504045279|0.095342435|-0.095342435|9.80665
1509504045410|0.095342435|-0.095342435|9.80665
1509504045542|0.095342435|-0.095342435|9.80665
1509504045674|0.095342435|-0.095342435|9.80665
1509504045808|0.08172209|-0.10896278|9.80665
1509504045940|0.08172209|-0.10896278|9.80665
1509504046071|0.08172209|-0.10896278|9.80665
1509504046202|0.08172209|-0.10896278|9.80665
1509504046337|0.08172209|-0.10896278|9.80665
1509504046467|0.08172209|-0.10896278|9.80665
1509504046599|0.08172209|-0.10896278|9.80665
1509504046730|0.08172209|-0.10896278|9.80665
1509504046863|0.095342435|-0.10896278|9.80665
1509504046996|0.095342435|-0.095342435|9.80665
1509504047127|0.095342435|-0.095342435|9.80665
1509504047262|0.08172209|-0.08172209|9.80665
1509504047391|0.08172209|-0.08172209|9.80665
1509504047523|0.08172209|-0.095342435|9.80665
1509504047657|0.08172209|-0.095342435|9.80665
1509504047788|0.095342435|-0.08172209|9.80665
1509504047918|0.095342435|-0.08172209|9.80665
1509504048051|0.095342435|-0.068101734|9.80665
1509504048182|0.095342435|-0.068101734|9.80665
1509504048314|0.095342435|-0.08172209|9.80665
1509504048446|0.095342435|-0.08172209|9.80665
1509504048579|0.095342435|-0.08172209|9.80665
1509504048711|0.095342435|-0.08172209|9.80665
1509504048841|0.095342435|-0.08172209|9.80665
1509504048975|0.095342435|-0.08172209|9.80665
1509504049107|0.095342435|-0.08172209|9.80665
1509504049238|0.068101734|-0.068101734|9.80665
1509504049370|0.10896278|-0.08172209|9.80665
1509504049503|0.10896278|-0.08172209|9.80665
1509504049635|0.10896278|-0.08172209|9.80665
1509504049767|0.10896278|-0.095342435|9.80665
1509504049901|0.095342435|-0.095342435|9.80665
1509504050031|0.08172209|-0.08172209|9.80665
1509504050162|0.08172209|-0.08172209|9.80665
1509504050293|0.08172209|-0.08172209|9.80665
1509504050429|0.08172209|-0.095342435|9.80665
1509504050561|0.095342435|-0.095342435|9.80665
1509504050694|0.08172209|-0.08172209|9.80665
1509504050823|0.095342435|-0.095342435|9.80665
1509504050953|0.08172209|-0.08172209|9.80665
1509504051086|0.08172209|-0.08172209|9.80665
1509504051218|0.08172209|-0.08172209|9.80665
1509504051351|0.08172209|-0.08172209|9.80665
1509504051484|0.08172209|-0.08172209|9.80665
1509504051615|0.08172209|-0.08172209|9.80665
1509504051748|0.095342435|-0.095342435|9.80665
1509504051883|0.08172209|-0.068101734|9.80665
1509504052011|0.08172209|-0.068101734|9.80665
1509504052142|0.08172209|-0.068101734|9.80665
1509504052275|0.095342435|-0.068101734|9.80665
1509504052408|0.095342435|-0.095342435|9.80665
1509504052540|0.095342435|-0.08172209|9.80665
1509504052672|0.095342435|-0.095342435|9.80665
1509504052803|0.095342435|-0.095342435|9.80665
1509504052933|0.095342435|-0.095342435|9.80665
