1509520958046|1.62|-51.899998|-13.74
1509520958139|1.4399999|-51.84|-13.679999
1509520958270|1.68|-51.899998|-13.5
1509520958406|1.5|-51.719997|-13.74
1509520958534|1.38|-52.02|-13.559999
1509520958667|1.5|-52.199997|-13.2
1509520958798|1.5|-52.079998|-13.2
1509520958931|1.02|-52.02|-12.78
1509520959063|1.02|-51.78|-12.96
1509520959195|1.02|-51.539997|-12.96
1509520959326|1.1999999|-51.539997|-13.08
1509520959459|1.86|-51.539997|-12.719999
1509520959591|2.22|-51.66|-12.54
1509520959722|2.22|-51.6|-13.08
1509520959854|2.1599998|-51.66|-12.42
1509520959986|2.28|-51.6|-13.08
1509520960119|2.22|-51.66|-12.96
1509520960251|2.04|-51.6|-12.42
1509520960383|2.04|-51.6|-12.66
1509520960515|1.9799999|-52.02|-12.179999
1509520960647|2.04|-51.96|-12.42
1509520960779|2.22|-52.02|-12.9
1509520960911|2.22|-52.02|-12.9
1509520961043|1.8|-51.84|-13.0199995
1509520961175|1.4399999|-52.14|-12.96
1509520961307|1.38|-52.26|-12.66
1509520961439|1.1999999|-52.44|-12.96
1509520961571|1.68|-52.44|-12.719999
1509520961703|1.68|-52.199997|-12.9
1509520961835|1.1999999|-52.02|-12.9
1509520961966|1.4399999|-51.96|-12.9
1509520962099|0.9|-51.78|-13.139999
1509520962231|1.26|-51.96|-12.96
1509520962363|1.68|-51.96|-13.08
1509520962494|1.68|-51.84|-12.96
1509520962627|1.86|-52.02|-13.08
1509520962759|1.86|-52.079998|-12.96
1509520962892|2.04|-52.199997|-12.78
1509520963023|1.8|-52.44|-12.96
1509520963155|1.62|-52.32|-13.2
1509520963287|1.26|-52.02|-13.38
1509520963419|1.26|-51.899998|-13.32
1509520963552|1.02|-51.899998|-13.32
1509520963683|1.1999999|-51.78|-12.78
1509520963815|1.38|-51.84|-13.0199995
1509520963947|1.1999999|-51.84|-13.5
1509520964079|1.1999999|-51.6|-13.38
1509520964211|1.38|-51.84|-13.38
1509520964343|1.1999999|-51.84|-13.139999
1509520964475|1.1999999|-51.899998|-12.96
1509520964607|1.26|-51.84|-13.259999
1509520964739|1.26|-51.66|-13.44
1509520964871|1.4399999|-51.84|-13.44
1509520965003|1.0799999|-51.899998|-13.259999
1509520965135|1.4399999|-52.02|-12.96
1509520965267|1.0799999|-52.02|-12.96
1509520965399|1.26|-51.78|-12.96
1509520965531|1.62|-51.719997|-12.78
1509520965663|1.62|-51.6|-13.2
1509520965795|2.04|-51.6|-13.559999
1509520965927|1.86|-51.719997|-13.139999
1509520966059|2.04|-51.719997|-13.259999
1509520966191|1.68|-51.96|-12.9
1509520966323|1.4399999|-51.96|-12.66
1509520966455|1.62|-52.079998|-12.96
1509520966588|1.4399999|-52.079998|-13.2
1509520966719|1.4399999|-51.899998|-13.5
1509520966851|1.0799999|-52.079998|-13.5
1509520966983|0.9|-51.899998|-13.799999
1509520967115|1.0799999|-51.84|-13.559999
1509520967247|0.84|-51.78|-13.259999
1509520967379|1.1999999|-51.66|-12.9
1509520967511|0.84|-51.6|-12.3
1509520967643|0.48|-51.78|-11.88
1509520967775|0.9|-52.079998|-12.0
1509520967907|1.0799999|-52.199997|-12.599999
1509520968039|1.5|-52.199997|-13.0199995
1509520968171|1.86|-52.079998|-13.2
1509520968303|2.04|-51.84|-13.44
1509520968435|2.04|-51.84|-13.259999
1509520968567|2.1599998|-51.84|-13.0199995
1509520968699|1.9799999|-51.96|-12.78
1509520968831|1.9799999|-51.78|-12.719999
1509520968963|1.8|-51.66|-12.9
1509520969095|1.62|-51.719997|-12.54
1509520969227|1.68|-51.6|-13.08
1509520969359|1.68|-51.719997|-13.08
1509520969492|1.86|-51.719997|-12.54
1509520969623|2.04|-51.719997|-12.54
1509520969755|2.1599998|-51.719997|-12.24
1509520969887|2.1599998|-51.84|-11.94
1509520970019|1.8|-51.78|-12.54
1509520970151|1.8|-51.66|-12.719999
1509520970283|1.62|-51.66|-13.0199995
1509520970415|1.4399999|-51.539997|-12.84
1509520970546|1.62|-51.6|-12.599999
1509520970678|1.26|-51.96|-13.08
1509520970810|1.5|-51.84|-13.259999
1509520970942|1.38|-51.899998|-13.74
1509520971075|1.62|-51.899998|-13.74
1509520971206|1.8|-51.899998|-13.559999
1509520971338|1.5|-52.02|-13.559999
1509520971470|1.86|-52.14|-13.559999
1509520971602|1.62|-52.32|-13.74
1509520971735|1.4399999|-52.02|-13.74
1509520971866|1.62|-52.02|-13.74
1509520971998|1.26|-51.84|-13.74
1509520972130|1.4399999|-52.02|-13.559999
1509520972262|1.62|-52.02|-13.559999
1509520972394|1.4399999|-51.899998|-13.44
1509520972526|1.4399999|-52.26|-13.44
1509520972658|0.65999997|-51.899998|-13.62
1509520972791|0.84|-52.14|-13.92
1509520972922|0.65999997|-52.379997|-13.74
1509520973054|0.65999997|-52.02|-13.259999
1509520973186|0.78|-52.199997|-13.139999
1509520973318|0.59999996|-51.96|-12.96
1509520973450|0.78|-52.02|-13.5
1509520973583|1.0799999|-52.079998|-13.799999
1509520973715|1.62|-51.84|-13.799999
1509520973847|1.62|-51.84|-13.679999
1509520973979|1.4399999|-51.66|-12.84
1509520974111|1.4399999|-51.78|-12.719999
1509520974243|1.4399999|-51.899998|-12.54
1509520974375|1.26|-52.14|-12.54
1509520974507|1.26|-52.02|-13.2
1509520974639|0.78|-51.84|-13.2
1509520974771|0.9|-51.78|-13.2
1509520974903|1.02|-51.66|-13.2
1509520975035|1.38|-51.719997|-13.0199995
1509520975167|1.9799999|-51.539997|-12.96
1509520975299|2.04|-51.6|-13.139999
1509520975431|2.1|-51.539997|-13.08
1509520975563|1.8|-51.48|-12.78
1509520975694|1.5|-51.78|-13.2
1509520975837|1.26|-51.84|-13.2
1509520975959|1.0799999|-52.02|-13.0199995
1509520976091|1.4399999|-52.559998|-13.44
1509520976222|1.4399999|-52.44|-13.139999
1509520976355|0.96|-52.199997|-12.96
1509520976487|1.0799999|-52.199997|-12.96
1509520976619|0.78|-51.719997|-12.78
1509520976751|0.9|-51.66|-12.96
1509520976883|1.62|-51.719997|-13.32
1509520977015|1.62|-51.42|-13.74
1509520977147|1.38|-51.66|-13.44
1509520977279|0.96|-51.78|-13.0199995
1509520977411|0.59999996|-51.78|-12.78
1509520977543|0.35999998|-51.84|-12.599999
1509520977675|0.96|-51.66|-13.0199995
1509520977806|1.02|-51.6|-13.44
1509520977939|1.1999999|-51.66|-13.559999
1509520978071|1.68|-52.079998|-13.2
1509520978203|1.1999999|-52.14|-12.78
1509520978335|1.56|-52.14|-12.54
1509520978467|1.56|-52.14|-12.0
1509520978599|1.26|-51.96|-12.66
1509520978731|1.26|-52.14|-12.9
1509520978863|0.9|-51.899998|-12.96
1509520978995|1.0799999|-51.84|-13.38
1509520979126|1.38|-51.96|-13.139999
1509520979259|1.5|-51.96|-13.139999
1509520979391|1.56|-52.26|-13.259999
1509520979523|1.38|-52.26|-13.44
1509520979654|0.9|-51.899998|-13.559999
1509520979787|0.9|-51.66|-13.74
1509520979919|1.0799999|-51.66|-13.74
1509520980050|1.0799999|-51.66|-13.799999
1509520980182|0.84|-51.66|-13.559999
1509520980315|1.02|-51.899998|-13.559999
1509520980447|1.26|-51.84|-13.74
1509520980579|1.4399999|-51.84|-13.5
1509520980711|1.9799999|-51.84|-13.74
1509520980843|1.9799999|-51.6|-13.799999
1509520980980|1.86|-51.719997|-13.799999
1509520981110|1.68|-51.66|-13.799999
1509520981239|1.1999999|-51.899998|-13.799999
1509520981371|0.78|-52.02|-13.259999
1509520981503|0.78|-52.02|-12.78
1509520981635|0.96|-52.02|-12.78
1509520981767|1.1999999|-51.899998|-12.78
1509520981899|1.62|-51.78|-13.0199995
1509520982031|1.62|-52.02|-13.44
1509520982162|1.26|-52.02|-13.44
1509520982295|1.68|-51.78|-13.259999
1509520982431|1.86|-51.84|-13.2
1509520982559|1.4399999|-51.48|-13.0199995
1509520982691|1.8|-51.719997|-13.2
1509520982823|1.5|-51.96|-13.2
1509520982954|0.9|-52.079998|-13.5
1509520983087|1.38|-52.199997|-13.74
1509520983219|1.1999999|-52.02|-13.559999
1509520983350|0.84|-51.96|-13.2
1509520983482|1.26|-51.66|-12.78
1509520983614|0.9|-51.48|-12.78
1509520983747|0.78|-51.42|-12.9
1509520983879|1.0799999|-51.539997|-13.0199995
1509520984011|1.38|-51.84|-13.139999
1509520984142|1.68|-52.14|-12.66
1509520984275|2.04|-52.26|-12.599999
1509520984407|1.8|-52.199997|-12.78
1509520984540|1.56|-51.96|-13.139999
1509520984671|1.62|-51.66|-13.44
1509520984803|1.26|-51.66|-13.44
1509520984935|1.5|-51.6|-13.44
1509520985067|1.68|-51.66|-13.08
1509520985199|1.0799999|-51.539997|-13.08
1509520985331|1.26|-51.6|-13.32
1509520985463|1.0799999|-51.6|-13.38
1509520985595|1.0799999|-51.6|-13.679999
1509520985727|1.4399999|-51.6|-13.679999
1509520985858|1.62|-51.539997|-13.259999
1509520985990|1.62|-51.6|-13.44
1509520986123|1.62|-51.719997|-13.259999
1509520986254|1.86|-52.079998|-13.5
1509520986387|1.5|-52.14|-13.679999
1509520986518|1.0799999|-52.379997|-13.2
1509520986650|0.9|-52.44|-13.44
1509520986782|0.48|-52.079998|-13.44
1509520986914|0.84|-52.02|-13.139999
1509520987046|1.0799999|-51.6|-13.559999
1509520987178|1.38|-51.48|-13.32
1509520987310|1.68|-51.539997|-13.08
1509520987442|1.68|-51.42|-13.44
1509520987574|1.86|-51.6|-13.259999
1509520987706|1.8|-52.02|-12.719999
1509520987838|1.68|-52.02|-12.719999
1509520987970|1.02|-52.079998|-12.96
1509520988103|1.02|-52.14|-12.78
1509520988235|1.02|-52.079998|-13.2
1509520988378|1.02|-52.26|-13.0199995
1509520988498|1.68|-52.199997|-12.96
1509520988631|1.86|-52.079998|-12.96
1509520988763|1.86|-51.719997|-13.259999
1509520988894|1.68|-51.66|-13.44
1509520989027|1.38|-51.78|-13.259999
1509520989159|1.56|-51.84|-13.559999
1509520989291|1.62|-51.84|-13.44
1509520989423|1.86|-51.719997|-13.259999
1509520989555|1.86|-51.6|-13.44
1509520989687|1.9799999|-51.539997|-12.96
1509520989819|1.86|-51.719997|-13.08
1509520989951|1.68|-51.96|-12.96
1509520990083|1.86|-51.96|-12.96
1509520990215|1.62|-51.899998|-12.9
1509520990347|1.62|-52.14|-12.9
1509520990479|1.8|-51.84|-13.2
1509520990611|1.62|-51.96|-12.84
1509520990743|1.8|-52.079998|-13.5
1509520990875|1.62|-51.719997|-13.2
1509520991007|1.0799999|-51.539997|-13.2
1509520991139|1.4399999|-51.539997|-13.44
1509520991271|1.4399999|-51.539997|-13.32
1509520991403|1.68|-51.66|-13.86
1509520991534|2.22|-51.84|-13.74
1509520991667|2.04|-51.84|-13.62
1509520991799|2.04|-51.84|-13.2
1509520991931|1.9799999|-51.78|-12.96
1509520992063|1.9799999|-51.719997|-12.96
1509520992195|2.1599998|-51.719997|-12.54
1509520992327|1.9799999|-51.539997|-12.84
1509520992458|1.9799999|-51.78|-12.719999
1509520992591|1.62|-51.899998|-12.42
1509520992723|1.4399999|-51.899998|-12.66
1509520992855|1.26|-52.02|-12.48
1509520992988|1.0799999|-52.26|-12.66
1509520993118|1.26|-52.26|-13.38
1509520993251|1.4399999|-52.199997|-13.74
1509520993383|1.62|-51.96|-14.04
1509520993515|1.8|-51.66|-13.5
1509520993647|1.62|-51.84|-13.139999
1509520993779|1.68|-51.84|-12.54
1509520993911|1.68|-52.079998|-12.42
1509520994043|1.5|-51.78|-12.78
1509520994175|1.1999999|-51.719997|-12.96
1509520994307|0.9|-51.719997|-12.719999
1509520994439|0.59999996|-51.719997|-12.78
1509520994571|0.59999996|-51.78|-12.96
1509520994703|1.26|-51.719997|-13.0199995
1509520994835|1.4399999|-51.78|-13.44
1509520994967|1.8|-51.66|-13.0199995
1509520995099|1.62|-51.48|-13.0199995
1509520995231|1.62|-51.48|-12.96
1509520995363|1.4399999|-51.48|-13.259999
1509520995495|1.5|-51.539997|-13.259999
1509520995626|1.62|-51.719997|-12.96
1509520995759|1.62|-51.66|-12.78
1509520995891|1.8|-51.6|-12.66
1509520996023|1.38|-51.66|-12.96
1509520996155|1.62|-51.539997|-13.08
1509520996287|1.4399999|-51.539997|-13.08
1509520996419|1.02|-52.02|-13.259999
1509520996551|1.38|-51.899998|-13.259999
1509520996683|1.1999999|-52.02|-13.44
1509520996815|1.1999999|-52.079998|-13.559999
1509520996947|1.0799999|-51.539997|-13.08
1509520997079|1.0799999|-51.6|-13.08
1509520997211|0.84|-51.78|-13.08
1509520997343|0.65999997|-51.66|-13.0199995
1509520997475|1.02|-51.78|-13.5
1509520997607|1.1999999|-51.78|-13.32
1509520997739|1.26|-51.539997|-13.0199995
1509520997871|1.26|-51.66|-12.96
1509520998003|1.5|-51.78|-12.96
1509520998134|0.84|-51.719997|-13.139999
1509520998267|1.1999999|-51.84|-13.259999
1509520998399|1.0799999|-51.899998|-13.559999
1509520998531|0.65999997|-51.78|-13.139999
1509520998663|1.1999999|-51.899998|-13.259999
1509520998795|0.84|-51.78|-13.5
1509520998927|1.02|-51.96|-13.08
1509520999059|1.1999999|-51.84|-13.32
1509520999191|1.1999999|-51.6|-13.259999
1509520999323|1.02|-51.84|-12.9
1509520999455|0.78|-51.719997|-12.96
1509520999587|0.9|-51.719997|-12.42
1509520999719|0.9|-51.899998|-12.0
1509520999851|0.84|-51.899998|-12.0
1509520999983|1.02|-51.84|-12.12
1509521000115|1.02|-51.78|-12.36
1509521000247|0.84|-51.66|-12.42
1509521000381|1.26|-51.48|-12.719999
1509521000511|1.26|-51.42|-12.9
1509521000643|0.9|-51.42|-13.44
1509521000775|1.0799999|-51.66|-13.44
1509521000908|1.26|-51.84|-13.139999
1509521001038|0.84|-51.96|-12.96
1509521001171|1.02|-51.96|-12.78
1509521001303|1.02|-51.78|-13.2
