1509526728179|1.0215261|-0.24516624|-0.013620348
1509526728308|0.61291564|-0.17706451|-0.040861044
1509526728440|0.31326798|-0.12258312|-0.05448139
1509526728573|0.13620347|-0.068101734|-0.05448139
1509526728704|0.05448139|-0.040861044|-0.05448139
1509526728837|0.027240695|-0.027240695|-0.05448139
1509526728970|0.013620348|-0.027240695|-0.068101734
1509526729100|-0.013620348|0.0|-0.068101734
1509526729232|0.0|-0.013620348|-0.08172209
1509526729364|0.013620348|-0.027240695|-0.08172209
1509526729496|0.013620348|0.0|-0.05448139
1509526729629|-0.013620348|0.0|-0.05448139
1509526729761|0.013620348|0.0|-0.05448139
1509526729893|0.0|0.0|-0.068101734
1509526730024|0.0|0.013620348|-0.05448139
1509526730157|0.0|0.0|-0.068101734
1509526730289|0.0|0.013620348|-0.068101734
1509526730420|0.0|-0.013620348|-0.068101734
1509526730553|0.0|-0.013620348|-0.068101734
1509526730684|0.0|0.013620348|-0.068101734
1509526730817|0.0|-0.013620348|-0.068101734
1509526730948|0.013620348|0.013620348|-0.068101734
1509526731081|0.013620348|-0.013620348|-0.08172209
1509526731213|0.013620348|-0.027240695|-0.068101734
1509526731345|0.0|-0.027240695|-0.068101734
1509526731476|0.013620348|-0.027240695|-0.068101734
1509526731609|0.013620348|0.0|-0.068101734
1509526731741|0.013620348|-0.013620348|-0.08172209
1509526731872|0.013620348|-0.013620348|-0.068101734
1509526732005|0.013620348|-0.013620348|-0.08172209
1509526732137|0.013620348|-0.013620348|-0.08172209
1509526732269|0.013620348|-0.013620348|-0.08172209
1509526732401|0.013620348|0.0|-0.08172209
1509526732533|0.013620348|0.0|-0.05448139
1509526732666|0.013620348|0.0|-0.05448139
1509526732804|0.013620348|0.0|-0.05448139
1509526732928|0.013620348|0.0|-0.05448139
1509526733061|0.013620348|0.0|-0.08172209
1509526733193|0.013620348|0.0|-0.05448139
1509526733324|0.0|0.0|-0.05448139
1509526733457|0.0|0.0|-0.05448139
1509526733587|0.013620348|0.0|-0.05448139
1509526733719|0.013620348|0.0|-0.05448139
1509526733851|0.013620348|0.0|-0.05448139
1509526733984|0.013620348|0.0|-0.068101734
1509526734122|0.013620348|0.0|-0.08172209
1509526734249|0.013620348|0.0|-0.08172209
1509526734379|0.013620348|0.0|-0.05448139
1509526734511|0.0|0.0|-0.08172209
1509526734645|0.0|-0.013620348|-0.08172209
1509526734776|0.0|-0.013620348|-0.08172209
1509526734907|0.0|-0.027240695|-0.08172209
1509526735040|0.0|-0.027240695|-0.08172209
1509526735171|0.0|-0.027240695|-0.08172209
1509526735304|0.013620348|-0.040861044|-0.08172209
1509526735439|0.013620348|0.0|-0.08172209
1509526735568|0.013620348|0.0|-0.05448139
1509526735701|0.013620348|0.0|-0.05448139
1509526735831|0.0|0.0|-0.08172209
1509526735963|0.013620348|0.0|-0.08172209
1509526736096|0.013620348|0.0|-0.05448139
1509526736227|0.013620348|0.0|-0.05448139
1509526736359|0.0|0.0|-0.05448139
1509526736491|0.0|-0.013620348|-0.08172209
1509526736623|0.0|-0.013620348|-0.08172209
1509526736756|0.013620348|-0.027240695|-0.05448139
1509526736887|0.0|0.0|-0.068101734
1509526737019|0.0|-0.027240695|-0.08172209
1509526737151|0.0|0.0|-0.05448139
1509526737285|-0.013620348|0.0|-0.05448139
1509526737415|0.0|-0.027240695|-0.08172209
1509526737547|0.0|-0.027240695|-0.08172209
1509526737679|0.013620348|0.0|-0.05448139
1509526737812|0.0|-0.013620348|-0.068101734
1509526737944|0.0|-0.013620348|-0.068101734
1509526738077|0.013620348|-0.027240695|-0.068101734
1509526738212|0.013620348|-0.027240695|-0.068101734
1509526738339|0.013620348|-0.027240695|-0.068101734
1509526738472|0.0|-0.013620348|-0.068101734
1509526738604|0.013620348|0.0|-0.068101734
1509526738736|0.0|0.0|-0.068101734
1509526738874|0.013620348|-0.027240695|-0.08172209
1509526739002|0.013620348|-0.027240695|-0.08172209
1509526739133|0.0|-0.027240695|-0.05448139
1509526739263|0.013620348|-0.027240695|-0.05448139
1509526739396|0.013620348|-0.027240695|-0.068101734
1509526739528|0.0|-0.027240695|-0.068101734
1509526739661|0.013620348|-0.027240695|-0.068101734
1509526739792|0.0|0.0|-0.08172209
1509526739924|0.013620348|-0.013620348|-0.05448139
1509526740055|0.013620348|-0.013620348|-0.068101734
1509526740188|0.0|0.0|-0.068101734
1509526740320|0.013620348|-0.013620348|-0.068101734
1509526740452|0.013620348|-0.013620348|-0.068101734
1509526740585|0.013620348|-0.013620348|-0.068101734
1509526740716|0.013620348|-0.013620348|-0.068101734
1509526740850|0.013620348|-0.013620348|-0.068101734
1509526740981|0.013620348|-0.013620348|-0.068101734
1509526741112|0.013620348|-0.013620348|-0.068101734
1509526741255|0.013620348|-0.013620348|-0.068101734
1509526741375|0.0|-0.013620348|-0.068101734
1509526741508|0.0|-0.013620348|-0.068101734
1509526741641|0.013620348|-0.027240695|-0.068101734
1509526741777|0.013620348|0.0|-0.068101734
1509526741906|0.0|0.027240695|-0.068101734
1509526742035|0.0|0.0|-0.08172209
1509526742168|0.0|0.0|-0.08172209
1509526742299|0.0|0.0|-0.08172209
1509526742431|0.0|0.013620348|-0.08172209
1509526742565|-0.013620348|0.0|-0.08172209
1509526742697|0.0|0.0|-0.05448139
1509526742829|0.0|0.0|-0.05448139
1509526742961|0.0|0.0|-0.068101734
1509526743093|0.0|0.0|-0.08172209
1509526743224|0.0|-0.013620348|-0.05448139
1509526743357|0.0|-0.013620348|-0.05448139
1509526743489|0.0|-0.013620348|-0.05448139
1509526743621|0.0|0.0|-0.05448139
1509526743752|0.0|0.0|-0.05448139
1509526743884|0.0|-0.013620348|-0.05448139
1509526744018|0.0|-0.013620348|-0.05448139
1509526744148|0.0|-0.013620348|-0.05448139
1509526744281|-0.013620348|-0.013620348|-0.068101734
1509526744412|-0.013620348|-0.013620348|-0.068101734
1509526744545|-0.013620348|-0.013620348|-0.068101734
1509526744677|-0.027240695|-0.013620348|-0.068101734
1509526744809|-0.027240695|-0.013620348|-0.08172209
1509526744941|-0.040861044|0.013620348|-0.05448139
1509526745086|0.0|0.0|-0.05448139
1509526745204|0.0|-0.013620348|-0.08172209
1509526745336|0.0|-0.013620348|-0.05448139
1509526745469|-0.013620348|-0.013620348|-0.05448139
1509526745600|-0.013620348|-0.013620348|-0.08172209
1509526745733|-0.013620348|-0.013620348|-0.05448139
1509526745865|0.0|-0.013620348|-0.08172209
1509526745997|0.0|-0.013620348|-0.08172209
1509526746129|-0.013620348|-0.027240695|-0.08172209
1509526746260|-0.013620348|-0.027240695|-0.08172209
1509526746392|-0.013620348|-0.027240695|-0.08172209
1509526746524|-0.013620348|-0.027240695|-0.05448139
1509526746655|-0.013620348|-0.027240695|-0.05448139
1509526746789|-0.013620348|-0.027240695|-0.068101734
1509526746921|0.0|0.0|-0.068101734
1509526747053|0.0|-0.027240695|-0.068101734
1509526747184|-0.013620348|0.0|-0.068101734
1509526747317|-0.013620348|0.0|-0.08172209
1509526747448|-0.013620348|0.0|-0.08172209
1509526747580|0.0|-0.013620348|-0.05448139
1509526747713|0.0|-0.013620348|-0.05448139
1509526747845|0.0|0.027240695|-0.05448139
1509526747976|0.0|0.013620348|-0.05448139
1509526748109|0.0|0.013620348|-0.05448139
1509526748242|-0.013620348|0.013620348|-0.068101734
1509526748373|0.013620348|0.013620348|-0.068101734
1509526748505|0.013620348|0.0|-0.068101734
1509526748637|0.013620348|-0.013620348|-0.068101734
1509526748768|0.013620348|-0.013620348|-0.068101734
1509526748901|0.013620348|-0.013620348|-0.08172209
1509526749033|0.0|-0.027240695|-0.08172209
1509526749165|0.0|-0.027240695|-0.08172209
1509526749297|0.013620348|-0.027240695|-0.08172209
1509526749429|0.0|0.0|-0.068101734
1509526749565|0.0|-0.013620348|-0.068101734
1509526749693|0.0|-0.013620348|-0.08172209
1509526749825|0.027240695|0.0|-0.068101734
1509526749957|0.013620348|-0.027240695|-0.08172209
1509526750089|0.013620348|-0.027240695|-0.08172209
1509526750222|0.027240695|-0.027240695|-0.08172209
1509526750352|0.027240695|-0.027240695|-0.08172209
1509526750485|0.027240695|-0.027240695|-0.08172209
1509526750617|0.027240695|-0.027240695|-0.08172209
1509526750750|-0.013620348|0.013620348|-0.05448139
1509526750881|-0.027240695|0.013620348|-0.068101734
1509526751012|0.0|0.0|-0.068101734
1509526751145|0.027240695|0.013620348|-0.068101734
1509526751277|0.013620348|-0.027240695|-0.068101734
1509526751408|0.013620348|0.0|-0.068101734
1509526751540|0.013620348|-0.013620348|-0.068101734
1509526751673|0.013620348|-0.027240695|-0.068101734
1509526751804|0.013620348|-0.027240695|-0.068101734
1509526751937|0.013620348|-0.027240695|-0.068101734
1509526752069|0.013620348|-0.027240695|-0.068101734
1509526752202|0.013620348|-0.013620348|-0.068101734
1509526752333|0.013620348|-0.027240695|-0.068101734
1509526752475|0.013620348|-0.027240695|-0.068101734
1509526752597|-0.013620348|0.013620348|-0.05448139
1509526752728|-0.013620348|0.027240695|-0.05448139
1509526752860|-0.013620348|0.027240695|-0.05448139
1509526752993|-0.013620348|0.027240695|-0.05448139
1509526753124|0.013620348|0.013620348|-0.08172209
1509526753257|0.013620348|0.0|-0.08172209
1509526753389|0.0|-0.013620348|-0.08172209
1509526753525|0.013620348|-0.013620348|-0.08172209
1509526753654|0.013620348|-0.027240695|-0.08172209
1509526753785|0.013620348|-0.027240695|-0.08172209
1509526753918|0.013620348|-0.040861044|-0.08172209
1509526754048|0.0|-0.013620348|-0.08172209
1509526754181|0.013620348|-0.027240695|-0.08172209
1509526754312|0.013620348|-0.027240695|-0.08172209
1509526754445|0.013620348|-0.040861044|-0.08172209
1509526754584|0.013620348|-0.040861044|-0.08172209
1509526754709|0.013620348|-0.013620348|-0.068101734
1509526754841|0.013620348|-0.013620348|-0.08172209
1509526754973|0.013620348|-0.013620348|-0.068101734
1509526755104|0.013620348|-0.013620348|-0.068101734
1509526755237|0.013620348|-0.013620348|-0.068101734
1509526755369|0.013620348|-0.027240695|-0.08172209
1509526755501|-0.027240695|0.0|-0.05448139
1509526755634|-0.027240695|0.0|-0.05448139
1509526755764|-0.027240695|0.027240695|-0.05448139
1509526755897|-0.027240695|0.027240695|-0.05448139
1509526756029|-0.027240695|0.013620348|-0.05448139
1509526756161|-0.027240695|0.040861044|-0.05448139
1509526756293|0.0|0.027240695|-0.05448139
1509526756425|-0.027240695|0.013620348|-0.068101734
1509526756556|0.013620348|-0.027240695|-0.08172209
1509526756689|0.013620348|-0.027240695|-0.08172209
1509526756820|0.013620348|-0.027240695|-0.08172209
1509526756953|0.027240695|-0.040861044|-0.08172209
1509526757084|0.027240695|-0.040861044|-0.08172209
1509526757216|0.027240695|-0.040861044|-0.068101734
1509526757354|0.027240695|-0.013620348|-0.068101734
1509526757480|0.027240695|-0.013620348|-0.08172209
1509526757613|0.027240695|-0.027240695|-0.08172209
1509526757745|0.027240695|-0.027240695|-0.08172209
1509526757877|0.027240695|-0.027240695|-0.08172209
1509526758009|0.027240695|-0.027240695|-0.068101734
1509526758140|0.013620348|0.013620348|-0.068101734
1509526758273|0.013620348|0.0|-0.068101734
1509526758405|0.0|0.013620348|-0.068101734
1509526758537|0.0|0.013620348|-0.068101734
1509526758669|0.0|0.0|-0.068101734
1509526758800|0.0|-0.013620348|-0.068101734
1509526758932|-0.013620348|0.013620348|-0.068101734
1509526759064|-0.013620348|0.0|-0.068101734
1509526759196|-0.013620348|-0.027240695|-0.08172209
1509526759329|-0.013620348|0.0|-0.08172209
1509526759461|0.0|0.0|-0.08172209
1509526759594|0.0|0.013620348|-0.08172209
