1509526341598|-0.23154591|0.92618364|9.765789
1509526341726|0.08172209|0.49033248|9.80665
1509526341859|0.21792556|0.27240694|9.80665
1509526341991|0.28602728|0.16344418|9.80665
1509526342123|0.31326798|0.10896278|9.80665
1509526342255|0.3405087|0.08172209|9.80665
1509526342387|0.3405087|0.05448139|9.80665
1509526342518|0.35412902|0.040861044|9.80665
1509526342650|0.3405087|0.05448139|9.80665
1509526342782|0.3405087|0.05448139|9.80665
1509526342915|0.3405087|0.05448139|9.80665
1509526343047|0.3405087|0.040861044|9.80665
1509526343179|0.35412902|0.05448139|9.80665
1509526343311|0.35412902|0.05448139|9.80665
1509526343442|0.35412902|0.040861044|9.80665
1509526343575|0.35412902|0.040861044|9.80665
1509526343707|0.35412902|0.040861044|9.80665
1509526343839|0.35412902|0.040861044|9.80665
1509526343971|0.35412902|0.040861044|9.80665
1509526344103|0.35412902|0.05448139|9.80665
1509526344235|0.35412902|0.05448139|9.80665
1509526344367|0.35412902|0.05448139|9.80665
1509526344498|0.35412902|0.05448139|9.80665
1509526344631|0.3405087|0.05448139|9.80665
1509526344764|0.3405087|0.05448139|9.80665
1509526344894|0.3405087|0.05448139|9.80665
1509526345027|0.3405087|0.05448139|9.80665
1509526345159|0.3405087|0.05448139|9.80665
1509526345290|0.35412902|0.05448139|9.80665
1509526345423|0.35412902|0.05448139|9.80665
1509526345555|0.35412902|0.05448139|9.80665
1509526345687|0.3405087|0.05448139|9.80665
1509526345819|0.32688835|0.05448139|9.80665
1509526345951|0.35412902|0.040861044|9.80665
1509526346083|0.35412902|0.040861044|9.80665
1509526346215|0.35412902|0.040861044|9.80665
1509526346347|0.35412902|0.05448139|9.80665
1509526346481|0.3405087|0.05448139|9.80665
1509526346610|0.3405087|0.05448139|9.80665
1509526346741|0.3405087|0.05448139|9.80665
1509526346875|0.3405087|0.05448139|9.80665
1509526347007|0.3405087|0.05448139|9.80665
1509526347139|0.3405087|0.05448139|9.80665
1509526347271|0.3405087|0.05448139|9.80665
1509526347403|0.3405087|0.05448139|9.80665
1509526347535|0.3405087|0.05448139|9.80665
1509526347667|0.3405087|0.05448139|9.80665
1509526347799|0.3405087|0.05448139|9.80665
1509526347931|0.3405087|0.05448139|9.80665
1509526348063|0.3405087|0.05448139|9.80665
1509526348196|0.3405087|0.05448139|9.80665
1509526348327|0.3405087|0.05448139|9.80665
1509526348459|0.3405087|0.05448139|9.80665
1509526348591|0.3405087|0.05448139|9.80665
1509526348723|0.3405087|0.05448139|9.80665
1509526348855|0.35412902|0.040861044|9.80665
1509526348987|0.35412902|0.05448139|9.80665
1509526349118|0.3405087|0.05448139|9.80665
1509526349251|0.3405087|0.05448139|9.80665
1509526349383|0.3405087|0.05448139|9.80665
1509526349523|0.3405087|0.05448139|9.80665
1509526349647|0.3405087|0.05448139|9.80665
1509526349778|0.3405087|0.05448139|9.80665
1509526349911|0.35412902|0.040861044|9.80665
1509526350042|0.35412902|0.040861044|9.80665
1509526350174|0.35412902|0.05448139|9.80665
1509526350307|0.3405087|0.05448139|9.80665
1509526350439|0.3405087|0.05448139|9.80665
1509526350571|0.3405087|0.05448139|9.80665
1509526350704|0.3405087|0.05448139|9.80665
1509526350834|0.3405087|0.05448139|9.80665
1509526350967|0.3405087|0.05448139|9.80665
1509526351099|0.3405087|0.05448139|9.80665
1509526351231|0.35412902|0.05448139|9.80665
1509526351363|0.35412902|0.040861044|9.80665
1509526351495|0.35412902|0.05448139|9.80665
1509526351627|0.35412902|0.05448139|9.80665
1509526351759|0.35412902|0.05448139|9.80665
1509526351891|0.3405087|0.040861044|9.80665
1509526352023|0.35412902|0.05448139|9.80665
1509526352156|0.3405087|0.040861044|9.80665
1509526352286|0.3405087|0.040861044|9.80665
1509526352419|0.3405087|0.040861044|9.80665
1509526352551|0.3405087|0.05448139|9.80665
1509526352683|0.32688835|0.068101734|9.80665
1509526352813|0.32688835|0.068101734|9.80665
1509526352946|0.32688835|0.068101734|9.80665
1509526353079|0.32688835|0.068101734|9.80665
1509526353211|0.32688835|0.068101734|9.80665
1509526353342|0.31326798|0.068101734|9.80665
1509526353475|0.32688835|0.05448139|9.80665
1509526353606|0.31326798|0.05448139|9.80665
1509526353739|0.31326798|0.05448139|9.80665
1509526353871|0.31326798|0.05448139|9.80665
1509526354002|0.31326798|0.05448139|9.80665
1509526354134|0.31326798|0.05448139|9.80665
1509526354267|0.31326798|0.05448139|9.80665
1509526354399|0.32688835|0.05448139|9.80665
1509526354530|0.3405087|0.068101734|9.80665
1509526354663|0.3405087|0.05448139|9.80665
1509526354795|0.3405087|0.05448139|9.80665
1509526354937|0.3405087|0.05448139|9.80665
1509526355058|0.3405087|0.05448139|9.80665
1509526355190|0.32688835|0.040861044|9.80665
1509526355323|0.32688835|0.040861044|9.80665
1509526355454|0.35412902|0.05448139|9.80665
1509526355597|0.35412902|0.05448139|9.80665
1509526355719|0.35412902|0.05448139|9.80665
1509526355853|0.35412902|0.05448139|9.80665
1509526355983|0.35412902|0.05448139|9.80665
1509526356114|0.35412902|0.05448139|9.80665
1509526356247|0.3405087|0.040861044|9.80665
1509526356378|0.3405087|0.040861044|9.80665
1509526356510|0.3405087|0.040861044|9.80665
1509526356642|0.3405087|0.040861044|9.80665
1509526356774|0.3405087|0.040861044|9.80665
1509526356907|0.3405087|0.040861044|9.80665
1509526357038|0.3405087|0.040861044|9.80665
1509526357171|0.3405087|0.040861044|9.80665
1509526357303|0.3405087|0.040861044|9.80665
1509526357434|0.35412902|0.040861044|9.80665
1509526357567|0.35412902|0.040861044|9.80665
1509526357698|0.35412902|0.040861044|9.80665
1509526357831|0.35412902|0.05448139|9.80665
1509526357963|0.35412902|0.05448139|9.80665
1509526358094|0.3405087|0.05448139|9.80665
1509526358227|0.3405087|0.05448139|9.80665
1509526358358|0.3405087|0.05448139|9.80665
1509526358490|0.35412902|0.05448139|9.80665
1509526358622|0.3405087|0.05448139|9.80665
1509526358755|0.3405087|0.05448139|9.80665
1509526358897|0.32688835|0.05448139|9.80665
1509526359018|0.3405087|0.05448139|9.80665
1509526359150|0.3405087|0.068101734|9.80665
1509526359282|0.3405087|0.040861044|9.80665
1509526359415|0.3405087|0.05448139|9.80665
1509526359546|0.3405087|0.040861044|9.80665
1509526359679|0.32688835|0.05448139|9.80665
1509526359811|0.3405087|0.05448139|9.80665
1509526359942|0.3405087|0.05448139|9.80665
1509526360075|0.3405087|0.05448139|9.80665
1509526360207|0.35412902|0.05448139|9.80665
1509526360338|0.3405087|0.05448139|9.80665
1509526360471|0.3405087|0.05448139|9.80665
1509526360601|0.35412902|0.040861044|9.80665
1509526360735|0.35412902|0.040861044|9.80665
1509526360867|0.35412902|0.040861044|9.80665
1509526360999|0.35412902|0.05448139|9.80665
1509526361131|0.35412902|0.05448139|9.80665
1509526361263|0.35412902|0.05448139|9.80665
1509526361394|0.3405087|0.040861044|9.80665
1509526361526|0.3405087|0.040861044|9.80665
1509526361658|0.3405087|0.040861044|9.80665
1509526361791|0.3405087|0.040861044|9.80665
1509526361922|0.3405087|0.040861044|9.80665
1509526362054|0.35412902|0.05448139|9.80665
1509526362187|0.35412902|0.040861044|9.80665
1509526362318|0.35412902|0.05448139|9.80665
1509526362451|0.35412902|0.05448139|9.80665
1509526362583|0.35412902|0.05448139|9.80665
1509526362715|0.35412902|0.05448139|9.80665
1509526362847|0.35412902|0.05448139|9.80665
1509526362979|0.35412902|0.05448139|9.80665
1509526363111|0.35412902|0.05448139|9.80665
1509526363243|0.35412902|0.05448139|9.80665
1509526363373|0.35412902|0.05448139|9.80665
1509526363507|0.35412902|0.05448139|9.80665
1509526363639|0.35412902|0.05448139|9.80665
1509526363771|0.35412902|0.05448139|9.80665
1509526363903|0.35412902|0.05448139|9.80665
1509526364035|0.35412902|0.05448139|9.80665
1509526364168|0.3405087|0.05448139|9.80665
1509526364299|0.3405087|0.05448139|9.80665
1509526364429|0.3405087|0.05448139|9.80665
1509526364562|0.3405087|0.05448139|9.80665
1509526364696|0.3405087|0.05448139|9.80665
1509526364827|0.35412902|0.05448139|9.80665
1509526364958|0.3405087|0.05448139|9.80665
1509526365099|0.3405087|0.05448139|9.80665
1509526365222|0.3405087|0.05448139|9.80665
1509526365355|0.3405087|0.05448139|9.80665
1509526365487|0.3405087|0.05448139|9.80665
1509526365619|0.3405087|0.05448139|9.80665
1509526365751|0.3405087|0.05448139|9.80665
1509526365883|0.3405087|0.05448139|9.80665
1509526366015|0.3405087|0.05448139|9.80665
1509526366147|0.3405087|0.05448139|9.80665
1509526366279|0.35412902|0.05448139|9.80665
1509526366411|0.35412902|0.05448139|9.80665
1509526366543|0.3405087|0.05448139|9.80665
1509526366675|0.3405087|0.05448139|9.80665
1509526366807|0.36774936|0.040861044|9.80665
1509526366939|0.36774936|0.040861044|9.80665
1509526367071|0.36774936|0.040861044|9.80665
1509526367205|0.36774936|0.040861044|9.80665
1509526367335|0.36774936|0.040861044|9.80665
1509526367473|0.36774936|0.040861044|9.80665
1509526367599|0.36774936|0.040861044|9.80665
1509526367731|0.36774936|0.040861044|9.80665
1509526367863|0.36774936|0.040861044|9.80665
1509526367995|0.36774936|0.05448139|9.80665
1509526368127|0.36774936|0.05448139|9.80665
1509526368259|0.35412902|0.05448139|9.80665
1509526368391|0.35412902|0.05448139|9.80665
1509526368522|0.35412902|0.05448139|9.80665
1509526368656|0.3405087|0.05448139|9.80665
1509526368787|0.35412902|0.05448139|9.80665
1509526368919|0.35412902|0.05448139|9.80665
1509526369051|0.35412902|0.05448139|9.80665
1509526369183|0.35412902|0.05448139|9.80665
1509526369315|0.35412902|0.05448139|9.80665
1509526369448|0.35412902|0.05448139|9.80665
1509526369579|0.35412902|0.05448139|9.80665
1509526369711|0.35412902|0.05448139|9.80665
1509526369843|0.35412902|0.05448139|9.80665
1509526369975|0.35412902|0.05448139|9.80665
1509526370115|0.35412902|0.05448139|9.80665
1509526370239|0.35412902|0.05448139|9.80665
1509526370371|0.35412902|0.05448139|9.80665
1509526370505|0.35412902|0.05448139|9.80665
1509526370635|0.35412902|0.05448139|9.80665
1509526370767|0.35412902|0.05448139|9.80665
1509526370899|0.35412902|0.05448139|9.80665
1509526371031|0.35412902|0.05448139|9.80665
1509526371163|0.35412902|0.05448139|9.80665
1509526371295|0.35412902|0.05448139|9.80665
1509526371427|0.35412902|0.05448139|9.80665
1509526371559|0.35412902|0.05448139|9.80665
1509526371691|0.35412902|0.05448139|9.80665
1509526371823|0.35412902|0.05448139|9.80665
1509526371955|0.35412902|0.05448139|9.80665
1509526372086|0.3405087|0.05448139|9.80665
1509526372218|0.3405087|0.05448139|9.80665
