1509512630180|-35.28|8.58|-78.24
1509512630308|-35.28|8.58|-78.119995
1509512630440|-34.739998|8.76|-78.42
1509512630572|-34.559998|8.7|-78.24
1509512630704|-34.86|8.5199995|-78.42
1509512630835|-34.559998|8.639999|-78.72
1509512630968|-35.1|8.5199995|-78.42
1509512631099|-35.52|8.639999|-78.659996
1509512631232|-35.34|8.58|-78.54
1509512631363|-35.579998|8.5199995|-78.42
1509512631496|-35.34|8.58|-78.36
1509512631628|-34.739998|8.58|-78.42
1509512631760|-35.1|8.58|-78.479996
1509512631892|-35.1|8.639999|-78.78
1509512632024|-35.1|8.5199995|-79.38
1509512632156|-34.98|8.4|-79.14
1509512632290|-34.559998|8.82|-79.259995
1509512632420|-34.5|8.76|-78.659996
1509512632552|-34.5|8.76|-78.36
1509512632684|-34.92|8.94|-78.96
1509512632816|-34.68|8.639999|-78.78
1509512632948|-34.68|8.639999|-79.259995
1509512633080|-34.44|8.7|-79.439995
1509512633212|-34.5|8.639999|-79.259995
1509512633344|-34.98|8.58|-79.259995
1509512633477|-35.46|8.639999|-78.9
1509512633608|-35.52|8.7|-78.6
1509512633740|-35.46|8.76|-78.24
1509512633872|-34.98|8.76|-78.18
1509512634004|-34.38|8.58|-78.42
1509512634136|-34.559998|8.46|-78.9
1509512634268|-34.559998|8.4|-78.659996
1509512634400|-34.98|8.4|-78.6
1509512634533|-35.46|8.7|-78.479996
1509512634664|-35.46|8.76|-78.18
1509512634800|-35.28|8.7|-78.24
1509512634928|-34.98|8.7|-78.24
1509512635061|-34.98|8.4|-78.36
1509512635192|-34.86|8.58|-78.24
1509512635325|-34.98|8.58|-78.18
1509512635456|-35.28|8.7|-78.36
1509512635588|-35.28|8.82|-78.299995
1509512635720|-35.52|8.58|-78.42
1509512635852|-35.52|8.7|-78.96
1509512635984|-35.7|8.7|-78.6
1509512636116|-35.52|8.5199995|-78.24
1509512636248|-35.16|8.58|-78.24
1509512636380|-35.28|8.5199995|-77.939995
1509512636512|-35.1|8.46|-78.18
1509512636644|-35.1|8.46|-78.54
1509512636777|-35.399998|8.28|-78.36
1509512636908|-35.34|8.639999|-78.6
1509512637040|-35.1|8.58|-79.14
1509512637172|-34.92|8.7|-78.96
1509512637304|-34.5|8.82|-79.439995
1509512637436|-34.68|8.639999|-79.2
1509512637568|-34.68|8.7|-78.96
1509512637700|-34.32|8.88|-78.96
1509512637834|-34.739998|8.88|-78.84
1509512637965|-34.32|8.82|-79.14
1509512638097|-34.68|8.76|-78.84
1509512638228|-34.92|8.58|-78.96
1509512638361|-34.559998|8.639999|-79.14
1509512638492|-34.86|8.639999|-79.14
1509512638624|-34.68|8.639999|-78.96
1509512638757|-34.92|8.58|-79.14
1509512638888|-35.28|8.46|-78.6
1509512639020|-35.34|8.82|-78.6
1509512639152|-34.92|8.88|-78.9
1509512639284|-34.44|8.94|-79.02
1509512639415|-33.899998|8.94|-79.08
1509512639548|-34.559998|8.639999|-78.78
1509512639680|-34.98|8.639999|-78.659996
1509512639812|-35.28|8.5199995|-78.18
1509512639944|-35.76|8.5199995|-78.54
1509512640076|-34.38|8.46|-78.479996
1509512640208|-34.5|8.46|-78.96
1509512640340|-34.739998|8.5199995|-78.479996
1509512640472|-34.739998|8.5199995|-78.479996
1509512640604|-35.34|8.46|-78.479996
1509512640736|-35.1|8.4|-78.06
1509512640869|-34.86|8.46|-78.6
1509512641000|-34.739998|8.34|-78.24
1509512641132|-34.8|8.34|-78.18
1509512641265|-34.739998|8.46|-78.36
1509512641396|-35.34|8.46|-78.119995
1509512641529|-35.34|8.46|-78.18
1509512641661|-35.28|8.5199995|-78.24
1509512641792|-35.52|8.46|-78.119995
1509512641925|-34.92|8.46|-78.119995
1509512642056|-34.559998|8.5199995|-78.18
1509512642188|-34.559998|8.5199995|-78.36
1509512642320|-34.68|8.5199995|-77.939995
1509512642453|-35.16|8.5199995|-78.24
1509512642584|-35.52|8.5199995|-78.42
1509512642716|-35.28|8.46|-78.299995
1509512642848|-35.16|8.5199995|-78.479996
1509512642980|-34.86|8.58|-78.479996
1509512643112|-34.98|8.5199995|-78.18
1509512643244|-35.28|8.5199995|-78.36
1509512643376|-35.34|8.46|-78.72
1509512643508|-35.219997|8.4|-78.42
1509512643640|-34.68|8.46|-78.6
1509512643772|-34.38|8.5199995|-78.24
1509512643904|-34.38|8.5199995|-78.36
1509512644037|-34.5|8.639999|-78.659996
1509512644168|-34.98|8.76|-78.78
1509512644300|-35.34|8.76|-78.78
1509512644433|-35.28|8.82|-78.479996
1509512644564|-35.34|8.7|-78.36
1509512644697|-35.34|8.5199995|-78.36
1509512644828|-34.8|8.5199995|-78.659996
1509512644961|-34.8|8.46|-78.84
1509512645092|-34.8|8.46|-78.84
1509512645224|-34.92|8.46|-78.659996
1509512645357|-35.46|9.0|-78.42
1509512645488|-35.28|9.0|-78.24
1509512645620|-35.16|9.059999|-78.119995
1509512645752|-35.46|9.059999|-77.88
1509512645884|-35.52|8.46|-78.119995
1509512646016|-35.64|8.46|-78.42
1509512646148|-35.16|8.46|-78.42
1509512646280|-35.04|8.5199995|-78.659996
1509512646417|-34.86|8.5199995|-78.119995
1509512646544|-34.739998|8.639999|-77.939995
1509512646677|-34.98|8.7|-78.42
1509512646808|-35.16|8.58|-78.42
1509512646941|-35.46|8.82|-79.14
1509512647072|-35.76|8.7|-79.14
1509512647204|-36.059998|8.94|-78.6
1509512647337|-35.46|8.94|-78.42
1509512647468|-34.98|8.82|-78.24
1509512647600|-34.92|8.82|-78.119995
1509512647732|-35.16|8.82|-78.119995
1509512647864|-35.46|8.88|-78.119995
1509512647996|-35.88|9.0|-78.24
1509512648129|-36.18|8.82|-78.119995
1509512648260|-35.76|8.58|-78.479996
1509512648392|-35.579998|8.7|-78.479996
1509512648524|-35.399998|8.5199995|-78.18
1509512648656|-35.1|8.58|-78.18
1509512648788|-35.28|8.58|-77.88
1509512648920|-35.399998|8.34|-78.06
1509512649052|-35.16|8.46|-78.479996
1509512649184|-34.98|8.46|-78.96
1509512649316|-35.1|8.5199995|-79.259995
1509512649450|-35.28|8.5199995|-79.259995
1509512649580|-35.34|8.46|-78.84
1509512649712|-35.28|8.46|-78.84
1509512649844|-35.16|8.5199995|-78.84
1509512649976|-34.98|8.639999|-78.96
1509512650108|-35.16|8.58|-79.259995
1509512650240|-35.28|8.76|-78.96
1509512650372|-34.98|8.76|-78.84
1509512650504|-34.92|8.94|-78.78
1509512650637|-34.86|9.0|-78.479996
1509512650768|-35.1|8.76|-78.6
1509512650900|-35.34|8.76|-78.9
1509512651032|-35.1|8.58|-79.02
1509512651164|-35.34|8.58|-79.02
1509512651296|-35.579998|8.7|-79.14
1509512651428|-35.34|8.639999|-78.84
1509512651560|-35.88|8.58|-78.299995
1509512651692|-35.7|8.7|-78.299995
1509512651824|-35.34|8.5199995|-78.299995
1509512651956|-35.579998|8.5199995|-78.36
1509512652088|-35.399998|8.639999|-78.9
1509512652220|-34.92|8.639999|-78.659996
1509512652352|-34.739998|8.58|-78.36
1509512652485|-34.68|8.58|-78.42
1509512652616|-34.86|8.58|-78.299995
1509512652748|-35.28|8.5199995|-78.54
1509512652880|-35.34|8.7|-78.659996
1509512653013|-35.16|8.94|-78.36
1509512653144|-34.739998|9.24|-78.0
1509512653276|-34.86|9.12|-77.88
1509512653408|-35.1|9.0|-77.88
1509512653540|-35.28|8.76|-78.6
1509512653673|-35.52|8.639999|-78.72
1509512653804|-35.34|8.88|-79.02
1509512653936|-35.16|8.88|-78.78
1509512654068|-35.16|8.82|-78.119995
1509512654200|-34.739998|8.76|-77.939995
1509512654332|-34.68|8.58|-77.939995
1509512654464|-34.68|8.639999|-78.06
1509512654596|-34.32|8.7|-78.36
1509512654728|-34.68|8.7|-78.54
1509512654861|-34.739998|8.7|-78.42
1509512654992|-34.38|8.639999|-78.9
1509512655124|-34.739998|8.639999|-78.72
1509512655256|-34.559998|8.46|-78.84
1509512655388|-34.26|8.639999|-78.78
1509512655521|-34.5|8.7|-78.479996
1509512655652|-34.32|8.7|-78.659996
1509512655784|-34.559998|8.76|-78.479996
1509512655916|-34.98|8.58|-78.479996
1509512656049|-34.98|8.58|-78.479996
1509512656180|-35.28|8.5199995|-78.36
1509512656312|-35.28|8.58|-78.36
1509512656444|-35.46|8.7|-78.36
1509512656576|-35.52|8.82|-78.18
1509512656708|-34.98|8.88|-78.18
1509512656840|-34.92|8.76|-77.939995
1509512656972|-34.739998|8.88|-77.939995
1509512657104|-34.5|8.639999|-77.939995
1509512657237|-34.92|8.58|-78.119995
1509512657368|-35.16|8.639999|-78.54
1509512657500|-34.92|8.5199995|-78.479996
1509512657632|-35.16|8.5199995|-78.6
1509512657764|-34.92|8.76|-78.72
1509512657896|-34.5|8.76|-78.42
1509512658033|-34.68|8.58|-78.42
1509512658161|-34.68|8.639999|-78.659996
1509512658292|-34.68|8.5199995|-78.479996
1509512658424|-34.68|8.639999|-78.6
1509512658558|-34.86|8.639999|-78.72
1509512658688|-34.38|8.82|-79.02
1509512658821|-34.559998|8.76|-78.9
1509512658952|-34.86|8.88|-78.96
1509512659084|-34.739998|9.0|-78.96
1509512659216|-34.92|8.94|-78.84
1509512659348|-34.739998|8.88|-78.84
1509512659480|-34.739998|8.76|-78.659996
1509512659612|-34.86|8.76|-78.24
1509512659744|-34.98|8.639999|-77.939995
1509512659876|-35.34|8.58|-77.82
1509512660008|-35.1|8.58|-77.88
1509512660140|-34.8|8.46|-77.939995
1509512660273|-35.28|8.4|-77.82
1509512660405|-34.98|8.5199995|-77.82
1509512660536|-35.28|8.58|-77.7
1509512660668|-35.28|8.58|-78.06
1509512660800|-34.86|8.639999|-78.659996
1509512660932|-34.98|8.76|-78.659996
1509512661067|-35.34|8.7|-78.659996
1509512661197|-35.579998|8.639999|-78.96
