1509512757565|-0.013620348|-0.12258312|-0.040861044
1509512757690|-0.013620348|-0.13620347|-0.040861044
1509512757822|-0.040861044|-0.095342435|-0.013620348
1509512757954|-0.013620348|-0.12258312|-0.040861044
1509512758086|-0.013620348|-0.12258312|-0.027240695
1509512758217|-0.013620348|-0.12258312|-0.027240695
1509512758350|-0.013620348|-0.12258312|-0.027240695
1509512758482|-0.013620348|-0.12258312|-0.027240695
1509512758614|-0.013620348|-0.13620347|-0.040861044
1509512758746|-0.013620348|-0.13620347|-0.040861044
1509512758878|-0.013620348|-0.12258312|-0.040861044
1509512759010|-0.027240695|-0.13620347|-0.027240695
1509512759142|-0.013620348|-0.12258312|-0.027240695
1509512759274|-0.013620348|-0.12258312|-0.027240695
1509512759405|-0.013620348|-0.12258312|-0.027240695
1509512759538|-0.013620348|-0.12258312|-0.027240695
1509512759671|-0.027240695|-0.095342435|-0.013620348
1509512759802|-0.027240695|-0.095342435|-0.013620348
1509512759933|0.0|-0.12258312|-0.027240695
1509512760065|-0.013620348|-0.12258312|-0.027240695
1509512760198|-0.013620348|-0.12258312|-0.027240695
1509512760329|-0.027240695|-0.12258312|-0.040861044
1509512760462|-0.027240695|-0.12258312|-0.040861044
1509512760594|-0.013620348|-0.12258312|-0.040861044
1509512760726|-0.027240695|-0.12258312|-0.040861044
1509512760857|-0.013620348|-0.13620347|-0.040861044
1509512760990|-0.013620348|-0.13620347|-0.040861044
1509512761121|-0.013620348|-0.12258312|-0.040861044
1509512761253|-0.013620348|-0.12258312|-0.040861044
1509512761386|-0.027240695|-0.10896278|-0.027240695
1509512761518|-0.027240695|-0.10896278|-0.027240695
1509512761650|-0.027240695|-0.12258312|-0.040861044
1509512761781|-0.013620348|-0.13620347|-0.05448139
1509512761915|-0.013620348|-0.13620347|-0.05448139
1509512762046|-0.013620348|-0.12258312|-0.05448139
1509512762177|-0.013620348|-0.13620347|-0.040861044
1509512762310|-0.013620348|-0.13620347|-0.05448139
1509512762442|-0.013620348|-0.12258312|-0.05448139
1509512762578|-0.013620348|-0.12258312|-0.05448139
1509512762706|-0.027240695|-0.12258312|-0.05448139
1509512762838|-0.013620348|-0.13620347|-0.05448139
1509512762970|-0.013620348|-0.13620347|-0.05448139
1509512763102|-0.013620348|-0.13620347|-0.068101734
1509512763234|0.0|-0.13620347|-0.040861044
1509512763367|0.0|-0.13620347|-0.05448139
1509512763498|0.0|-0.13620347|-0.05448139
1509512763630|0.0|-0.13620347|-0.05448139
1509512763762|-0.013620348|-0.095342435|-0.027240695
1509512763894|-0.013620348|-0.095342435|-0.027240695
1509512764026|-0.013620348|-0.12258312|-0.040861044
1509512764158|0.0|-0.12258312|-0.05448139
1509512764289|0.0|-0.12258312|-0.05448139
1509512764422|-0.013620348|-0.12258312|-0.05448139
1509512764554|0.0|-0.12258312|-0.05448139
1509512764686|0.0|-0.13620347|-0.05448139
1509512764818|0.0|-0.13620347|-0.068101734
1509512764950|0.0|-0.13620347|-0.05448139
1509512765081|0.0|-0.13620347|-0.05448139
1509512765213|0.0|-0.12258312|-0.05448139
1509512765346|0.0|-0.12258312|-0.040861044
1509512765478|0.0|-0.13620347|-0.040861044
1509512765610|-0.027240695|-0.095342435|-0.027240695
1509512765743|-0.027240695|-0.095342435|-0.027240695
1509512765874|-0.027240695|-0.095342435|-0.027240695
1509512766006|0.0|-0.13620347|-0.05448139
1509512766138|0.0|-0.10896278|-0.027240695
1509512766270|-0.013620348|-0.12258312|-0.05448139
1509512766402|0.0|-0.12258312|-0.05448139
1509512766534|0.0|-0.14982383|-0.05448139
1509512766665|-0.013620348|-0.12258312|-0.05448139
1509512766798|-0.013620348|-0.13620347|-0.05448139
1509512766930|-0.013620348|-0.13620347|-0.05448139
1509512767062|-0.013620348|-0.13620347|-0.05448139
1509512767194|-0.013620348|-0.13620347|-0.05448139
1509512767326|-0.013620348|-0.12258312|-0.05448139
1509512767458|-0.013620348|-0.12258312|-0.05448139
1509512767598|-0.013620348|-0.12258312|-0.05448139
1509512767722|-0.013620348|-0.13620347|-0.05448139
1509512767853|-0.013620348|-0.12258312|-0.05448139
1509512767986|-0.013620348|-0.12258312|-0.05448139
1509512768118|-0.013620348|-0.12258312|-0.05448139
1509512768249|0.0|-0.12258312|-0.040861044
1509512768382|0.0|-0.13620347|-0.040861044
1509512768514|0.0|-0.13620347|-0.040861044
1509512768646|0.0|-0.13620347|-0.040861044
1509512768777|0.0|-0.13620347|-0.040861044
1509512768909|0.0|-0.13620347|-0.040861044
1509512769041|0.0|-0.13620347|-0.040861044
1509512769175|0.0|-0.12258312|-0.040861044
1509512769306|0.0|-0.12258312|-0.040861044
1509512769438|0.0|-0.13620347|-0.027240695
1509512769570|0.0|-0.12258312|-0.040861044
1509512769702|0.0|-0.12258312|-0.027240695
1509512769835|0.0|-0.12258312|-0.027240695
1509512769966|0.0|-0.12258312|-0.040861044
1509512770099|-0.013620348|-0.12258312|-0.040861044
1509512770230|-0.027240695|-0.13620347|-0.040861044
1509512770362|-0.013620348|-0.13620347|-0.040861044
1509512770494|-0.013620348|-0.12258312|-0.040861044
1509512770626|0.0|-0.12258312|-0.040861044
1509512770758|0.0|-0.12258312|-0.040861044
1509512770890|0.0|-0.12258312|-0.040861044
1509512771022|0.0|-0.12258312|-0.040861044
1509512771153|0.0|-0.12258312|-0.040861044
1509512771286|0.0|-0.13620347|-0.040861044
1509512771417|0.0|-0.14982383|-0.040861044
1509512771549|0.0|-0.12258312|-0.040861044
1509512771682|0.0|-0.12258312|-0.040861044
1509512771813|0.0|-0.12258312|-0.040861044
1509512771947|0.0|-0.12258312|-0.027240695
1509512772077|0.0|-0.12258312|-0.040861044
1509512772210|0.0|-0.12258312|-0.040861044
1509512772343|0.0|-0.12258312|-0.040861044
1509512772474|-0.013620348|-0.14982383|-0.040861044
1509512772613|-0.013620348|-0.12258312|-0.040861044
1509512772737|-0.013620348|-0.12258312|-0.05448139
1509512772869|-0.013620348|-0.12258312|-0.040861044
1509512773002|0.0|-0.12258312|-0.040861044
1509512773134|0.0|-0.12258312|-0.040861044
1509512773266|0.0|-0.12258312|-0.040861044
1509512773398|0.0|-0.12258312|-0.027240695
1509512773530|0.0|-0.12258312|-0.040861044
1509512773662|-0.013620348|-0.12258312|-0.040861044
1509512773795|-0.013620348|-0.12258312|-0.040861044
1509512773926|0.0|-0.13620347|-0.040861044
1509512774058|0.0|-0.13620347|-0.040861044
1509512774190|0.0|-0.13620347|-0.040861044
1509512774322|-0.013620348|-0.12258312|-0.027240695
1509512774454|0.0|-0.12258312|-0.040861044
1509512774586|0.0|-0.12258312|-0.040861044
1509512774718|0.0|-0.12258312|-0.027240695
1509512774851|-0.013620348|-0.12258312|-0.027240695
1509512774982|-0.013620348|-0.095342435|0.0
1509512775114|0.0|-0.12258312|-0.027240695
1509512775245|0.0|-0.13620347|-0.027240695
1509512775379|0.027240695|-0.13620347|-0.027240695
1509512775510|0.013620348|-0.14982383|-0.027240695
1509512775642|0.013620348|-0.14982383|-0.027240695
1509512775774|0.013620348|-0.14982383|-0.027240695
1509512775906|0.013620348|-0.14982383|-0.027240695
1509512776038|0.013620348|-0.14982383|-0.027240695
1509512776170|0.0|-0.14982383|-0.027240695
1509512776302|0.0|-0.14982383|-0.027240695
1509512776435|0.0|-0.14982383|-0.040861044
1509512776566|0.0|-0.14982383|-0.027240695
1509512776698|0.0|-0.14982383|-0.027240695
1509512776830|-0.013620348|-0.13620347|-0.027240695
1509512776962|0.0|-0.13620347|-0.027240695
1509512777094|0.0|-0.13620347|-0.027240695
1509512777226|0.0|-0.12258312|-0.027240695
1509512777358|-0.027240695|-0.095342435|-0.013620348
1509512777490|0.0|-0.12258312|-0.013620348
1509512777630|0.0|-0.12258312|-0.040861044
1509512777753|0.0|-0.12258312|-0.027240695
1509512777885|0.0|-0.13620347|-0.027240695
1509512778018|0.0|-0.13620347|-0.027240695
1509512778150|0.0|-0.14982383|-0.027240695
1509512778281|0.0|-0.14982383|-0.027240695
1509512778415|0.0|-0.12258312|-0.027240695
1509512778546|-0.013620348|-0.12258312|-0.040861044
1509512778678|0.0|-0.12258312|-0.040861044
1509512778809|0.0|-0.12258312|-0.040861044
1509512778941|0.0|-0.12258312|-0.040861044
1509512779074|0.0|-0.13620347|-0.040861044
1509512779206|0.0|-0.13620347|-0.040861044
1509512779337|0.0|-0.13620347|-0.040861044
1509512779470|0.0|-0.13620347|-0.040861044
1509512779602|0.0|-0.14982383|-0.027240695
1509512779734|0.0|-0.14982383|-0.027240695
1509512779866|0.0|-0.13620347|-0.027240695
1509512779998|0.0|-0.13620347|-0.040861044
1509512780130|-0.013620348|-0.13620347|-0.040861044
1509512780262|0.0|-0.12258312|-0.040861044
1509512780394|0.0|-0.12258312|-0.040861044
1509512780526|0.0|-0.12258312|-0.040861044
1509512780658|0.0|-0.12258312|-0.040861044
1509512780790|0.0|-0.12258312|-0.040861044
1509512780922|-0.013620348|-0.10896278|-0.027240695
1509512781054|-0.013620348|-0.10896278|-0.027240695
1509512781186|-0.013620348|-0.10896278|-0.040861044
1509512781318|0.0|-0.12258312|-0.040861044
1509512781450|0.0|-0.12258312|-0.040861044
1509512781582|0.0|-0.13620347|-0.040861044
1509512781714|0.0|-0.13620347|-0.040861044
1509512781846|0.0|-0.13620347|-0.05448139
1509512781978|0.0|-0.13620347|-0.05448139
1509512782109|0.0|-0.12258312|-0.05448139
1509512782241|0.0|-0.12258312|-0.040861044
1509512782374|0.0|-0.13620347|-0.040861044
1509512782506|0.0|-0.13620347|-0.040861044
1509512782645|0.0|-0.12258312|-0.040861044
1509512782770|0.0|-0.13620347|-0.040861044
1509512782902|0.0|-0.13620347|-0.040861044
1509512783034|0.0|-0.12258312|-0.027240695
1509512783166|-0.013620348|-0.12258312|-0.027240695
1509512783298|0.0|-0.12258312|-0.040861044
1509512783429|0.0|-0.12258312|-0.040861044
1509512783562|0.0|-0.12258312|-0.040861044
1509512783694|0.0|-0.12258312|-0.040861044
1509512783826|0.0|-0.12258312|-0.040861044
1509512783958|0.0|-0.12258312|-0.040861044
1509512784090|0.0|-0.12258312|-0.040861044
1509512784222|0.013620348|-0.13620347|-0.040861044
1509512784354|0.0|-0.13620347|-0.040861044
1509512784486|0.0|-0.13620347|-0.040861044
1509512784618|0.0|-0.13620347|-0.040861044
1509512784750|0.013620348|-0.14982383|-0.040861044
1509512784882|0.013620348|-0.12258312|-0.040861044
1509512785015|0.0|-0.12258312|-0.040861044
1509512785146|0.013620348|-0.13620347|-0.040861044
1509512785277|0.013620348|-0.13620347|-0.040861044
1509512785410|0.013620348|-0.12258312|-0.040861044
1509512785542|0.013620348|-0.13620347|-0.040861044
1509512785674|0.0|-0.13620347|-0.040861044
1509512785806|0.0|-0.13620347|-0.040861044
1509512785937|0.0|-0.13620347|-0.040861044
1509512786069|0.0|-0.13620347|-0.040861044
1509512786202|0.0|-0.12258312|-0.040861044
1509512786334|0.0|-0.13620347|-0.040861044
1509512786471|0.0|-0.12258312|-0.040861044
1509512786598|0.0|-0.12258312|-0.040861044
1509512786730|0.0|-0.12258312|-0.040861044
1509512786862|0.0|-0.13620347|-0.040861044
1509512786995|-0.013620348|-0.12258312|-0.027240695
1509512787126|-0.013620348|-0.12258312|-0.027240695
1509512787258|0.0|-0.13620347|-0.040861044
1509512787390|0.0|-0.12258312|-0.040861044
1509512787522|0.0|-0.12258312|-0.040861044
1509512787662|0.0|-0.12258312|-0.040861044
1509512787786|0.0|-0.12258312|-0.05448139
1509512787918|0.0|-0.13620347|-0.040861044
1509512788049|0.0|-0.13620347|-0.040861044
1509512788182|0.0|-0.13620347|-0.040861044
1509512788316|0.0|-0.13620347|-0.040861044
1509512788446|0.0|-0.13620347|-0.040861044
1509512788578|0.0|-0.13620347|-0.068101734
1509512788710|0.0|-0.13620347|-0.040861044
1509512788842|0.0|-0.13620347|-0.027240695
1509512788974|0.0|-0.12258312|-0.027240695
1509512789106|0.0|-0.12258312|-0.040861044
1509512789238|0.013620348|-0.12258312|-0.040861044
1509512789370|0.0|-0.12258312|-0.040861044
1509512789505|0.0|-0.12258312|-0.027240695
1509512789634|0.013620348|-0.13620347|-0.040861044
1509512789765|0.027240695|-0.14982383|-0.040861044
1509512789898|0.027240695|-0.14982383|-0.040861044
1509512790030|0.013620348|-0.12258312|-0.040861044
