1509526786852|0.068101734|-0.05448139|9.80665
1509526786983|0.068101734|-0.05448139|9.80665
1509526787115|0.08172209|-0.068101734|9.80665
1509526787247|0.08172209|-0.068101734|9.80665
1509526787379|0.08172209|-0.068101734|9.80665
1509526787511|0.095342435|-0.068101734|9.80665
1509526787643|0.095342435|-0.08172209|9.80665
1509526787775|0.08172209|-0.08172209|9.80665
1509526787907|0.08172209|-0.08172209|9.80665
1509526788039|0.095342435|-0.08172209|9.80665
1509526788171|0.095342435|-0.08172209|9.80665
1509526788303|0.095342435|-0.08172209|9.80665
1509526788435|0.095342435|-0.08172209|9.80665
1509526788568|0.095342435|-0.068101734|9.80665
1509526788700|0.095342435|-0.08172209|9.80665
1509526788832|0.095342435|-0.068101734|9.80665
1509526788964|0.095342435|-0.068101734|9.80665
1509526789104|0.095342435|-0.068101734|9.80665
1509526789228|0.095342435|-0.068101734|9.80665
1509526789359|0.095342435|-0.08172209|9.80665
1509526789492|0.095342435|-0.08172209|9.80665
1509526789625|0.095342435|-0.068101734|9.80665
1509526789756|0.095342435|-0.068101734|9.80665
1509526789888|0.095342435|-0.068101734|9.80665
1509526790019|0.095342435|-0.068101734|9.80665
1509526790152|0.095342435|-0.068101734|9.80665
1509526790283|0.095342435|-0.068101734|9.80665
1509526790416|0.095342435|-0.068101734|9.80665
1509526790548|0.095342435|-0.068101734|9.80665
1509526790680|0.095342435|-0.068101734|9.80665
1509526790812|0.095342435|-0.068101734|9.80665
1509526790943|0.095342435|-0.068101734|9.80665
1509526791075|0.095342435|-0.068101734|9.80665
1509526791208|0.095342435|-0.068101734|9.80665
1509526791340|0.095342435|-0.068101734|9.80665
1509526791472|0.095342435|-0.068101734|9.80665
1509526791604|0.095342435|-0.068101734|9.80665
1509526791736|0.095342435|-0.068101734|9.80665
1509526791869|0.095342435|-0.068101734|9.80665
1509526792000|0.095342435|-0.068101734|9.80665
1509526792131|0.095342435|-0.068101734|9.80665
1509526792263|0.095342435|-0.068101734|9.80665
1509526792396|0.095342435|-0.068101734|9.80665
1509526792528|0.095342435|-0.068101734|9.80665
1509526792660|0.095342435|-0.068101734|9.80665
1509526792793|0.095342435|-0.068101734|9.80665
1509526792924|0.095342435|-0.068101734|9.80665
1509526793056|0.095342435|-0.068101734|9.80665
1509526793187|0.095342435|-0.068101734|9.80665
1509526793320|0.095342435|-0.068101734|9.80665
1509526793453|0.095342435|-0.068101734|9.80665
1509526793583|0.095342435|-0.068101734|9.80665
1509526793715|0.095342435|-0.068101734|9.80665
1509526793848|0.095342435|-0.068101734|9.80665
1509526793979|0.095342435|-0.068101734|9.80665
1509526794118|0.095342435|-0.068101734|9.80665
1509526794243|0.095342435|-0.068101734|9.80665
1509526794376|0.095342435|-0.068101734|9.80665
1509526794508|0.095342435|-0.068101734|9.80665
1509526794640|0.095342435|-0.068101734|9.80665
1509526794772|0.095342435|-0.068101734|9.80665
1509526794904|0.095342435|-0.068101734|9.80665
1509526795035|0.095342435|-0.068101734|9.80665
1509526795168|0.095342435|-0.05448139|9.80665
1509526795301|0.095342435|-0.05448139|9.80665
1509526795430|0.095342435|-0.05448139|9.80665
1509526795564|0.095342435|-0.05448139|9.80665
1509526795696|0.08172209|-0.068101734|9.80665
1509526795827|0.08172209|-0.068101734|9.80665
1509526795959|0.068101734|-0.08172209|9.80665
1509526796092|0.08172209|-0.068101734|9.80665
1509526796224|0.068101734|-0.05448139|9.80665
1509526796356|0.068101734|-0.05448139|9.80665
1509526796488|0.068101734|-0.05448139|9.80665
1509526796619|0.068101734|-0.05448139|9.80665
1509526796753|0.068101734|-0.05448139|9.80665
1509526796883|0.08172209|-0.068101734|9.80665
1509526797014|0.08172209|-0.05448139|9.80665
1509526797148|0.068101734|-0.08172209|9.80665
1509526797279|0.068101734|-0.08172209|9.80665
1509526797410|0.068101734|-0.068101734|9.80665
1509526797543|0.068101734|-0.068101734|9.80665
1509526797675|0.068101734|-0.068101734|9.80665
1509526797808|0.08172209|-0.068101734|9.80665
1509526797940|0.08172209|-0.068101734|9.80665
1509526798072|0.08172209|-0.068101734|9.80665
1509526798203|0.08172209|-0.068101734|9.80665
1509526798336|0.08172209|-0.068101734|9.80665
1509526798466|0.095342435|-0.08172209|9.80665
1509526798599|0.08172209|-0.068101734|9.80665
1509526798732|0.08172209|-0.068101734|9.80665
1509526798864|0.08172209|-0.068101734|9.80665
1509526798995|0.08172209|-0.068101734|9.80665
1509526799127|0.08172209|-0.068101734|9.80665
1509526799259|0.08172209|-0.068101734|9.80665
1509526799392|0.08172209|-0.068101734|9.80665
1509526799524|0.095342435|-0.08172209|9.80665
1509526799656|0.095342435|-0.08172209|9.80665
1509526799788|0.08172209|-0.068101734|9.80665
1509526799920|0.08172209|-0.068101734|9.80665
1509526800050|0.095342435|-0.08172209|9.80665
1509526800184|0.095342435|-0.08172209|9.80665
1509526800315|0.095342435|-0.068101734|9.80665
1509526800448|0.095342435|-0.068101734|9.80665
1509526800580|0.095342435|-0.068101734|9.80665
1509526800712|0.095342435|-0.068101734|9.80665
1509526800844|0.095342435|-0.068101734|9.80665
1509526800975|0.095342435|-0.068101734|9.80665
1509526801107|0.095342435|-0.068101734|9.80665
1509526801240|0.095342435|-0.068101734|9.80665
1509526801372|0.095342435|-0.068101734|9.80665
1509526801503|0.095342435|-0.068101734|9.80665
1509526801636|0.095342435|-0.068101734|9.80665
1509526801768|0.095342435|-0.08172209|9.80665
1509526801900|0.08172209|-0.08172209|9.80665
1509526802031|0.095342435|-0.068101734|9.80665
1509526802164|0.095342435|-0.068101734|9.80665
1509526802295|0.095342435|-0.068101734|9.80665
1509526802428|0.095342435|-0.068101734|9.80665
1509526802570|0.095342435|-0.068101734|9.80665
1509526802692|0.095342435|-0.068101734|9.80665
1509526802824|0.095342435|-0.068101734|9.80665
1509526802956|0.095342435|-0.08172209|9.80665
1509526803088|0.095342435|-0.068101734|9.80665
1509526803219|0.095342435|-0.068101734|9.80665
1509526803352|0.095342435|-0.068101734|9.80665
1509526803483|0.095342435|-0.08172209|9.80665
1509526803615|0.095342435|-0.08172209|9.80665
1509526803748|0.095342435|-0.08172209|9.80665
1509526803880|0.095342435|-0.068101734|9.80665
1509526804012|0.095342435|-0.068101734|9.80665
1509526804144|0.095342435|-0.08172209|9.80665
1509526804275|0.095342435|-0.08172209|9.80665
1509526804408|0.08172209|-0.068101734|9.80665
1509526804544|0.095342435|-0.08172209|9.80665
1509526804672|0.095342435|-0.068101734|9.80665
1509526804803|0.095342435|-0.068101734|9.80665
1509526804936|0.095342435|-0.068101734|9.80665
1509526805067|0.095342435|-0.08172209|9.80665
1509526805201|0.095342435|-0.095342435|9.80665
1509526805332|0.095342435|-0.08172209|9.80665
1509526805463|0.08172209|-0.08172209|9.80665
1509526805595|0.08172209|-0.068101734|9.80665
1509526805728|0.08172209|-0.068101734|9.80665
1509526805859|0.08172209|-0.068101734|9.80665
1509526805993|0.08172209|-0.068101734|9.80665
1509526806124|0.08172209|-0.068101734|9.80665
1509526806256|0.08172209|-0.068101734|9.80665
1509526806388|0.08172209|-0.068101734|9.80665
1509526806520|0.08172209|-0.068101734|9.80665
1509526806653|0.08172209|-0.068101734|9.80665
1509526806784|0.08172209|-0.068101734|9.80665
1509526806916|0.08172209|-0.068101734|9.80665
1509526807048|0.08172209|-0.08172209|9.80665
1509526807180|0.095342435|-0.08172209|9.80665
1509526807312|0.095342435|-0.05448139|9.80665
1509526807443|0.068101734|-0.05448139|9.80665
1509526807585|0.095342435|-0.08172209|9.80665
1509526807707|0.095342435|-0.08172209|9.80665
1509526807839|0.08172209|-0.08172209|9.80665
1509526807972|0.08172209|-0.068101734|9.80665
1509526808104|0.08172209|-0.068101734|9.80665
1509526808237|0.095342435|-0.08172209|9.80665
1509526808367|0.095342435|-0.095342435|9.80665
1509526808501|0.095342435|-0.095342435|9.80665
1509526808632|0.095342435|-0.068101734|9.80665
1509526808763|0.095342435|-0.068101734|9.80665
1509526808895|0.095342435|-0.08172209|9.80665
1509526809028|0.095342435|-0.068101734|9.80665
1509526809160|0.095342435|-0.08172209|9.80665
1509526809292|0.095342435|-0.095342435|9.80665
1509526809423|0.095342435|-0.095342435|9.80665
