1509499032447|-2.6719291|1.6472107|9.260772
1509499032577|-2.920926|1.0534488|9.576807
1509499032708|-1.4939818|0.92895025|10.25676
1509499032838|-0.58418524|0.90021986|9.615114
1509499032976|-1.9536686|1.292869|10.04607
1509499033108|0.4213795|1.1492168|8.532935
1509499033235|2.9113493|2.3942018|9.030929
1509499033366|3.964798|3.5913026|8.571242
1509499033498|3.3423057|4.2999864|6.943185
1509499033631|2.1643584|5.094861|7.4603324
1509499033763|1.1204864|5.755661|7.5561004
1509499033894|0.40222588|5.947197|8.63828
1509499034027|-0.15322891|4.1371803|10.486604
1509499034163|-0.33518824|3.9743748|7.7189064
1509499034291|0.81402856|4.7884035|4.1659107
1509499034427|3.9839516|-1.2545617|1.6184803
1509499034555|11.089942|-13.790602|-4.1659107
1509499034692|16.673222|-18.65562|0.17238252
1509499034825|11.415554|-10.352529|-3.4284968
1509499034951|13.40753|-5.0182467|-3.6487634
1509499035083|15.792154|-5.841852|-3.9935284
1509499035215|12.98615|-13.062764|-3.6774938
1509499035347|10.94629|-15.198392|-5.3725886
1509499035479|3.3997664|-9.5385|-2.719813
1509499035611|-1.0726024|-6.435614|-2.72939
1509499035743|0.12449849|-9.414001|-3.8786068
1509499035878|9.730036|-17.860744|-4.6830587
1509499036012|16.414646|-14.231135|-3.7253778
1509499036144|11.358093|-6.7324953|-5.707777
1509499036278|14.834474|-8.465898|-7.1251445
1509499036408|12.947843|-16.347609|-5.3725886
1509499036535|10.448297|-17.410635|-2.8921957
1509499036666|4.367024|-11.032481|-1.541866
1509499036799|-3.5338416|-7.4507556|-1.3120226
1509499036931|3.1124623|-13.196839|-5.305551
1509499037063|13.723564|-18.83758|-3.4572272
1509499037195|17.927782|-13.876793|-1.8195933
1509499037327|14.030022|-5.353435|-4.9320555
1509499037459|15.006856|-10.390836|-5.2002063
1509499037590|12.909535|-17.554287|-3.7062242
1509499037727|10.390836|-16.64449|-3.9743748
1509499037858|5.439626|-10.716447|-1.5897499
1509499037995|-4.9320555|-8.561666|0.8523358
1509499038128|2.8538885|-15.294161|-5.6120086
1509499038250|15.20797|-19.172768|-5.353435
1509499038383|13.9151|-9.902418|-1.7908629
1509499038516|17.592594|-5.7748146|-4.5394063
1509499038647|15.820885|-14.872781|-3.4955344
1509499038779|10.601525|-18.760965|-4.6926355
1509499038912|7.422025|-12.708423|-3.6104562
1509499039043|-0.80445176|-8.149862|0.12449849
1509499039175|-1.9057846|-9.9790325|-4.7022123
1509499039311|9.576807|-17.621325|-5.2959743
1509499039438|18.483236|-13.666103|-2.7006595
1509499039578|10.888829|-6.3206925|-4.2042184
1509499039712|17.017986|-7.1347213|-6.291962
1509499039835|13.579912|-18.387468|-3.8498764
1509499039967|10.869676|-18.215086|-2.4229321
1509499040099|6.4547677|-10.534488|0.2873042
1509499040231|5.45878|-1.7142484|-1.7717092
1509499040362|8.504205|5.45878|-0.05746084
1509499040494|-0.9864111|2.6048915|9.77792
1509499040627|-3.964798|2.6144683|7.153875
1509499040759|-3.7828386|5.1140146|7.28795
1509499040890|-7.833828|0.7278373|6.579266
1509499041028|-7.144298|-2.920926|2.2409728
1509499041158|-11.808203|-6.588843|-2.719813
1509499041295|-18.693928|-4.7884035|-4.5777135
1509499041429|-18.751389|3.9360676|-2.7006595
1509499041551|-16.903065|-2.6623523|-0.49799395
1509499041683|-15.667656|-10.0269165|-2.384625
1509499041815|-11.36767|-11.013328|-3.7828386
1509499041947|0.78529817|-8.456321|-3.6583402
1509499042078|-3.7062242|-9.624691|-5.2002063
1509499042214|-14.623784|-14.106636|-7.9583263
1509499042342|-18.071434|-6.789956|-8.101978
1509499042475|-18.550274|-2.183512|-6.5218053
1509499042608|-15.811308|-13.867216|-8.283937
1509499042745|-12.344504|-16.596605|-6.943185
1509499042875|-3.7732618|-9.32781|-2.815581
1509499043003|-0.9959879|-8.111555|-2.5091233
1509499043135|-8.916007|-12.181698|-5.0757074
1509499043267|-17.362751|-12.6222315|-5.889736
1509499043399|-15.428236|-4.4819455|-6.8091097
1509499043531|-16.22311|-4.405331|-9.414001
1509499043663|-14.010868|-15.705963|-6.9240313
1509499043795|-11.051635|-13.474567|-4.8745947
1509499043927|-5.5258174|-8.360553|-2.0207062
1509499044061|1.0247183|-7.393295|-2.4516625
1509499044190|-6.6846113|-11.63582|-6.3781533
1509499044326|-17.736246|-14.767436|-5.592855
1509499044460|-15.08347|-7.3645644|-6.2632318
1509499044595|-15.102624|-2.7581203|-11.769896
1509499044726|-14.039598|-15.332468|-9.126697
1509499044856|-12.066776|-15.102624|-4.721366
1509499044983|-7.2304893|-9.864111|-3.1507695
1509499045115|0.7469909|-6.1770406|-2.3942018
1509499045247|-4.280833|-9.155427|-2.6623523
1509499045378|-18.148048|-16.46253|3.6583402
1509499045511|-16.941372|-8.963891|5.00867
1509499045642|-16.40507|-1.5801731|7.1826053
1509499045774|-15.418659|-10.668563|1.5035586
1509499045908|-14.202404|-16.108189|-2.6527755
1509499046047|-8.963891|-13.263878|-2.27928
1509499046175|-0.4405331|-7.52737|-1.4173675
1509499046308|0.6799533|-8.542512|-3.265691
1509499046438|-9.586384|-16.989256|-1.8770541
1509499046566|-18.339584|-13.656527|-1.982399
1509499046698|-12.401965|-8.513782|-7.5561004
1509499046830|-15.217546|-10.429143|-7.249643
1509499046962|-12.804191|-18.26297|-3.8977604
1509499047094|-9.078813|-15.44739|-2.5378537
1509499047226|-2.6910827|-8.312668|-0.9864111
1509499047359|1.3790601|-7.920019|-2.7964275
1509499047490|-7.7093296|-15.227123|-4.1180267
1509499047622|-18.44493|-16.318878|-0.6703765
1509499047758|-11.9135475|-9.931149|-3.4859576
1509499047887|-16.663643|-7.374141|-11.118672
1509499048023|-15.188815|-17.583017|-6.129156
1509499048161|-11.808203|-18.684351|-4.1371803
1509499048283|-1.388637|-8.7532015|-1.7717092
1509499048414|3.1890767|-7.153875|-1.8195933
1509499048549|-7.747637|-14.882358|-2.7868507
1509499048680|-18.55985|-17.717093|-3.1794999
1509499048810|-12.373235|-9.720459|-3.4859576
1509499048942|-14.652514|-6.033388|-10.323798
1509499049074|-13.359646|-14.81532|-5.391742
1509499049206|-12.650962|-17.927782|-2.0398598
1509499049338|-6.3111157|-11.204864|-1.2066777
1509499049474|-1.5514427|-7.536947|-0.2681506
1509499049603|0.60333884|-10.247183|-2.9975405
1509499049685|-8.0445175|-14.81532|-3.9360676
1509499049801|-16.51999|-18.464083|-3.4955344
1509499049933|-13.752295|-8.197746|-3.821146
1509499050065|-15.533581|-5.8322754|-6.7803793
1509499050197|-13.905523|-16.85518|-2.5761611
1509499050329|-11.405977|-16.213533|-1.6280571
1509499050462|-6.5505357|-11.271901|-0.82360536
1509499050593|-1.1971009|-7.038953|-0.5554548
1509499050725|-1.8004397|-10.7356|-4.7309427
1509499050862|-12.583924|-18.004396|-3.0454245
1509499050989|-16.836027|-11.310209|-4.0892963
1509499051124|-10.534488|-7.517793|-10.342952
1509499051257|-13.541605|-15.418659|-3.5434184
1509499051385|-14.824897|-19.10573|-1.3982137
1509499051516|-9.672575|-16.950949|-1.7717092
1509499051649|-0.5363012|-8.504205|-0.7374141
1509499051780|3.2752678|-11.109096|-3.8307228
1509499051913|-10.180145|-18.090588|-4.462792
1509499052045|-18.789696|-16.452953|4.5681367
1509499052177|-8.197746|-11.3964|0.45010993
1509499052308|-16.366762|-4.8458643|-5.583278
1509499052440|-15.121778|-12.938266|-13.867216
1509499052577|-13.283031|-18.904617|-9.222465
1509499052707|-2.9783869|-13.9438305|-4.654328
1509499052844|2.4612393|-6.033388|-1.5131354
1509499052977|3.1794999|-6.244078|0.33518824
1509499053100|-15.380352|-18.2917|-7.73806
1509499053233|-18.904617|-12.5264635|-1.1779473
1509499053365|-6.9623384|-8.935161|-3.1794999
1509499053497|-11.520899|-6.8665705|-0.6703765
1509499053629|-10.802638|-6.531382|-11.731588
1509499053764|-13.043611|-12.344504|-7.6135616
1509499053892|-9.80665|-16.40507|-4.510676
1509499054024|-4.367024|-10.342952|-2.5953147
1509499054156|0.6895301|-6.2823853|-0.7469909
1509499054289|-3.4284968|-12.018892|-1.8674773
1509499054427|-13.263878|-18.569427|-3.0550013
1509499054558|-14.135366|-11.080365|-2.7581203
1509499054685|-12.363658|-6.2632318|-4.5681367
1509499054817|-11.769896|-8.63828|-8.149862
1509499054948|-13.168109|-15.571888|-5.3342814
1509499055081|-9.730036|-17.027563|-2.6910827
1509499055213|-2.5187001|-8.111555|-1.2354081
1509499055345|1.13964|-6.301539|-0.7469909
1509499055477|-3.6487634|-11.760319|-3.5051112
1509499055608|-15.552734|-14.834474|-6.3111157
1509499055740|-12.53604|-8.341399|-3.7828386
1509499055873|-12.373235|-4.7022123|-6.2632318
1509499056012|-11.176133|-9.174581|-4.6830587
1509499056145|-13.388376|-12.583924|-4.8267107
1509499056278|-14.068329|-18.272547|2.3750482
1509499056401|-8.590396|-11.262324|0.78529817
1509499056533|-4.5681367|1.484405|-1.4460979
1509499056665|-3.2082303|5.497087|4.7309427
1509499056796|-1.4173675|5.094861|6.789956
1509499056929|-0.79487497|6.3589997|6.1770406
1509499057061|0.36391866|7.2783732|5.6215854
1509499057193|-3.1316159|2.5761611|-0.6512229
1509499057326|-10.764331|2.3463178|-12.976573
1509499057458|-5.5737014|2.9496565|-5.315128
1509499057593|-2.1452048|3.5913026|3.8786068
1509499057727|-3.9839516|-0.2873042|-3.964798
1509499057859|-9.576807|-15.409082|-3.371036
1509499057984|-18.789696|-19.412188|-0.49799395
1509499058117|-14.451402|-14.12579|-1.9919758
1509499058249|-18.167202|-4.644751|-7.7093296
1509499058381|-14.432248|-16.845604|-4.0797195
1509499058513|-11.827356|-19.306843|-3.0454245
1509499058645|-7.479486|-14.480132|-1.7238252
1509499058780|3.572149|-9.155427|-2.087744
1509499058909|-3.3518825|-11.568783|-4.817134
1509499059048|-13.972561|-18.607735|-4.9799395
1509499059172|-17.956512|-11.358093|-4.232949
1509499059306|-15.543158|-5.755661|-7.383718
1509499059442|-14.451402|-14.173674|-4.6926355
1509499059577|-14.269443|-19.04827|-3.667917
1509499059701|-6.5122285|-15.150508|-2.3080103
1509499059834|3.217807|-7.3166804|-1.388637
1509499059965|-0.8331822|-10.611102|-2.9783869
1509499060096|-11.492168|-17.946936|-5.171476
1509499060229|-17.774553|-13.283031|-2.9879637
1509499060361|-13.072341|-5.851429|-5.544971
1509499060495|-13.311762|-9.998186|-4.9703627
1509499060626|-13.01488|-16.108189|-3.7349546
1509499060757|-9.969456|-16.903065|-2.9496565
1509499060890|-3.5242648|-9.346964|-0.79487497
1509499061029|1.5514427|-7.776367|-1.5705963
1509499061159|-3.6296098|-11.137826|-3.7062242
1509499061285|-12.29662|-16.290148|-6.5218053
1509499061417|-15.26543|-9.3182335|-5.497087
1509499061549|-13.666103|-5.21936|-6.215348
1509499061681|-12.708423|-10.400413|-5.257667
1509499061822|-13.311762|-16.385916|-4.711789
1509499061944|-5.142745|-11.492168|-3.2273839
1509499062077|-0.7278373|-7.192182|-2.1260512
1509499062209|-1.1971009|-8.590396|-3.4380736
1509499062340|-9.040505|-14.834474|-4.8841715
1509499062473|-14.681245|-15.629349|-4.663905
1509499062608|-14.432248|-5.0661306|-5.1523223
1509499062744|-15.02601|-7.153875|-6.205771
1509499062880|-13.666103|-15.428236|-5.410896
1509499063001|-8.207323|-14.891934|-4.280833
1509499063133|-3.7253778|-9.030929|-1.7046716
1509499063265|1.8866309|-8.015787|-2.087744
1509499063397|-9.816227|-12.852075|-5.45878
1509499063529|-12.995727|-13.819332|-5.765238
1509499063660|-14.930242|-5.1906295|-4.414908
1509499063794|-15.9262295|-4.2904096|-6.991069
1509499063933|-14.279019|-11.827356|-5.9663506
1509499064057|-10.965444|-14.518439|-3.9743748
1509499064188|-4.6255975|-10.01734|-2.4708161
1509499064270|0.1436521|-7.690176|-1.8004397
1509499064395|-0.45968673|-10.630256|-2.777274
1509499064529|-12.018892|-17.822437|-4.7500963
1509499064651|-16.108189|-11.070788|-4.999093
1509499064783|-11.60709|-5.8226986|-6.83784
1509499064915|-13.397953|-9.844957|-5.2768207
1509499065047|-13.196839|-17.142485|-3.8115692
1509499065179|-9.490616|-15.945383|-3.2273839
1509499065310|-2.834735|-8.686164|-0.31603462
1509499065442|3.6296098|-9.911995|-2.0015526
1509499065575|-8.389283|-16.85518|-4.663905
1509499065707|-18.272547|-16.357185|-4.10845
1509499065846|-12.794614|-7.5465236|-4.711789
1509499065977|-13.982138|-8.695741|-4.7979803
1509499066108|-13.599066|-17.0946|-4.3766007
1509499066235|-11.281479|-17.659632|-2.2122424
1509499066367|-4.807557|-10.055647|-0.7661445
1509499066499|0.8714894|-7.642292|-0.6512229
1509499066631|-3.1028855|-11.358093|-3.466804
1509499066763|-15.006856|-18.828003|-5.2002063
1509499066894|-17.33402|-10.208876|-4.644751
1509499067027|-14.403518|-6.215348|-6.885724
1509499067158|-13.685257|-13.254301|-5.5162406
1509499067296|-12.545617|-17.851168|-3.122039
1509499067424|-5.449203|-11.741165|-2.2409728
1509499067558|1.3982137|-8.887277|-1.4077905
1509499067695|-3.2561142|-12.603078|-1.8387469
1509499067820|-13.953407|-18.856733|-4.7979803
1509499067950|-16.673222|-12.555194|-4.060566
1509499068082|-13.838486|-6.2728086|-9.289502
1509499068214|-14.12579|-14.911088|-4.654328
1509499068297|-13.64695|-18.588581|-2.777274
1509499068413|-10.160992|-17.410635|-2.6240451
1509499068545|-4.232949|-11.87524|-1.3790601
1509499068676|2.882619|-9.911995|-0.49799395
1509499068809|-8.724471|-17.03714|-4.2042184
1509499068946|-17.563864|-19.34515|-5.7365074
1509499069078|-13.369223|-8.820239|-9.174581
1509499069212|-14.346057|-8.073248|-10.04607
1509499069338|-14.84405|-18.646044|-3.6296098
1509499069469|-10.936713|-18.703505|-2.2697031
1509499069601|-4.0892963|-11.137826|-1.0342951
1509499069732|3.5242648|-8.992621|-1.1300632
1509499069865|-9.126697|-16.692375|-4.357447
1509499069997|-18.08101|-18.904617|-6.6271505
1509499070129|-13.397953|-8.619126|-6.397307
1509499070260|-14.834474|-5.5641246|-9.844957
1509499070395|-14.5759|-17.707516|-4.8841715
1509499070529|-12.26789|-18.65562|-2.3750482
1509499070662|-8.504205|-12.124237|-1.6472107
1509499070789|-5.592855|-1.0726024|-0.59376204
1509499070929|-4.213795|4.175488|2.6240451
1509499071057|-1.1109096|4.280833|6.1100025
1509499071185|1.5131354|3.3997664|9.768343
1509499071317|-0.019153614|2.480393|10.697293
1509499071449|0.17238252|0.61291564|11.386824
1509499071581|-2.3175871|2.0207062|8.523358
1509499071712|-2.3558946|2.9113493|8.169016
1509499071845|-3.217807|3.1986535|8.063671
1509499071979|-3.466804|1.8100165|10.43872
1509499072108|-1.5131354|0.78529817|9.069236
1509499072248|0.9576807|3.2273839|7.345411
1509499072374|1.283292|3.5529952|11.81778
1509499072513|1.3120226|3.169923|12.5743475
1509499072645|-0.5267244|2.087744|6.6367273
1509499072779|-3.016694|2.0398598|5.841852
1509499072901|-3.6774938|2.6527755|9.720459
1509499073033|-5.046977|3.9935284|11.559206
1509499073165|-4.999093|1.8674773|11.21444
1509499073296|-0.8810662|0.58418524|5.6982
1509499073429|1.3215994|0.90021986|7.201759
1509499073563|0.19153613|1.4748282|13.88637
1509499073693|-2.0590134|1.0055647|13.158532
1509499073827|-3.1411927|-0.78529817|7.9104424
1509499073956|-2.0973208|-0.31603462|3.916914
1509499074090|-4.4340615|1.0247183|5.6790466
1509499074228|-5.707777|-0.47884035|14.997279
1509499074358|-2.7389667|-1.9057846|8.379706
1509499074485|-1.1971009|-2.3175871|7.374141
1509499074617|-2.0590134|-1.0151415|9.481039
1509499074749|-3.4476504|-0.545878|9.662998
1509499074880|-4.414908|-2.834735|11.176133
1509499075012|-3.9360676|-1.3599066|7.3071036
1509499075144|-3.5913026|0.5267244|5.2385135
1509499075277|-3.3806129|-1.091756|11.099519
1509499075409|-6.5984197|-1.0630256|8.820239
1509499075549|-7.5944076|-0.25857377|5.554548
1509499075678|-10.0748005|0.49799395|1.3599066
1509499075808|-9.270349|2.0590134|10.43872
1509499075952|-4.7405195|1.9249382|5.104438
1509499076069|-1.1492168|4.414908|7.7572136
1509499076200|0.36391866|2.9113493|8.111555
1509499076333|-0.19153613|2.9400797|8.283937
1509499076465|-0.545878|3.8498764|8.839393
1509499076597|-0.61291564|4.213795|9.289502
1509499076729|-1.3694834|3.5434184|9.289502
1509499076861|-1.1587936|3.0454245|8.1402855
1509499076993|0.90979666|3.667917|7.517793
1509499077125|1.0821792|3.9552212|9.624691
1509499077261|0.9864111|3.620033|10.6398325
1509499077389|1.13964|2.4229321|8.619126
1509499077527|0.12449849|2.9783869|7.6231384
1509499077654|0.34476504|3.9360676|8.446744
1509499077785|-0.21068975|4.10845|10.745177
1509499077917|0.2681506|2.9113493|8.628703
1509499078049|0.641646|3.169923|7.872135
