1509498821027|290.75998|124.2|-15.299999
1509498821159|291.0|123.96|-15.059999
1509498821290|291.06|123.78|-15.0
1509498821424|291.18|123.6|-14.759999
1509498821555|291.0|123.78|-14.58
1509498821687|290.34|123.78|-14.58
1509498821819|290.4|123.6|-14.4
1509498821950|290.04|123.42|-14.34
1509498822083|290.82|123.299995|-14.639999
1509498822215|291.36|123.06|-14.759999
1509498822347|290.75998|123.24|-14.88
1509498822479|291.24|123.54|-15.299999
1509498822611|291.06|123.71999|-15.0
1509498822743|291.24|124.079994|-15.059999
1509498822875|291.96|123.96|-15.059999
1509498823006|291.72|123.6|-14.759999
1509498823138|291.24|123.78|-15.0
1509498823271|291.24|123.299995|-15.0
1509498823404|290.94|123.71999|-15.059999
1509498823535|290.63998|123.42|-15.179999
1509498823667|290.52|123.06|-15.0
1509498823799|290.34|123.06|-14.759999
1509498823931|290.58|122.64|-14.5199995
1509498824063|290.94|123.119995|-14.639999
1509498824195|291.18|123.36|-14.639999
1509498824327|291.54|123.54|-14.759999
1509498824459|291.36|123.899994|-14.759999
1509498824591|291.12|124.02|-14.82
1509498824723|291.41998|124.02|-14.82
1509498824855|291.24|124.02|-14.94
1509498824987|291.36|123.96|-15.299999
1509498825119|291.78|124.02|-14.88
1509498825251|291.6|123.96|-14.82
1509498825382|291.06|123.78|-14.639999
1509498825515|290.75998|123.6|-14.28
1509498825648|290.22|123.24|-14.099999
1509498825779|290.22|123.119995|-14.219999
1509498825911|290.4|123.6|-14.4
1509498826042|290.52|123.84|-14.88
1509498826174|291.78|125.759995|-15.0
1509498826307|294.6|129.72|-14.759999
1509498826439|297.66|133.44|-14.04
1509498826571|301.62|137.87999|-12.66
1509498826703|306.78|139.73999|-12.48
1509498826835|314.94|137.52|-12.78
1509498826967|327.78|134.4|-9.96
1509498827099|25.439999|18.539999|-32.46
1509498827230|37.8|13.139999|-26.279999
1509498827364|45.18|9.96|-19.619999
1509498827495|47.7|7.8599997|-17.279999
1509498827627|46.86|9.84|-18.06
1509498827759|43.32|13.38|-21.779999
1509498827892|37.559998|17.64|-27.42
1509498828023|29.58|22.199999|-32.34
1509498828156|21.42|26.4|-34.8
1509498828287|13.74|29.16|-36.42
1509498828419|6.6|30.599998|-36.719997
1509498828551|0.42|30.66|-37.32
1509498828684|-3.9599998|28.92|-38.34
1509498828815|-6.42|27.96|-39.3
1509498828949|-5.04|27.599998|-40.079998
1509498829079|-1.02|28.68|-40.079998
1509498829211|4.7999997|29.58|-40.26
1509498829343|10.139999|30.179998|-40.14
1509498829475|12.719999|31.26|-39.719997
1509498829607|12.84|31.679998|-39.84
1509498829739|10.26|32.34|-39.66
1509498829871|6.66|32.82|-39.78
1509498830003|3.1799998|32.64|-39.719997
1509498830135|1.3199999|31.859999|-39.48
1509498830267|1.4399999|30.779999|-39.84
1509498830399|3.0|30.42|-40.379997
1509498830531|6.8399997|30.66|-40.32
1509498830663|10.2|31.74|-40.44
1509498830795|12.48|32.94|-40.44
1509498830927|12.059999|33.3|-40.26
1509498831060|9.059999|33.48|-40.26
1509498831192|6.18|33.54|-40.8
1509498831323|4.74|33.3|-41.04
1509498831455|6.06|32.76|-41.16
1509498831587|7.9199996|31.92|-42.0
1509498831719|9.48|30.72|-42.6
1509498831851|9.179999|30.539999|-42.66
1509498831983|7.2|30.3|-42.84
1509498832114|4.98|30.3|-42.84
1509498832247|3.4199998|30.48|-42.54
1509498832380|3.78|29.34|-42.48
1509498832512|5.16|29.16|-42.0
1509498832643|7.98|29.16|-41.52
1509498832775|10.8|28.68|-41.399998
1509498832907|11.4|28.5|-41.64
1509498833039|12.12|28.08|-41.879997
1509498833171|11.5199995|27.42|-42.0
1509498833303|10.26|26.939999|-41.579998
1509498833435|10.44|26.699999|-41.34
1509498833566|10.44|25.92|-41.219997
1509498833698|11.04|24.96|-41.16
1509498833831|12.9|24.3|-40.62
1509498833963|13.86|23.4|-40.2
1509498834095|14.5199995|23.22|-40.14
1509498834227|14.58|23.22|-39.899998
1509498834359|13.2|23.88|-40.62
1509498834491|12.54|24.359999|-40.62
1509498834623|12.78|25.32|-40.2
1509498834755|13.799999|25.5|-40.559998
1509498834891|15.78|25.68|-40.26
1509498835019|17.34|26.039999|-40.379997
1509498835151|17.16|26.519999|-40.8
1509498835283|15.719999|27.9|-40.44
1509498835415|14.04|29.16|-40.62
1509498835547|12.3|30.66|-40.14
1509498835679|12.42|31.32|-40.079998
1509498835811|13.62|30.9|-40.32
1509498835943|15.96|29.88|-40.62
1509498836075|18.48|29.16|-40.92
1509498836207|19.92|29.4|-40.44
1509498836340|19.92|30.119999|-40.739998
1509498836471|18.18|31.08|-40.739998
1509498836603|15.839999|32.04|-41.219997
1509498836735|14.639999|32.34|-41.94
1509498836869|14.82|31.679998|-42.239998
1509498836999|16.56|30.66|-43.2
1509498837130|18.66|29.46|-43.98
1509498837263|19.02|28.92|-44.28
1509498837395|17.88|29.4|-44.34
1509498837527|15.12|30.599998|-43.739998
1509498837658|13.0199995|32.219997|-43.26
1509498837791|13.0199995|32.76|-43.079998
1509498837923|14.82|31.98|-42.84
1509498838055|17.94|29.76|-43.32
1509498838187|21.48|27.3|-43.2
1509498838320|23.039999|25.92|-43.02
1509498838451|22.199999|26.16|-42.96
1509498838582|20.039999|27.539999|-42.18
1509498838715|17.16|29.34|-41.28
1509498838847|15.42|30.599998|-40.2
1509498838978|16.32|30.539999|-39.12
1509498839112|18.48|29.22|-38.64
1509498839243|21.18|27.18|-38.1
1509498839375|23.76|25.92|-37.62
1509498839507|25.5|25.74|-36.54
1509498839639|25.98|26.4|-35.399998
1509498839771|26.76|27.0|-34.739998
1509498839903|29.099998|25.5|-33.48
1509498840034|32.7|21.42|-32.64
1509498840166|37.8|15.48|-31.26
1509498840298|41.7|6.66|-29.519999
1509498840431|42.36|-3.72|-28.92
1509498840563|40.26|-12.9|-28.619999
1509498840694|35.82|-20.699999|-28.26
1509498840827|31.26|-25.98|-29.099998
1509498840959|29.099998|-28.08|-29.88
1509498841091|28.5|-28.199999|-30.72
1509498841222|28.199999|-27.599998|-32.1
1509498841354|27.779999|-27.72|-32.94
1509498841486|25.08|-29.099998|-33.0
1509498841621|21.0|-32.16|-31.92
1509498841752|17.34|-34.5|-30.3
1509498841883|13.92|-36.12|-29.16
1509498842015|12.059999|-37.02|-29.099998
1509498842147|12.66|-36.3|-29.699999
1509498842279|15.839999|-35.219997|-30.0
1509498842411|20.1|-33.48|-30.24
1509498842543|23.88|-32.04|-30.359999
1509498842674|25.68|-31.56|-30.3
1509498842807|24.779999|-32.16|-30.3
1509498842939|21.9|-33.54|-29.699999
1509498843071|19.02|-35.04|-28.8
1509498843203|17.039999|-36.36|-28.019999
1509498843335|17.82|-36.66|-27.66
1509498843467|21.72|-34.5|-27.539999
1509498843599|27.66|-29.939999|-27.9
1509498843730|27.9|-23.76|-16.26
1509498843863|31.8|-19.08|-17.34
1509498843995|33.48|-17.34|-17.46
1509498844127|32.28|-19.02|-16.98
1509498844260|30.06|-22.92|-14.4
1509498844391|28.14|-25.98|-12.96
1509498844523|27.599998|-27.0|-11.4
1509498844655|29.939999|-24.84|-9.78
1509498844787|32.82|-22.14|-8.639999
1509498844919|33.54|-21.18|-8.4
1509498845051|33.059998|-20.76|-10.139999
1509498845187|31.019999|-19.619999|-13.679999
1509498845317|30.539999|-16.38|-17.76
1509498845447|31.859999|-11.639999|-19.5
1509498845578|33.54|-8.22|-20.039999
1509498845711|34.38|-8.28|-18.539999
1509498845842|33.899998|-10.62|-16.68
1509498845975|33.48|-14.5199995|-15.54
1509498846107|33.0|-17.16|-14.7
1509498846239|32.88|-17.58|-14.4
1509498846371|33.48|-15.299999|-14.94
1509498846504|33.84|-11.58|-15.66
1509498846634|33.96|-8.22|-16.5
1509498846767|34.079998|-6.12|-17.279999
1509498846899|33.66|-6.12|-17.16
1509498847031|33.719997|-7.56|-17.279999
1509498847162|33.36|-9.54|-16.98
1509498847295|32.46|-12.3|-16.44
1509498847426|31.26|-14.88|-16.02
1509498847559|29.58|-17.279999|-15.179999
1509498847691|28.32|-19.859999|-14.099999
1509498847822|27.06|-22.08|-12.96
1509498847954|26.519999|-23.34|-12.719999
1509498848087|27.06|-22.859999|-12.78
1509498848218|27.3|-20.64|-13.86
1509498848351|28.5|-17.64|-15.299999
1509498848483|30.0|-14.34|-15.719999
1509498848615|30.42|-12.66|-15.96
1509498848747|30.359999|-13.32|-15.48
1509498848879|28.74|-15.9|-15.059999
1509498849011|24.119999|-20.46|-14.759999
1509498849142|19.32|-25.019999|-14.46
1509498849275|13.139999|-28.98|-14.219999
1509498849408|6.66|-31.199999|-14.16
1509498849539|1.56|-32.34|-14.219999
1509498849670|-3.24|-32.46|-14.4
1509498849803|-5.2799997|-31.92|-14.58
1509498849935|-5.8199997|-31.92|-14.46
1509498850067|-5.2799997|-31.439999|-14.639999
1509498850199|-5.22|-30.96|-14.639999
1509498850331|-6.72|-30.779999|-14.639999
1509498850463|-8.76|-30.3|-14.46
1509498850595|-12.36|-29.519999|-13.86
1509498850727|-15.059999|-28.92|-13.38
1509498850859|-16.8|-28.74|-12.9
1509498850991|-17.1|-28.92|-12.48
1509498851123|-14.7|-30.42|-12.12
1509498851255|-11.219999|-32.64|-12.599999
1509498851387|-7.74|-33.6|-13.0199995
1509498851519|-6.06|-34.559998|-13.62
1509498851651|-5.64|-34.5|-14.46
1509498851783|-7.68|-33.54|-14.46
1509498851917|-10.44|-33.36|-14.58
1509498852048|-12.66|-32.399998|-14.58
1509498852178|-13.98|-32.82|-14.28
1509498852311|-13.98|-33.48|-14.219999
1509498852442|-13.679999|-33.96|-14.04
1509498852574|-13.2|-34.38|-14.4
1509498852707|-13.5|-33.84|-15.059999
1509498852839|-14.16|-32.88|-15.9
1509498852971|-15.059999|-32.52|-16.26
1509498853105|-16.92|-32.1|-16.02
1509498853235|-19.5|-31.26|-15.599999
1509498853367|-21.48|-31.439999|-14.82
1509498853499|-22.14|-31.38|-14.639999
1509498853631|-21.359999|-32.7|-14.099999
1509498853763|-20.58|-34.14|-13.559999
1509498853895|-19.68|-34.559998|-13.559999
1509498854027|-19.619999|-34.44|-13.679999
1509498854159|-20.64|-33.3|-14.28
1509498854291|-21.48|-31.32|-15.059999
1509498854423|-22.68|-30.359999|-15.12
1509498854555|-22.619999|-29.88|-15.36
1509498854687|-21.84|-30.179998|-15.36
1509498854819|-20.16|-31.679998|-15.059999
1509498854951|-18.48|-33.059998|-15.179999
1509498855083|-17.88|-33.6|-15.0
1509498855215|-17.1|-33.66|-15.24
1509498855347|-16.859999|-33.54|-15.24
1509498855479|-16.26|-33.12|-15.24
1509498855611|-14.639999|-33.84|-15.0
1509498855743|-11.82|-33.96|-14.58
1509498855875|-7.14|-34.92|-14.099999
1509498856007|-2.34|-35.7|-13.799999
1509498856139|1.56|-35.46|-13.32
1509498856271|3.6599998|-36.059998|-13.08
1509498856403|3.6|-36.059998|-12.54
1509498856535|2.3999999|-35.76|-11.88
1509498856666|0.17999999|-36.18|-11.58
1509498856799|-1.56|-35.88|-10.74
1509498856931|-1.56|-35.52|-10.8
1509498857063|-0.78|-35.52|-10.5
1509498857195|0.78|-35.46|-10.26
1509498857327|1.8|-35.16|-10.26
1509498857459|1.1999999|-34.86|-10.0199995
1509498857591|0.0|-34.86|-10.0199995
1509498857723|-1.74|-34.5|-10.2
1509498857855|-3.72|-34.079998|-10.5
1509498857987|-5.3399997|-33.899998|-10.98
1509498858118|-6.54|-33.18|-11.219999
1509498858251|-6.12|-33.12|-11.04
1509498858383|-4.5|-33.719997|-10.8
1509498858515|-2.34|-33.84|-10.74
1509498858647|-0.35999998|-34.02|-11.099999
1509498858779|0.35999998|-33.719997|-11.7
1509498858911|-0.12|-33.36|-12.54
1509498859043|-1.86|-33.239998|-13.2
1509498859175|-3.36|-33.3|-13.2
1509498859307|-4.92|-33.48|-13.38
1509498859439|-4.92|-33.84|-13.38
1509498859571|-3.48|-34.32|-13.259999
1509498859703|-1.38|-35.04|-13.2
1509498859834|0.24|-35.76|-13.44
1509498859967|0.35999998|-36.12|-13.259999
1509498860099|-0.96|-36.12|-13.5
1509498860232|-3.4199998|-35.76|-13.98
1509498860363|-5.46|-34.92|-14.04
1509498860495|-6.48|-33.54|-14.4
1509498860627|-6.24|-32.219997|-14.58
1509498860759|-4.3199997|-30.539999|-14.58
1509498860891|-1.9799999|-29.039999|-14.639999
1509498861023|0.65999997|-28.32|-14.58
1509498861155|2.28|-28.32|-14.5199995
1509498861287|2.3999999|-28.619999|-14.46
1509498861419|1.86|-29.88|-14.4
1509498861506|1.1999999|-30.599998|-14.46
