1509498821044|0.076614454|-0.10534488|9.749189
1509498821176|0.076614454|-0.10534488|9.749189
1509498821308|0.076614454|-0.10534488|9.739613
1509498821441|0.047884032|-0.08619126|9.758766
1509498821572|0.038307227|-0.08619126|9.758766
1509498821704|0.05746084|-0.08619126|9.758766
1509498821836|0.05746084|-0.11492168|9.758766
1509498821968|0.076614454|-0.095768064|9.758766
1509498822101|0.076614454|-0.11492168|9.739613
1509498822234|0.076614454|-0.11492168|9.739613
1509498822366|0.076614454|-0.11492168|9.739613
1509498822497|0.06703765|-0.095768064|9.758766
1509498822628|0.06703765|-0.095768064|9.758766
1509498822760|0.06703765|-0.10534488|9.758766
1509498822892|0.06703765|-0.10534488|9.749189
1509498823024|0.06703765|-0.10534488|9.749189
1509498823156|0.06703765|-0.10534488|9.749189
1509498823289|0.06703765|-0.10534488|9.749189
1509498823420|0.06703765|-0.10534488|9.749189
1509498823554|0.06703765|-0.10534488|9.739613
1509498823684|0.06703765|-0.10534488|9.739613
1509498823816|0.06703765|-0.10534488|9.758766
1509498823957|0.06703765|-0.10534488|9.749189
1509498824083|0.06703765|-0.11492168|9.749189
1509498824212|0.06703765|-0.11492168|9.749189
1509498824345|0.06703765|-0.11492168|9.749189
1509498824476|0.06703765|-0.11492168|9.749189
1509498824608|0.06703765|-0.11492168|9.739613
1509498824740|0.06703765|-0.11492168|9.739613
1509498824873|0.06703765|-0.11492168|9.739613
1509498825005|0.06703765|-0.11492168|9.739613
1509498825136|0.06703765|-0.11492168|9.739613
1509498825269|0.06703765|-0.095768064|9.758766
1509498825401|0.06703765|-0.095768064|9.739613
1509498825534|0.06703765|-0.10534488|9.739613
1509498825667|0.095768064|-0.10534488|9.739613
1509498825796|0.047884032|-0.08619126|9.768343
1509498825928|0.038307227|-0.08619126|9.768343
1509498826060|-0.39264908|0.08619126|9.80665
1509498826193|-0.5363012|-0.92895025|9.749189
1509498826324|1.2258313|-1.8100165|9.768343
1509498826457|-1.3120226|0.17238252|9.720459
1509498826589|-5.104438|-0.62249243|10.994174
1509498826720|-10.907983|0.30645782|5.0278234
1509498826854|-9.442732|-4.7022123|6.301539
1509498826988|-3.821146|-6.1100025|14.346057
1509498827118|1.0247183|-0.10534488|13.445837
1509498827251|-2.4612393|2.9496565|8.24563
1509498827380|-3.2944214|2.72939|8.2169
1509498827513|-3.466804|4.7022123|8.073248
1509498827644|-2.5570073|0.39264908|13.024457
1509498827776|0.89064306|-2.5474305|8.66701
1509498827908|-3.3135753|1.0151415|6.8186865
1509498828041|-2.0973208|2.3654714|7.9487495
1509498828173|0.6703765|2.2122424|11.520899
1509498828308|1.1587936|0.9576807|10.67814
1509498828436|-2.6910827|-0.10534488|8.6574335
1509498828569|-3.821146|2.8060043|8.389283
1509498828708|-4.060566|2.2505496|9.672575
1509498828838|-1.4748282|2.0590134|9.107543
1509498828969|-2.030283|1.3024458|10.697293
1509498829097|-0.16280572|0.9768343|9.251195
1509498829229|0.038307227|1.982399|7.747637
1509498829360|0.02873042|2.5187001|9.32781
1509498829493|1.5514427|2.3080103|10.295067
1509498829624|0.45968673|1.340753|9.126697
1509498829756|0.095768064|1.5801731|8.360553
1509498829888|-1.0151415|3.169923|9.854534
1509498830020|-0.89064306|3.9552212|10.658986
1509498830152|-1.9249382|2.4229321|11.21444
1509498830285|-0.6512229|0.21068975|7.967903
1509498830418|1.0726024|1.5514427|7.422025
1509498830553|1.532289|2.7389667|10.400413
1509498830688|1.7046716|2.2984335|12.152967
1509498830812|-0.12449849|1.2258313|7.9104424
1509498830945|0.842759|2.5091233|7.565677
1509498831076|0.12449849|3.1794999|10.247183
1509498831209|-1.6759412|2.4612393|11.616667
1509498831342|-0.93852705|0.9672575|9.232041
1509498831473|-0.06703765|1.733402|7.393295
1509498831605|0.22984336|2.681506|8.571242
1509498831737|0.10534488|2.9496565|10.160992
1509498831868|-0.095768064|1.6472107|10.304645
1509498832002|-0.81402856|2.135628|7.795521
1509498832134|-1.4077905|2.4899697|9.528923
1509498832269|-1.4652514|2.9879637|10.371682
1509498832396|-1.5227122|1.3982137|9.710882
1509498832529|-0.79487497|1.4460979|8.628703
1509498832660|-0.59376204|2.3463178|8.532935
1509498832792|-0.17238252|2.8060043|9.528923
1509498832924|-0.02873042|1.7238252|10.563218
1509498833056|-0.8714894|2.384625|7.8529816
1509498833189|-1.091756|2.8921957|8.7532015
1509498833323|-1.4939818|3.0550013|9.662998
1509498833456|-2.336741|1.6567876|10.572795
1509498833587|-0.842759|1.3982137|8.781932
1509498833716|-0.30645782|2.3175871|7.7093296
1509498833853|0.15322891|2.585738|9.557653
1509498833980|0.15322891|2.2505496|10.630256
1509498834113|0.50757074|1.7238252|8.379706
1509498834245|-1.2545617|2.0590134|7.680599
1509498834377|-1.5801731|2.8921957|9.241618
1509498834509|-2.4995465|2.7868507|11.463438
1509498834640|-2.834735|0.63206923|10.505757
1509498834772|-0.7278373|1.0151415|7.335834
1509498834905|0.08619126|1.6759412|8.983045
1509498835037|1.4173675|2.4708161|10.218452
1509498835168|0.4213795|1.3694834|10.1226845
1509498835301|-0.5650316|1.2162545|7.728483
1509498835436|-1.2545617|2.0398598|8.293514
1509498835573|-1.982399|2.528277|12.440272
1509498835696|-2.7389667|1.0247183|11.405977
1509498835828|-0.89064306|0.16280572|7.872135
1509498835960|0.1436521|1.3215994|8.331821
1509498836092|1.5514427|1.8962077|10.170568
1509498836224|1.2641385|0.39264908|11.712435
1509498836357|-0.095768064|0.8619126|6.6846113
1509498836488|-2.183512|1.9440918|8.101978
1509498836620|-2.384625|3.3614593|10.553641
1509498836758|-2.920926|0.22026655|12.938266
1509498836885|-0.89064306|-0.16280572|8.293514
1509498837017|0.89064306|1.6089035|7.6614456
1509498837152|1.541866|2.3463178|9.557653
1509498837282|0.6703765|1.0055647|12.401965
1509498837412|-0.5554548|1.2258313|6.7612257
1509498837545|-2.8443117|1.1300632|7.795521
1509498837676|-1.9057846|2.4516625|12.105083
1509498837809|-2.5953147|0.58418524|12.765883
1509498837941|-1.1492168|-0.641646|8.829816
1509498838074|0.62249243|0.90021986|6.531382
1509498838207|1.4652514|1.8866309|9.251195
1509498838336|3.2944214|1.4556746|13.88637
1509498838468|0.08619126|0.10534488|7.776367
1509498838602|-2.5953147|0.9768343|6.3206925
1509498838737|-3.0358477|2.087744|10.726024
1509498838868|-1.5514427|1.2354081|13.905523
1509498838996|-1.8004397|0.22026655|9.375694
1509498839128|-0.9768343|-0.038307227|6.742072
1509498839261|-0.47884035|0.9576807|7.6231384
1509498839393|0.06703765|2.336741|11.463438
1509498839525|0.91937345|1.6472107|13.062764
1509498839657|-2.4995465|0.5650316|7.144298
1509498839789|-3.2752678|0.48841715|8.7532015
1509498839924|-0.842759|-0.6703765|11.980585
1509498840052|0.58418524|0.9768343|9.069236
1509498840184|-2.528277|0.20111294|12.210428
1509498840323|-2.030283|-1.8483237|9.107543
1509498840453|-1.8387469|-1.0055647|8.149862
1509498840580|-0.1436521|0.05746084|10.055647
1509498840712|1.541866|1.7238252|9.682152
1509498840844|2.815581|1.484405|10.247183
1509498840976|-1.6184803|-0.20111294|7.6710224
1509498841108|-1.9919758|0.48841715|9.442732
1509498841241|0.019153614|0.6607997|10.275913
1509498841372|-0.41180268|1.13964|10.697293
1509498841505|-1.484405|0.47884035|12.095507
1509498841637|-0.33518824|-0.59376204|7.8050976
1509498841769|-0.51714754|0.47884035|7.5465236
1509498841904|0.45968673|1.7525556|9.854534
1509498842035|0.038307227|1.6950948|10.132261
1509498842167|0.22984336|0.8810662|10.965444
1509498842297|-1.9249382|0.32561144|7.8912888
1509498842428|-1.7717092|1.3790601|8.801085
1509498842560|-1.3790601|1.5227122|9.797073
1509498842693|-1.1013328|1.0726024|9.9790325
1509498842824|-1.5131354|1.8004397|10.697293
1509498842957|0.17238252|-0.6991069|9.337387
1509498843090|1.0726024|0.5363012|8.523358
1509498843224|1.1013328|1.5610195|9.662998
1509498843352|-0.25857377|0.51714754|10.180145
1509498843484|-0.49799395|-0.076614454|11.224017
1509498843618|-1.3599066|1.3215994|8.283937
1509498843754|-0.6607997|2.4995465|9.662998
1509498843881|-1.6759412|2.6048915|8.714894
1509498844012|-1.733402|2.2409728|11.051635
1509498844145|-0.076614454|-1.0726024|13.397953
1509498844277|2.2984335|3.5817258|5.8226986
1509498844408|2.384625|7.029376|16.692375
1509498844540|-0.34476504|4.405331|12.698846
1509498844672|-4.0701427|-8.130709|1.0342951
1509498844804|-3.5434184|-1.7525556|2.5953147
1509498844939|1.0055647|4.8458643|7.929596
1509498845068|4.175488|3.016694|13.685257
1509498845203|1.7717092|0.7469909|12.756307
1509498845333|-0.6991069|0.41180268|9.605537
1509498845465|-1.1875241|0.17238252|9.883265
1509498845597|-1.5897499|-0.6607997|9.433155
1509498845729|-0.6607997|-0.019153614|11.568783
1509498845860|0.02873042|-1.9536686|11.836933
1509498845992|1.13964|-1.0821792|7.5082164
1509498846125|-0.08619126|-0.16280572|9.452309
1509498846256|-1.2737153|-0.02873042|9.184157
1509498846388|-2.327164|-0.18195933|9.959879
1509498846522|-1.1013328|0.6895301|10.333375
1509498846655|-1.6759412|0.7278373|10.266336
1509498846784|-1.484405|-0.59376204|10.314221
1509498846921|0.5650316|0.59376204|6.8569937
1509498847051|0.45010993|0.90021986|9.203311
1509498847180|0.20111294|0.19153613|8.820239
1509498847312|0.21068975|-0.30645782|10.093954
1509498847444|-0.7374141|1.934515|10.850522
1509498847576|-1.1492168|1.1779473|11.099519
1509498847708|-0.89064306|-1.8674773|10.180145
1509498847840|-0.5554548|-0.02873042|8.465898
1509498847972|-0.545878|0.02873042|10.67814
1509498848105|-1.3311762|0.17238252|8.820239
1509498848236|-1.8004397|1.1875241|11.453861
1509498848369|-1.4269443|1.0342951|9.749189
1509498848507|-1.3599066|0.41180268|7.795521
1509498848637|-1.4939818|0.641646|8.944737
1509498848773|-0.46926352|0.36391866|9.9790325
1509498848897|-0.93852705|0.29688102|9.423578
1509498849028|-0.545878|1.8100165|12.430696
1509498849160|-0.8331822|-0.6991069|11.21444
1509498849292|-1.3120226|-0.2777274|7.5561004
1509498849424|-1.2162545|0.32561144|9.797073
1509498849556|-0.05746084|0.842759|9.662998
1509498849688|-0.009576807|0.80445176|11.204864
1509498849820|-0.25857377|1.0055647|8.42759
1509498849953|-1.1109096|1.5610195|8.159439
1509498850089|-0.7757214|1.340753|9.739613
1509498850223|-1.0534488|1.8100165|10.093954
1509498850354|-0.8331822|0.7374141|10.97502
1509498850480|-0.6991069|0.22984336|8.39886
1509498850612|0.4213795|2.1547816|8.456321
1509498850745|0.6703765|2.4420857|9.165004
1509498850877|0.48841715|2.4708161|9.701305
1509498851009|0.8619126|1.0055647|11.18571
1509498851141|-0.019153614|1.340753|7.728483
1509498851272|-1.3311762|2.0015526|8.360553
1509498851408|-1.1779473|2.681506|9.346964
1509498851538|-1.7812861|1.8579005|11.549629
1509498851668|-1.5131354|0.39264908|9.299079
1509498851806|-1.0630256|1.0247183|8.236053
1509498851938|-0.10534488|1.7525556|8.0924015
1509498852065|0.23942018|1.13964|11.482592
1509498852196|0.11492168|1.8866309|9.749189
1509498852328|-0.5363012|1.0151415|9.040505
1509498852460|-0.019153614|2.1452048|8.39886
1509498852592|0.19153613|2.7389667|8.963891
1509498852725|-1.4652514|1.685518|11.032481
1509498852857|-1.9440918|0.22984336|10.065224
1509498852989|-1.091756|1.1587936|7.747637
1509498853121|-0.7565677|1.8962077|9.069236
1509498853255|0.37349546|2.1068976|10.132261
1509498853388|0.7565677|1.6567876|10.984597
1509498853518|0.009576807|1.5993267|8.868123
1509498853656|0.21068975|2.2218192|8.418014
1509498853780|0.6895301|3.0262709|8.90643
1509498853913|-0.15322891|2.135628|11.204864
1509498854045|-0.49799395|0.35434186|10.055647
1509498854176|-0.18195933|1.3215994|7.8146744
1509498854309|-0.1340753|1.3599066|9.528923
1509498854440|0.80445176|1.5227122|10.007763
1509498854573|0.19153613|1.4460979|10.97502
1509498854706|-0.24899697|0.842759|9.059659
1509498854836|-0.22026655|1.8770541|8.599973
1509498854968|0.32561144|2.4708161|9.232041
1509498855106|-0.31603462|2.231396|11.118672
1509498855236|0.12449849|0.11492168|8.552089
1509498855364|0.17238252|0.6512229|8.599973
1509498855497|0.32561144|1.7621324|9.730036
1509498855628|-0.16280572|1.1204864|10.113108
1509498855761|0.1340753|0.5267244|11.57836
1509498855893|-0.5363012|0.93852705|8.916007
1509498856025|-0.842759|1.8770541|8.839393
1509498856157|-0.7278373|2.384625|9.576807
1509498856288|-0.6703765|0.7661445|11.683704
1509498856420|-0.4213795|1.0151415|8.2169
1509498856554|-0.21068975|1.6376339|8.8777
1509498856685|-0.22026655|2.1643584|9.021352
1509498856819|0.4405331|2.1068976|10.477027
1509498856959|0.40222588|1.5897499|10.266336
1509498857081|-0.02873042|1.5705963|9.165004
1509498857213|-0.59376204|2.2601264|7.9487495
1509498857351|0.1340753|3.074155|9.442732
1509498857477|0.076614454|2.9017725|10.400413
1509498857609|-0.15322891|1.4173675|8.695741
1509498857741|0.15322891|1.7908629|8.829816
1509498857872|0.5363012|2.6623523|8.63828
1509498858005|0.60333884|2.5474305|10.457873
1509498858136|1.9919758|1.9440918|10.649409
1509498858269|1.388637|2.0685902|8.025364
1509498858401|-0.019153614|2.6048915|7.97748
1509498858540|-0.12449849|3.2273839|9.289502
1509498858679|-0.31603462|2.2697031|10.831368
1509498858796|-0.47884035|1.0821792|9.126697
1509498858929|-0.038307227|1.4652514|9.14585
1509498859061|0.38307226|2.3080103|9.251195
1509498859192|0.9576807|2.3080103|10.0269165
1509498859325|1.7238252|1.9057846|10.113108
1509498859456|1.0151415|1.6950948|8.341399
1509498859589|0.1436521|2.231396|8.2169
1509498859722|-0.30645782|3.1603463|10.534488
1509498859852|-0.90979666|1.3982137|10.754754
1509498859990|-0.41180268|1.5801731|8.025364
1509498860124|-0.47884035|2.0494366|8.350976
1509498860256|-0.25857377|2.566584|9.232041
1509498860381|-0.10534488|2.3654714|10.793061
1509498860513|0.25857377|1.9536686|9.471462
1509498860645|-0.38307226|2.2601264|7.967903
1509498860776|-0.60333884|3.1124623|9.3182335
1509498860909|-1.2258313|3.0933087|10.802638
1509498861040|-2.1068976|1.3982137|10.266336
1509498861172|-0.6512229|1.4460979|8.8777
1509498861307|-0.6703765|2.0111294|9.14585
1509498861437|0.16280572|2.6623523|9.481039
1509498861569|0.78529817|2.0685902|10.323798
