1509498784596|0.10896278|-0.13620347|0.0
1509498784729|0.10896278|-0.13620347|0.0
1509498784861|0.10896278|-0.13620347|0.0
1509498784991|0.10896278|-0.13620347|0.0
1509498785124|0.10896278|-0.13620347|0.0
1509498785256|0.10896278|-0.13620347|0.0
1509498785684|0.10896278|-0.13620347|0.0
1509498785784|0.10896278|-0.13620347|0.0
1509498785916|0.10896278|-0.13620347|0.0
1509498786047|0.10896278|-0.13620347|0.0
1509498786180|0.10896278|-0.13620347|0.0
1509498786311|0.10896278|-0.13620347|0.0
1509498786443|0.10896278|-0.13620347|0.0
1509498786576|0.10896278|-0.13620347|0.0
1509498786707|0.10896278|-0.13620347|0.0
1509498786840|0.10896278|-0.13620347|0.0
1509498786971|0.10896278|-0.13620347|0.0
1509498787104|0.10896278|-0.13620347|0.0
1509498787237|0.10896278|-0.13620347|0.0
1509498787374|0.10896278|-0.13620347|0.0
1509498787500|0.10896278|-0.13620347|0.0
1509498787632|0.10896278|-0.13620347|0.0
1509498787764|0.10896278|-0.13620347|0.0
1509498787895|0.10896278|-0.13620347|0.0
1509498788028|0.10896278|-0.13620347|0.0
1509498788159|0.10896278|-0.13620347|0.0
1509498788291|0.10896278|-0.13620347|0.0
1509498788423|0.10896278|-0.13620347|0.0
1509498788556|0.10896278|-0.13620347|0.0
1509498788688|0.10896278|-0.13620347|0.0
1509498788820|0.10896278|-0.13620347|0.0
1509498788952|0.10896278|-0.13620347|0.0
1509498789084|0.10896278|-0.13620347|0.0
1509498789216|0.10896278|-0.13620347|0.0
1509498789348|0.10896278|-0.13620347|0.0
1509498789481|0.10896278|-0.13620347|0.0
1509498789611|0.10896278|-0.13620347|0.0
1509498789743|0.10896278|-0.13620347|0.0
1509498789876|0.10896278|-0.13620347|0.0
1509498790007|0.10896278|-0.13620347|0.0
1509498790140|0.10896278|-0.13620347|0.0
1509498790272|0.10896278|-0.13620347|0.0
1509498790412|0.10896278|-0.13620347|0.0
1509498790553|0.10896278|-0.13620347|0.0
1509498790668|0.10896278|-0.13620347|0.0
1509498790799|0.10896278|-0.13620347|0.0
1509498790932|0.10896278|-0.13620347|0.0
1509498791063|0.10896278|-0.13620347|0.0
1509498791196|0.10896278|-0.13620347|0.0
1509498791329|0.10896278|-0.13620347|0.0
1509498791460|0.10896278|-0.13620347|0.0
1509498791593|0.10896278|-0.13620347|0.0
1509498791725|0.10896278|-0.13620347|0.0
1509498791855|0.10896278|-0.13620347|0.0
1509498791988|0.10896278|-0.13620347|0.0
1509498792120|0.10896278|-0.13620347|0.0
1509498792251|0.10896278|-0.13620347|0.0
1509498792383|0.10896278|-0.13620347|0.0
1509498792516|0.10896278|-0.13620347|0.0
1509498792649|0.10896278|-0.13620347|0.0
1509498792780|0.10896278|-0.13620347|0.0
1509498792913|0.10896278|-0.13620347|0.0
1509498793044|0.10896278|-0.13620347|0.0
1509498793175|0.10896278|-0.13620347|0.0
1509498793309|0.10896278|-0.13620347|0.0
1509498793441|0.10896278|-0.13620347|0.0
1509498793572|0.10896278|-0.13620347|0.0
1509498793704|0.10896278|-0.13620347|0.0
1509498793837|0.10896278|-0.13620347|0.0
1509498793969|0.10896278|-0.13620347|0.0
1509498794103|0.10896278|-0.13620347|0.0
1509498794232|0.10896278|-0.13620347|0.0
1509498794364|0.10896278|-0.13620347|0.0
1509498794496|0.10896278|-0.13620347|0.0
1509498794627|0.10896278|-0.13620347|0.0
1509498794760|0.10896278|-0.13620347|0.0
1509498794892|0.10896278|-0.13620347|0.0
1509498795024|0.10896278|-0.13620347|0.0
1509498795156|0.10896278|-0.13620347|0.0
1509498795288|0.10896278|-0.13620347|0.0
1509498795421|0.10896278|-0.13620347|0.0
1509498795552|0.10896278|-0.13620347|0.0
1509498795684|0.10896278|-0.13620347|0.0
1509498795822|0.10896278|-0.13620347|0.0
1509498795949|0.10896278|-0.13620347|0.0
1509498796081|0.10896278|-0.13620347|0.0
1509498796212|0.10896278|-0.13620347|0.0
1509498796352|0.10896278|-0.13620347|0.0
1509498796476|0.10896278|-0.13620347|0.0
1509498796608|0.10896278|-0.13620347|0.0
1509498796741|0.10896278|-0.13620347|0.0
1509498796872|0.10896278|-0.13620347|0.0
1509498797005|0.10896278|-0.13620347|0.0
1509498797136|0.10896278|-0.13620347|0.0
1509498797268|0.10896278|-0.13620347|0.0
1509498797401|0.10896278|-0.13620347|0.0
1509498797533|0.10896278|-0.13620347|0.0
1509498797664|0.10896278|-0.13620347|0.0
1509498797796|0.10896278|-0.13620347|0.0
1509498797929|0.10896278|-0.13620347|0.0
1509498798059|0.10896278|-0.13620347|0.0
1509498798192|0.10896278|-0.13620347|0.0
1509498798324|0.10896278|-0.13620347|0.0
1509498798456|0.10896278|-0.13620347|0.0
1509498798588|0.10896278|-0.13620347|0.0
1509498798721|0.10896278|-0.13620347|0.0
1509498798852|0.10896278|-0.13620347|0.0
1509498798985|0.10896278|-0.13620347|0.0
1509498799116|0.10896278|-0.13620347|0.0
1509498799248|0.10896278|-0.13620347|0.0
1509498799381|0.10896278|-0.13620347|0.0
1509498799513|0.10896278|-0.13620347|0.0
1509498799644|0.10896278|-0.13620347|0.0
1509498799776|0.10896278|-0.13620347|0.0
1509498799909|0.10896278|-0.13620347|0.0
1509498800041|0.10896278|-0.13620347|0.0
1509498800172|0.10896278|-0.13620347|0.0
1509498800305|0.10896278|-0.13620347|0.0
1509498800435|0.10896278|-0.13620347|0.0
1509498800568|0.10896278|-0.13620347|0.0
1509498800700|0.10896278|-0.13620347|0.0
1509498800833|0.10896278|-0.13620347|0.0
1509498800965|0.10896278|-0.13620347|0.0
1509498801097|0.10896278|-0.13620347|0.0
1509498801229|0.10896278|-0.13620347|0.0
1509498801362|0.10896278|-0.13620347|0.0
1509498801493|0.10896278|-0.13620347|0.0
1509498801624|0.10896278|-0.13620347|0.0
1509498801756|0.10896278|-0.13620347|0.0
1509498801888|0.10896278|-0.13620347|0.0
1509498802021|0.10896278|-0.13620347|0.0
1509498802152|0.10896278|-0.13620347|0.0
1509498802285|0.10896278|-0.13620347|0.0
1509498802416|0.10896278|-0.13620347|0.0
1509498802549|0.10896278|-0.13620347|0.0
1509498802681|0.10896278|-0.13620347|0.0
1509498802812|0.10896278|-0.13620347|0.0
1509498802946|0.10896278|-0.13620347|0.0
1509498803077|0.10896278|-0.13620347|0.0
1509498803208|0.10896278|-0.13620347|0.0
1509498803341|0.10896278|-0.13620347|0.0
1509498803472|0.10896278|-0.13620347|0.0
1509498803604|0.10896278|-0.13620347|0.0
1509498803735|0.10896278|-0.13620347|0.0
1509498803868|0.10896278|-0.13620347|0.0
1509498804001|0.10896278|-0.13620347|0.0
1509498804133|0.10896278|-0.13620347|0.0
1509498804264|0.10896278|-0.13620347|0.0
1509498804396|0.10896278|-0.13620347|0.0
1509498804528|0.10896278|-0.13620347|0.0
1509498804661|0.10896278|-0.13620347|0.0
1509498804793|0.10896278|-0.13620347|0.0
1509498804924|0.10896278|-0.13620347|0.0
1509498805056|0.10896278|-0.13620347|0.0
1509498805189|0.10896278|-0.13620347|0.0
1509498805321|0.10896278|-0.13620347|0.0
1509498805453|0.10896278|-0.13620347|0.0
1509498805585|0.10896278|-0.13620347|0.0
1509498805716|0.10896278|-0.13620347|0.0
1509498805848|0.10896278|-0.13620347|0.0
1509498805980|0.10896278|-0.13620347|0.0
1509498806112|0.10896278|-0.13620347|0.0
1509498806244|0.10896278|-0.13620347|0.0
1509498806375|0.10896278|-0.13620347|0.0
1509498806508|0.10896278|-0.13620347|0.0
1509498806641|0.10896278|-0.13620347|0.0
1509498806772|0.10896278|-0.13620347|0.0
1509498806905|0.10896278|-0.13620347|0.0
1509498807037|0.10896278|-0.13620347|0.0
1509498807176|0.10896278|-0.13620347|0.0
1509498807301|0.10896278|-0.13620347|0.0
1509498807433|0.10896278|-0.13620347|0.0
1509498807565|0.10896278|-0.13620347|0.0
1509498807696|0.10896278|-0.13620347|0.0
1509498807828|0.10896278|-0.13620347|0.0
1509498807960|0.10896278|-0.13620347|0.0
1509498808092|0.10896278|-0.13620347|0.0
1509498808224|0.10896278|-0.13620347|0.0
1509498808356|0.10896278|-0.13620347|0.0
1509498808488|0.10896278|-0.13620347|0.0
1509498808620|0.10896278|-0.13620347|0.0
1509498808753|0.10896278|-0.13620347|0.0
1509498808884|0.10896278|-0.13620347|0.0
1509498809016|0.10896278|-0.13620347|0.0
1509498809148|0.10896278|-0.13620347|0.0
1509498809281|0.10896278|-0.13620347|0.0
1509498809413|0.10896278|-0.13620347|0.0
1509498809544|0.10896278|-0.13620347|0.0
1509498809678|0.10896278|-0.13620347|0.0
1509498809809|0.10896278|-0.13620347|0.0
1509498809941|0.10896278|-0.13620347|0.0
1509498810071|0.10896278|-0.13620347|0.0
1509498810204|0.10896278|-0.13620347|0.0
1509498810336|0.10896278|-0.13620347|0.0
1509498810469|0.10896278|-0.13620347|0.0
1509498810601|0.10896278|-0.13620347|0.0
1509498810733|0.10896278|-0.13620347|0.0
1509498810864|0.10896278|-0.13620347|0.0
1509498810996|0.10896278|-0.13620347|0.0
1509498811128|0.10896278|-0.13620347|0.0
1509498811260|0.10896278|-0.13620347|0.0
1509498811393|0.10896278|-0.13620347|0.0
1509498811524|0.10896278|-0.13620347|0.0
1509498811656|0.10896278|-0.13620347|0.0
1509498811788|0.10896278|-0.13620347|0.0
1509498811920|0.10896278|-0.13620347|0.0
1509498812052|0.10896278|-0.13620347|0.0
1509498812184|0.10896278|-0.13620347|0.0
1509498812317|0.10896278|-0.13620347|0.0
1509498812448|0.10896278|-0.13620347|0.0
1509498812581|0.10896278|-0.13620347|0.0
1509498812712|0.10896278|-0.13620347|0.0
1509498812844|0.10896278|-0.13620347|0.0
1509498812977|0.10896278|-0.13620347|0.0
1509498813109|0.10896278|-0.13620347|0.0
1509498813240|0.10896278|-0.13620347|0.0
1509498813374|0.10896278|-0.13620347|0.0
1509498813504|0.10896278|-0.13620347|0.0
1509498813637|0.10896278|-0.13620347|0.0
1509498813768|0.10896278|-0.13620347|0.0
1509498813901|0.10896278|-0.13620347|0.0
1509498814037|0.10896278|-0.13620347|0.0
1509498814164|0.10896278|-0.13620347|0.0
1509498814296|0.10896278|-0.13620347|0.0
1509498814428|0.10896278|-0.13620347|0.0
1509498814560|0.10896278|-0.13620347|0.0
1509498814695|0.10896278|-0.13620347|0.0
1509498814824|0.10896278|-0.13620347|0.0
1509498814956|0.10896278|-0.13620347|0.0
1509498815087|0.10896278|-0.13620347|0.0
1509498815219|0.10896278|-0.13620347|0.0
1509498815352|0.10896278|-0.13620347|0.0
1509498815483|0.10896278|-0.13620347|0.0
1509498815615|0.10896278|-0.13620347|0.0
1509498815747|0.10896278|-0.13620347|0.0
1509498815879|0.10896278|-0.13620347|0.0
1509498816012|0.10896278|-0.13620347|0.0
1509498816145|0.10896278|-0.13620347|0.0
1509498816277|0.10896278|-0.13620347|0.0
1509498816409|0.10896278|-0.13620347|0.0
1509498816540|0.10896278|-0.13620347|0.0
