1509498909669|0.013620348|0.0|-0.05448139
1509498909798|0.040861044|0.0|-0.05448139
1509498909929|0.027240695|-0.013620348|-0.05448139
1509498910062|0.027240695|0.0|-0.05448139
1509498910194|0.013620348|0.0|-0.05448139
1509498910327|0.013620348|0.0|-0.05448139
1509498910457|0.013620348|0.0|-0.05448139
1509498910590|0.013620348|0.0|-0.05448139
1509498910721|0.0|0.0|-0.05448139
1509498910854|0.0|-0.013620348|-0.05448139
1509498910985|0.0|0.0|-0.05448139
1509498911119|0.013620348|0.0|-0.040861044
1509498911251|0.013620348|0.0|-0.05448139
1509498911384|0.013620348|0.0|-0.05448139
1509498911513|0.027240695|0.0|-0.05448139
1509498911645|0.027240695|0.0|-0.05448139
1509498911778|0.013620348|0.0|-0.05448139
1509498911910|0.013620348|0.0|-0.05448139
1509498912042|0.013620348|0.0|-0.040861044
1509498912173|0.0|-0.013620348|-0.05448139
1509498912305|0.0|-0.013620348|-0.05448139
1509498912438|0.0|-0.013620348|-0.05448139
1509498912570|0.0|0.0|-0.05448139
1509498912702|0.0|0.0|-0.040861044
1509498912833|0.0|0.013620348|-0.05448139
1509498912965|0.0|0.0|-0.05448139
1509498913098|0.0|0.0|-0.05448139
1509498913229|0.0|0.0|-0.05448139
1509498913362|0.0|0.0|-0.05448139
1509498913493|0.0|0.013620348|-0.05448139
1509498913626|-0.013620348|0.013620348|-0.05448139
1509498913765|0.0|0.013620348|-0.05448139
1509498914004|0.0|0.013620348|-0.05448139
1509498914087|0.0|0.0|-0.05448139
1509498914219|0.0|0.0|-0.05448139
1509498914351|0.013620348|0.0|-0.05448139
1509498914483|0.013620348|0.0|-0.05448139
1509498914616|0.013620348|0.0|-0.05448139
1509498914748|0.013620348|0.0|-0.05448139
1509498914879|0.013620348|0.0|-0.05448139
1509498915011|0.013620348|0.0|-0.05448139
1509498915144|0.013620348|0.0|-0.05448139
1509498915276|0.013620348|0.0|-0.05448139
1509498915408|0.027240695|0.0|-0.05448139
1509498915540|0.013620348|0.0|-0.05448139
1509498915672|0.013620348|0.013620348|-0.05448139
1509498915804|0.013620348|0.0|-0.05448139
1509498915936|0.013620348|0.0|-0.040861044
1509498916069|0.027240695|0.0|-0.068101734
1509498916201|-0.013620348|0.027240695|-0.040861044
1509498916331|-0.013620348|0.027240695|-0.040861044
1509498916467|-0.013620348|0.040861044|-0.013620348
1509498916597|-0.013620348|0.040861044|-0.040861044
1509498916727|0.013620348|0.0|-0.05448139
1509498916859|0.013620348|0.0|-0.05448139
1509498916992|0.013620348|0.0|-0.05448139
1509498917124|0.013620348|0.0|-0.05448139
1509498917256|0.0|0.013620348|-0.05448139
1509498917388|0.0|0.013620348|-0.05448139
1509498917520|0.013620348|0.013620348|-0.05448139
1509498917652|0.013620348|0.0|-0.05448139
1509498917784|0.013620348|0.0|-0.05448139
1509498917916|0.013620348|0.0|-0.05448139
1509498918048|0.013620348|0.0|-0.05448139
1509498918180|0.013620348|0.0|-0.05448139
1509498918312|0.013620348|0.0|-0.05448139
1509498918444|0.013620348|0.0|-0.05448139
1509498918576|0.013620348|0.0|-0.05448139
1509498918708|0.013620348|0.0|-0.05448139
1509498918840|0.013620348|0.0|-0.05448139
1509498918971|0.013620348|0.0|-0.05448139
1509498919105|0.013620348|0.0|-0.05448139
1509498919236|0.013620348|0.027240695|-0.05448139
1509498919367|0.013620348|0.013620348|-0.068101734
1509498919499|0.013620348|0.0|-0.068101734
1509498919632|0.013620348|0.013620348|-0.068101734
1509498919764|0.0|0.013620348|-0.05448139
1509498919896|0.0|0.0|-0.068101734
1509498920028|0.0|0.0|-0.068101734
1509498920160|0.0|-0.013620348|-0.068101734
1509498920293|0.013620348|0.0|-0.068101734
1509498920425|0.0|0.0|-0.08172209
1509498920556|0.013620348|-0.013620348|-0.05448139
1509498920688|0.0|0.0|-0.068101734
1509498920822|0.0|-0.013620348|-0.068101734
1509498920953|0.0|0.0|-0.068101734
1509498921084|0.013620348|0.0|-0.05448139
1509498921216|0.013620348|0.0|-0.05448139
1509498921348|0.0|0.027240695|-0.040861044
1509498921479|0.0|0.027240695|-0.040861044
1509498921611|0.013620348|0.0|-0.05448139
1509498921744|0.0|0.0|-0.068101734
1509498921876|0.013620348|0.0|-0.068101734
1509498922008|0.0|0.0|-0.068101734
1509498922141|0.0|0.0|-0.05448139
1509498922272|0.013620348|-0.013620348|-0.05448139
1509498922404|0.013620348|0.0|-0.05448139
1509498922535|0.013620348|-0.013620348|-0.05448139
1509498922667|0.013620348|0.0|-0.05448139
1509498922800|0.013620348|0.0|-0.05448139
1509498922932|0.013620348|0.0|-0.05448139
1509498923063|0.013620348|0.0|-0.05448139
1509498923195|0.013620348|0.0|-0.05448139
1509498923328|0.013620348|0.0|-0.05448139
1509498923460|0.013620348|0.0|-0.05448139
1509498923592|0.013620348|0.0|-0.05448139
1509498923724|-0.013620348|0.027240695|-0.040861044
1509498923856|0.013620348|0.013620348|-0.05448139
1509498923987|-0.013620348|0.027240695|-0.040861044
1509498924120|-0.013620348|0.027240695|-0.040861044
1509498924251|0.0|0.027240695|-0.040861044
1509498924383|0.0|0.027240695|-0.040861044
1509498924515|0.0|0.040861044|-0.040861044
1509498924648|0.0|0.0|-0.05448139
1509498924780|0.013620348|0.0|-0.05448139
1509498924911|0.013620348|0.0|-0.05448139
1509498925043|0.013620348|0.0|-0.05448139
1509498925175|0.013620348|0.0|-0.08172209
1509498925307|0.027240695|0.0|-0.08172209
1509498925439|0.027240695|0.0|-0.05448139
1509498925572|0.013620348|0.0|-0.068101734
1509498925704|0.013620348|0.0|-0.068101734
1509498925836|0.013620348|-0.013620348|-0.068101734
1509498925968|0.013620348|-0.027240695|-0.068101734
1509498926100|0.013620348|-0.013620348|-0.068101734
1509498926232|0.013620348|-0.013620348|-0.068101734
1509498926364|0.013620348|-0.013620348|-0.068101734
1509498926495|0.013620348|-0.013620348|-0.068101734
1509498926628|0.013620348|0.0|-0.068101734
1509498926759|0.013620348|0.0|-0.068101734
1509498926892|0.013620348|-0.013620348|-0.068101734
1509498927024|0.0|0.0|-0.068101734
1509498927155|0.0|0.0|-0.068101734
1509498927288|0.013620348|0.0|-0.068101734
1509498927420|0.013620348|0.0|-0.068101734
1509498927552|0.0|0.0|-0.068101734
1509498927684|0.013620348|-0.013620348|-0.068101734
1509498927816|0.0|0.013620348|-0.068101734
1509498927948|0.0|0.013620348|-0.08172209
1509498928079|0.0|0.0|-0.05448139
1509498928211|0.0|0.0|-0.05448139
1509498928344|0.0|0.0|-0.05448139
1509498928476|0.013620348|-0.013620348|-0.05448139
1509498928607|-0.013620348|0.013620348|-0.040861044
1509498928739|-0.013620348|0.027240695|-0.040861044
1509498928872|0.0|0.013620348|-0.040861044
1509498929003|0.0|0.013620348|-0.040861044
1509498929136|0.0|0.027240695|-0.040861044
1509498929268|0.0|-0.027240695|-0.05448139
1509498929399|0.0|-0.027240695|-0.05448139
1509498929532|0.0|-0.013620348|-0.05448139
1509498929664|0.0|-0.013620348|-0.05448139
1509498929796|0.0|-0.013620348|-0.05448139
1509498929927|0.0|0.0|-0.05448139
1509498930060|0.027240695|-0.027240695|-0.05448139
1509498930192|0.027240695|-0.027240695|-0.068101734
1509498930324|0.027240695|-0.027240695|-0.068101734
1509498930455|0.040861044|-0.013620348|-0.068101734
1509498930588|0.040861044|-0.013620348|-0.068101734
1509498930721|0.027240695|-0.013620348|-0.068101734
1509498930851|0.027240695|0.0|-0.068101734
1509498930984|0.027240695|0.0|-0.068101734
1509498931116|0.027240695|0.0|-0.068101734
1509498931247|0.027240695|-0.013620348|-0.068101734
1509498931379|0.027240695|0.0|-0.068101734
1509498931512|0.027240695|0.0|-0.068101734
1509498931644|0.027240695|0.0|-0.05448139
1509498931775|0.040861044|0.0|-0.05448139
1509498931908|0.040861044|-0.013620348|-0.05448139
1509498932039|0.0|0.0|-0.068101734
1509498932171|0.027240695|-0.013620348|-0.068101734
1509498932303|0.027240695|-0.013620348|-0.08172209
1509498932435|0.027240695|-0.013620348|-0.05448139
1509498932568|0.027240695|-0.013620348|-0.068101734
1509498932700|0.027240695|-0.013620348|-0.068101734
1509498932916|0.0|0.0|-0.068101734
1509498933029|0.013620348|-0.013620348|-0.05448139
1509498933162|-0.013620348|0.0|-0.068101734
1509498933294|0.0|0.013620348|-0.068101734
1509498933425|0.0|0.013620348|-0.068101734
1509498933558|0.0|0.013620348|-0.068101734
1509498933690|0.0|0.013620348|-0.08172209
1509498933822|0.0|0.013620348|-0.08172209
1509498933955|0.013620348|0.0|-0.08172209
1509498934086|0.0|0.013620348|-0.05448139
1509498934219|0.013620348|0.013620348|-0.08172209
1509498934352|0.0|0.0|-0.05448139
1509498934482|0.0|-0.013620348|-0.05448139
1509498934613|0.0|0.013620348|-0.05448139
1509498934745|0.0|0.013620348|-0.05448139
1509498934879|0.0|-0.013620348|-0.08172209
1509498935010|0.027240695|-0.013620348|-0.08172209
1509498935142|0.013620348|0.0|-0.05448139
1509498935274|0.0|0.0|-0.05448139
1509498935406|0.013620348|0.0|-0.05448139
1509498935538|0.013620348|-0.013620348|-0.05448139
1509498935670|0.013620348|0.013620348|-0.05448139
1509498935802|0.0|0.0|-0.05448139
1509498935934|0.013620348|0.0|-0.05448139
1509498936065|0.013620348|0.0|-0.05448139
1509498936200|0.013620348|0.0|-0.05448139
1509498936330|0.013620348|0.0|-0.068101734
1509498936462|0.013620348|0.0|-0.068101734
1509498936594|0.013620348|0.0|-0.068101734
1509498936727|0.013620348|0.0|-0.068101734
1509498936858|0.013620348|0.0|-0.068101734
1509498936990|0.013620348|0.0|-0.068101734
1509498937121|0.013620348|0.0|-0.068101734
1509498937253|0.013620348|0.0|-0.068101734
1509498937387|0.0|0.013620348|-0.05448139
1509498937517|0.0|0.040861044|-0.05448139
1509498937649|0.0|0.040861044|-0.05448139
1509498937781|0.013620348|0.0|-0.068101734
1509498937915|0.013620348|0.0|-0.068101734
1509498938045|0.013620348|0.013620348|-0.068101734
1509498938178|0.013620348|0.0|-0.068101734
1509498938311|0.013620348|0.0|-0.068101734
1509498938442|0.013620348|0.0|-0.068101734
1509498938574|0.013620348|0.013620348|-0.068101734
1509498938705|0.013620348|0.0|-0.068101734
1509498938839|0.027240695|0.0|-0.068101734
1509498938970|0.013620348|0.0|-0.068101734
1509498939101|0.027240695|0.0|-0.068101734
1509498939236|0.027240695|0.0|-0.068101734
1509498939367|0.027240695|-0.013620348|-0.068101734
1509498939498|0.0|-0.013620348|-0.05448139
1509498939630|0.0|-0.013620348|-0.05448139
1509498939762|0.013620348|0.0|-0.05448139
1509498939894|0.0|0.0|-0.05448139
1509498940058|0.013620348|-0.013620348|-0.068101734
1509498940158|-0.013620348|0.013620348|-0.05448139
1509498941749|-0.027240695|0.040861044|-0.027240695
1509498941916|0.013620348|-0.027240695|-0.05448139
1509498942005|0.013620348|-0.027240695|-0.05448139
1509498942139|0.013620348|-0.027240695|-0.05448139
1509498942270|0.013620348|-0.027240695|-0.05448139
1509498942401|0.013620348|-0.027240695|-0.08172209
1509498942533|0.013620348|-0.027240695|-0.05448139
1509498942665|0.013620348|-0.013620348|-0.05448139
1509498942798|0.013620348|-0.027240695|-0.05448139
1509498942930|0.013620348|-0.027240695|-0.068101734
1509498943062|0.0|-0.013620348|-0.05448139
1509498943193|0.0|0.013620348|-0.027240695
1509498943325|0.013620348|-0.013620348|-0.05448139
1509498943460|0.013620348|0.0|-0.05448139
1509498943589|0.013620348|-0.013620348|-0.05448139
1509498943722|0.013620348|-0.013620348|-0.05448139
1509498943854|0.013620348|-0.013620348|-0.05448139
1509498943985|0.013620348|-0.013620348|-0.05448139
1509498944118|0.013620348|0.0|-0.05448139
1509498944250|0.013620348|0.0|-0.068101734
1509498944382|0.013620348|-0.013620348|-0.068101734
1509498944514|0.027240695|-0.013620348|-0.068101734
1509498944646|0.013620348|0.0|-0.068101734
1509498944778|0.013620348|0.0|-0.068101734
1509498944910|0.013620348|0.0|-0.068101734
1509498945042|0.013620348|0.0|-0.05448139
1509498945175|0.013620348|0.0|-0.05448139
1509498945305|0.013620348|0.0|-0.05448139
1509498945438|0.027240695|0.0|-0.05448139
1509498945570|0.027240695|0.0|-0.05448139
1509498945701|0.027240695|0.0|-0.05448139
1509498945835|0.027240695|0.0|-0.05448139
