1509498871055|-29.46|9.96|-27.24
1509498871186|-29.46|10.139999|-26.939999
1509498871319|-29.279999|10.08|-26.699999
1509498871450|-28.98|10.08|-26.58
1509498871583|-28.98|10.5|-26.58
1509498871715|-29.22|10.8|-26.82
1509498871846|-28.98|10.679999|-27.119999
1509498871979|-28.98|10.679999|-27.24
1509498872111|-29.34|10.26|-27.359999
1509498872242|-29.039999|9.96|-27.06
1509498872376|-29.46|9.96|-27.0
1509498872506|-29.46|9.78|-27.0
1509498872639|-29.22|10.2|-26.58
1509498872771|-29.699999|9.84|-26.76
1509498872903|-29.039999|9.84|-26.34
1509498873035|-29.22|10.0199995|-26.34
1509498873167|-29.4|9.719999|-26.34
1509498873299|-28.98|10.32|-26.519999
1509498873431|-29.34|10.2|-27.119999
1509498873563|-29.16|10.0199995|-27.06
1509498873695|-28.859999|9.96|-27.3
1509498873827|-28.8|9.48|-27.24
1509498873959|-28.8|9.78|-26.82
1509498874091|-28.859999|10.5|-26.88
1509498874223|-28.859999|10.5|-26.82
1509498874357|-28.859999|10.5|-26.88
1509498874488|-29.4|10.38|-27.06
1509498874624|-29.46|9.78|-27.0
1509498874751|-29.58|10.139999|-27.3
1509498874883|-29.82|10.139999|-27.359999
1509498875021|-29.22|10.08|-27.599998
1509498875147|-29.039999|10.08|-27.66
1509498875279|-28.98|9.9|-27.119999
1509498875411|-29.16|10.2|-27.0
1509498875543|-29.22|10.74|-26.76
1509498875675|-29.4|11.04|-26.64
1509498875807|-29.82|10.74|-26.88
1509498875939|-29.64|10.44|-27.06
1509498876071|-29.64|10.139999|-27.0
1509498876203|-29.82|9.78|-26.76
1509498876336|-29.46|9.78|-27.0
1509498876467|-29.279999|9.96|-27.0
1509498876599|-29.64|9.96|-27.119999
1509498876731|-29.22|9.96|-27.359999
1509498876862|-29.099998|10.2|-27.359999
1509498876995|-29.46|10.0199995|-27.119999
1509498877128|-29.46|9.9|-27.3
1509498877259|-29.64|10.0199995|-27.06
1509498877391|-29.76|10.139999|-26.82
1509498877524|-29.64|9.96|-27.24
1509498877655|-29.34|10.44|-26.82
1509498877787|-29.22|10.26|-27.06
1509498877919|-29.039999|9.96|-27.06
1509498878052|-28.8|10.44|-26.88
1509498878183|-28.98|10.26|-27.06
1509498878315|-28.98|10.0199995|-27.06
1509498878447|-29.039999|10.38|-27.0
1509498878578|-29.279999|9.78|-26.939999
1509498878711|-29.16|9.96|-27.0
1509498878843|-29.16|10.2|-26.58
1509498878975|-29.4|9.84|-26.76
1509498879107|-29.039999|9.96|-26.699999
1509498879238|-29.039999|9.48|-26.46
1509498879371|-29.039999|9.66|-26.82
1509498879502|-28.68|9.96|-26.76
1509498879635|-29.16|10.0199995|-26.939999
1509498879767|-29.22|10.0199995|-27.06
1509498879899|-29.4|10.38|-27.06
1509498880037|-29.58|10.0199995|-26.939999
1509498880163|-29.16|10.26|-26.82
1509498880295|-28.98|10.44|-26.64
1509498880427|-28.8|9.96|-26.64
1509498880559|-28.8|10.44|-26.82
1509498880691|-29.16|10.139999|-26.88
1509498880823|-29.22|10.139999|-27.06
1509498880955|-29.16|10.139999|-27.359999
1509498881086|-29.16|10.139999|-27.48
1509498881218|-28.8|10.2|-27.3
1509498881350|-28.74|10.08|-27.359999
1509498881482|-28.8|10.32|-26.88
1509498881615|-29.16|10.2|-26.58
1509498881746|-29.58|10.26|-26.699999
1509498881878|-30.0|10.559999|-26.46
1509498882011|-30.0|10.08|-26.699999
1509498882142|-29.76|9.96|-27.0
1509498882274|-29.4|9.9|-27.06
1509498882406|-29.22|9.9|-27.3
1509498882539|-29.4|10.0199995|-27.3
1509498882670|-29.64|10.2|-27.3
1509498882802|-29.82|10.32|-26.939999
1509498882934|-29.82|10.26|-26.699999
1509498883066|-29.82|10.38|-26.699999
1509498883199|-29.64|10.44|-26.82
1509498883332|-29.519999|10.679999|-27.0
1509498883463|-29.34|10.62|-27.119999
1509498883595|-29.46|10.26|-27.119999
1509498883727|-29.22|10.139999|-27.359999
1509498883859|-29.22|10.32|-27.359999
1509498883990|-29.4|10.139999|-27.359999
1509498884123|-29.039999|10.08|-27.3
1509498884255|-29.46|10.32|-26.88
1509498884386|-29.46|9.9|-26.88
1509498884520|-29.279999|10.0199995|-26.76
1509498884650|-29.279999|10.26|-26.76
1509498884783|-29.46|10.26|-26.64
1509498884915|-29.4|10.44|-26.88
1509498885047|-29.279999|10.62|-27.06
1509498885179|-29.46|10.559999|-26.939999
1509498885311|-28.98|10.139999|-26.939999
1509498885444|-29.16|10.26|-26.46
1509498885575|-29.22|10.08|-26.64
1509498885707|-29.039999|10.44|-26.76
1509498885839|-29.22|10.74|-27.0
1509498885971|-28.98|10.62|-27.359999
1509498886103|-29.16|10.62|-27.24
1509498886235|-29.46|10.139999|-27.48
1509498886368|-29.279999|9.96|-27.3
1509498886498|-30.0|9.66|-27.3
1509498886631|-30.179998|9.719999|-27.119999
1509498886763|-29.82|9.9|-27.06
1509498886895|-29.76|9.9|-27.0
1509498887026|-29.76|10.2|-27.0
1509498887159|-29.4|9.96|-27.119999
1509498887291|-29.58|9.719999|-27.3
1509498887422|-29.58|10.0199995|-27.06
1509498887555|-29.039999|9.96|-27.0
1509498887686|-29.039999|10.139999|-27.0
1509498887819|-28.859999|10.32|-26.76
1509498887951|-29.099998|9.9|-27.0
1509498888083|-29.279999|10.139999|-27.06
1509498888217|-29.82|10.0199995|-27.06
1509498888347|-29.82|10.2|-27.06
1509498888480|-29.76|10.5|-27.06
1509498888611|-29.58|10.0199995|-27.18
1509498888743|-29.22|10.0199995|-27.119999
1509498888875|-29.22|10.2|-27.119999
1509498889007|-29.039999|10.0199995|-27.119999
1509498889138|-29.039999|10.2|-27.0
1509498889270|-28.8|10.26|-26.88
1509498889402|-28.98|10.139999|-27.0
1509498889535|-29.4|10.139999|-26.88
1509498889667|-29.58|10.26|-26.699999
1509498889799|-29.64|10.26|-26.699999
1509498889931|-29.46|9.9|-26.82
1509498890065|-29.099998|9.719999|-26.58
1509498890195|-29.64|9.719999|-27.18
1509498890328|-29.64|9.9|-27.119999
1509498890459|-29.64|10.139999|-26.88
1509498890591|-29.76|10.44|-27.359999
1509498890723|-28.859999|10.559999|-26.82
1509498890855|-29.039999|10.44|-26.88
1509498890987|-29.4|10.44|-27.0
1509498891119|-29.4|10.559999|-26.82
1509498891252|-29.76|10.44|-27.18
1509498891383|-29.64|10.62|-27.3
1509498891515|-29.22|10.62|-27.42
1509498891647|-29.4|10.08|-27.539999
1509498891779|-29.58|10.2|-27.599998
1509498891910|-29.46|10.0199995|-27.18
1509498892042|-29.58|10.139999|-27.0
1509498892175|-29.279999|10.5|-26.939999
1509498892306|-28.98|10.38|-26.88
1509498892439|-28.98|10.38|-27.3
1509498892570|-28.8|10.44|-27.359999
1509498892703|-28.8|10.0199995|-26.76
1509498892835|-28.8|10.0199995|-26.22
1509498892967|-29.16|9.84|-26.039999
1509498893099|-29.279999|9.54|-25.92
1509498893231|-29.64|9.78|-26.46
1509498893363|-29.82|9.66|-27.06
1509498893497|-29.46|9.66|-27.06
1509498893627|-29.46|9.78|-26.939999
1509498893759|-29.279999|9.54|-26.939999
1509498893891|-29.099998|9.719999|-26.88
1509498894023|-29.279999|9.84|-26.279999
1509498894155|-29.279999|10.0199995|-26.46
1509498894287|-29.22|10.26|-26.279999
1509498894419|-29.4|10.08|-26.519999
1509498894550|-29.22|10.139999|-26.88
1509498894683|-29.16|10.2|-27.0
1509498894816|-28.98|10.139999|-27.24
1509498894947|-28.8|10.44|-26.82
1509498895079|-28.74|10.38|-27.0
1509498895211|-28.98|9.96|-27.0
1509498895344|-28.98|10.0199995|-26.519999
1509498895475|-29.22|9.84|-26.519999
1509498895607|-29.46|9.96|-26.46
1509498895739|-29.279999|10.44|-26.519999
1509498895871|-29.76|10.74|-26.519999
1509498896003|-29.64|10.559999|-26.82
1509498896135|-29.46|10.559999|-26.76
1509498896267|-29.4|10.26|-27.0
1509498896398|-29.039999|9.96|-27.359999
1509498896530|-28.859999|9.84|-27.119999
1509498896662|-28.98|9.66|-27.3
1509498896794|-28.859999|9.48|-27.24
1509498896926|-28.859999|9.9|-27.24
1509498897059|-28.98|10.5|-27.24
1509498897190|-28.859999|10.5|-27.24
1509498897323|-29.4|10.5|-26.82
1509498897455|-29.58|10.139999|-26.82
1509498897586|-29.82|9.66|-26.939999
1509498897719|-29.88|10.26|-26.939999
1509498897851|-29.58|10.44|-27.06
1509498897983|-29.4|10.44|-27.06
1509498898115|-29.16|10.26|-26.64
1509498898247|-28.98|9.78|-26.46
1509498898379|-28.98|9.599999|-26.22
1509498898511|-28.98|9.48|-26.22
1509498898643|-29.039999|9.48|-26.58
1509498898775|-29.099998|9.3|-26.939999
1509498898907|-29.46|9.48|-27.48
1509498899039|-29.4|9.66|-27.539999
1509498899171|-29.4|9.96|-27.06
1509498899303|-29.279999|10.139999|-27.06
1509498899435|-28.98|10.08|-26.34
1509498899567|-29.039999|10.26|-25.859999
1509498899698|-28.859999|10.26|-26.519999
1509498899831|-28.98|10.559999|-26.64
1509498899963|-28.92|10.92|-27.119999
1509498900094|-28.8|10.92|-27.779999
1509498900227|-28.8|11.099999|-27.539999
1509498900360|-28.98|10.62|-27.119999
1509498900491|-28.98|10.139999|-27.119999
1509498900623|-28.98|9.719999|-26.939999
1509498900754|-28.859999|9.54|-26.939999
1509498900887|-29.039999|9.599999|-27.06
1509498901019|-29.099998|9.599999|-27.0
1509498901150|-29.16|9.9|-27.06
1509498901283|-29.22|9.719999|-27.06
1509498901415|-28.8|9.9|-27.06
1509498901546|-28.68|9.9|-27.119999
1509498901679|-28.8|9.78|-27.0
1509498901811|-29.099998|9.66|-27.0
1509498901943|-29.22|9.48|-27.0
1509498902075|-29.4|9.42|-26.939999
1509498902206|-29.58|9.54|-26.699999
1509498902339|-29.22|9.84|-26.519999
1509498902470|-29.34|9.84|-26.099998
1509498902603|-29.46|9.9|-26.22
1509498902734|-29.46|9.599999|-26.34
1509498902867|-29.46|9.3|-26.519999
1509498902998|-29.4|9.48|-27.0
1509498903130|-29.64|9.96|-26.76
1509498903263|-29.82|10.26|-26.519999
1509498903395|-30.0|10.559999|-26.22
1509498903526|-30.0|10.74|-26.039999
1509498903659|-29.64|10.38|-26.039999
1509498903790|-29.279999|10.44|-26.519999
1509498903922|-29.16|10.44|-26.46
1509498904064|-29.46|10.44|-26.58
1509498904187|-29.22|10.26|-27.06
1509498904319|-29.22|10.62|-27.06
1509498904451|-29.34|10.62|-27.42
1509498904583|-29.34|10.62|-26.939999
1509498904715|-29.4|11.04|-26.699999
1509498904846|-29.34|10.92|-26.88
1509498904980|-29.22|10.74|-26.939999
1509498905110|-28.98|10.92|-27.42
1509498905244|-29.64|10.62|-27.599998
1509498905374|-29.88|10.139999|-27.359999
1509498905506|-29.88|10.2|-27.359999
1509498905638|-29.76|10.0199995|-27.119999
1509498905770|-28.98|9.9|-27.119999
1509498905904|-28.98|10.2|-27.24
