1509502458747|0.06703765|-0.08619126|9.739613
1509502458879|0.06703765|-0.08619126|9.739613
1509502459012|0.08619126|-0.095768064|9.739613
1509502459144|0.08619126|-0.095768064|9.739613
1509502459275|0.08619126|-0.095768064|9.739613
1509502459407|0.08619126|-0.095768064|9.739613
1509502459539|0.08619126|-0.095768064|9.730036
1509502459671|0.076614454|-0.076614454|9.749189
1509502459803|0.076614454|-0.08619126|9.749189
1509502459935|0.076614454|-0.095768064|9.749189
1509502460067|0.076614454|-0.076614454|9.739613
1509502460200|0.076614454|-0.095768064|9.739613
1509502460331|0.076614454|-0.095768064|9.739613
1509502460463|0.076614454|-0.095768064|9.739613
1509502460595|0.05746084|-0.06703765|9.758766
1509502460727|0.05746084|-0.06703765|9.758766
1509502460860|0.047884032|-0.047884032|9.758766
1509502460991|0.047884032|-0.05746084|9.758766
1509502461123|0.06703765|-0.076614454|9.749189
1509502461256|0.06703765|-0.076614454|9.749189
1509502461387|0.08619126|-0.076614454|9.739613
1509502461519|0.08619126|-0.08619126|9.739613
1509502461651|0.076614454|-0.08619126|9.739613
1509502461782|0.076614454|-0.08619126|9.739613
1509502461916|0.076614454|-0.08619126|9.739613
1509502462047|0.076614454|-0.08619126|9.739613
1509502462179|0.076614454|-0.08619126|9.730036
1509502462319|0.076614454|-0.08619126|9.730036
1509502462443|0.076614454|-0.08619126|9.730036
1509502462575|0.06703765|-0.08619126|9.730036
1509502462707|0.08619126|-0.08619126|9.730036
1509502462839|0.076614454|-0.08619126|9.730036
1509502462972|0.076614454|-0.08619126|9.730036
1509502463104|0.076614454|-0.08619126|9.730036
1509502463235|0.076614454|-0.08619126|9.730036
1509502463367|0.076614454|-0.08619126|9.730036
1509502463499|0.06703765|-0.08619126|9.749189
1509502463631|0.08619126|-0.08619126|9.739613
1509502463763|0.076614454|-0.08619126|9.739613
1509502463895|0.076614454|-0.08619126|9.739613
1509502464036|0.095768064|-0.10534488|9.730036
1509502464160|0.08619126|-0.08619126|9.730036
1509502464294|0.08619126|-0.08619126|9.749189
1509502464423|0.06703765|-0.08619126|9.749189
1509502464555|0.06703765|-0.08619126|9.739613
1509502464695|0.06703765|-0.08619126|9.730036
1509502464819|0.06703765|-0.08619126|9.749189
1509502464951|0.05746084|-0.06703765|9.758766
1509502465083|0.05746084|-0.06703765|9.758766
1509502465215|0.05746084|-0.06703765|9.758766
1509502465349|0.05746084|-0.06703765|9.758766
1509502465480|0.06703765|-0.076614454|9.749189
1509502465612|0.05746084|-0.05746084|9.758766
1509502465745|0.05746084|-0.05746084|9.758766
1509502465877|0.05746084|-0.05746084|9.758766
1509502466008|0.05746084|-0.05746084|9.758766
1509502466139|0.05746084|-0.05746084|9.758766
1509502466271|0.05746084|-0.05746084|9.758766
1509502466403|0.05746084|-0.05746084|9.758766
1509502466536|0.05746084|-0.05746084|9.758766
1509502466668|0.05746084|-0.05746084|9.758766
1509502466800|0.05746084|-0.05746084|9.758766
1509502466931|0.076614454|-0.08619126|9.739613
1509502467063|0.076614454|-0.08619126|9.739613
1509502467195|0.076614454|-0.08619126|9.739613
1509502467328|0.076614454|-0.08619126|9.739613
1509502467459|0.076614454|-0.08619126|9.739613
1509502467592|0.076614454|-0.08619126|9.739613
1509502467724|0.076614454|-0.095768064|9.739613
1509502467855|0.076614454|-0.095768064|9.739613
1509502467988|0.076614454|-0.095768064|9.739613
1509502468120|0.076614454|-0.06703765|9.758766
1509502468252|0.06703765|-0.06703765|9.758766
1509502468387|0.06703765|-0.047884032|9.758766
1509502468516|0.06703765|-0.05746084|9.758766
1509502468647|0.06703765|-0.08619126|9.739613
1509502468780|0.06703765|-0.08619126|9.739613
1509502468912|0.08619126|-0.095768064|9.730036
1509502469043|0.08619126|-0.095768064|9.730036
1509502469176|0.08619126|-0.095768064|9.730036
1509502469308|0.08619126|-0.095768064|9.730036
1509502469440|0.08619126|-0.095768064|9.730036
1509502469572|0.08619126|-0.095768064|9.730036
1509502469703|0.08619126|-0.095768064|9.730036
1509502469836|0.08619126|-0.095768064|9.730036
1509502469967|0.08619126|-0.095768064|9.730036
1509502470099|0.076614454|-0.095768064|9.730036
1509502470232|0.076614454|-0.095768064|9.730036
1509502470363|0.06703765|-0.095768064|9.730036
1509502470496|0.06703765|-0.076614454|9.749189
1509502470627|0.06703765|-0.076614454|9.739613
1509502470759|0.08619126|-0.076614454|9.730036
1509502470892|0.08619126|-0.08619126|9.730036
1509502471024|0.08619126|-0.08619126|9.720459
1509502471156|0.076614454|-0.095768064|9.739613
1509502471300|0.076614454|-0.095768064|9.739613
1509502471419|0.076614454|-0.095768064|9.739613
1509502471551|0.076614454|-0.095768064|9.739613
1509502471685|0.076614454|-0.076614454|9.739613
1509502471816|0.076614454|-0.076614454|9.730036
1509502471948|0.076614454|-0.095768064|9.730036
1509502472080|0.076614454|-0.076614454|9.730036
1509502472211|0.076614454|-0.076614454|9.730036
1509502472343|0.076614454|-0.08619126|9.730036
1509502472476|0.076614454|-0.095768064|9.730036
1509502472607|0.076614454|-0.076614454|9.730036
1509502472740|0.076614454|-0.08619126|9.730036
1509502472872|0.076614454|-0.08619126|9.730036
1509502473004|0.076614454|-0.08619126|9.730036
1509502473136|0.076614454|-0.095768064|9.730036
1509502473268|0.076614454|-0.095768064|9.730036
1509502473406|0.076614454|-0.095768064|9.720459
1509502473532|0.076614454|-0.095768064|9.739613
1509502473663|0.076614454|-0.095768064|9.739613
1509502473796|0.076614454|-0.095768064|9.730036
1509502473927|0.076614454|-0.095768064|9.730036
1509502474059|0.076614454|-0.076614454|9.730036
1509502474192|0.076614454|-0.08619126|9.730036
1509502474324|0.076614454|-0.08619126|9.730036
1509502474455|0.076614454|-0.08619126|9.730036
1509502474588|0.076614454|-0.08619126|9.730036
1509502474719|0.076614454|-0.08619126|9.730036
1509502474852|0.076614454|-0.08619126|9.720459
1509502474983|0.076614454|-0.08619126|9.720459
1509502475115|0.095768064|-0.095768064|9.720459
1509502475248|0.08619126|-0.095768064|9.720459
1509502475380|0.08619126|-0.095768064|9.720459
1509502475511|0.08619126|-0.095768064|9.720459
1509502475644|0.08619126|-0.076614454|9.720459
1509502475777|0.08619126|-0.08619126|9.739613
1509502475908|0.08619126|-0.095768064|9.739613
1509502476039|0.08619126|-0.095768064|9.739613
1509502476172|0.08619126|-0.095768064|9.739613
1509502476313|0.08619126|-0.095768064|9.730036
1509502476435|0.06703765|-0.095768064|9.730036
1509502476567|0.08619126|-0.095768064|9.730036
1509502476700|0.076614454|-0.095768064|9.730036
1509502476832|0.076614454|-0.095768064|9.730036
1509502476968|0.076614454|-0.095768064|9.730036
1509502477096|0.076614454|-0.095768064|9.730036
1509502477236|0.076614454|-0.095768064|9.720459
1509502477361|0.076614454|-0.095768064|9.739613
1509502477492|0.05746084|-0.076614454|9.739613
1509502477625|0.076614454|-0.076614454|9.739613
1509502477756|0.095768064|-0.08619126|9.720459
1509502477888|0.08619126|-0.095768064|9.739613
1509502478020|0.08619126|-0.095768064|9.739613
1509502478151|0.08619126|-0.095768064|9.739613
1509502478284|0.08619126|-0.095768064|9.730036
1509502478415|0.08619126|-0.076614454|9.730036
1509502478547|0.05746084|-0.076614454|9.749189
1509502478680|0.05746084|-0.05746084|9.749189
1509502478811|0.05746084|-0.05746084|9.768343
1509502478944|0.05746084|-0.076614454|9.758766
1509502479075|0.05746084|-0.05746084|9.758766
1509502479209|0.047884032|-0.05746084|9.758766
1509502479340|0.047884032|-0.05746084|9.758766
1509502479471|0.06703765|-0.05746084|9.758766
1509502479604|0.047884032|-0.05746084|9.749189
1509502479735|0.06703765|-0.05746084|9.749189
1509502479868|0.06703765|-0.06703765|9.749189
1509502480001|0.06703765|-0.06703765|9.749189
1509502480132|0.06703765|-0.06703765|9.749189
1509502480264|0.06703765|-0.06703765|9.768343
1509502480396|0.047884032|-0.047884032|9.758766
1509502480528|0.047884032|-0.05746084|9.749189
1509502480660|0.047884032|-0.05746084|9.749189
1509502480792|0.06703765|-0.05746084|9.749189
1509502480925|0.05746084|-0.06703765|9.749189
1509502481056|0.05746084|-0.047884032|9.768343
1509502481188|0.05746084|-0.06703765|9.749189
1509502481330|0.076614454|-0.076614454|9.739613
1509502481451|0.076614454|-0.076614454|9.739613
1509502481583|0.076614454|-0.095768064|9.739613
1509502481716|0.076614454|-0.076614454|9.739613
1509502481848|0.076614454|-0.076614454|9.730036
1509502481979|0.076614454|-0.076614454|9.730036
1509502482112|0.076614454|-0.076614454|9.730036
1509502482244|0.076614454|-0.076614454|9.730036
1509502482375|0.076614454|-0.08619126|9.730036
1509502482507|0.076614454|-0.08619126|9.730036
1509502482640|0.076614454|-0.08619126|9.730036
1509502482771|0.076614454|-0.08619126|9.730036
1509502482903|0.076614454|-0.08619126|9.730036
1509502483035|0.076614454|-0.08619126|9.749189
1509502483168|0.05746084|-0.06703765|9.749189
1509502483300|0.05746084|-0.06703765|9.768343
1509502483431|0.05746084|-0.06703765|9.758766
1509502483564|0.05746084|-0.047884032|9.758766
1509502483696|0.05746084|-0.05746084|9.758766
1509502483828|0.05746084|-0.05746084|9.758766
1509502483960|0.05746084|-0.05746084|9.758766
1509502484092|0.05746084|-0.06703765|9.758766
1509502484224|0.05746084|-0.06703765|9.758766
1509502484357|0.076614454|-0.08619126|9.730036
1509502484488|0.076614454|-0.08619126|9.730036
1509502484621|0.076614454|-0.08619126|9.730036
1509502484752|0.06703765|-0.08619126|9.730036
1509502484884|0.06703765|-0.08619126|9.749189
1509502485016|0.08619126|-0.08619126|9.749189
1509502485147|0.076614454|-0.08619126|9.739613
1509502485280|0.076614454|-0.08619126|9.739613
1509502485411|0.076614454|-0.08619126|9.739613
1509502485543|0.076614454|-0.08619126|9.730036
1509502485676|0.076614454|-0.095768064|9.730036
1509502485807|0.06703765|-0.076614454|9.749189
1509502485940|0.08619126|-0.08619126|9.739613
1509502486071|0.08619126|-0.08619126|9.739613
1509502486205|0.08619126|-0.08619126|9.739613
1509502486346|0.08619126|-0.08619126|9.739613
1509502486467|0.08619126|-0.08619126|9.720459
1509502486600|0.08619126|-0.08619126|9.720459
1509502486732|0.08619126|-0.08619126|9.739613
1509502486864|0.08619126|-0.08619126|9.739613
1509502486996|0.08619126|-0.08619126|9.739613
1509502487128|0.08619126|-0.08619126|9.739613
1509502487260|0.08619126|-0.095768064|9.730036
1509502487392|0.08619126|-0.095768064|9.730036
1509502487523|0.08619126|-0.095768064|9.730036
1509502487655|0.08619126|-0.095768064|9.720459
