1509500044521|0.040861044|0.0|9.80665
1509500044654|0.040861044|0.0|9.80665
1509500044784|0.040861044|0.0|9.80665
1509500044917|0.040861044|0.0|9.80665
1509500045049|0.040861044|0.0|9.80665
1509500045181|0.040861044|0.0|9.80665
1509500045314|0.040861044|0.0|9.80665
1509500045445|0.040861044|-0.013620348|9.80665
1509500045578|0.040861044|-0.013620348|9.80665
1509500045710|0.040861044|-0.013620348|9.80665
1509500045841|0.040861044|-0.013620348|9.80665
1509500045975|0.040861044|-0.013620348|9.80665
1509500046106|0.040861044|-0.013620348|9.80665
1509500046238|0.040861044|-0.040861044|9.80665
1509500046370|0.040861044|-0.040861044|9.80665
1509500046502|0.040861044|-0.027240695|9.80665
1509500046633|0.040861044|-0.027240695|9.80665
1509500046765|0.040861044|-0.027240695|9.80665
1509500046897|0.040861044|-0.027240695|9.80665
1509500047030|0.040861044|-0.027240695|9.80665
1509500047163|0.040861044|-0.027240695|9.80665
1509500047294|0.040861044|-0.027240695|9.80665
1509500047426|0.040861044|-0.027240695|9.80665
1509500047563|0.040861044|-0.027240695|9.80665
1509500047690|0.040861044|-0.027240695|9.80665
1509500047822|0.040861044|-0.027240695|9.80665
1509500047954|0.040861044|-0.013620348|9.80665
1509500048086|0.040861044|-0.013620348|9.80665
1509500048218|0.040861044|-0.013620348|9.80665
1509500048350|0.040861044|-0.013620348|9.80665
1509500048484|0.040861044|-0.013620348|9.80665
1509500048614|0.040861044|-0.013620348|9.80665
1509500048746|0.040861044|-0.013620348|9.80665
1509500048876|0.040861044|-0.013620348|9.80665
1509500049010|0.040861044|-0.013620348|9.80665
1509500049141|0.040861044|-0.013620348|9.80665
1509500049273|0.040861044|-0.013620348|9.80665
1509500049406|0.040861044|-0.013620348|9.80665
1509500049538|0.040861044|-0.013620348|9.80665
1509500049670|0.040861044|-0.013620348|9.80665
1509500049802|0.040861044|-0.013620348|9.80665
1509500049934|0.040861044|-0.013620348|9.80665
1509500050066|0.040861044|-0.013620348|9.80665
1509500050198|0.040861044|-0.013620348|9.80665
1509500050330|0.040861044|-0.013620348|9.80665
1509500050462|0.040861044|-0.013620348|9.80665
1509500050595|0.040861044|-0.013620348|9.80665
1509500050726|0.040861044|-0.013620348|9.80665
1509500050858|0.05448139|-0.040861044|9.80665
1509500050990|0.05448139|-0.05448139|9.80665
1509500051122|0.068101734|-0.05448139|9.80665
1509500051254|0.068101734|-0.05448139|9.80665
1509500051385|0.068101734|-0.05448139|9.80665
1509500051520|0.068101734|-0.05448139|9.80665
1509500051650|0.068101734|-0.05448139|9.80665
1509500051787|0.068101734|-0.05448139|9.80665
1509500051914|0.068101734|-0.068101734|9.80665
1509500052046|0.068101734|-0.068101734|9.80665
1509500052178|0.068101734|-0.068101734|9.80665
1509500052310|0.068101734|-0.068101734|9.80665
1509500052442|0.05448139|-0.068101734|9.80665
1509500052576|0.05448139|-0.068101734|9.80665
1509500052706|0.040861044|-0.068101734|9.80665
1509500052839|0.040861044|-0.068101734|9.80665
1509500052982|0.040861044|-0.05448139|9.80665
1509500053102|0.040861044|-0.05448139|9.80665
1509500053234|0.040861044|-0.05448139|9.80665
1509500053366|0.040861044|-0.05448139|9.80665
1509500053498|0.027240695|-0.040861044|9.80665
1509500053630|0.027240695|-0.040861044|9.80665
1509500053762|0.027240695|-0.040861044|9.80665
1509500053894|0.040861044|-0.05448139|9.80665
1509500054026|0.040861044|-0.05448139|9.80665
1509500054158|0.040861044|-0.05448139|9.80665
1509500054297|0.040861044|-0.05448139|9.80665
1509500054422|0.040861044|-0.05448139|9.80665
1509500054555|0.05448139|-0.08172209|9.80665
1509500054686|0.040861044|-0.068101734|9.80665
1509500054818|0.05448139|-0.05448139|9.80665
1509500054950|0.05448139|-0.05448139|9.80665
1509500055084|0.05448139|-0.068101734|9.80665
1509500055214|0.05448139|-0.068101734|9.80665
1509500055345|0.05448139|-0.068101734|9.80665
1509500055477|0.05448139|-0.068101734|9.80665
1509500055609|0.040861044|-0.05448139|9.80665
1509500055741|0.040861044|-0.05448139|9.80665
1509500055874|0.05448139|-0.05448139|9.80665
1509500056006|0.05448139|-0.05448139|9.80665
1509500056138|0.040861044|-0.05448139|9.80665
1509500056270|0.040861044|-0.05448139|9.80665
1509500056402|0.05448139|-0.05448139|9.80665
1509500056534|0.040861044|-0.05448139|9.80665
1509500056666|0.040861044|-0.05448139|9.80665
1509500056798|0.040861044|-0.05448139|9.80665
1509500056929|0.040861044|-0.05448139|9.80665
1509500057061|0.040861044|-0.05448139|9.80665
1509500057195|0.013620348|-0.040861044|9.80665
1509500057327|0.013620348|-0.040861044|9.80665
1509500057458|0.013620348|-0.040861044|9.80665
1509500057591|0.013620348|-0.040861044|9.80665
1509500057722|0.027240695|-0.040861044|9.80665
1509500057853|0.05448139|-0.068101734|9.80665
1509500057985|0.040861044|-0.05448139|9.80665
1509500058118|0.05448139|-0.068101734|9.80665
1509500058250|0.05448139|-0.068101734|9.80665
1509500058381|0.05448139|-0.068101734|9.80665
1509500058513|0.05448139|-0.068101734|9.80665
1509500058645|0.05448139|-0.068101734|9.80665
1509500058779|0.05448139|-0.068101734|9.80665
1509500058910|0.05448139|-0.068101734|9.80665
1509500059042|0.05448139|-0.068101734|9.80665
1509500059174|0.05448139|-0.068101734|9.80665
1509500059314|0.05448139|-0.068101734|9.80665
1509500059437|0.068101734|-0.068101734|9.80665
1509500059570|0.040861044|-0.05448139|9.80665
1509500059702|0.068101734|-0.068101734|9.80665
1509500059834|0.068101734|-0.068101734|9.80665
1509500059966|0.068101734|-0.068101734|9.80665
1509500060097|0.068101734|-0.068101734|9.80665
1509500060230|0.068101734|-0.068101734|9.80665
1509500060363|0.068101734|-0.068101734|9.80665
1509500060494|0.040861044|-0.068101734|9.80665
1509500060625|0.027240695|-0.068101734|9.80665
1509500060757|0.040861044|-0.068101734|9.80665
1509500060890|0.040861044|-0.068101734|9.80665
1509500061021|0.040861044|-0.068101734|9.80665
1509500061155|0.040861044|-0.068101734|9.80665
1509500061286|0.040861044|-0.068101734|9.80665
1509500061418|0.040861044|-0.068101734|9.80665
1509500061550|0.040861044|-0.068101734|9.80665
1509500061681|0.040861044|-0.068101734|9.80665
1509500061814|0.040861044|-0.068101734|9.80665
1509500061946|0.068101734|-0.05448139|9.80665
1509500062077|0.068101734|-0.068101734|9.80665
1509500062210|0.068101734|-0.068101734|9.80665
1509500062342|0.068101734|-0.068101734|9.80665
1509500062474|0.068101734|-0.05448139|9.80665
1509500062606|0.05448139|-0.05448139|9.80665
1509500062738|0.05448139|-0.05448139|9.80665
1509500062870|0.05448139|-0.05448139|9.80665
1509500063002|0.05448139|-0.05448139|9.80665
1509500063134|0.05448139|-0.05448139|9.80665
1509500063267|0.05448139|-0.05448139|9.80665
1509500063398|0.040861044|-0.068101734|9.80665
1509500063533|0.05448139|-0.068101734|9.80665
1509500063666|0.05448139|-0.068101734|9.80665
1509500063794|0.05448139|-0.068101734|9.80665
1509500063926|0.040861044|-0.05448139|9.80665
1509500064058|0.040861044|-0.05448139|9.80665
1509500064190|0.040861044|-0.05448139|9.80665
1509500064323|0.040861044|-0.05448139|9.80665
1509500064454|0.040861044|-0.05448139|9.80665
1509500064586|0.040861044|-0.05448139|9.80665
1509500064718|0.040861044|-0.05448139|9.80665
1509500064850|0.040861044|-0.05448139|9.80665
1509500064982|0.040861044|-0.05448139|9.80665
1509500065114|0.040861044|-0.05448139|9.80665
1509500065246|0.040861044|-0.05448139|9.80665
1509500065378|0.040861044|-0.05448139|9.80665
1509500065510|0.040861044|-0.05448139|9.80665
1509500065642|0.040861044|-0.05448139|9.80665
1509500065774|0.040861044|-0.05448139|9.80665
1509500065906|0.040861044|-0.05448139|9.80665
1509500066037|0.05448139|-0.068101734|9.80665
1509500066170|0.05448139|-0.068101734|9.80665
1509500066302|0.05448139|-0.068101734|9.80665
1509500066434|0.05448139|-0.068101734|9.80665
1509500066566|0.05448139|-0.068101734|9.80665
1509500066699|0.05448139|-0.068101734|9.80665
1509500066830|0.05448139|-0.068101734|9.80665
1509500066962|0.05448139|-0.068101734|9.80665
1509500067103|0.05448139|-0.068101734|9.80665
1509500067226|0.05448139|-0.068101734|9.80665
1509500067358|0.05448139|-0.068101734|9.80665
1509500067490|0.05448139|-0.05448139|9.80665
1509500067623|0.05448139|-0.05448139|9.80665
1509500067754|0.040861044|-0.068101734|9.80665
1509500067886|0.040861044|-0.068101734|9.80665
1509500068018|0.05448139|-0.068101734|9.80665
1509500068150|0.05448139|-0.068101734|9.80665
1509500068282|0.05448139|-0.068101734|9.80665
1509500068414|0.05448139|-0.068101734|9.80665
1509500068546|0.040861044|-0.068101734|9.80665
1509500068677|0.040861044|-0.068101734|9.80665
1509500068810|0.040861044|-0.068101734|9.80665
1509500068942|0.040861044|-0.068101734|9.80665
1509500069074|0.05448139|-0.068101734|9.80665
1509500069205|0.05448139|-0.068101734|9.80665
1509500069337|0.05448139|-0.05448139|9.80665
1509500069470|0.05448139|-0.05448139|9.80665
1509500069602|0.05448139|-0.05448139|9.80665
1509500069734|0.05448139|-0.05448139|9.80665
1509500069865|0.05448139|-0.05448139|9.80665
1509500069998|0.05448139|-0.05448139|9.80665
1509500070130|0.05448139|-0.05448139|9.80665
1509500070263|0.05448139|-0.05448139|9.80665
1509500070394|0.05448139|-0.05448139|9.80665
1509500070526|0.05448139|-0.05448139|9.80665
1509500070658|0.05448139|-0.05448139|9.80665
1509500070790|0.05448139|-0.05448139|9.80665
1509500070922|0.05448139|-0.05448139|9.80665
1509500071054|0.040861044|-0.068101734|9.80665
1509500071186|0.040861044|-0.068101734|9.80665
1509500071318|0.040861044|-0.068101734|9.80665
1509500071450|0.040861044|-0.068101734|9.80665
1509500071581|0.05448139|-0.068101734|9.80665
1509500071713|0.05448139|-0.068101734|9.80665
1509500071846|0.05448139|-0.068101734|9.80665
1509500071978|0.05448139|-0.068101734|9.80665
1509500072110|0.05448139|-0.068101734|9.80665
1509500072242|0.040861044|-0.068101734|9.80665
1509500072374|0.040861044|-0.068101734|9.80665
1509500072506|0.040861044|-0.068101734|9.80665
1509500072638|0.040861044|-0.068101734|9.80665
1509500072769|0.040861044|-0.068101734|9.80665
1509500072902|0.05448139|-0.068101734|9.80665
1509500073035|0.05448139|-0.05448139|9.80665
1509500073166|0.05448139|-0.05448139|9.80665
1509500073298|0.05448139|-0.05448139|9.80665
1509500073431|0.05448139|-0.05448139|9.80665
1509500073563|0.05448139|-0.05448139|9.80665
1509500073694|0.05448139|-0.05448139|9.80665
1509500073826|0.05448139|-0.05448139|9.80665
1509500073957|0.05448139|-0.05448139|9.80665
1509500074090|0.05448139|-0.05448139|9.80665
1509500074222|0.05448139|-0.068101734|9.80665
1509500074354|0.05448139|-0.068101734|9.80665
1509500074486|0.05448139|-0.068101734|9.80665
1509500074625|0.05448139|-0.068101734|9.80665
1509500074756|0.05448139|-0.05448139|9.80665
1509500074881|0.05448139|-0.05448139|9.80665
1509500075014|0.05448139|-0.05448139|9.80665
1509500075147|0.05448139|-0.05448139|9.80665
1509500075280|0.040861044|-0.068101734|9.80665
1509500075410|0.040861044|-0.068101734|9.80665
1509500075541|0.040861044|-0.068101734|9.80665
1509500075674|0.040861044|-0.068101734|9.80665
1509500075805|0.05448139|-0.068101734|9.80665
1509500075936|0.05448139|-0.068101734|9.80665
1509500076069|0.05448139|-0.068101734|9.80665
1509500076202|0.040861044|-0.05448139|9.80665
