1509150308266|-1.6472107|5.583278|7.603985
1509150308398|-1.1587936|5.66947|7.2687964
1509150308530|-1.6663644|5.861006|7.824251
1509150308662|-0.7086837|5.8705826|7.3549876
1509150308794|-0.8619126|5.6215854|8.025364
1509150308926|-0.7086837|5.535394|8.101978
1509150309058|-0.6703765|5.1906295|8.149862
1509150309190|-0.47884035|4.711789|8.350976
1509150309323|0.33518824|4.510676|9.394848
1509150309454|-0.8714894|2.8060043|8.992621
1509150309586|-1.0726024|1.4748282|8.312668
1509150309718|0.78529817|1.1492168|8.772355
1509150309850|0.7469909|0.02873042|10.907983
1509150309985|-0.2777274|-1.0630256|9.768343
1509150310115|-0.6703765|-0.38307226|9.672575
1509150310246|0.61291564|0.22026655|9.720459
1509150310378|0.34476504|-0.1340753|9.835381
1509150310510|0.33518824|-0.22026655|9.739613
1509150310642|0.2681506|-0.12449849|9.816227
1509150310774|0.2777274|-0.15322891|9.844957
1509150310906|0.22984336|-0.16280572|9.80665
1509150311039|0.38307226|-0.17238252|9.768343
1509150311171|0.29688102|-0.17238252|9.768343
1509150311302|0.2681506|-0.18195933|9.787497
1509150311434|0.33518824|-0.18195933|9.825804
1509150311566|0.25857377|-0.16280572|9.825804
1509150311701|0.25857377|-0.17238252|9.758766
1509150311830|0.2777274|-0.17238252|9.854534
1509150311962|0.29688102|-0.17238252|9.816227
1509150312093|0.32561144|-0.19153613|9.787497
1509150312226|0.22984336|-0.17238252|9.768343
1509150312358|0.32561144|-0.20111294|9.80665
1509150312490|0.2873042|-0.17238252|9.797073
1509150312622|0.32561144|-0.17238252|9.758766
1509150312754|0.30645782|-0.17238252|9.77792
1509150312886|0.2873042|-0.16280572|9.816227
1509150313018|0.25857377|-0.15322891|9.797073
1509150313150|0.24899697|-0.1340753|9.816227
1509150313282|0.2777274|-0.1436521|9.730036
