1509149407969|42.719997|6.8399997|-22.08
1509149408107|43.68|6.2999997|-20.1
1509149408234|41.76|7.8599997|-21.0
1509149408365|40.98|8.28|-20.58
1509149408498|42.36|9.12|-18.96
1509149408629|42.36|8.34|-19.08
1509149408761|42.899998|7.56|-17.52
1509149408893|44.28|7.7999997|-17.1
1509149409025|43.92|6.8399997|-17.58
1509149409157|43.92|8.639999|-17.64
1509149409288|44.28|7.7999997|-18.539999
1509149409420|44.7|6.8399997|-18.779999
1509149409554|46.32|7.3199997|-16.98
1509149409684|45.84|6.06|-16.5
1509149409816|44.94|8.099999|-15.78
1509149409949|43.559998|9.3|-17.16
1509149410080|44.46|8.46|-17.699999
1509149410213|45.42|9.599999|-17.58
1509149410345|45.42|9.24|-19.92
1509149410477|46.5|8.16|-19.68
1509149410609|43.98|9.059999|-21.72
1509149410741|43.92|7.2|-22.439999
1509149410873|43.26|6.8399997|-22.02
1509149411004|44.94|7.2599998|-20.4
1509149411137|45.539997|7.44|-19.68
1509149411269|45.539997|8.58|-20.22
1509149411401|47.7|8.16|-19.859999
1509149411533|45.84|8.099999|-19.619999
1509149411664|44.76|7.7999997|-19.98
1509149411796|45.12|7.3799996|-20.039999
1509149411928|43.739998|8.88|-19.92
1509149412061|44.879997|8.76|-20.699999
1509149412193|46.68|7.7999997|-19.14
1509149412324|46.739998|8.82|-17.1
1509149412457|45.3|7.74|-17.16
1509149412589|43.559998|7.56|-16.98
1509149412721|42.899998|7.2|-17.58
1509149412853|41.82|6.54|-18.3
1509149412985|43.379997|5.16|-15.179999
1509149413117|43.62|6.54|-12.719999
1509149413249|41.579998|8.28|-12.84
1509149413381|39.0|8.76|-14.639999
1509149413513|39.0|9.24|-16.56
1509149413645|37.739998|9.0|-19.38
1509149413778|38.64|9.179999|-19.14
1509149413910|41.219997|10.2|-17.52
1509149414041|38.64|11.16|-19.859999
1509149414174|39.719997|11.34|-21.72
1509149414304|39.48|10.2|-24.0
1509149414438|42.0|8.22|-22.38
1509149414569|45.059998|8.58|-20.76
1509149414701|44.82|7.3199997|-18.9
1509149414833|47.1|7.2|-15.719999
1509149414964|46.14|8.04|-16.26
1509149415097|42.6|8.7|-17.64
1509149415229|43.5|8.639999|-16.8
1509149415361|41.76|8.94|-16.74
1509149415493|40.2|9.12|-17.88
1509149415625|41.879997|6.3599997|-16.8
1509149415757|42.059998|6.0|-14.7
1509149415888|40.559998|7.3199997|-15.66
1509149416021|39.96|6.8999996|-15.66
1509149416153|38.52|7.8599997|-15.179999
1509149416290|38.94|8.82|-15.719999
1509149416417|38.16|8.46|-16.74
1509149416548|36.719997|9.059999|-17.94
1509149416680|38.64|10.86|-18.119999
1509149416812|35.28|9.96|-22.5
1509149416944|39.84|9.54|-21.96
1509149417077|41.579998|9.3|-21.9
1509149417209|41.1|7.3799996|-22.98
1509149417341|47.46|7.9199996|-18.96
1509149417473|46.62|6.6|-16.859999
1509149417605|45.78|5.8799996|-16.44
1509149417737|49.2|6.3599997|-12.54
1509149417869|43.2|6.12|-15.12
1509149418001|43.32|7.02|-14.88
1509149418133|43.5|8.099999|-14.219999
1509149418265|40.5|8.34|-16.08
1509149418397|43.559998|8.88|-15.12
1509149418529|43.559998|8.639999|-15.719999
1509149418661|42.54|7.62|-16.92
1509149418794|46.8|6.96|-13.74
