1509156416408|-0.068101734|-0.2043052|-0.027240695
1509156416541|-0.6810174|-0.013620348|0.19068487
1509156416673|-0.43585113|0.0|-0.19068487
1509156416807|-0.42223078|-0.013620348|-0.10896278
1509156416936|-0.44947144|-0.17706451|0.10896278
1509156417069|-0.6810174|0.14982383|-0.05448139
1509156417202|-0.095342435|-0.040861044|-0.21792556
1509156417332|-0.17706451|0.05448139|-0.32688835
1509156417464|-0.040861044|0.19068487|0.095342435
1509156417596|-0.35412902|0.28602728|-0.7218784
1509156417728|-0.4086104|0.44947144|-0.17706451
1509156417861|-0.47671217|0.32688835|0.16344418
1509156417993|-0.55843425|0.31326798|-0.5448139
1509156418124|-0.70825803|0.28602728|0.13620347
1509156418258|-0.38136974|0.095342435|-0.7218784
1509156418388|-0.24516624|0.095342435|0.5992953
1509156418521|-0.5992953|0.17706451|-0.8172208
1509156418652|-0.58567494|0.42223078|-0.35412902
1509156418785|-0.57205456|0.21792556|-0.7899802
1509156418916|-0.29964766|0.040861044|0.23154591
1509156419048|-0.27240694|-0.23154591|-0.36774936
1509156419183|-0.05448139|-0.14982383|0.16344418
1509156419312|-0.013620348|-0.28602728|0.040861044
1509156419444|0.49033248|-0.57205456|0.068101734
1509156419576|-0.10896278|-0.49033248|0.12258312
1509156419708|-0.040861044|-0.42223078|-0.61291564
1509156419840|0.040861044|-0.35412902|-0.068101734
1509156419972|-0.040861044|-0.21792556|0.095342435
1509156420103|0.08172209|-0.23154591|0.10896278
1509156420235|-0.21792556|-0.19068487|-0.3405087
1509156420368|0.2043052|-0.46309182|0.5992953
1509156420500|0.05448139|-0.2043052|-0.939804
1509156420632|0.040861044|-0.42223078|0.50395286
1509156420765|0.068101734|-0.4086104|-0.2043052
1509156420896|0.040861044|-0.6537767|0.3405087
1509156421028|0.28602728|-0.49033248|-0.24516624
1509156421160|-0.35412902|0.040861044|-0.6810174
1509156421293|-0.068101734|-0.29964766|-0.08172209
1509156421424|-0.095342435|0.027240695|-0.62653595
1509156421556|-0.10896278|-0.17706451|0.46309182
1509156421688|0.43585113|-0.068101734|-0.61291564
1509156421821|-0.32688835|0.43585113|-0.57205456
1509156421953|0.36774936|0.3405087|-0.49033248
1509156422086|-0.12258312|0.38136974|0.16344418
1509156422217|-0.4086104|0.24516624|1.2258313
1509156422351|0.44947144|-0.16344418|-0.47671217
1509156422481|-0.19068487|0.55843425|-1.4982383
1509156422612|0.040861044|0.36774936|0.84446156
1509156422744|0.42223078|-0.3405087|0.0
1509156422877|-0.74911916|0.50395286|0.51757324
1509156423009|0.55843425|-0.05448139|-1.0215261
1509156423142|0.08172209|-0.05448139|0.8172208
1509156423272|0.013620348|0.25878662|-0.7627395
1509156423404|0.21792556|0.013620348|-0.32688835
1509156423536|0.17706451|0.068101734|-0.23154591
1509156423669|0.36774936|-0.16344418|-0.3405087
1509156423801|0.35412902|-0.040861044|0.068101734
1509156423934|0.55843425|-0.31326798|0.55843425
1509156424064|0.57205456|-0.38136974|-0.6537767
1509156424197|-0.5448139|0.46309182|0.040861044
1509156424329|0.49033248|0.040861044|0.040861044
1509156424460|0.4086104|-0.12258312|0.17706451
1509156424592|0.10896278|0.51757324|-0.35412902
1509156424725|0.17706451|0.21792556|0.6401563
1509156424856|-0.53119355|0.42223078|-0.91256326
1509156424988|-0.84446156|0.96704465|-1.1713499
1509156425120|-0.57205456|0.38136974|0.53119355
1509156425252|-0.99428535|0.6401563|-0.38136974
1509156425384|-1.0760074|0.95342433|-0.61291564
1509156425517|-0.58567494|0.24516624|0.57205456
1509156425649|-0.50395286|0.38136974|-1.0079057
1509156425780|-1.1577295|0.667397|-0.46309182
1509156425913|-0.3949901|0.31326798|-1.2803127
1509156426045|-0.3405087|0.16344418|-0.7763598
1509156426176|-1.0079057|0.29964766|0.44947144
1509156426309|0.35412902|-0.38136974|0.5448139
1509156426441|0.23154591|-0.13620347|-0.7218784
1509156426572|-0.14982383|-0.095342435|0.58567494
1509156426705|0.6401563|-0.35412902|0.0
1509156426842|0.51757324|-0.23154591|-0.10896278
1509156426969|0.12258312|-0.31326798|0.28602728
1509156427100|0.8989429|-0.27240694|-0.7354987
1509156427234|0.8580819|-0.47671217|0.53119355
1509156427364|0.08172209|-0.19068487|0.2043052
1509156427497|0.6810174|-0.27240694|-0.50395286
1509156427628|0.21792556|-0.27240694|0.70825803
1509156427760|0.53119355|-0.3949901|0.027240695
1509156427893|0.4086104|-0.17706451|-0.05448139
1509156428025|0.5992953|-0.29964766|-0.013620348
1509156428157|0.62653595|-0.36774936|-0.068101734
1509156428289|0.36774936|-0.21792556|-0.027240695
1509156428421|0.3405087|-0.25878662|-0.068101734
