1509251583882|-0.21068975|2.480393|11.683704
1509251584013|-1.0342951|1.3599066|9.672575
1509251584146|1.5801731|1.532289|7.728483
1509251584269|2.2505496|2.4133554|10.04607
1509251584401|3.3806129|3.0933087|10.180145
1509251584533|0.842759|2.7006595|8.676587
1509251584665|1.0151415|1.9632454|8.475474
1509251584807|0.7278373|3.1794999|9.251195
1509251584929|0.7278373|3.715801|10.132261
1509251585061|0.095768064|2.4708161|10.170568
1509251585193|1.2545617|3.466804|4.8267107
1509251585325|0.19153613|3.763685|9.260772
1509251585462|0.59376204|4.8458643|9.77792
1509251585592|1.982399|3.8498764|8.456321
1509251585725|0.05746084|3.0454245|8.7532015
1509251585853|1.4652514|3.169923|8.379706
1509251585986|0.90021986|3.4093432|9.873688
1509251586117|0.45968673|2.815581|10.965444
1509251586249|-0.05746084|2.1164744|7.1826053
1509251586381|0.34476504|2.1643584|7.795521
1509251586513|1.4652514|2.384625|10.295067
1509251586645|1.8483237|2.4708161|11.444284
1509251586792|1.2258313|1.2066777|8.0924015
1509251586919|1.283292|2.2218192|8.101978
1509251587041|0.9576807|2.087744|10.764331
1509251587176|0.4309563|1.7621324|11.951855
1509251587307|0.019153614|2.087744|7.1347213
1509251587440|0.94810385|2.384625|8.312668
1509251587569|0.9576807|3.074155|9.442732
1509251587701|1.1875241|1.6663644|12.641385
1509251587833|0.82360536|1.5993267|7.249643
1509251587965|1.8195933|3.0358477|7.8146744
1509251588097|1.3694834|2.6623523|9.662998
1509251588229|-0.076614454|1.685518|11.60709
1509251588361|0.009576807|0.9672575|7.5082164
1509251588493|-0.009576807|2.930503|8.6574335
1509251588626|2.087744|3.6870706|9.481039
1509251588758|3.3997664|2.8060043|9.749189
1509251588896|1.0055647|1.7812861|8.054094
1509251589024|0.9672575|3.3327289|7.019799
1509251589157|1.7908629|2.9879637|10.764331
1509251589285|-1.2258313|2.4995465|10.91756
1509251589417|-0.11492168|2.4612393|6.1100025
1509251589549|1.685518|3.2752678|9.155427
1509251589682|2.5953147|3.9552212|8.341399
1509251589813|2.72939|2.7868507|10.362105
1509251589946|1.436521|2.2122424|8.647857
1509251590077|1.3599066|3.6104562|6.7229185
1509251590209|2.6719291|4.7788267|9.595961
1509251590341|2.5187001|3.4955344|10.342952
1509251590475|1.4173675|2.6048915|7.6710224
1509251590607|1.8962077|1.3215994|9.509769
1509251590746|1.5610195|2.1164744|9.576807
1509251590869|1.2354081|-0.076614454|10.6398325
1509251591001|0.18195933|0.24899697|8.341399
1509251591134|0.29688102|1.2354081|8.159439
1509251591265|0.6607997|1.0630256|11.089942
1509251591397|-0.15322891|1.6280571|10.994174
1509251591529|0.34476504|1.3599066|7.575254
1509251591661|0.8331822|1.7525556|8.121132
1509251591793|1.2258313|2.882619|9.404425
1509251591925|2.4899697|2.183512|11.683704
