1509150350071|0.27240694|-0.29964766|9.80665
1509150350199|0.27240694|-0.31326798|9.80665
1509150350331|0.27240694|-0.31326798|9.80665
1509150350463|0.28602728|-0.32688835|9.80665
1509150350595|0.28602728|-0.32688835|9.80665
1509150350727|0.28602728|-0.31326798|9.80665
1509150350859|0.28602728|-0.31326798|9.80665
1509150350990|0.27240694|-0.31326798|9.80665
1509150351123|0.27240694|-0.31326798|9.80665
1509150351254|0.25878662|-0.31326798|9.80665
1509150351386|0.25878662|-0.31326798|9.80665
1509150351519|0.25878662|-0.31326798|9.80665
1509150351651|0.25878662|-0.31326798|9.80665
1509150351788|0.25878662|-0.31326798|9.80665
1509150351915|0.25878662|-0.31326798|9.80665
1509150352047|0.25878662|-0.31326798|9.80665
1509150352178|0.25878662|-0.32688835|9.80665
1509150352311|0.25878662|-0.3405087|9.80665
1509150352442|0.27240694|-0.3405087|9.80665
1509150352574|0.27240694|-0.3405087|9.80665
1509150352705|0.27240694|-0.3405087|9.80665
1509150352838|0.28602728|-0.3405087|9.80665
1509150352969|0.28602728|-0.3405087|9.80665
1509150353102|0.28602728|-0.3405087|9.80665
1509150353234|0.28602728|-0.3405087|9.80665
1509150353369|0.28602728|-0.3405087|9.80665
1509150353499|0.27240694|-0.3405087|9.80665
1509150353630|0.27240694|-0.3405087|9.80665
1509150353762|0.27240694|-0.32688835|9.80665
1509150353893|0.27240694|-0.32688835|9.80665
1509150354027|0.27240694|-0.32688835|9.80665
1509150354159|0.27240694|-0.32688835|9.80665
1509150354290|0.27240694|-0.32688835|9.80665
1509150354423|0.27240694|-0.32688835|9.80665
1509150354553|0.27240694|-0.32688835|9.80665
1509150354686|0.27240694|-0.31326798|9.80665
1509150354819|0.25878662|-0.31326798|9.80665
1509150354951|0.27240694|-0.31326798|9.80665
1509150355082|0.27240694|-0.29964766|9.80665
1509150355214|0.27240694|-0.29964766|9.80665
1509150355346|0.27240694|-0.28602728|9.80665
1509150355479|0.27240694|-0.28602728|9.80665
1509150355610|0.27240694|-0.28602728|9.80665
1509150355742|0.27240694|-0.28602728|9.80665
1509150355874|0.27240694|-0.28602728|9.80665
1509150356008|0.27240694|-0.27240694|9.80665
1509150356138|0.27240694|-0.27240694|9.80665
1509150356271|0.27240694|-0.27240694|9.80665
1509150356403|0.27240694|-0.27240694|9.80665
1509150356534|0.27240694|-0.27240694|9.80665
1509150356667|0.27240694|-0.27240694|9.80665
1509150356798|0.27240694|-0.27240694|9.80665
1509150356931|0.27240694|-0.27240694|9.80665
1509150357061|0.27240694|-0.28602728|9.80665
1509150357193|0.27240694|-0.28602728|9.80665
1509150357326|0.27240694|-0.28602728|9.80665
1509150357457|0.27240694|-0.28602728|9.80665
1509150357590|0.27240694|-0.28602728|9.80665
1509150357722|0.27240694|-0.29964766|9.80665
1509150357855|0.25878662|-0.29964766|9.80665
1509150357986|0.25878662|-0.29964766|9.80665
1509150358127|0.27240694|-0.29964766|9.80665
1509150358251|0.27240694|-0.29964766|9.80665
1509150358383|0.27240694|-0.29964766|9.80665
1509150358515|0.27240694|-0.31326798|9.80665
1509150358647|0.27240694|-0.31326798|9.80665
1509150358778|0.27240694|-0.31326798|9.80665
1509150358909|0.27240694|-0.31326798|9.80665
1509150359042|0.27240694|-0.31326798|9.80665
1509150359174|0.27240694|-0.31326798|9.80665
1509150359306|0.27240694|-0.31326798|9.80665
1509150359439|0.27240694|-0.32688835|9.80665
1509150359570|0.27240694|-0.3405087|9.80665
1509150359703|0.25878662|-0.3405087|9.80665
1509150359835|0.27240694|-0.3405087|9.80665
1509150359966|0.27240694|-0.3405087|9.80665
1509150360099|0.27240694|-0.35412902|9.80665
1509150360231|0.27240694|-0.35412902|9.80665
1509150360362|0.27240694|-0.3405087|9.80665
1509150360494|0.27240694|-0.35412902|9.80665
1509150360627|0.28602728|-0.35412902|9.80665
1509150360760|0.28602728|-0.35412902|9.80665
