1509150352119|102
1509150352323|115
1509150352731|118
1509150352946|119
1509150353148|117
1509150353351|119
1509150353555|120
1509150354167|119
1509150354369|120
1509150354778|118
1509150354990|120
1509150355397|118
1509150355603|120
1509150355811|121
1509150356017|122
1509150356219|120
1509150356425|119
1509150356630|121
1509150356833|122
1509150357046|121
1509150357246|122
1509150357855|124
1509150358267|123
1509150358467|126
1509150358871|127
1509150359075|128
1509150359487|127
1509150359687|130
1509150359892|129
1509150360306|131
1509150360511|130
1509150360722|131
