1509323293145|0.42|11.219999|-7.62
1509323293277|2.28|12.48|-9.24
1509323293409|3.4199998|13.2|-10.44
1509323293540|5.22|12.3|-11.58
1509323293673|7.7999997|12.719999|-11.16
1509323293805|8.4|13.799999|-12.0
1509323293936|9.12|14.34|-13.32
1509323294068|8.28|15.54|-15.179999
1509323294201|5.4|14.7|-17.699999
1509323294333|3.12|12.96|-19.199999
1509323294464|0.65999997|10.08|-19.859999
1509323294597|-0.12|7.62|-19.14
1509323294728|-0.29999998|7.98|-19.92
1509323294861|0.29999998|6.12|-20.46
1509323294993|1.56|7.74|-19.74
1509323295126|1.56|9.3|-19.439999
1509323295257|1.1999999|8.46|-17.16
1509323295389|-0.12|10.0199995|-15.9
1509323295522|-2.04|9.0|-16.56
1509323295653|-4.8599997|8.099999|-18.359999
1509323295785|-6.66|7.3199997|-21.66
1509323295917|-7.5|4.98|-23.64
1509323296049|-6.7799997|2.82|-23.64
1509323296181|-3.72|0.96|-21.84
1509323296313|-1.74|0.71999997|-18.96
1509323296445|-0.53999996|1.8|-15.66
1509323296577|-0.78|4.2599998|-13.679999
1509323296709|-1.26|6.66|-12.36
1509323296841|-0.24|8.58|-11.7
1509323296972|0.24|10.2|-12.78
1509323297105|0.17999999|9.719999|-14.099999
1509323297237|0.17999999|8.099999|-14.639999
1509323297368|0.24|6.96|-15.299999
1509323297501|2.28|6.72|-15.12
1509323297633|5.64|7.68|-15.599999
1509323297765|8.4|9.719999|-16.56
1509323297898|10.139999|11.04|-16.619999
1509323298028|9.42|13.2|-15.78
1509323298161|6.2999997|14.7|-15.66
1509323298292|3.6|14.639999|-16.38
1509323298425|0.12|14.28|-18.539999
1509323298557|-2.3999999|10.8|-19.68
1509323298689|-2.58|9.179999|-19.38
1509323298822|-2.7|7.7999997|-19.38
1509323298952|-1.74|6.2999997|-17.52
1509323299085|-0.42|7.3799996|-16.859999
1509323299217|1.56|6.96|-17.22
1509323299348|2.8799999|8.34|-16.92
1509323299481|3.4199998|9.179999|-18.06
1509323299613|2.3999999|9.599999|-19.02
1509323299745|-1.14|8.82|-20.52
1509323299877|-5.3399997|5.94|-22.32
1509323300009|-9.179999|3.3|-23.039999
1509323300140|-10.679999|-0.84|-23.64
1509323300273|-9.42|-2.58|-20.76
1509323300405|-6.0|-1.26|-18.66
1509323300536|-1.56|-1.1999999|-17.699999
1509323300668|1.5|0.96|-14.7
1509323300801|1.74|3.8999999|-13.5
1509323300933|2.3999999|4.74|-13.259999
1509323301065|1.14|6.8999996|-12.3
1509323301197|-0.06|7.62|-14.219999
1509323301329|0.12|6.7799997|-15.839999
1509323301461|-0.9|6.7799997|-16.56
1509323301593|-0.65999997|7.02|-16.44
1509323301724|-0.48|8.58|-16.32
1509323301856|-1.1999999|8.5199995|-17.94
1509323301988|-1.4399999|8.34|-17.699999
1509323302097|-1.26|8.82|-17.94
1509323302187|-0.65999997|8.76|-19.5
1509323302318|2.34|8.88|-20.52
1509323302450|5.2799997|11.7|-21.0
1509323302583|5.52|12.719999|-23.1
1509323302715|3.24|11.4|-24.779999
1509323302847|-0.17999999|7.68|-23.82
1509323302978|-1.8|4.14|-21.72
1509323303110|0.17999999|2.3999999|-18.0
1509323303242|2.22|4.3199997|-15.719999
1509323303375|3.12|7.62|-15.719999
1509323303506|1.9799999|8.16|-17.16
1509323303640|-0.9|7.5|-20.699999
1509323303771|-2.58|5.16|-22.68
1509323303902|-3.78|3.12|-24.72
1509323304034|-4.2599998|1.74|-26.82
1509323304166|-4.08|0.29999998|-26.88
1509323304298|-3.72|-1.92|-26.699999
1509323304431|-1.26|-3.4199998|-24.18
1509323304563|1.9799999|-1.92|-21.66
1509323304695|5.94|-2.1|-19.8
1509323304826|8.4|0.71999997|-16.98
1509323304958|8.16|3.4199998|-16.8
1509323305090|6.8999996|3.24|-14.759999
1509323305222|4.08|7.2599998|-13.5
1509323305355|1.1999999|7.68|-15.179999
1509323305487|-0.78|8.94|-15.599999
1509323305619|-3.1799998|8.34|-18.42
1509323305750|-4.3199997|4.38|-18.359999
1509323305883|-3.36|4.74|-15.179999
1509323306015|-3.06|5.1|-13.139999
1509323306147|-2.46|7.68|-12.42
1509323306279|-2.3999999|9.96|-13.32
1509323306411|-2.9399998|9.48|-16.199999
1509323306543|-2.28|7.62|-17.279999
1509323306674|-1.5|5.64|-16.02
1509323306807|-0.35999998|5.4|-14.04
1509323306939|0.29999998|7.44|-12.24
1509323307157|0.53999996|8.5199995|-11.7
1509323307268|0.84|11.5199995|-13.62
1509323307400|0.06|11.219999|-14.759999
1509323307532|0.29999998|11.28|-15.78
1509323307664|0.12|11.34|-16.199999
1509323307797|0.29999998|12.059999|-16.68
1509323307929|1.4399999|12.3|-18.359999
1509323308062|2.22|11.46|-18.96
1509323308192|3.36|10.86|-20.64
1509323308325|3.9599998|10.0199995|-21.539999
1509323308456|4.38|8.5199995|-22.02
1509323308589|3.9599998|6.54|-22.619999
1509323308721|3.84|5.52|-20.699999
1509323308857|3.48|4.92|-19.74
1509323308985|3.48|4.5|-18.06
1509323309116|4.3199997|5.58|-14.639999
1509323309249|5.46|5.94|-12.96
1509323309380|6.8399997|6.48|-10.74
1509323309513|7.14|7.62|-9.719999
1509323309644|7.2599998|7.2599998|-10.5
1509323309777|6.48|7.9199996|-10.74
1509323309908|5.64|8.099999|-11.46
1509323310041|4.7999997|7.68|-11.46
1509323310173|3.6599998|8.22|-12.66
1509323310304|3.24|7.98|-13.44
1509323310436|2.7|8.04|-14.219999
1509323310569|3.36|9.42|-14.16
1509323310705|4.14|10.26|-13.2
1509323310832|4.62|10.62|-12.84
1509323310965|5.22|10.92|-11.34
1509323311096|5.04|10.62|-10.38
1509323311229|4.8599997|11.16|-9.599999
1509323311360|4.2599998|11.759999|-9.54
1509323311492|3.84|12.24|-9.78
1509323311625|3.3|12.599999|-10.2
1509323311757|2.46|12.719999|-9.599999
1509323311889|2.1|13.38|-8.5199995
1509323312020|2.28|14.7|-7.7999997
1509323312110|2.1|15.179999|-8.16
1509323312218|1.1999999|14.94|-9.3
1509323312351|1.92|14.4|-9.9
1509323312483|1.0799999|13.38|-9.78
1509323312615|0.24|12.3|-8.76
1509323312747|0.84|13.38|-7.14
1509323312880|-0.06|13.62|-7.2
1509323313010|-0.17999999|13.62|-8.22
1509323313142|0.48|13.62|-9.84
1509323313274|0.71999997|12.84|-11.639999
1509323313407|1.5|12.96|-12.24
1509323313539|3.0|12.42|-12.24
1509323313671|3.6|12.179999|-11.46
1509323313802|3.84|11.4|-11.16
1509323313935|3.6|11.099999|-11.46
1509323314067|2.46|10.8|-12.12
1509323314199|1.38|9.84|-12.78
1509323314331|0.9|8.7|-12.9
1509323314463|0.53999996|7.98|-12.719999
1509323314595|0.78|7.62|-12.84
1509323314726|1.0799999|7.5|-13.559999
1509323314859|0.48|7.7999997|-13.44
1509323314990|0.12|7.7999997|-14.219999
1509323315122|-0.48|7.68|-15.0
1509323315254|-0.29999998|8.099999|-15.66
1509323315387|0.53999996|7.68|-17.699999
1509323315519|1.02|6.06|-18.6
1509323315651|2.04|4.98|-18.42
1509323315787|1.4399999|3.78|-17.4
1509323315920|1.3199999|3.54|-16.8
1509323316047|1.4399999|4.14|-16.08
