1509145511348|0.47671217|-0.38136974|0.027240695
1509145511479|0.08172209|-0.35412902|0.068101734
1509145511611|0.3949901|-0.36774936|0.12258312
1509145511742|0.99428535|-0.7899802|-0.013620348
1509145511875|0.7899802|-0.70825803|0.46309182
1509145512007|0.5448139|-0.31326798|-0.27240694
1509145512139|0.57205456|-0.46309182|0.12258312
1509145512270|0.14982383|-0.095342435|-0.095342435
1509145512403|0.13620347|-0.095342435|-0.10896278
1509145512534|0.027240695|-0.095342435|-0.05448139
1509145512667|-0.12258312|-0.068101734|-0.10896278
1509145512798|-0.36774936|-0.10896278|-0.027240695
1509145512930|-0.667397|0.0|-0.08172209
1509145513063|-0.70825803|-0.05448139|-0.2043052
1509145513194|-0.6810174|-0.027240695|-0.10896278
1509145513326|-0.53119355|-0.14982383|0.28602728
1509145513458|-0.068101734|-0.14982383|-0.42223078
1509145513591|-0.49033248|0.16344418|-0.42223078
1509145513722|-0.10896278|-0.32688835|0.61291564
1509145513854|-0.36774936|0.12258312|-0.5448139
1509145513986|-0.31326798|0.2043052|-0.14982383
1509145514118|-0.10896278|0.08172209|-0.36774936
1509145514250|-0.19068487|0.19068487|-0.43585113
1509145514382|-0.013620348|0.013620348|-0.095342435
1509145514515|-0.05448139|0.12258312|-0.3405087
1509145514646|0.28602728|0.027240695|0.08172209
1509145514778|-0.12258312|0.38136974|-0.84446156
1509145514910|0.013620348|0.17706451|0.095342435
1509145515042|-0.17706451|0.3949901|-0.8172208
1509145515179|0.040861044|0.040861044|0.27240694
1509145515306|-0.21792556|0.3949901|-0.7763598
1509145515438|0.013620348|0.0|0.24516624
1509145515570|-0.2043052|0.23154591|-0.36774936
1509145515702|-0.14982383|-0.040861044|0.2043052
1509145515834|-0.19068487|0.068101734|-0.14982383
1509145515967|-0.12258312|-0.05448139|0.068101734
1509145516098|-0.24516624|0.068101734|-0.50395286
1509145516231|-0.013620348|-0.12258312|-0.013620348
1509145516363|-0.14982383|0.10896278|-0.61291564
1509145516503|-0.013620348|-0.14982383|0.095342435
1509145516626|-0.05448139|0.10896278|-0.58567494
1509145516759|0.068101734|-0.095342435|0.3405087
1509145516891|0.013620348|0.068101734|-0.51757324
1509145517023|0.068101734|-0.040861044|0.24516624
1509145517155|0.068101734|0.0|-0.16344418
1509145517287|0.2043052|-0.095342435|0.27240694
1509145517418|0.16344418|-0.08172209|-0.14982383
1509145517551|0.068101734|-0.10896278|0.2043052
1509145517682|0.19068487|-0.068101734|-0.43585113
1509145517819|0.013620348|-0.10896278|0.27240694
1509145517947|0.17706451|-0.10896278|-0.43585113
1509145518079|0.19068487|-0.2043052|0.3405087
1509145518211|0.12258312|-0.24516624|0.2043052
1509145518342|0.14982383|-0.19068487|0.32688835
1509145518474|0.040861044|-0.10896278|-0.12258312
1509145518606|0.040861044|-0.2043052|0.42223078
1509145518738|-0.28602728|0.08172209|-0.7763598
1509145518871|0.2043052|0.05448139|-0.17706451
1509145519002|-0.2043052|-0.12258312|0.35412902
1509145519136|-0.2043052|-0.12258312|0.35412902
1509145519267|-0.2043052|-0.12258312|0.35412902
1509145519400|-0.2043052|-0.12258312|0.35412902
1509145519531|-0.2043052|-0.12258312|0.35412902
1509145519662|-0.2043052|-0.12258312|0.35412902
1509145519795|-0.2043052|-0.12258312|0.35412902
1509145519927|-0.2043052|-0.12258312|0.35412902
1509145520059|-0.2043052|-0.12258312|0.35412902
1509145520191|-0.2043052|-0.12258312|0.35412902
1509145520323|-0.2043052|-0.12258312|0.35412902
1509145520455|-0.2043052|-0.12258312|0.35412902
1509145520587|-0.2043052|-0.12258312|0.35412902
1509145520719|-0.2043052|-0.12258312|0.35412902
1509145520851|-0.2043052|-0.12258312|0.35412902
1509145520984|-0.2043052|-0.12258312|0.35412902
1509145521115|-0.2043052|-0.12258312|0.35412902
1509145521247|-0.2043052|-0.12258312|0.35412902
1509145521379|-0.2043052|-0.12258312|0.35412902
1509145521510|-0.2043052|-0.12258312|0.35412902
1509145521643|-0.2043052|-0.12258312|0.35412902
1509145521775|-0.2043052|-0.12258312|0.35412902
1509145521907|0.16344418|-0.14982383|-0.47671217
1509145522039|0.2043052|-0.28602728|0.35412902
1509145522171|0.24516624|0.0|-0.6401563
1509145522303|0.43585113|0.05448139|-0.24516624
1509145522435|0.55843425|-0.095342435|-0.040861044
1509145522568|0.21792556|0.05448139|-0.6810174
1509145522699|0.55843425|-0.3949901|0.35412902
1509145522831|0.61291564|-0.095342435|-0.17706451
1509145522964|0.57205456|-0.013620348|-0.47671217
1509145523095|0.47671217|0.040861044|0.2043052
1509145523228|0.6810174|-0.27240694|-0.068101734
1509145523358|0.58567494|-0.19068487|-0.23154591
1509145523490|0.31326798|-0.08172209|-0.42223078
1509145523622|0.31326798|-0.3405087|0.23154591
1509145523755|0.19068487|-0.23154591|-0.25878662
1509145523886|0.6401563|-0.38136974|-0.013620348
1509145524019|0.3405087|0.013620348|-0.44947144
1509145524150|0.0|0.2043052|-0.29964766
1509145524283|-0.21792556|0.10896278|-0.19068487
1509145524414|-0.8036005|0.25878662|-0.8036005
1509145524547|-0.7218784|0.05448139|0.25878662
1509145524685|-0.70825803|0.040861044|-0.50395286
1509145524810|-0.24516624|-0.14982383|0.027240695
1509145524943|-0.14982383|-0.05448139|-0.14982383
1509145525074|-0.12258312|0.08172209|-0.23154591
1509145525207|-0.23154591|0.19068487|-0.32688835
1509145525338|0.013620348|0.040861044|-0.095342435
1509145525471|0.31326798|-0.040861044|0.05448139
1509145525602|0.05448139|0.10896278|-0.08172209
1509145525735|-0.027240695|0.040861044|0.12258312
1509145525868|-0.16344418|0.13620347|-0.47671217
1509145525999|-0.027240695|0.095342435|0.027240695
1509145526131|0.17706451|0.13620347|-0.2043052
1509145526263|-0.17706451|0.25878662|-0.28602728
1509145526394|0.027240695|-0.013620348|-0.6946377
1509145526527|0.08172209|-0.29964766|0.38136974
1509145526659|0.05448139|-0.19068487|-0.27240694
1509145526791|0.28602728|-0.35412902|0.19068487
1509145526924|0.24516624|-0.095342435|-0.6810174
1509145527055|0.16344418|-0.29964766|0.51757324
1509145527187|0.23154591|-0.10896278|-0.5448139
1509145527319|0.31326798|-0.55843425|0.49033248
1509145527451|0.095342435|-0.36774936|-0.32688835
1509145527585|-0.25878662|-0.55843425|0.5992953
1509145527715|0.19068487|-0.44947144|-0.42223078
1509145527847|-0.013620348|-0.4086104|0.08172209
1509145527978|0.013620348|-0.61291564|-0.05448139
1509145528111|-0.35412902|-0.46309182|0.068101734
1509145528243|-0.44947144|-0.6401563|0.50395286
1509145528375|-0.2043052|-0.61291564|-0.28602728
1509145528507|-0.44947144|-0.31326798|-0.013620348
1509145528639|-0.31326798|-0.28602728|0.14982383
1509145528770|-0.21792556|-0.19068487|-0.027240695
