1509156404695|226
1509156404899|229
1509156405104|235
1509156405513|229
1509156405922|235
1509156406334|238
1509156406537|226
1509156406742|223
1509156406947|218
1509156407355|223
1509156407559|218
1509156407773|215
1509156408389|221
1509156408586|218
1509156408793|212
1509156408995|204
1509156409201|201
1509156409406|204
1509156409613|206
1509156409816|201
1509156410022|198
1509156410228|192
1509156410442|201
1509156410638|192
1509156410844|198
1509156411049|206
1509156411255|201
1509156411461|204
1509156411670|215
1509156411876|212
1509156412075|215
1509156412287|221
1509156412695|229
1509156412901|235
1509156413110|238
1509156413313|232
1509156413520|226
