1509323259024|-0.040861044|-0.36774936|0.08172209
1509323259156|0.095342435|-0.12258312|-0.068101734
1509323259288|0.08172209|-0.27240694|-0.23154591
1509323259419|-0.14982383|-0.31326798|-0.13620347
1509323259557|0.44947144|0.29964766|-1.5118586
1509323259684|0.46309182|-0.027240695|-0.42223078
1509323259817|0.46309182|-0.17706451|0.47671217
1509323259950|0.27240694|0.7218784|-1.4028958
1509323260081|0.3949901|0.62653595|-1.3892754
1509323260212|0.040861044|-0.16344418|-0.6946377
1509323260344|-0.040861044|-0.31326798|-0.19068487
1509323260478|0.58567494|0.43585113|-1.2394516
1509323260608|0.013620348|-0.38136974|1.3484143
1509323260740|-0.027240695|-0.14982383|-0.027240695
1509323260872|0.013620348|-0.16344418|-0.38136974
1509323261004|-0.23154591|-0.47671217|-0.27240694
1509323261139|-0.23154591|0.068101734|-0.92618364
1509323261268|0.08172209|0.24516624|-1.0487667
1509323261400|-0.24516624|-0.17706451|-0.29964766
1509323261532|-0.38136974|-0.29964766|-0.53119355
1509323261664|-0.05448139|0.040861044|-1.1168685
1509323261795|0.040861044|-0.16344418|0.5448139
1509323261933|0.5992953|0.25878662|0.013620348
1509323262061|0.21792556|-0.013620348|-0.8172208
1509323262192|0.42223078|-0.38136974|0.46309182
1509323262324|0.58567494|-0.19068487|-1.1985906
1509323262457|0.31326798|-0.5992953|0.7218784
1509323262588|0.24516624|-0.47671217|0.2043052
1509323262720|0.05448139|-0.57205456|0.51757324
1509323262852|-0.013620348|-1.1441091|1.4982383
1509323262984|0.3405087|-0.12258312|-1.0896277
1509323263116|-0.05448139|-0.7354987|1.0079057
1509323263248|0.28602728|0.32688835|-0.83084124
1509323263380|-0.24516624|-0.17706451|-0.027240695
1509323263512|0.08172209|-0.50395286|1.0760074
1509323263643|0.28602728|0.43585113|-2.315459
1509323263777|0.040861044|-0.49033248|0.36774936
1509323263919|0.43585113|0.027240695|-0.013620348
1509323264039|0.13620347|0.32688835|-1.0623871
1509323264173|0.61291564|0.24516624|-0.13620347
1509323264304|0.43585113|0.87170225|-3.445948
1509323264437|-0.28602728|0.14982383|0.44947144
1509323264568|-0.16344418|0.44947144|-1.1577295
1509323264700|0.27240694|0.040861044|0.068101734
1509323264832|-0.05448139|-0.50395286|0.05448139
1509323264964|0.6946377|-0.36774936|-1.0079057
1509323265096|0.6537767|-1.3620348|1.2122109
1509323265228|0.98066497|-0.28602728|-0.61291564
1509323265361|0.6810174|-0.27240694|-0.5992953
1509323265492|0.6401563|-0.92618364|0.62653595
1509323265624|0.47671217|0.24516624|-1.3892754
1509323265757|0.21792556|-0.87170225|1.4573771
1509323265888|0.14982383|0.13620347|-1.1849703
1509323266020|-0.013620348|-0.46309182|0.2043052
1509323266153|-0.10896278|-0.12258312|-0.3405087
1509323266285|-0.27240694|0.44947144|-1.8251265
1509323266417|-0.095342435|-0.7899802|1.525479
1509323266549|-0.43585113|0.31326798|-1.6208212
1509323266681|-0.49033248|-0.50395286|0.027240695
1509323266812|-0.50395286|-0.19068487|-0.84446156
1509323266944|-0.32688835|-0.16344418|-0.05448139
1509323267076|0.25878662|0.21792556|0.2043052
1509323267208|-0.10896278|-0.19068487|0.49033248
1509323267340|-0.027240695|-1.1985906|2.070293
1509323267472|-0.10896278|-0.3949901|-0.10896278
1509323267604|-0.05448139|-0.068101734|-0.27240694
1509323267736|-0.013620348|0.013620348|-0.5448139
1509323267869|0.23154591|0.28602728|-0.62653595
1509323268001|-0.027240695|0.17706451|-0.6946377
1509323268137|0.040861044|0.013620348|-0.62653595
1509323268264|0.0|-0.23154591|-0.05448139
1509323268396|0.21792556|-0.05448139|-0.70825803
1509323268530|0.57205456|-0.040861044|0.05448139
1509323268660|0.16344418|0.25878662|-0.99428535
1509323268792|0.08172209|-0.53119355|0.28602728
1509323268926|0.068101734|-0.19068487|-1.334794
1509323269057|0.040861044|-0.6810174|0.53119355
1509323269187|0.24516624|-0.29964766|-0.2043052
1509323269320|0.19068487|-0.8172208|0.96704465
1509323269452|-0.040861044|-0.31326798|-0.47671217
1509323269584|-0.13620347|-0.8580819|1.1713499
1509323269716|-0.17706451|-0.08172209|-0.57205456
1509323269849|-0.040861044|-0.61291564|0.87170225
1509323269980|0.0|0.0|-0.25878662
1509323270112|-0.2043052|-0.31326798|0.13620347
1509323270244|-0.095342435|0.2043052|-0.7218784
1509323270377|-0.040861044|0.17706451|0.35412902
1509323270508|0.05448139|0.8989429|-1.4982383
1509323270640|0.0|0.05448139|0.068101734
1509323270772|-0.6401563|0.47671217|-1.7434045
1509323270904|-0.32688835|0.36774936|-1.0487667
1509323271036|-0.27240694|0.14982383|-0.55843425
1509323271172|-0.10896278|0.44947144|-0.53119355
1509323271300|-0.16344418|0.08172209|0.28602728
1509323271432|-0.040861044|-0.040861044|0.32688835
1509323271563|-1.1168685|-0.5448139|0.70825803
1509323271696|-0.939804|0.05448139|-0.25878662
1509323271828|-1.375655|0.2043052|-0.25878662
1509323271960|-1.484618|-0.068101734|0.49033248
1509323272092|-1.1032481|0.32688835|-0.8580819
1509323272224|-1.4301364|-0.08172209|-0.25878662
1509323272356|-0.8989429|-0.57205456|0.70825803
1509323272488|-0.667397|-0.12258312|-0.23154591
1509323272620|-0.8853226|-0.47671217|1.0215261
1509323272751|-0.43585113|0.095342435|-0.61291564
1509323272884|-0.31326798|-0.6537767|1.3484143
1509323273016|-0.068101734|0.0|-0.96704465
1509323273149|0.27240694|-0.61291564|1.4573771
1509323273279|0.32688835|0.53119355|-1.9477097
1509323273412|-0.19068487|-0.92618364|1.0896277
1509323273544|0.17706451|0.42223078|-1.6616825
1509323273677|-0.13620347|-0.50395286|0.6810174
1509323273808|-0.19068487|0.47671217|-1.9885707
1509323273940|-0.32688835|0.05448139|-1.9885707
1509323274074|-0.16344418|-0.46309182|0.7627395
1509323274204|0.10896278|0.5448139|-0.667397
1509323274336|-0.17706451|0.50395286|-1.2394516
1509323274468|-0.24516624|-0.8853226|1.1441091
1509323274600|-0.23154591|-0.12258312|-1.3892754
1509323274732|-0.28602728|-0.6810174|0.36774936
1509323274864|0.16344418|-0.08172209|-0.29964766
1509323274996|0.29964766|0.16344418|-1.5390993
1509323275128|0.08172209|-1.0760074|2.4925234
1509323275260|0.21792556|0.28602728|-1.3075534
1509323275392|-0.4086104|-0.84446156|1.1713499
1509323275524|0.14982383|0.29964766|-1.5118586
1509323275657|-0.14982383|-0.12258312|0.19068487
1509323275789|0.17706451|-0.10896278|0.47671217
1509323275926|-0.23154591|-0.3405087|-0.38136974
1509323276052|-0.08172209|-0.6946377|0.7627395
1509323276184|0.16344418|-0.17706451|-0.6401563
1509323276316|0.10896278|-0.7354987|1.2530719
1509323276448|-0.027240695|0.35412902|-1.0623871
1509323276581|-0.3949901|0.13620347|-1.607201
1509323276712|-0.4086104|-1.0623871|0.70825803
1509323276844|-0.10896278|-0.55843425|-0.095342435
1509323276976|0.28602728|-0.16344418|-0.70825803
1509323277108|-0.3949901|-1.4165161|1.5799603
1509323277239|-0.027240695|-0.87170225|0.068101734
1509323277372|0.3405087|-1.1849703|0.83084124
1509323277504|0.013620348|-0.8172208|0.43585113
1509323277636|0.040861044|-0.6537767|0.3949901
1509323277774|-0.10896278|-0.43585113|0.44947144
1509323277901|-0.08172209|-0.61291564|-0.027240695
1509323278032|0.2043052|-0.5992953|0.24516624
1509323278164|-0.19068487|-0.4086104|-0.38136974
1509323278295|-0.13620347|-0.4086104|-0.21792556
1509323278428|0.27240694|-0.70825803|1.7842655
1509323278560|-0.95342433|0.50395286|-1.6208212
1509323278692|0.12258312|-0.23154591|0.84446156
1509323278824|-0.6401563|0.58567494|-1.4982383
1509323279173|-0.51757324|0.6537767|-1.4301364
1509323279286|-0.57205456|0.31326798|-0.38136974
1509323279419|-0.16344418|0.38136974|-0.5992953
1509323279550|-0.2043052|0.46309182|-1.5390993
1509323279682|-0.31326798|-0.35412902|-0.50395286
1509323279816|0.08172209|-0.28602728|0.17706451
1509323279945|-0.013620348|0.068101734|-0.7763598
1509323280095|-0.027240695|0.040861044|-0.55843425
1509323280210|0.16344418|-0.3949901|0.62653595
1509323280342|0.040861044|-0.61291564|0.83084124
1509323280474|0.13620347|-0.095342435|-1.2666924
1509323280606|0.27240694|-1.1713499|2.002191
1509323280738|0.43585113|-0.068101734|-1.4301364
1509323280870|0.31326798|-1.0215261|1.7706451
1509323281000|0.23154591|-0.068101734|-0.7899802
1509323281134|0.42223078|-1.1304889|1.3620348
1509323281265|-0.095342435|-0.57205456|-1.1441091
1509323281399|0.27240694|-1.0896277|0.43585113
1509323281530|0.31326798|-0.35412902|-0.7354987
1509323281662|-0.10896278|-1.0079057|0.7899802
1509323281794|0.095342435|-0.068101734|-0.8989429
1509323281926|0.36774936|-0.29964766|0.83084124
1509323282057|-0.32688835|0.3949901|-1.1032481
1509323282190|-0.47671217|-0.23154591|0.16344418
1509323282322|-0.12258312|0.667397|-1.7570248
1509323282453|-0.32688835|0.25878662|-0.42223078
1509323282586|-0.23154591|0.8036005|-1.2122109
1509323282718|-0.28602728|-0.27240694|1.0215261
1509323282850|-0.31326798|0.46309182|-0.8172208
1509323282982|-0.55843425|-0.7218784|0.8853226
1509323283114|-0.42223078|-0.2043052|-0.49033248
1509323283246|-0.013620348|-0.14982383|-0.31326798
1509323283378|-0.13620347|-0.51757324|-0.027240695
1509323283510|-0.27240694|-0.6946377|0.47671217
1509323283642|-0.10896278|-0.35412902|-0.12258312
1509323283774|-0.31326798|-0.29964766|-0.61291564
1509323283906|0.027240695|-0.32688835|-0.29964766
1509323284038|0.28602728|-0.44947144|0.667397
1509323284169|0.23154591|0.013620348|-0.43585113
1509323284307|0.095342435|-0.29964766|0.8172208
1509323284434|-0.16344418|0.2043052|-0.667397
1509323284567|0.19068487|-0.16344418|0.095342435
1509323284699|0.12258312|0.49033248|-1.4165161
1509323284830|0.08172209|0.24516624|-0.10896278
1509323284962|0.14982383|1.3484143|-2.5742457
1509323285386|0.12258312|0.29964766|-0.040861044
1509323285490|0.35412902|0.6401563|-1.3211737
1509323285622|0.040861044|0.28602728|-0.8853226
1509323285753|-0.040861044|0.12258312|-0.6810174
1509323285887|-0.2043052|-0.8172208|0.5992953
1509323286018|-0.14982383|-0.08172209|-0.91256326
1509323286150|-0.32688835|-0.99428535|1.7978858
1509323286314|0.027240695|0.29964766|-0.7627395
1509323286413|-0.3949901|-0.8580819|1.4301364
1509323286545|-0.49033248|-0.3405087|-1.2530719
1509323286678|-0.6946377|-0.70825803|0.8580819
1509323286810|-0.23154591|-0.44947144|0.47671217
1509323286942|-0.27240694|-0.49033248|0.25878662
1509323287074|-0.068101734|-0.91256326|1.1304889
1509323287206|-0.16344418|-0.62653595|0.21792556
1509323287338|-0.35412902|-0.95342433|0.21792556
1509323287470|0.14982383|-0.55843425|0.3949901
1509323287602|-0.013620348|-0.3949901|0.46309182
1509323287734|0.040861044|0.0|0.068101734
1509323287867|-0.44947144|-0.3405087|0.14982383
1509323287998|-0.013620348|-0.19068487|0.27240694
1509323288130|-0.05448139|-0.28602728|-0.08172209
1509323288262|-0.013620348|-0.47671217|-0.068101734
1509323288393|0.38136974|-0.3949901|0.040861044
