1509251552525|0.21792556|2.2473574|9.547864
1509251552651|0.27240694|2.070293|9.588725
1509251552783|0.29964766|1.920469|9.615966
1509251552915|0.29964766|1.8523673|9.629586
1509251553047|0.29964766|1.7978858|9.643206
1509251553180|0.29964766|1.7434045|9.656826
1509251553311|0.3405087|1.7161638|9.656826
1509251553444|0.4086104|1.6889231|9.656826
1509251553576|0.44947144|1.6889231|9.656826
1509251553708|0.46309182|1.7570248|9.643206
1509251553840|0.44947144|1.8932283|9.615966
1509251553971|0.42223078|2.070293|9.588725
1509251554103|0.3949901|2.315459|9.534244
1509251554236|0.36774936|2.5742457|9.466142
1509251554368|0.36774936|2.819412|9.39804
1509251554500|0.36774936|2.9964767|9.343558
1509251554631|0.36774936|3.13268|9.302697
1509251554764|0.3405087|3.323365|9.234595
1509251554896|0.29964766|3.486809|9.166493
1509251555030|0.2043052|3.5957716|9.125632
1509251555160|0.12258312|3.677494|9.0983925
1509251555292|0.095342435|3.7455957|9.071152
1509251555424|0.095342435|3.7864566|9.057531
1509251555557|0.095342435|3.8545582|9.030291
1509251555700|0.13620347|3.881799|9.01667
1509251555820|0.16344418|3.881799|9.01667
1509251555952|0.17706451|3.8954194|9.01667
1509251556083|0.17706451|3.8954194|9.00305
1509251556214|0.19068487|3.9090397|9.00305
1509251556348|0.21792556|3.963521|8.975809
1509251556480|0.31326798|3.9907618|8.962189
1509251556612|0.49033248|4.004382|8.948568
1509251556744|0.62653595|3.9907618|8.948568
1509251556876|0.70825803|3.9226599|8.962189
1509251557008|0.8036005|3.840938|9.00305
1509251557141|0.939804|3.7319753|9.030291
1509251557272|1.0760074|3.6230123|9.057531
1509251557405|1.2530719|3.5140495|9.071152
1509251557538|1.3892754|3.3914666|9.0983925
1509251557668|1.5390993|3.2280223|9.139253
1509251557800|1.6753027|2.969236|9.207355
1509251557932|1.7570248|2.7104492|9.261836
1509251558064|1.8251265|2.587866|9.289077
1509251558196|1.920469|2.5061438|9.289077
1509251558328|1.9885707|2.465283|9.289077
1509251558460|2.0566726|2.4380422|9.275456
1509251558591|2.083913|2.4244218|9.275456
1509251558723|2.0430522|2.3971813|9.289077
1509251558856|1.8932283|2.3426998|9.343558
1509251558988|1.6753027|2.2882183|9.39804
1509251559119|1.484618|2.2609777|9.438901
1509251559251|1.3620348|2.2473574|9.452521
1509251559384|1.2394516|2.3018386|9.466142
1509251559516|1.1441091|2.4244218|9.438901
1509251559648|1.0623871|2.5606253|9.41166
1509251559780|0.8989429|2.669588|9.39804
1509251559912|0.667397|2.75131|9.39804
1509251560044|0.42223078|2.819412|9.39804
1509251560179|0.24516624|2.860273|9.384419
1509251560308|0.13620347|2.9147542|9.370799
1509251560440|0.095342435|2.969236|9.357179
1509251560572|0.08172209|3.050958|9.329938
1509251560703|0.068101734|3.1190596|9.302697
1509251560835|0.05448139|3.1463003|9.302697
1509251560968|-0.05448139|3.1463003|9.302697
1509251561100|-0.17706451|3.1463003|9.289077
1509251561230|-0.24516624|3.1463003|9.289077
1509251561363|-0.24516624|3.1463003|9.302697
1509251561496|-0.21792556|3.13268|9.302697
1509251561628|-0.13620347|3.13268|9.302697
1509251561759|-0.08172209|3.13268|9.302697
1509251561892|-0.095342435|3.0781987|9.316318
1509251562023|-0.10896278|3.010097|9.343558
1509251562155|-0.10896278|2.9556153|9.357179
1509251562299|-0.10896278|2.9147542|9.370799
1509251562419|-0.08172209|2.901134|9.370799
1509251562552|0.040861044|2.901134|9.370799
1509251562682|0.14982383|2.901134|9.370799
1509251562815|0.19068487|2.8875136|9.370799
1509251562947|0.16344418|2.8466525|9.384419
1509251563079|0.14982383|2.7785509|9.41166
1509251563212|0.12258312|2.7104492|9.425281
1509251563344|0.12258312|2.669588|9.438901
1509251563476|0.14982383|2.6559677|9.452521
1509251563615|0.27240694|2.669588|9.438901
1509251563739|0.43585113|2.6559677|9.438901
1509251563872|0.57205456|2.6423473|9.438901
1509251564004|0.667397|2.547005|9.452521
1509251564136|0.7627395|2.4380422|9.479762
1509251564267|0.8989429|2.3290794|9.493382
1509251564400|1.0623871|2.2882183|9.479762
