1509145511347|-24.72|28.32|-28.5
1509145511477|-24.84|27.96|-27.42
1509145511609|-25.439999|27.779999|-26.82
1509145511741|-25.619999|27.72|-26.34
1509145511873|-25.859999|27.0|-25.5
1509145512005|-26.4|25.56|-25.439999
1509145512138|-26.4|24.0|-25.439999
1509145512269|-26.699999|22.68|-25.859999
1509145512401|-26.939999|22.14|-26.699999
1509145512533|-27.06|22.859999|-27.599998
1509145512665|-27.0|23.82|-29.34
1509145512797|-26.519999|25.619999|-31.14
1509145512929|-25.98|27.96|-33.54
1509145513062|-25.199999|29.76|-35.219997
1509145513193|-24.72|31.38|-36.54
1509145513325|-24.119999|32.04|-37.86
1509145513457|-23.64|32.52|-37.98
1509145513589|-23.039999|32.82|-39.18
1509145513721|-22.08|33.36|-40.32
1509145513853|-21.48|34.739998|-41.82
1509145513985|-20.34|37.32|-43.739998
1509145514118|-19.26|40.92|-45.12
1509145514249|-17.88|45.36|-46.02
1509145514381|-16.98|49.44|-46.14
1509145514513|-16.26|53.16|-47.1
1509145514645|-15.719999|57.239998|-49.02
1509145514777|-15.059999|61.199997|-51.48
1509145514909|-14.219999|65.82|-54.96
1509145515041|-13.86|69.9|-56.76
1509145515173|-13.92|72.299995|-57.66
1509145515305|-15.0|73.74|-57.6
1509145515437|-15.42|73.86|-56.039997
1509145515569|-16.02|73.26|-54.96
1509145515701|-15.839999|73.68|-53.64
1509145515833|-15.48|74.28|-52.68
1509145515965|-15.42|75.36|-52.379997
1509145516097|-15.42|76.14|-52.14
1509145516231|-16.44|76.439995|-52.26
1509145516361|-17.88|75.24|-52.68
1509145516502|-19.32|72.24|-54.42
1509145516625|-20.22|69.18|-58.14
1509145516758|-20.34|65.46|-63.42
1509145516890|-19.56|63.18|-69.24
1509145517022|-18.42|61.559998|-74.76
1509145517154|-16.859999|60.719997|-78.54
1509145517285|-15.24|60.3|-80.58
1509145517417|-13.86|60.3|-81.36
1509145517550|-13.799999|61.44|-81.479996
1509145517681|-16.68|64.38|-81.42
1509145517817|-21.779999|67.86|-81.96
1509145517946|-27.9|71.939995|-82.56
1509145518078|-33.6|75.18|-84.18
1509145518211|-37.86|76.979996|-85.74
1509145518342|-39.6|78.479996|-87.6
1509145518473|-40.02|79.14|-90.119995
1509145518605|-39.6|80.159996|-92.759995
1509145518738|-37.98|81.18|-95.88
1509145518871|-36.719997|82.74|-98.759995
1509145519002|-35.82|85.439995|-102.0
1509145519135|-34.739998|88.68|-104.28
1509145519266|-33.36|91.68|-105.479996
1509145519399|-31.679998|94.259995|-106.38
1509145519530|-30.0|95.7|-106.799995
1509145519662|-28.5|96.18|-106.74
1509145519794|-27.42|96.6|-106.32
1509145519926|-26.699999|96.42|-105.42
1509145520058|-25.5|95.52|-104.64
1509145520190|-25.199999|93.84|-102.96
1509145520322|-24.48|90.42|-102.24
1509145520454|-23.46|86.46|-101.34
1509145520586|-23.4|82.02|-100.14
1509145520718|-22.26|77.82|-99.06
1509145520850|-22.08|74.64|-97.14
1509145520982|-22.08|72.0|-95.46
1509145521114|-22.199999|70.86|-93.24
1509145521246|-22.68|69.42|-92.1
1509145521378|-23.039999|69.72|-91.86
1509145521510|-22.98|71.34|-92.04
1509145521642|-23.039999|73.92|-92.22
1509145521774|-22.74|78.0|-93.06
1509145521906|-22.199999|83.159996|-93.479996
1509145522038|-22.38|87.36|-93.479996
1509145522170|-22.38|89.759995|-92.759995
1509145522302|-22.56|90.42|-90.72
1509145522434|-24.0|87.72|-88.799995
1509145522566|-25.32|84.24|-85.86
1509145522698|-26.34|79.2|-82.86
1509145522830|-27.48|74.04|-78.479996
1509145522962|-27.779999|67.68|-72.479996
1509145523094|-28.38|60.78|-65.82
1509145523226|-28.859999|53.16|-59.64
1509145523358|-29.46|44.16|-54.48
1509145523489|-30.119999|35.64|-50.219997
1509145523621|-30.359999|26.699999|-46.5
1509145523754|-30.48|18.24|-41.52
1509145523886|-30.84|10.139999|-36.54
1509145524018|-31.56|2.1599998|-32.04
1509145524150|-32.399998|-6.0|-28.8
1509145524282|-32.82|-12.0|-28.08
1509145524413|-32.7|-15.179999|-29.039999
1509145524546|-32.52|-16.32|-30.42
1509145524683|-31.859999|-14.759999|-32.1
1509145524809|-32.16|-12.179999|-33.36
1509145524943|-32.16|-9.96|-34.32
1509145525073|-32.219997|-8.099999|-34.92
1509145525206|-32.04|-7.5|-35.34
1509145525338|-31.26|-8.04|-35.64
1509145525470|-30.84|-9.48|-34.559998
1509145525601|-30.599998|-11.219999|-33.66
1509145525734|-30.48|-13.679999|-32.46
1509145525866|-30.42|-16.74|-31.26
1509145525998|-30.72|-19.56|-30.42
1509145526129|-30.48|-23.58|-29.699999
1509145526262|-30.66|-26.4|-28.98
1509145526393|-31.019999|-28.74|-28.14
1509145526526|-31.679998|-32.219997|-26.46
1509145526658|-32.04|-34.92|-24.0
1509145526790|-32.76|-38.76|-20.76
1509145526923|-33.239998|-42.899998|-17.039999
1509145527054|-33.78|-45.719997|-15.299999
1509145527186|-33.96|-46.68|-15.54
1509145527318|-33.899998|-43.92|-17.82
1509145527450|-33.48|-37.62|-22.26
1509145527583|-32.579998|-28.92|-27.42
1509145527714|-31.859999|-18.3|-32.579998
1509145527846|-30.599998|-7.14|-37.079998
1509145527978|-29.4|5.04|-41.82
1509145528110|-27.9|18.359999|-45.78
1509145528242|-26.279999|32.34|-50.64
1509145528374|-25.14|46.26|-55.98
1509145528505|-23.76|58.8|-60.66
1509145528638|-22.32|70.68|-65.58
1509145528770|-21.24|81.9|-69.9
