1509156416408|0.8989429|2.070293|9.547864
1509156416541|0.8853226|2.0430522|9.561484
1509156416673|0.83084124|2.0294318|9.561484
1509156416808|0.7763598|2.0158114|9.575105
1509156416937|0.70825803|2.0158114|9.575105
1509156417069|0.6401563|2.0158114|9.588725
1509156417203|0.57205456|1.9885707|9.588725
1509156417333|0.53119355|1.9749503|9.602345
1509156417465|0.49033248|1.9749503|9.602345
1509156417597|0.44947144|1.9749503|9.602345
1509156417729|0.3949901|1.9749503|9.602345
1509156417861|0.35412902|1.9885707|9.602345
1509156417993|0.31326798|2.0430522|9.602345
1509156418124|0.25878662|2.0975335|9.588725
1509156418258|0.2043052|2.1247742|9.575105
1509156418388|0.13620347|2.165635|9.575105
1509156418521|0.068101734|2.192876|9.561484
1509156418653|0.013620348|2.2201166|9.561484
1509156418785|-0.040861044|2.2609777|9.547864
1509156418916|-0.10896278|2.3018386|9.547864
1509156419048|-0.17706451|2.3290794|9.534244
1509156419184|-0.23154591|2.3426998|9.520623
1509156419313|-0.29964766|2.3563201|9.520623
1509156419445|-0.3405087|2.3699405|9.520623
1509156419577|-0.35412902|2.3563201|9.520623
1509156419709|-0.36774936|2.3290794|9.534244
1509156419841|-0.38136974|2.2882183|9.534244
1509156419972|-0.3949901|2.2473574|9.547864
1509156420104|-0.3949901|2.233737|9.547864
1509156420236|-0.4086104|2.2064962|9.561484
1509156420368|-0.4086104|2.165635|9.561484
1509156420502|-0.4086104|2.1111538|9.575105
1509156420633|-0.4086104|2.0430522|9.588725
1509156420765|-0.3949901|1.9885707|9.602345
1509156420897|-0.3949901|1.9340893|9.615966
1509156421029|-0.38136974|1.879608|9.629586
1509156421160|-0.38136974|1.8251265|9.629586
1509156421294|-0.38136974|1.7842655|9.643206
1509156421425|-0.38136974|1.7706451|9.643206
1509156421557|-0.38136974|1.7434045|9.656826
1509156421689|-0.38136974|1.7297841|9.656826
1509156421832|-0.38136974|1.7161638|9.656826
1509156421954|-0.38136974|1.7025435|9.656826
1509156422087|-0.38136974|1.7025435|9.656826
1509156422217|-0.38136974|1.7025435|9.656826
1509156422352|-0.38136974|1.7297841|9.656826
1509156422481|-0.38136974|1.7570248|9.643206
1509156422613|-0.36774936|1.8115062|9.643206
1509156422745|-0.36774936|1.8523673|9.629586
1509156422878|-0.36774936|1.879608|9.629586
1509156423010|-0.36774936|1.920469|9.615966
1509156423144|-0.36774936|1.9613299|9.615966
1509156423273|-0.36774936|2.002191|9.602345
1509156423405|-0.36774936|2.0430522|9.588725
1509156423536|-0.36774936|2.0566726|9.588725
1509156423670|-0.36774936|2.070293|9.588725
1509156423801|-0.35412902|2.083913|9.588725
1509156423935|-0.32688835|2.083913|9.588725
1509156424065|-0.28602728|2.083913|9.588725
1509156424198|-0.24516624|2.083913|9.588725
1509156424330|-0.21792556|2.083913|9.588725
1509156424460|-0.19068487|2.083913|9.588725
1509156424593|-0.16344418|2.083913|9.588725
1509156424725|-0.12258312|2.1111538|9.588725
1509156424856|-0.095342435|2.1383946|9.575105
1509156424988|-0.095342435|2.1792555|9.561484
1509156425121|-0.095342435|2.233737|9.561484
1509156425253|-0.12258312|2.3018386|9.547864
1509156425385|-0.2043052|2.3699405|9.520623
1509156425517|-0.28602728|2.4380422|9.507003
1509156425650|-0.38136974|2.5197642|9.479762
1509156425781|-0.46309182|2.6151068|9.452521
1509156425915|-0.53119355|2.6968286|9.425281
1509156426045|-0.62653595|2.7785509|9.39804
1509156426177|-0.7218784|2.860273|9.357179
1509156426309|-0.8036005|2.9147542|9.343558
1509156426441|-0.87170225|2.941995|9.316318
1509156426573|-0.91256326|2.969236|9.316318
1509156426706|-0.939804|2.969236|9.302697
1509156426842|-0.939804|2.969236|9.302697
1509156426969|-0.91256326|2.9556153|9.316318
1509156427101|-0.87170225|2.9556153|9.316318
1509156427235|-0.8036005|2.9556153|9.329938
1509156427365|-0.74911916|2.9283745|9.343558
1509156427498|-0.6810174|2.8875136|9.357179
1509156427629|-0.62653595|2.8466525|9.370799
1509156427761|-0.55843425|2.7921712|9.39804
1509156427894|-0.49033248|2.73769|9.41166
1509156428026|-0.42223078|2.7104492|9.425281
1509156428158|-0.35412902|2.6832085|9.438901
1509156428289|-0.28602728|2.6423473|9.452521
1509156428421|-0.21792556|2.6151068|9.452521
