1509253489297|118
1509253489505|114
1509253489707|108
1509253489912|110
1509253490121|109
1509253490324|207
1509253490528|391
1509253490734|397
1509253490941|392
1509253491149|391
1509253491355|402
1509253491558|408
1509253491763|386
1509253491969|374
1509253492174|391
1509253492380|386
1509253492587|355
1509253492792|314
1509253493001|279
1509253493403|286
1509253493606|298
1509253493811|316
1509253494015|311
1509253494230|358
1509253494441|631
1509253494640|727
1509253494845|757
1509253495050|711
1509253495263|708
1509253495466|688
1509253495673|675
1509253495874|705
1509253496078|744
1509253496290|1282
1509253496491|1195
1509253496896|1146
1509253497101|1074
1509253497305|1003
1509253497507|1021
1509253497710|1149
1509253497914|1000
1509253498118|1194
1509253498324|971
1509253498525|1176
1509253498728|943
1509253498933|678
1509253499143|991
1509253499341|758
1509253499547|788
1509253499750|918
1509253499954|730
1509253500158|742
1509253500363|825
1509253500568|594
1509253500779|761
1509253500976|706
1509253501180|599
1509253501385|645
1509253501590|452
1509253501796|525
1509253502012|550
1509253502217|494
1509253502424|500
1509253502627|487
1509253502832|509
1509253503036|516
1509253503242|506
