1509323259025|1.2258313|6.9872384|6.782933
1509323259157|1.2258313|6.9599977|6.8237944
1509323259289|1.2258313|6.932757|6.851035
1509323259420|1.2122109|6.905516|6.864655
1509323259557|1.2258313|6.891896|6.8782754
1509323259685|1.2394516|6.891896|6.8782754
1509323259818|1.2803127|6.891896|6.8782754
1509323259950|1.334794|6.891896|6.864655
1509323260082|1.4028958|6.905516|6.8374147
1509323260213|1.4437568|6.9463773|6.782933
1509323260345|1.4982383|7.000859|6.7148314
1509323260478|1.5390993|7.06896|6.6331096
1509323260609|1.5799603|7.1098213|6.592248
1509323260741|1.607201|7.1234417|6.551387
1509323260873|1.6616825|7.137062|6.524146
1509323261005|1.6753027|7.1506824|6.524146
1509323261139|1.6889231|7.1643023|6.4969053
1509323261268|1.7161638|7.191543|6.4424243
1509323261401|1.7297841|7.232404|6.401563
1509323261533|1.7434045|7.2732654|6.360702
1509323261665|1.7297841|7.2868857|6.3470817
1509323261796|1.7025435|7.2868857|6.3470817
1509323261933|1.6889231|7.2868857|6.3470817
1509323262061|1.7025435|7.2868857|6.360702
1509323262193|1.7025435|7.300506|6.3470817
1509323262325|1.7161638|7.314126|6.3198414
1509323262458|1.7434045|7.3413677|6.2789803
1509323262589|1.7842655|7.354988|6.2517395
1509323262721|1.8115062|7.354988|6.2517395
1509323262852|1.8523673|7.3277473|6.2517395
1509323262985|1.879608|7.300506|6.2926006
1509323263117|1.8932283|7.232404|6.360702
1509323263249|1.920469|7.1643023|6.428804
1509323263381|1.9477097|7.137062|6.4560447
1509323263513|1.9749503|7.1098213|6.469665
1509323263643|1.9885707|7.0825806|6.483285
1509323263777|2.0158114|7.06896|6.5105257
1509323263919|2.0430522|7.05534|6.5105257
1509323264040|2.0566726|7.0417194|6.524146
1509323264173|2.070293|7.0417194|6.524146
1509323264305|2.1111538|7.05534|6.483285
1509323264437|2.1520147|7.1098213|6.428804
1509323264569|2.165635|7.1779227|6.3334613
1509323264701|2.1792555|7.259645|6.238119
1509323264833|2.192876|7.314126|6.1700177
1509323264965|2.2064962|7.354988|6.115536
1509323265097|2.2609777|7.354988|6.101916
1509323265229|2.3290794|7.3413677|6.0882955
1509323265361|2.4244218|7.314126|6.074675
1509323265493|2.5197642|7.2868857|6.074675
1509323265625|2.587866|7.259645|6.074675
1509323265757|2.6559677|7.232404|6.074675
1509323265889|2.6968286|7.218784|6.074675
1509323266020|2.7649305|7.1779227|6.0882955
1509323266154|2.8330321|7.1506824|6.0882955
1509323266286|2.9147542|7.1098213|6.101916
1509323266419|2.9828563|7.096201|6.101916
1509323266549|3.0237172|7.0825806|6.0882955
1509323266681|3.0645783|7.096201|6.0610547
1509323266813|3.0781987|7.1234417|6.020194
1509323266945|3.0645783|7.137062|6.0065737
1509323267076|3.0373375|7.1506824|6.0065737
1509323267208|2.9964767|7.1506824|6.0065737
1509323267341|2.9556153|7.1506824|6.0474343
1509323267472|2.9147542|7.1098213|6.101916
1509323267605|2.8875136|7.0825806|6.142777
1509323267737|2.8875136|7.05534|6.1700177
1509323267869|2.8738933|7.0417194|6.197258
1509323268001|2.8738933|7.028099|6.2108784
1509323268138|2.8738933|7.028099|6.2244987
1509323268265|2.8738933|7.0144787|6.2244987
1509323268397|2.8875136|7.0144787|6.2244987
1509323268530|2.9147542|7.0144787|6.2108784
1509323268661|2.941995|7.0144787|6.197258
1509323268793|2.969236|7.028099|6.1836376
1509323268927|2.9964767|7.0417194|6.142777
1509323269057|3.0237172|7.05534|6.115536
1509323269188|3.050958|7.05534|6.0882955
1509323269320|3.0781987|7.05534|6.0882955
1509323269453|3.1054392|7.028099|6.101916
1509323269585|3.13268|6.9872384|6.142777
1509323269716|3.1463003|6.932757|6.197258
1509323269849|3.1463003|6.891896|6.238119
1509323269981|3.1599207|6.851035|6.26536
1509323270113|3.1599207|6.8374147|6.2926006
1509323270244|3.1735408|6.8237944|6.306221
1509323270378|3.1735408|6.8237944|6.306221
1509323270509|3.1735408|6.8237944|6.306221
1509323270641|3.1599207|6.8374147|6.2789803
1509323270773|3.1463003|6.905516|6.2244987
1509323270905|3.13268|6.973618|6.1563973
1509323271036|3.1054392|7.05534|6.074675
1509323271173|3.0918188|7.1098213|6.020194
1509323271301|3.0645783|7.1643023|5.952092
1509323271432|3.050958|7.2051635|5.924851
1509323271564|3.0237172|7.2460246|5.89761
1509323271697|2.969236|7.2732654|5.88399
1509323271828|2.8875136|7.300506|5.88399
1509323271961|2.7649305|7.3413677|5.88399
1509323272093|2.6423473|7.3822284|5.89761
1509323272224|2.5061438|7.409469|5.924851
1509323272357|2.383561|7.43671|5.952092
1509323272488|2.2609777|7.4503303|5.979333
1509323272621|2.1383946|7.4503303|6.020194
1509323272751|2.0158114|7.43671|6.074675
1509323272884|1.8932283|7.43671|6.115536
1509323273017|1.7842655|7.43671|6.1563973
1509323273149|1.6889231|7.43671|6.1700177
1509323273280|1.6208212|7.4503303|6.1836376
1509323273413|1.5935806|7.4639506|6.1836376
1509323273545|1.5799603|7.4911914|6.142777
1509323273677|1.5935806|7.504812|6.1291566
1509323273808|1.5935806|7.504812|6.1291566
1509323273940|1.607201|7.532052|6.0882955
1509323274075|1.6208212|7.572913|6.033814
1509323274204|1.6208212|7.600154|5.9929533
1509323274337|1.6344416|7.6546354|5.924851
1509323274469|1.648062|7.695496|5.8703694
1509323274600|1.648062|7.736357|5.815888
1509323274733|1.6616825|7.763598|5.7750273
1509323274864|1.6616825|7.7908387|5.734166
1509323274997|1.6616825|7.8180795|5.7069254
1509323275129|1.648062|7.8317|5.6796846
1509323275261|1.648062|7.8453197|5.6660643
1509323275393|1.6344416|7.8453197|5.6660643
1509323275524|1.6344416|7.8317|5.6796846
1509323275657|1.6208212|7.804459|5.734166
1509323275789|1.6208212|7.7772183|5.761407
1509323275927|1.6208212|7.763598|5.7750273
1509323276053|1.6208212|7.763598|5.7886477
1509323276184|1.6208212|7.7499776|5.802268
1509323276316|1.6344416|7.7499776|5.802268
1509323276449|1.6344416|7.7499776|5.802268
1509323276581|1.6344416|7.7499776|5.802268
1509323276713|1.6344416|7.736357|5.815888
1509323276845|1.6208212|7.7091165|5.8431287
1509323276977|1.6208212|7.695496|5.8703694
1509323277109|1.6344416|7.6546354|5.9112306
1509323277240|1.6344416|7.6137743|5.979333
1509323277372|1.648062|7.532052|6.074675
1509323277505|1.6616825|7.4639506|6.1563973
1509323277636|1.6753027|7.3686085|6.2517395
1509323277774|1.6889231|7.300506|6.3334613
1509323277901|1.7025435|7.218784|6.428804
1509323278032|1.7161638|7.1506824|6.4969053
1509323278165|1.7297841|7.06896|6.5786276
1509323278296|1.7434045|7.000859|6.6603503
1509323278429|1.7434045|6.9463773|6.7148314
1509323278560|1.7434045|6.864655|6.7965536
1509323278692|1.7297841|6.851035|6.810174
1509323278824|1.7297841|6.8374147|6.8237944
1509323279173|1.7025435|6.851035|6.8237944
1509323279287|1.6208212|6.973618|6.7148314
1509323279420|1.5799603|7.028099|6.6603503
1509323279551|1.5390993|7.096201|6.6058683
1509323279682|1.5118586|7.1506824|6.565007
1509323279817|1.4709975|7.191543|6.5105257
1509323279946|1.4573771|7.232404|6.469665
1509323280095|1.4437568|7.2868857|6.4151835
1509323280210|1.4301364|7.314126|6.387943
1509323280343|1.4165161|7.3277473|6.3743224
1509323280475|1.4165161|7.3277473|6.3743224
1509323280606|1.4301364|7.314126|6.387943
1509323280739|1.4437568|7.300506|6.401563
1509323280870|1.4709975|7.2732654|6.428804
1509323281001|1.484618|7.232404|6.469665
1509323281134|1.5118586|7.1779227|6.524146
1509323281266|1.525479|7.1234417|6.5786276
1509323281399|1.5527196|7.05534|6.6331096
1509323281531|1.5935806|6.9872384|6.701211
1509323281663|1.6208212|6.9191365|6.769313
1509323281795|1.648062|6.851035|6.8374147
1509323281927|1.6616825|6.7965536|6.8782754
1509323282058|1.6889231|6.769313|6.905516
1509323282191|1.6889231|6.769313|6.905516
1509323282322|1.7025435|6.769313|6.905516
1509323282454|1.7161638|6.782933|6.8782754
1509323282586|1.7161638|6.8237944|6.8374147
1509323282719|1.7025435|6.891896|6.782933
1509323282850|1.6889231|6.9463773|6.7284517
1509323282983|1.6616825|7.000859|6.6739707
1509323283115|1.6344416|7.0417194|6.6331096
1509323283246|1.5935806|7.096201|6.592248
1509323283378|1.56634|7.137062|6.551387
1509323283510|1.5390993|7.1506824|6.5377665
1509323283643|1.4982383|7.1643023|6.5377665
1509323283775|1.4982383|7.1643023|6.5377665
1509323283906|1.484618|7.137062|6.5786276
1509323284039|1.484618|7.1098213|6.592248
1509323284170|1.484618|7.05534|6.6603503
1509323284308|1.484618|7.028099|6.687591
1509323284435|1.484618|7.000859|6.7148314
1509323284567|1.5118586|6.973618|6.742072
1509323284699|1.5390993|6.9599977|6.7556925
1509323284830|1.56634|6.9599977|6.742072
1509323284963|1.5935806|7.000859|6.687591
1509323285387|1.6208212|7.096201|6.5786276
1509323285491|1.6753027|7.43671|6.1700177
1509323285623|1.7025435|7.5456724|6.0474343
1509323285754|1.7161638|7.641015|5.9112306
1509323285887|1.7434045|7.736357|5.7886477
1509323286019|1.7570248|7.804459|5.693305
1509323286150|1.7570248|7.8453197|5.6252036
1509323286316|1.7434045|7.8725605|5.597963
1509323286414|1.7434045|7.8725605|5.597963
1509323286545|1.7025435|7.8998013|5.570722
1509323286678|1.6753027|7.8998013|5.570722
1509323286811|1.648062|7.886181|5.597963
1509323286942|1.607201|7.8453197|5.6796846
1509323287075|1.56634|7.763598|5.7886477
1509323287207|1.5390993|7.681876|5.9112306
1509323287339|1.5118586|7.6137743|6.0065737
1509323287471|1.4709975|7.532052|6.1291566
1509323287603|1.4437568|7.477571|6.197258
1509323287735|1.4301364|7.4230895|6.26536
1509323287867|1.4165161|7.3958488|6.2926006
1509323287999|1.4028958|7.354988|6.3334613
1509323288131|1.375655|7.3277473|6.387943
1509323288263|1.3620348|7.2868857|6.428804
1509323288394|1.3620348|7.2460246|6.469665
