1509087532735|-0.38136974|0.19068487|-0.32688835
1509087532852|-0.2043052|0.17706451|-0.5448139
1509087532986|-0.16344418|0.068101734|-0.46309182
1509087533117|-0.29964766|0.2043052|-0.040861044
1509087533249|0.05448139|0.0|-0.095342435
1509087533381|-0.068101734|0.19068487|0.027240695
1509087533513|0.0|-0.013620348|-0.53119355
1509087533645|0.08172209|0.040861044|-0.27240694
1509087533778|0.36774936|-0.08172209|0.17706451
1509087533908|0.4086104|-0.05448139|0.46309182
1509087534040|0.027240695|-0.027240695|0.027240695
1509087534172|0.013620348|0.08172209|-0.70825803
1509087534305|0.42223078|0.027240695|0.08172209
1509087534437|-0.24516624|0.28602728|-0.23154591
1509087534569|-0.5448139|0.24516624|-1.375655
1509087534701|-0.2043052|0.14982383|-0.095342435
1509087534833|-0.040861044|0.095342435|0.2043052
1509087534964|-0.32688835|0.068101734|-0.95342433
1509087535097|-0.2043052|0.12258312|-1.2666924
1509087535228|-0.44947144|0.17706451|-1.2258313
1509087535360|-0.38136974|-0.19068487|1.2122109
1509087535491|-0.29964766|-0.027240695|-1.7161638
1509087535624|0.040861044|0.12258312|-1.7842655
1509087535757|0.16344418|-0.10896278|0.95342433
1509087535888|0.23154591|0.25878662|-2.3426998
1509087536020|-0.013620348|0.013620348|-0.10896278
1509087536152|0.35412902|-0.17706451|0.19068487
1509087536285|0.35412902|0.70825803|-2.2064962
1509087536415|0.43585113|0.068101734|1.3484143
1509087536548|0.51757324|0.17706451|-0.7218784
1509087536680|0.7627395|0.38136974|-1.8659877
1509087536812|0.84446156|0.05448139|0.70825803
1509087536943|1.0079057|-0.23154591|0.46309182
1509087537077|0.7627395|0.23154591|-1.0079057
1509087537208|0.8989429|0.17706451|-0.040861044
1509087537343|0.6946377|-0.13620347|1.3484143
1509087537473|0.4086104|0.3405087|-1.1849703
1509087537604|0.84446156|-0.068101734|0.58567494
1509087537737|0.53119355|-0.25878662|0.83084124
1509087537868|0.38136974|-0.08172209|-0.57205456
1509087538001|0.46309182|-0.29964766|-0.38136974
1509087538132|-0.16344418|-0.10896278|-0.5992953
1509087538264|0.0|-0.19068487|0.36774936
1509087538396|0.21792556|-0.25878662|0.05448139
1509087538529|-0.068101734|-0.040861044|-0.068101734
1509087538660|-0.12258312|-0.14982383|-0.32688835
1509087538791|0.16344418|-0.28602728|-0.16344418
1509087538925|0.6537767|-0.7899802|0.35412902
1509087539057|0.19068487|-0.2043052|0.013620348
1509087539189|0.29964766|-0.4086104|-0.12258312
1509087539320|0.14982383|-0.027240695|-0.8036005
1509087539453|0.44947144|-0.13620347|-0.23154591
1509087539585|0.068101734|-0.36774936|0.6810174
1509087539717|-0.095342435|-0.12258312|-0.51757324
1509087539849|0.31326798|-0.25878662|-0.05448139
1509087539981|0.0|-0.12258312|0.068101734
1509087540112|-0.16344418|-0.13620347|-0.35412902
1509087540245|-0.2043052|-0.027240695|-0.31326798
1509087540377|0.16344418|-0.08172209|0.27240694
1509087540511|-0.040861044|-0.027240695|-0.35412902
1509087540640|-0.3949901|0.12258312|-0.53119355
1509087540773|0.095342435|0.027240695|0.17706451
1509087540906|-0.095342435|-0.19068487|0.7763598
1509087541037|-0.43585113|0.13620347|-1.4028958
1509087541169|0.13620347|-0.027240695|0.08172209
1509087541301|-0.3949901|-0.095342435|-1.2122109
1509087541433|0.14982383|-0.10896278|0.38136974
1509087541565|0.13620347|-0.4086104|1.0351465
1509087541696|-0.16344418|-0.05448139|-1.1032481
1509087541828|0.28602728|-0.08172209|0.27240694
1509087541960|0.10896278|-0.16344418|0.36774936
1509087542093|0.068101734|0.027240695|-0.87170225
1509087542225|0.42223078|0.05448139|-0.28602728
1509087542356|0.17706451|-0.3949901|0.92618364
1509087542488|0.08172209|-0.14982383|-1.1032481
1509087542621|1.525479|1.4437568|0.38136974
1509087542753|2.0158114|2.1247742|-0.19068487
1509087542885|0.3405087|-1.5935806|0.27240694
1509087543016|0.36774936|-2.083913|-0.57205456
1509087543149|-0.095342435|-2.233737|-0.6537767
1509087543281|-0.42223078|-1.9068487|0.31326798
1509087543375|-0.16344418|-2.3426998|0.068101734
1509087543479|0.19068487|-1.9340893|0.068101734
1509087543610|1.1168685|-1.6616825|-0.12258312
1509087543743|2.2473574|-1.5118586|0.47671217
1509087543875|2.1111538|-1.2394516|0.21792556
1509087544007|1.9068487|-1.0760074|0.14982383
1509087544138|1.6616825|-0.91256326|0.095342435
1509087544270|1.484618|-0.6946377|0.05448139
1509087544402|1.334794|-0.3949901|0.0
1509087544535|1.1985906|-0.17706451|-0.027240695
1509087544666|1.0487667|-0.040861044|-0.040861044
1509087544799|0.87170225|0.013620348|-0.05448139
1509087544931|0.6537767|0.040861044|-0.05448139
1509087545062|0.43585113|0.05448139|-0.08172209
1509087545194|0.24516624|0.05448139|-0.068101734
1509087545327|0.13620347|0.027240695|-0.08172209
1509087545459|0.068101734|0.013620348|-0.08172209
1509087545591|0.013620348|0.0|-0.08172209
1509087545723|-0.013620348|-0.013620348|-0.08172209
1509087545855|0.0|-0.013620348|-0.08172209
1509087545986|0.0|-0.013620348|-0.08172209
1509087546118|0.0|-0.013620348|-0.08172209
1509087546250|0.0|-0.027240695|-0.08172209
