1509253435894|67
1509253436098|64
1509253436304|61
1509253436508|63
1509253436709|66
1509253436913|67
1509253437321|65
1509253437728|57
1509253437932|55
1509253438140|82
1509253438344|99
1509253438550|128
1509253438753|193
1509253438957|308
1509253439161|380
1509253439375|453
1509253439574|518
1509253439774|561
1509253439978|594
1509253440193|611
1509253440390|675
1509253440592|669
1509253440798|646
1509253441002|681
1509253441208|672
1509253441616|666
1509253441824|639
1509253442027|602
1509253442234|614
1509253442440|618
1509253442642|607
1509253442846|555
1509253443050|583
1509253443254|574
1509253443459|568
1509253443662|566
1509253443866|624
1509253444076|725
1509253444280|732
1509253444492|805
1509253444688|850
1509253444892|901
1509253445096|869
1509253445300|923
1509253445516|906
1509253445714|875
1509253445910|872
1509253446113|908
1509253446315|906
1509253446519|866
1509253446723|870
1509253446925|791
1509253447130|836
1509253447336|838
1509253447542|901
1509253447747|911
1509253447955|886
1509253448159|893
1509253448358|874
1509253448565|921
1509253448771|920
1509253448973|916
1509253449176|893
1509253449380|902
1509253449584|907
1509253449786|905
1509253450197|852
1509253450408|893
1509253450604|897
1509253450810|904
1509253451014|851
1509253451224|891
1509253451422|897
1509253451626|905
1509253451831|900
1509253452039|878
1509253452242|889
1509253452446|881
1509253452650|867
1509253452855|844
1509253453058|852
1509253453262|849
1509253453470|844
1509253453679|834
