1509149366257|0.10896278|-0.013620348|-0.13620347
1509149366390|0.095342435|0.0|-0.19068487
1509149366522|0.068101734|-0.027240695|-0.10896278
1509149366653|0.040861044|-0.027240695|0.05448139
1509149366785|0.0|-0.040861044|0.10896278
1509149366918|-0.068101734|-0.027240695|0.10896278
1509149367049|-0.08172209|0.0|0.0
1509149367182|-0.05448139|0.027240695|-0.068101734
1509149367313|-0.013620348|0.027240695|-0.08172209
1509149367445|-0.05448139|0.027240695|-0.12258312
1509149367577|-0.05448139|0.013620348|-0.095342435
1509149367710|0.0|0.027240695|-0.013620348
1509149367841|-0.040861044|0.013620348|0.013620348
1509149367973|0.0|0.0|0.040861044
1509149368106|0.0|0.013620348|0.068101734
1509149368238|0.013620348|0.027240695|0.040861044
1509149368370|-0.013620348|-0.013620348|-0.040861044
1509149368502|-0.013620348|0.0|-0.068101734
1509149368635|0.05448139|0.0|-0.095342435
1509149368766|0.027240695|0.0|-0.05448139
1509149368897|-0.040861044|-0.013620348|-0.08172209
1509149369030|-0.013620348|-0.040861044|-0.095342435
1509149369162|-0.040861044|-0.013620348|0.05448139
1509149369294|-0.05448139|-0.027240695|0.08172209
1509149369425|0.013620348|-0.013620348|0.0
1509149369557|0.10896278|0.0|-0.05448139
1509149369694|0.05448139|0.0|0.0
1509149369822|-0.040861044|-0.027240695|-0.05448139
1509149369955|0.013620348|-0.040861044|0.0
1509149370086|0.05448139|-0.040861044|-0.05448139
1509149370218|0.08172209|-0.013620348|-0.013620348
1509149370349|0.068101734|-0.027240695|-0.040861044
1509149370481|0.08172209|-0.027240695|-0.095342435
1509149370615|0.095342435|-0.027240695|-0.095342435
1509149370746|0.068101734|-0.040861044|-0.027240695
1509149370878|0.040861044|-0.040861044|0.013620348
1509149371010|-0.027240695|-0.013620348|-0.027240695
1509149371142|-0.027240695|-0.013620348|-0.040861044
1509149371273|-0.013620348|-0.013620348|-0.027240695
1509149371406|-0.08172209|0.0|-0.095342435
1509149371537|-0.05448139|0.0|-0.14982383
1509149371669|-0.013620348|0.0|-0.08172209
1509149371801|-0.027240695|-0.027240695|-0.013620348
1509149371941|-0.05448139|-0.027240695|0.068101734
1509149372066|-0.05448139|0.013620348|0.0
1509149372198|-0.08172209|0.0|-0.040861044
1509149372330|-0.08172209|0.0|-0.05448139
1509149372462|-0.10896278|-0.013620348|0.013620348
1509149372595|-0.05448139|0.0|-0.05448139
1509149372726|-0.05448139|0.0|-0.027240695
1509149372858|-0.08172209|0.0|-0.013620348
1509149372990|-0.13620347|0.013620348|-0.08172209
1509149373121|-0.10896278|0.0|-0.068101734
1509149373253|-0.027240695|-0.013620348|-0.013620348
1509149373385|0.0|0.0|0.0
1509149373518|-0.068101734|-0.027240695|-0.027240695
1509149373651|-0.027240695|-0.040861044|-0.10896278
1509149373782|0.0|-0.05448139|0.05448139
1509149373914|0.013620348|-0.040861044|0.027240695
1509149374046|-0.027240695|-0.013620348|-0.08172209
1509149374178|-0.068101734|-0.013620348|-0.13620347
1509149374310|-0.095342435|-0.040861044|-0.08172209
1509149374442|-0.068101734|-0.05448139|-0.040861044
1509149374574|0.0|-0.027240695|-0.05448139
1509149374705|-0.013620348|-0.013620348|-0.040861044
1509149374838|-0.027240695|-0.027240695|0.013620348
1509149374971|-0.027240695|-0.027240695|-0.013620348
1509149375104|-0.040861044|0.0|-0.05448139
1509149375233|-0.013620348|-0.027240695|-0.013620348
1509149375365|0.0|-0.013620348|-0.013620348
1509149375497|-0.068101734|-0.013620348|-0.027240695
1509149375630|-0.068101734|0.013620348|-0.10896278
1509149375762|-0.040861044|0.013620348|0.027240695
1509149375894|-0.027240695|0.0|-0.013620348
1509149376026|-0.17706451|0.027240695|-0.10896278
1509149376158|-0.13620347|0.013620348|-0.013620348
1509149376289|-0.08172209|0.0|0.095342435
1509149376423|-0.027240695|0.013620348|0.05448139
1509149376554|-0.05448139|0.040861044|-0.10896278
1509149376686|-0.10896278|0.0|-0.16344418
1509149376818|-0.10896278|-0.027240695|-0.040861044
1509149376950|-0.040861044|0.0|0.040861044
1509149377082|-0.068101734|0.0|-0.013620348
1509149377214|-0.10896278|-0.027240695|0.027240695
1509149377345|-0.12258312|-0.040861044|0.013620348
1509149377478|0.013620348|-0.013620348|0.0
1509149377610|0.0|-0.013620348|-0.08172209
1509149377743|-0.013620348|-0.027240695|-0.08172209
1509149377875|-0.013620348|-0.040861044|0.0
1509149378006|0.027240695|-0.040861044|-0.08172209
1509149378138|0.08172209|-0.040861044|-0.013620348
1509149378270|-0.027240695|-0.040861044|0.013620348
1509149378403|-0.12258312|-0.05448139|0.05448139
1509149378533|-0.027240695|-0.027240695|0.013620348
1509149378666|0.05448139|-0.013620348|-0.08172209
1509149378797|0.0|-0.013620348|-0.13620347
