1509091915434|-3.3423057|-1.8866309|8.66701
1509091915566|-3.5242648|-1.6759412|8.762778
1509091915701|-3.1507695|-2.327164|8.810662
1509091915831|-3.4093432|-2.0973208|8.954314
1509091915961|-3.1986535|-2.135628|9.136273
1509091916093|-2.681506|-2.327164|8.772355
1509091916225|-2.7868507|-2.2122424|9.155427
1509091916357|-2.9783869|-2.2888567|9.80665
1509091916489|-2.1452048|-1.6089035|7.967903
1509091916621|-2.2505496|-2.3942018|10.25676
1509091916753|-2.27928|-3.371036|10.764331
1509091916886|-1.5035586|-2.5570073|7.824251
1509091917017|-1.6663644|-2.4708161|9.883265
1509091917150|-1.5035586|-2.96881|8.935161
1509091917286|-2.1452048|-2.0685902|8.810662
1509091917419|-2.1164744|-2.6240451|9.720459
1509091917554|-2.0685902|-2.5953147|9.107543
1509091917681|-2.1452048|-2.2601264|9.136273
1509091917810|-2.4899697|-2.078167|9.11712
1509091917941|-2.1164744|-1.7525556|9.653421
1509091918073|-1.1971009|-1.8770541|9.251195
1509091918205|-1.043872|-2.0398598|9.825804
1509091918338|-0.7182605|-1.1300632|9.394848
1509091918469|-0.095768064|-1.3599066|9.701305
1509091918601|-0.29688102|-1.1109096|9.758766
1509091918733|-0.1436521|-1.0821792|9.749189
1509091918870|-0.5650316|-0.9768343|9.5385
1509091918997|-0.32561144|-0.80445176|9.557653
1509091919132|-0.1340753|-0.92895025|9.787497
1509091919267|-0.2873042|-0.80445176|9.816227
1509091919393|-0.15322891|-0.94810385|9.528923
1509091919525|-0.11492168|-0.8714894|9.720459
1509091919657|-0.08619126|-0.7565677|9.615114
1509091919789|-0.20111294|-0.8810662|9.758766
1509091919929|-0.16280572|-0.7661445|9.528923
1509091920052|-0.16280572|-0.641646|9.9790325
1509091920186|-0.23942018|-0.7374141|9.80665
1509091920321|0.095768064|-1.0726024|9.423578
1509091920451|0.05746084|-0.7757214|9.864111
1509091920581|0.0|-1.3790601|11.36767
1509091920718|0.33518824|-1.1109096|8.868123
1509091920851|-0.31603462|-0.94810385|9.959879
1509091920983|-1.0821792|-1.1587936|5.363012
1509091921109|0.22984336|-3.217807|12.11466
1509091921241|0.79487497|-1.4173675|9.241618
1509091921373|0.2681506|-0.46926352|9.682152
1509091921505|-0.17238252|0.05746084|10.04607
1509091921637|0.05746084|0.10534488|9.595961
1509091921770|0.21068975|0.545878|10.25676
1509091921901|0.8619126|0.20111294|11.319786
1509091922033|0.93852705|0.7374141|9.624691
1509091922170|0.81402856|1.043872|9.490616
1509091922298|0.7086837|0.6703765|9.758766
1509091922429|-0.20111294|1.2162545|9.337387
1509091922570|0.30645782|-0.06703765|10.01734
1509091922693|0.1340753|-0.38307226|9.56723
1509091922826|-0.12449849|-0.23942018|9.749189
1509091922957|0.047884032|-0.19153613|9.931149
1509091923089|0.22984336|-0.41180268|9.595961
