1509087202767|-0.13620347|0.10896278|-0.36774936
1509087202892|0.14982383|-0.10896278|0.12258312
1509087203024|-0.12258312|0.12258312|-0.5448139
1509087203156|0.0|0.0|-0.13620347
1509087203289|-0.08172209|0.08172209|-0.31326798
1509087203421|0.040861044|0.0|-0.027240695
1509087203553|0.040861044|-0.068101734|0.068101734
1509087203684|-0.10896278|0.12258312|-0.92618364
1509087203817|0.095342435|-0.095342435|-0.7627395
1509087203949|0.21792556|-0.2043052|-0.43585113
1509087204081|0.4086104|-0.49033248|0.6537767
1509087204212|-0.28602728|0.19068487|-0.2043052
1509087204344|0.16344418|0.28602728|-0.6810174
1509087204477|0.068101734|-0.040861044|0.5448139
1509087204608|-0.05448139|0.13620347|-0.21792556
1509087204741|0.12258312|0.14982383|-0.7218784
1509087204872|0.0|-0.44947144|1.334794
1509087205015|-0.28602728|0.21792556|-1.3211737
1509087205137|0.44947144|-0.13620347|0.040861044
1509087205268|-0.19068487|0.25878662|-0.87170225
1509087205400|0.2043052|0.027240695|-0.51757324
1509087205533|0.3405087|-0.13620347|0.3405087
1509087205666|0.10896278|0.05448139|0.0
1509087205796|-0.23154591|0.23154591|-1.1168685
1509087205929|0.24516624|-0.05448139|-0.36774936
1509087206060|0.10896278|-0.17706451|0.5992953
1509087206193|-0.068101734|0.08172209|-0.13620347
1509087206325|0.08172209|0.05448139|-0.70825803
1509087206456|0.13620347|-0.2043052|0.44947144
1509087206589|0.05448139|-0.10896278|0.013620348
1509087206720|0.12258312|-0.23154591|-0.027240695
1509087206854|-0.040861044|0.040861044|-0.5448139
1509087206987|-0.13620347|-0.040861044|0.27240694
1509087207116|-0.51757324|0.13620347|0.068101734
1509087207248|-0.32688835|0.05448139|-0.7627395
1509087207381|0.16344418|-0.17706451|-0.939804
1509087207513|-0.25878662|-0.3405087|0.98066497
1509087207645|-0.12258312|-0.28602728|0.61291564
1509087207777|-0.013620348|-0.17706451|-1.3484143
1509087207909|0.58567494|-0.667397|0.10896278
1509087208051|-0.12258312|-0.29964766|0.0
1509087208172|0.31326798|-0.49033248|0.10896278
1509087208305|0.27240694|-0.4086104|-0.095342435
