1509149382428|0.14982383|-0.027240695|0.013620348
1509149382559|0.027240695|-0.040861044|-0.05448139
1509149382692|-0.068101734|-0.027240695|-0.08172209
1509149382824|0.05448139|-0.027240695|0.013620348
1509149382956|0.14982383|-0.040861044|-0.013620348
1509149383090|0.027240695|-0.013620348|-0.13620347
1509149383219|-0.040861044|-0.027240695|-0.12258312
1509149383351|-0.027240695|-0.040861044|0.05448139
1509149383484|0.05448139|-0.027240695|0.027240695
1509149383616|0.027240695|0.0|-0.08172209
1509149383747|-0.068101734|-0.027240695|-0.013620348
1509149383879|0.068101734|0.16344418|0.095342435
1509149384011|-0.05448139|-0.31326798|-0.068101734
1509149384144|0.095342435|-0.013620348|-0.17706451
1509149384276|0.095342435|0.0|-0.12258312
1509149384408|0.040861044|-0.013620348|0.040861044
1509149384540|0.13620347|-0.040861044|0.0
1509149384672|0.13620347|-0.013620348|-0.10896278
1509149384803|0.095342435|-0.027240695|-0.013620348
1509149384940|0.013620348|-0.05448139|0.027240695
1509149385068|0.040861044|-0.027240695|-0.040861044
1509149385200|0.013620348|-0.027240695|-0.08172209
1509149385333|0.05448139|-0.013620348|-0.095342435
1509149385464|0.068101734|-0.027240695|-0.095342435
1509149385596|0.05448139|0.013620348|-0.16344418
1509149385728|0.0|-0.013620348|-0.27240694
1509149385860|0.040861044|-0.040861044|-0.27240694
1509149385991|0.08172209|-0.013620348|-0.16344418
1509149386124|0.068101734|-0.040861044|-0.14982383
1509149386255|0.013620348|-0.013620348|-0.12258312
1509149386388|0.040861044|-0.013620348|-0.14982383
1509149386520|0.095342435|-0.013620348|-0.2043052
1509149386652|-0.013620348|-0.027240695|-0.14982383
1509149386785|-0.05448139|-0.013620348|-0.17706451
1509149386915|-0.013620348|-0.013620348|-0.2043052
1509149387049|0.095342435|-0.027240695|-0.13620347
1509149387179|0.013620348|-0.027240695|-0.17706451
1509149387311|-0.027240695|-0.040861044|-0.19068487
1509149387443|0.027240695|-0.013620348|-0.21792556
1509149387576|0.10896278|0.0|-0.19068487
1509149387707|0.095342435|-0.027240695|-0.14982383
1509149387840|0.0|-0.027240695|-0.10896278
1509149387971|0.027240695|-0.027240695|-0.12258312
1509149388104|0.0|-0.027240695|-0.08172209
1509149388235|-0.068101734|-0.027240695|-0.027240695
1509149388368|-0.040861044|-0.013620348|-0.17706451
1509149388500|0.013620348|0.0|-0.21792556
1509149388632|0.027240695|0.013620348|-0.14982383
1509149388764|-0.027240695|0.013620348|-0.19068487
1509149388896|-0.027240695|0.013620348|-0.12258312
1509149389029|0.0|0.013620348|-0.12258312
1509149389160|0.027240695|0.013620348|-0.19068487
1509149389291|0.068101734|0.0|-0.2043052
1509149389423|0.040861044|0.0|-0.16344418
1509149389555|-0.013620348|-0.040861044|-0.12258312
1509149389688|0.17706451|-0.027240695|-0.17706451
1509149389819|0.14982383|0.0|-0.14982383
1509149389951|0.040861044|-0.027240695|-0.19068487
1509149390084|-0.10896278|-0.027240695|-0.10896278
1509149390216|-0.17706451|-0.027240695|-0.13620347
1509149390348|-0.05448139|0.0|-0.21792556
1509149390479|0.10896278|0.0|-0.21792556
1509149390612|0.05448139|0.0|-0.12258312
1509149390743|-0.040861044|-0.040861044|-0.05448139
1509149390875|-0.10896278|-0.013620348|-0.16344418
1509149391007|0.027240695|0.0|-0.21792556
1509149391139|0.14982383|-0.013620348|-0.24516624
1509149391272|0.10896278|-0.027240695|-0.10896278
1509149391421|-0.040861044|-0.027240695|-0.068101734
1509149391505|-0.08172209|-0.013620348|-0.05448139
1509149391602|0.0|-0.013620348|-0.10896278
1509149391735|0.05448139|-0.027240695|-0.10896278
1509149391865|0.013620348|-0.013620348|-0.027240695
1509149391998|-0.068101734|-0.027240695|0.08172209
1509149392129|-0.095342435|-0.027240695|0.10896278
1509149392262|-0.040861044|0.0|-0.013620348
1509149392394|0.027240695|0.0|-0.16344418
1509149392525|0.027240695|0.0|-0.08172209
1509149392658|-0.027240695|-0.027240695|-0.013620348
1509149392789|0.013620348|0.0|0.013620348
1509149392921|0.05448139|0.0|-0.05448139
1509149393054|0.05448139|0.0|-0.08172209
