1509087202767|-1.920469|4.2223077|8.64892
1509087202892|-1.920469|4.2223077|8.64892
1509087203025|-1.920469|4.235928|8.64892
1509087203157|-1.920469|4.235928|8.6353
1509087203289|-1.9340893|4.263169|8.6353
1509087203421|-1.9477097|4.263169|8.621679
1509087203553|-1.9477097|4.276789|8.621679
1509087203685|-1.9749503|4.3040295|8.594439
1509087203817|-1.9749503|4.31765|8.594439
1509087203949|-1.9885707|4.33127|8.580819
1509087204081|-1.9885707|4.33127|8.580819
1509087204213|-1.9885707|4.33127|8.580819
1509087204345|-1.9885707|4.33127|8.580819
1509087204477|-1.9885707|4.33127|8.580819
1509087204609|-1.9885707|4.3448906|8.580819
1509087204741|-1.9749503|4.372132|8.567199
1509087204873|-1.9749503|4.385752|8.553578
1509087205016|-1.9613299|4.3993726|8.553578
1509087205137|-1.9613299|4.3993726|8.553578
1509087205269|-1.9613299|4.4129925|8.553578
1509087205401|-1.9477097|4.4129925|8.553578
1509087205534|-1.9477097|4.440233|8.539958
1509087205667|-1.9477097|4.467474|8.526338
1509087205796|-1.9340893|4.4810944|8.512717
1509087205930|-1.9340893|4.508335|8.499097
1509087206061|-1.9340893|4.535576|8.4854765
1509087206193|-1.920469|4.5491962|8.4854765
1509087206325|-1.920469|4.5491962|8.4854765
1509087206456|-1.920469|4.5491962|8.4854765
1509087206589|-1.920469|4.5491962|8.4854765
1509087206720|-1.920469|4.5491962|8.4854765
1509087206855|-1.920469|4.5491962|8.4854765
1509087206987|-1.920469|4.5491962|8.4854765
1509087207117|-1.920469|4.5491962|8.4854765
1509087207249|-1.920469|4.5491962|8.4854765
1509087207382|-1.9613299|4.562816|8.471856
1509087207514|-2.002191|4.562816|8.458236
1509087207646|-2.0158114|4.562816|8.458236
1509087207778|-2.0158114|4.562816|8.458236
1509087207909|-2.0158114|4.5491962|8.458236
1509087208051|-2.0294318|4.5219555|8.471856
1509087208173|-2.0430522|4.4810944|8.4854765
1509087208305|-2.0430522|4.4538536|8.512717
